"time_of_message","_header_message_age","_vehicle_message_age","_vehicle_message_age_vs_header","median_vehicle_message_age"
"Before scheduled trip start time",-14,12,26,8038
"Before scheduled trip start time",22,33,11,8038
"Before scheduled trip start time",28,40,12,8038
"Before scheduled trip start time",22,29,7,8038
"Before scheduled trip start time",22,1789,1767,8038
"Before scheduled trip start time",-30,273,303,8038
"Before scheduled trip start time",26,29,3,8038
"Before scheduled trip start time",26,213,187,8038
"Before scheduled trip start time",29,35,6,8038
"Before scheduled trip start time",26,81,55,8038
"Before scheduled trip start time",8,39,31,8038
"Before scheduled trip start time",-16,8,24,8038
"Before scheduled trip start time",-20,20,40,8038
"Before scheduled trip start time",-22,-12,10,8038
"Before scheduled trip start time",-18,18,36,8038
"Before scheduled trip start time",8,152,144,8038
"Before scheduled trip start time",-22,9,31,8038
"Before scheduled trip start time",-28,389,417,8038
"Before scheduled trip start time",-20,-11,9,8038
"Before scheduled trip start time",-21,-10,11,8038
"Before scheduled trip start time",27,45,18,8038
"Before scheduled trip start time",27,47,20,8038
"Before scheduled trip start time",-21,54,75,8038
"Before scheduled trip start time",8,16,8,8038
"Before scheduled trip start time",19,56,37,8038
"Before scheduled trip start time",26,74,48,8038
"Before scheduled trip start time",-25,349,374,8038
"Before scheduled trip start time",21,55,34,8038
"Before scheduled trip start time",17,85,68,8038
"Before scheduled trip start time",-14,32,46,8038
"Before scheduled trip start time",19,80,61,8038
"Before scheduled trip start time",18,24,6,8038
"Before scheduled trip start time",-25,2,27,8038
"Before scheduled trip start time",16,41,25,8038
"Before scheduled trip start time",17,72,55,8038
"Before scheduled trip start time",28,56,28,8038
"Before scheduled trip start time",-13,9,22,8038
"Before scheduled trip start time",-23,-7,16,8038
"Before scheduled trip start time",-20,-10,10,8038
"Before scheduled trip start time",63,63,0,8038
"Before scheduled trip start time",27,58,31,8038
"Before scheduled trip start time",-13,20,33,8038
"Before scheduled trip start time",17,46,29,8038
"Before scheduled trip start time",17,45,28,8038
"Before scheduled trip start time",-20,9,29,8038
"Before scheduled trip start time",-17,18,35,8038
"Before scheduled trip start time",-29,233,262,8038
"Before scheduled trip start time",-21,-7,14,8038
"Before scheduled trip start time",-16,26,42,8038
"Before scheduled trip start time",-30,-9,21,8038
"Before scheduled trip start time",8,21,13,8038
"Before scheduled trip start time",16,27,11,8038
"Before scheduled trip start time",27,30,3,8038
"Before scheduled trip start time",27,29,2,8038
"Before scheduled trip start time",-17,13,30,8038
"Before scheduled trip start time",26,73,47,8038
"Before scheduled trip start time",-14,19,33,8038
"Before scheduled trip start time",22,25329,25307,8038
"Before scheduled trip start time",-20,-9,11,8038
"Before scheduled trip start time",17,30,13,8038
"Before scheduled trip start time",16,39,23,8038
"Before scheduled trip start time",19,59,40,8038
"Before scheduled trip start time",16,16,0,8038
"Before scheduled trip start time",-14,16,30,8038
"Before scheduled trip start time",41,25513,25472,8038
"Before scheduled trip start time",27,60,33,8038
"Before scheduled trip start time",26,197,171,8038
"Before scheduled trip start time",21,26,5,8038
"Before scheduled trip start time",21,38,17,8038
"Before scheduled trip start time",21,51,30,8038
"Before scheduled trip start time",-21,-3,18,8038
"Before scheduled trip start time",-16,15,31,8038
"Before scheduled trip start time",-15,21,36,8038
"Before scheduled trip start time",40,25493,25453,8038
"Before scheduled trip start time",19,125,106,8038
"Before scheduled trip start time",-13,4,17,8038
"Before scheduled trip start time",26,79,53,8038
"Before scheduled trip start time",-15,-13,2,8038
"Before scheduled trip start time",-26,-18,8,8038
"Before scheduled trip start time",-14,39,53,8038
"Before scheduled trip start time",-16,-7,9,8038
"Before scheduled trip start time",28,99,71,8038
"Before scheduled trip start time",29,49,20,8038
"Before scheduled trip start time",-16,13,29,8038
"Before scheduled trip start time",-22,12,34,8038
"Before scheduled trip start time",-21,-1,20,8038
"Before scheduled trip start time",-14,89,103,8038
"Before scheduled trip start time",-30,213,243,8038
"Before scheduled trip start time",-15,41,56,8038
"Before scheduled trip start time",22,27,5,8038
"Before scheduled trip start time",19,76,57,8038
"Before scheduled trip start time",22,83,61,8038
"Before scheduled trip start time",-19,0,19,8038
"Before scheduled trip start time",-14,-1,13,8038
"Before scheduled trip start time",-14,-11,3,8038
"Before scheduled trip start time",8,28,20,8038
"Before scheduled trip start time",-13,NA,NA,8038
"Before scheduled trip start time",-13,29,42,8038
"Before scheduled trip start time",27,54,27,8038
"Before scheduled trip start time",27,39,12,8038
"Before scheduled trip start time",21,73,52,8038
"Before scheduled trip start time",19,38,19,8038
"Before scheduled trip start time",27,71,44,8038
"Before scheduled trip start time",27,78,51,8038
"Before scheduled trip start time",18,38,20,8038
"Before scheduled trip start time",-15,NA,NA,8038
"Before scheduled trip start time",19,54,35,8038
"Before scheduled trip start time",22,109,87,8038
"Before scheduled trip start time",-13,8,21,8038
"Before scheduled trip start time",28,43,15,8038
"Before scheduled trip start time",18,52,34,8038
"Before scheduled trip start time",42,46,4,8038
"Before scheduled trip start time",19,77,58,8038
"Before scheduled trip start time",19,110,91,8038
"Before scheduled trip start time",17,38,21,8038
"Before scheduled trip start time",27,93,66,8038
"Before scheduled trip start time",-18,1,19,8038
"Before scheduled trip start time",-13,1,14,8038
"Before scheduled trip start time",17,37,20,8038
"Before scheduled trip start time",-16,-9,7,8038
"Before scheduled trip start time",-13,10732,10745,8038
"Before scheduled trip start time",-14,-4,10,8038
"Before scheduled trip start time",29,76,47,8038
"Before scheduled trip start time",-17,-1,16,8038
"Before scheduled trip start time",22,46,24,8038
"Before scheduled trip start time",28,35,7,8038
"Before scheduled trip start time",-23,7,30,8038
"Before scheduled trip start time",22,25684,25662,8038
"Before scheduled trip start time",-13,77679,77692,8038
"Before scheduled trip start time",-13,26,39,8038
"Before scheduled trip start time",18,40,22,8038
"Before scheduled trip start time",42,25332,25290,8038
"Before scheduled trip start time",8,38,30,8038
"Before scheduled trip start time",19,94,75,8038
"Before scheduled trip start time",29,37,8,8038
"Before scheduled trip start time",41,25444,25403,8038
"Before scheduled trip start time",-19,-6,13,8038
"Before scheduled trip start time",19,36,17,8038
"Before scheduled trip start time",28,42,14,8038
"Before scheduled trip start time",-13,61439,61452,8038
"Before scheduled trip start time",21,91,70,8038
"Before scheduled trip start time",16,233,217,8038
"Before scheduled trip start time",-24,-5,19,8038
"Before scheduled trip start time",-13,23,36,8038
"Before scheduled trip start time",41,41,0,8038
"Before scheduled trip start time",18,50,32,8038
"Before scheduled trip start time",19,31,12,8038
"Before scheduled trip start time",19,33,14,8038
"Before scheduled trip start time",19,22,3,8038
"Before scheduled trip start time",26,106,80,8038
"Before scheduled trip start time",-14,5,19,8038
"Before scheduled trip start time",-18,-8,10,8038
"Before scheduled trip start time",-17,19,36,8038
"Before scheduled trip start time",26,41,15,8038
"Before scheduled trip start time",8,22,14,8038
"Before scheduled trip start time",18,54,36,8038
"Before scheduled trip start time",-14,34,48,8038
"Before scheduled trip start time",21,29,8,8038
"Before scheduled trip start time",22,123,101,8038
"Before scheduled trip start time",-30,229,259,8038
"Before scheduled trip start time",-20,-14,6,8038
"Before scheduled trip start time",17,67,50,8038
"Before scheduled trip start time",-15,-12,3,8038
"Before scheduled trip start time",22,25281,25259,8038
"Before scheduled trip start time",-13,-1,12,8038
"Before scheduled trip start time",-17,-7,10,8038
"Before scheduled trip start time",-29,-19,10,8038
"Before scheduled trip start time",-18,-9,9,8038
"Before scheduled trip start time",-17,1,18,8038
"Before scheduled trip start time",42,25301,25259,8038
"Before scheduled trip start time",19,37,18,8038
"Before scheduled trip start time",-13,-9,4,8038
"Before scheduled trip start time",29,30,1,8038
"Before scheduled trip start time",-15,14,29,8038
"Before scheduled trip start time",-14,38,52,8038
"Before scheduled trip start time",-14,-10,4,8038
"Before scheduled trip start time",-15,-10,5,8038
"Before scheduled trip start time",18,113,95,8038
"Before scheduled trip start time",-14,-7,7,8038
"Before scheduled trip start time",-15,0,15,8038
"Before scheduled trip start time",19,105,86,8038
"Before scheduled trip start time",-13,12,25,8038
"Before scheduled trip start time",-21,4,25,8038
"Before scheduled trip start time",17,51,34,8038
"Before scheduled trip start time",18,43,25,8038
"Before scheduled trip start time",-30,-17,13,8038
"Before scheduled trip start time",26,53,27,8038
"Before scheduled trip start time",-19,10,29,8038
"Before scheduled trip start time",-23,19,42,8038
"Before scheduled trip start time",26,42,16,8038
"Before scheduled trip start time",8,41,33,8038
"Before scheduled trip start time",-13,32034,32047,8038
"Before scheduled trip start time",-28,373,401,8038
"Before scheduled trip start time",26,80,54,8038
"Before scheduled trip start time",41,25365,25324,8038
"Before scheduled trip start time",-16,9,25,8038
"Before scheduled trip start time",17,39,22,8038
"Before scheduled trip start time",22,43,21,8038
"Before scheduled trip start time",-15,34,49,8038
"Before scheduled trip start time",16,65,49,8038
"Before scheduled trip start time",19,34,15,8038
"Before scheduled trip start time",-17,-6,11,8038
"Before scheduled trip start time",19,40,21,8038
"Before scheduled trip start time",42,25298,25256,8038
"Before scheduled trip start time",19,23,4,8038
"Before scheduled trip start time",16,77,61,8038
"Before scheduled trip start time",-18,133,151,8038
"Before scheduled trip start time",21,25345,25324,8038
"Before scheduled trip start time",16,20,4,8038
"Before scheduled trip start time",28,52,24,8038
"Before scheduled trip start time",-13,-5,8,8038
"Before scheduled trip start time",17,17,0,8038
"Before scheduled trip start time",-30,-12,18,8038
"Before scheduled trip start time",-18,353,371,8038
"Before scheduled trip start time",18,36,18,8038
"Before scheduled trip start time",-20,-4,16,8038
"Before scheduled trip start time",29,33,4,8038
"Before scheduled trip start time",19,28,9,8038
"Before scheduled trip start time",-17,189,206,8038
"Before scheduled trip start time",19,51,32,8038
"Before scheduled trip start time",29,56,27,8038
"Before scheduled trip start time",8,9,1,8038
"Before scheduled trip start time",-13,513728,513741,8038
"Before scheduled trip start time",22,1729,1707,8038
"Before scheduled trip start time",-15,30,45,8038
"Before scheduled trip start time",29,31,2,8038
"Before scheduled trip start time",22,72,50,8038
"Before scheduled trip start time",28,54,26,8038
"Before scheduled trip start time",26,27,1,8038
"Before scheduled trip start time",-14,1,15,8038
"Before scheduled trip start time",29,40,11,8038
"Before scheduled trip start time",-20,7,27,8038
"Before scheduled trip start time",-22,-1,21,8038
"Before scheduled trip start time",-28,9,37,8038
"Before scheduled trip start time",-19,-8,11,8038
"Before scheduled trip start time",22,47,25,8038
"Before scheduled trip start time",-14,7977,7991,8038
"Before scheduled trip start time",-21,2,23,8038
"Before scheduled trip start time",-29,-10,19,8038
"Before scheduled trip start time",8,25,17,8038
"Before scheduled trip start time",-13,8917,8930,8038
"Before scheduled trip start time",-27,5,32,8038
"Before scheduled trip start time",-21,23,44,8038
"Before scheduled trip start time",26,59,33,8038
"Before scheduled trip start time",27,42,15,8038
"Before scheduled trip start time",40,25302,25262,8038
"Before scheduled trip start time",-23,413,436,8038
"Before scheduled trip start time",-26,5,31,8038
"Before scheduled trip start time",-13,18,31,8038
"Before scheduled trip start time",8,43,35,8038
"Before scheduled trip start time",-24,9,33,8038
"Before scheduled trip start time",-13,109,122,8038
"Before scheduled trip start time",17,41,24,8038
"Before scheduled trip start time",27,28,1,8038
"Before scheduled trip start time",22,64,42,8038
"Before scheduled trip start time",22,67,45,8038
"Before scheduled trip start time",-17,-12,5,8038
"Before scheduled trip start time",-13,382,395,8038
"Before scheduled trip start time",42,25345,25303,8038
"Before scheduled trip start time",26,57,31,8038
"Before scheduled trip start time",-27,10,37,8038
"Before scheduled trip start time",-25,-5,20,8038
"Before scheduled trip start time",18,21,3,8038
"Before scheduled trip start time",42,204,162,8038
"Before scheduled trip start time",40,25458,25418,8038
"Before scheduled trip start time",19,79,60,8038
"Before scheduled trip start time",-27,-2,25,8038
"Before scheduled trip start time",21,23,2,8038
"Before scheduled trip start time",16,103,87,8038
"Before scheduled trip start time",27,46,19,8038
"Before scheduled trip start time",26,34,8,8038
"Before scheduled trip start time",-13,-12,1,8038
"Before scheduled trip start time",19,30,11,8038
"Before scheduled trip start time",19,74,55,8038
"Before scheduled trip start time",28,65,37,8038
"Before scheduled trip start time",26,83,57,8038
"Before scheduled trip start time",-27,-5,22,8038
"Before scheduled trip start time",-23,-11,12,8038
"Before scheduled trip start time",-26,1,27,8038
"Before scheduled trip start time",42,25324,25282,8038
"Before scheduled trip start time",-15,-3,12,8038
"Before scheduled trip start time",-20,8,28,8038
"Before scheduled trip start time",-15,3,18,8038
"Before scheduled trip start time",-15,4,19,8038
"Before scheduled trip start time",16,42,26,8038
"Before scheduled trip start time",17,44,27,8038
"Before scheduled trip start time",22,45,23,8038
"Before scheduled trip start time",-13,142,155,8038
"Before scheduled trip start time",-13,-8,5,8038
"Before scheduled trip start time",22,91,69,8038
"Before scheduled trip start time",29,75,46,8038
"Before scheduled trip start time",-30,-8,22,8038
"Before scheduled trip start time",26,44,18,8038
"Before scheduled trip start time",28,39,11,8038
"Before scheduled trip start time",22,25484,25462,8038
"Before scheduled trip start time",-13,14,27,8038
"Before scheduled trip start time",-14,9,23,8038
"Before scheduled trip start time",-18,-13,5,8038
"Before scheduled trip start time",16,64,48,8038
"Before scheduled trip start time",19,20,1,8038
"Before scheduled trip start time",-19,2,21,8038
"Before scheduled trip start time",26,37,11,8038
"Before scheduled trip start time",16,26,10,8038
"Before scheduled trip start time",-18,6,24,8038
"Before scheduled trip start time",-17,26,43,8038
"Before scheduled trip start time",-19,13,32,8038
"Before scheduled trip start time",21,53,32,8038
"Before scheduled trip start time",21,36,15,8038
"Before scheduled trip start time",-25,8,33,8038
"Before scheduled trip start time",29,90,61,8038
"Before scheduled trip start time",8,212,204,8038
"Before scheduled trip start time",-16,-2,14,8038
"Before scheduled trip start time",-21,17,38,8038
"Before scheduled trip start time",17,23,6,8038
"Before scheduled trip start time",22,36,14,8038
"Before scheduled trip start time",16,48,32,8038
"Before scheduled trip start time",21,30,9,8038
"Before scheduled trip start time",8,15,7,8038
"Before scheduled trip start time",-30,-20,10,8038
"Before scheduled trip start time",22,184,162,8038
"Before scheduled trip start time",21,37,16,8038
"Before scheduled trip start time",-13,11,24,8038
"Before scheduled trip start time",-17,22,39,8038
"Before scheduled trip start time",-25,3,28,8038
"Before scheduled trip start time",19,62,43,8038
"Before scheduled trip start time",21,34,13,8038
"Before scheduled trip start time",21,22,1,8038
"Before scheduled trip start time",-19,1,20,8038
"Before scheduled trip start time",17,64,47,8038
"Before scheduled trip start time",-19,23,42,8038
"Before scheduled trip start time",62,224,162,8038
"Before scheduled trip start time",17,119,102,8038
"Before scheduled trip start time",27,27,0,8038
"Before scheduled trip start time",-24,0,24,8038
"Before scheduled trip start time",-14,21,35,8038
"Before scheduled trip start time",19,71,52,8038
"Before scheduled trip start time",-19,45,64,8038
"Before scheduled trip start time",26,153,127,8038
"Before scheduled trip start time",-17,6,23,8038
"Before scheduled trip start time",-23,8,31,8038
"Before scheduled trip start time",42,25450,25408,8038
"Before scheduled trip start time",27,63,36,8038
"Before scheduled trip start time",21,62,41,8038
"Before scheduled trip start time",27,69,42,8038
"Before scheduled trip start time",-20,2,22,8038
"Before scheduled trip start time",-29,-14,15,8038
"Before scheduled trip start time",-14,-13,1,8038
"Before scheduled trip start time",26,46,20,8038
"Before scheduled trip start time",28,32,4,8038
"Before scheduled trip start time",62,68,6,8038
"Before scheduled trip start time",28,58,30,8038
"Before scheduled trip start time",-13,74,87,8038
"Before scheduled trip start time",-13,1919,1932,8038
"Before scheduled trip start time",-15,19,34,8038
"Before scheduled trip start time",16,21,5,8038
"Before scheduled trip start time",8,31,23,8038
"Before scheduled trip start time",-19,16,35,8038
"Before scheduled trip start time",-13,46,59,8038
"Before scheduled trip start time",-27,-4,23,8038
"Before scheduled trip start time",21,39,18,8038
"Before scheduled trip start time",27,85,58,8038
"Before scheduled trip start time",-19,-9,10,8038
"Before scheduled trip start time",-21,-5,16,8038
"Before scheduled trip start time",8,37,29,8038
"Before scheduled trip start time",-13,0,13,8038
"Before scheduled trip start time",-22,-2,20,8038
"Before scheduled trip start time",-20,-2,18,8038
"Before scheduled trip start time",-27,-12,15,8038
"Before scheduled trip start time",16,53,37,8038
"Before scheduled trip start time",-26,-12,14,8038
"Before scheduled trip start time",-14,NA,NA,8038
"Before scheduled trip start time",8,12,4,8038
"Before scheduled trip start time",29,29,0,8038
"Before scheduled trip start time",16,43,27,8038
"Before scheduled trip start time",42,25504,25462,8038
"Before scheduled trip start time",17,114,97,8038
"Before scheduled trip start time",-20,-12,8,8038
"Before scheduled trip start time",42,25349,25307,8038
"Before scheduled trip start time",29,42,13,8038
"Before scheduled trip start time",29,58,29,8038
"Before scheduled trip start time",-29,2,31,8038
"Before scheduled trip start time",18,20,2,8038
"Before scheduled trip start time",-30,0,30,8038
"Before scheduled trip start time",22,32,10,8038
"Before scheduled trip start time",-22,433,455,8038
"Before scheduled trip start time",-21,-9,12,8038
"Before scheduled trip start time",-26,-2,24,8038
"Before scheduled trip start time",22,48,26,8038
"Before scheduled trip start time",18,27,9,8038
"Before scheduled trip start time",8,79,71,8038
"Before scheduled trip start time",-25,12,37,8038
"Before scheduled trip start time",-26,3,29,8038
"Before scheduled trip start time",22,37,15,8038
"Before scheduled trip start time",19,101,82,8038
"Before scheduled trip start time",-26,493,519,8038
"Before scheduled trip start time",-18,-7,11,8038
"Before scheduled trip start time",-15,601,616,8038
"Before scheduled trip start time",-25,-1,24,8038
"Before scheduled trip start time",-27,-6,21,8038
"Before scheduled trip start time",-15,26,41,8038
"Before scheduled trip start time",8,36,28,8038
"Before scheduled trip start time",-24,-4,20,8038
"Before scheduled trip start time",-18,3,21,8038
"Before scheduled trip start time",-19,21,40,8038
"Before scheduled trip start time",-18,-15,3,8038
"Before scheduled trip start time",16,66,50,8038
"Before scheduled trip start time",26,60,34,8038
"Before scheduled trip start time",18,22,4,8038
"Before scheduled trip start time",8,32,24,8038
"Before scheduled trip start time",-24,5,29,8038
"Before scheduled trip start time",-20,1,21,8038
"Before scheduled trip start time",21,32,11,8038
"Before scheduled trip start time",28,41,13,8038
"Before scheduled trip start time",28,63,35,8038
"Before scheduled trip start time",-19,22,41,8038
"Before scheduled trip start time",-24,-7,17,8038
"Before scheduled trip start time",-30,253,283,8038
"Before scheduled trip start time",-24,-8,16,8038
"Before scheduled trip start time",-26,-7,19,8038
"Before scheduled trip start time",-20,5,25,8038
"Before scheduled trip start time",16,25,9,8038
"Before scheduled trip start time",41,25345,25304,8038
"Before scheduled trip start time",19,29,10,8038
"Before scheduled trip start time",8,8,0,8038
"Before scheduled trip start time",21,52,31,8038
"Before scheduled trip start time",-29,-7,22,8038
"Before scheduled trip start time",-15,62,77,8038
"Before scheduled trip start time",8,14,6,8038
"Before scheduled trip start time",26,52,26,8038
"Before scheduled trip start time",-27,-18,9,8038
"Before scheduled trip start time",-21,-12,9,8038
"Before scheduled trip start time",16,30,14,8038
"Before scheduled trip start time",-17,0,17,8038
"Before scheduled trip start time",-22,6,28,8038
"Before scheduled trip start time",28,70,42,8038
"Before scheduled trip start time",-13,30,43,8038
"Before scheduled trip start time",8,17,9,8038
"Before scheduled trip start time",27,104,77,8038
"Before scheduled trip start time",-14,-9,5,8038
"Before scheduled trip start time",42,48,6,8038
"Before scheduled trip start time",26,51,25,8038
"Before scheduled trip start time",-15,-7,8,8038
"Before scheduled trip start time",-20,-5,15,8038
"Before scheduled trip start time",-14,503,517,8038
"Before scheduled trip start time",-16,1,17,8038
"Before scheduled trip start time",21,42,21,8038
"Before scheduled trip start time",16,36,20,8038
"Before scheduled trip start time",22,44,22,8038
"Before scheduled trip start time",17,50,33,8038
"Before scheduled trip start time",-22,-5,17,8038
"Before scheduled trip start time",29,46,17,8038
"Before scheduled trip start time",-30,-18,12,8038
"Before scheduled trip start time",-18,549,567,8038
"Before scheduled trip start time",-19,8,27,8038
"Before scheduled trip start time",-14,18,32,8038
"Before scheduled trip start time",-21,-4,17,8038
"Before scheduled trip start time",-19,-7,12,8038
"Before scheduled trip start time",17,27,10,8038
"Before scheduled trip start time",27,76,49,8038
"Before scheduled trip start time",16,34,18,8038
"Before scheduled trip start time",-14,511868,511882,8038
"Before scheduled trip start time",-14,40,54,8038
"Before scheduled trip start time",-16,19,35,8038
"Before scheduled trip start time",21,45,24,8038
"Before scheduled trip start time",-19,18,37,8038
"Before scheduled trip start time",-15,24,39,8038
"Before scheduled trip start time",28,75,47,8038
"Before scheduled trip start time",-29,-22,7,8038
"Before scheduled trip start time",18,80,62,8038
"Before scheduled trip start time",-26,-11,15,8038
"Before scheduled trip start time",28,29,1,8038
"Before scheduled trip start time",17,18,1,8038
"Before scheduled trip start time",-13,523,536,8038
"Before scheduled trip start time",8,52,44,8038
"Before scheduled trip start time",-18,149,167,8038
"Before scheduled trip start time",42,25416,25374,8038
"Before scheduled trip start time",26,39,13,8038
"Before scheduled trip start time",-27,2,29,8038
"Before scheduled trip start time",16,35,19,8038
"Before scheduled trip start time",29,53,24,8038
"Before scheduled trip start time",29,34,5,8038
"Before scheduled trip start time",-20,489,509,8038
"Before scheduled trip start time",-20,13,33,8038
"Before scheduled trip start time",42,25446,25404,8038
"Before scheduled trip start time",-17,25,42,8038
"Before scheduled trip start time",-18,15,33,8038
"Before scheduled trip start time",22,38,16,8038
"Before scheduled trip start time",-15,5,20,8038
"Before scheduled trip start time",-20,10,30,8038
"Before scheduled trip start time",27,62,35,8038
"Before scheduled trip start time",19,63,44,8038
"Before scheduled trip start time",27,34,7,8038
"Before scheduled trip start time",-27,3,30,8038
"Before scheduled trip start time",-13,-10,3,8038
"Before scheduled trip start time",26,67,41,8038
"Before scheduled trip start time",-13,272,285,8038
"Before scheduled trip start time",-14,6,20,8038
"Before scheduled trip start time",-13,28,41,8038
"Before scheduled trip start time",-16,21,37,8038
"Before scheduled trip start time",29,43,14,8038
"Before scheduled trip start time",27,73,46,8038
"Before scheduled trip start time",-17,573,590,8038
"Before scheduled trip start time",22,40,18,8038
"Before scheduled trip start time",18,32,14,8038
"Before scheduled trip start time",16,58,42,8038
"Before scheduled trip start time",-20,4,24,8038
"Before scheduled trip start time",-21,11,32,8038
"Before scheduled trip start time",-16,4,20,8038
"Before scheduled trip start time",16,19,3,8038
"Before scheduled trip start time",18,44,26,8038
"Before scheduled trip start time",19,27,8,8038
"Before scheduled trip start time",-16,0,16,8038
"Before scheduled trip start time",-16,16,32,8038
"Before scheduled trip start time",27,55,28,8038
"Before scheduled trip start time",28,46,18,8038
"Before scheduled trip start time",19,32,13,8038
"Before scheduled trip start time",-14,61159,61173,8038
"Before scheduled trip start time",-13,179,192,8038
"Before scheduled trip start time",-16,-5,11,8038
"Before scheduled trip start time",-14,-2,12,8038
"Before scheduled trip start time",-14,569,583,8038
"Before scheduled trip start time",26,70,44,8038
"Before scheduled trip start time",27,68,41,8038
"Before scheduled trip start time",18,31,13,8038
"Before scheduled trip start time",19,35,16,8038
"Before scheduled trip start time",-19,17,36,8038
"Before scheduled trip start time",-13,5,18,8038
"Before scheduled trip start time",21,48,27,8038
"Before scheduled trip start time",22,31,9,8038
"Before scheduled trip start time",22,25390,25368,8038
"Before scheduled trip start time",17,54,37,8038
"Before scheduled trip start time",-14,17,31,8038
"Before scheduled trip start time",-17,3,20,8038
"Before scheduled trip start time",-24,-13,11,8038
"Before scheduled trip start time",-22,-3,19,8038
"Before scheduled trip start time",22,113,91,8038
"Before scheduled trip start time",18,70,52,8038
"Before scheduled trip start time",28,45,17,8038
"Before scheduled trip start time",-13,10,23,8038
"Before scheduled trip start time",17,65,48,8038
"Before scheduled trip start time",21,35,14,8038
"Before scheduled trip start time",19,25,6,8038
"Before scheduled trip start time",-16,-4,12,8038
"Before scheduled trip start time",19,70,51,8038
"Before scheduled trip start time",16,88,72,8038
"Before scheduled trip start time",-14,57,71,8038
"Before scheduled trip start time",-23,-8,15,8038
"Before scheduled trip start time",40,25337,25297,8038
"Before scheduled trip start time",62,75,13,8038
"Before scheduled trip start time",17,79,62,8038
"Before scheduled trip start time",-18,31,49,8038
"Before scheduled trip start time",26,49,23,8038
"Before scheduled trip start time",16,74,58,8038
"Before scheduled trip start time",-16,-8,8,8038
"Before scheduled trip start time",-29,-15,14,8038
"Before scheduled trip start time",-27,-8,19,8038
"Before scheduled trip start time",22,25312,25290,8038
"Before scheduled trip start time",-14,2374,2388,8038
"Before scheduled trip start time",27,35,8,8038
"Before scheduled trip start time",-13,6,19,8038
"Before scheduled trip start time",42,25583,25541,8038
"Before scheduled trip start time",18,192,174,8038
"Before scheduled trip start time",19,26,7,8038
"Before scheduled trip start time",29,47,18,8038
"Before scheduled trip start time",-29,309,338,8038
"Before scheduled trip start time",-19,-5,14,8038
"Before scheduled trip start time",-19,41,60,8038
"Before scheduled trip start time",8,24,16,8038
"Before scheduled trip start time",21,46,25,8038
"Before scheduled trip start time",29,39,10,8038
"Before scheduled trip start time",17,58,41,8038
"Before scheduled trip start time",16,70,54,8038
"Before scheduled trip start time",17,70,53,8038
"Before scheduled trip start time",-16,42,58,8038
"Before scheduled trip start time",42,55,13,8038
"Before scheduled trip start time",18,53,35,8038
"Before scheduled trip start time",-17,20,37,8038
"Before scheduled trip start time",-19,-10,9,8038
"Before scheduled trip start time",-19,5,24,8038
"Before scheduled trip start time",-18,33,51,8038
"Before scheduled trip start time",18,23,5,8038
"Before scheduled trip start time",16,113,97,8038
"Before scheduled trip start time",-15,27,42,8038
"Before scheduled trip start time",-21,19,40,8038
"Before scheduled trip start time",-19,43,62,8038
"Before scheduled trip start time",-14,-8,6,8038
"Before scheduled trip start time",27,56,29,8038
"Before scheduled trip start time",29,45,16,8038
"Before scheduled trip start time",-14,27,41,8038
"Before scheduled trip start time",26,68,42,8038
"Before scheduled trip start time",-22,-8,14,8038
"Before scheduled trip start time",28,47,19,8038
"Before scheduled trip start time",26,40,14,8038
"Before scheduled trip start time",-15,-1,14,8038
"Before scheduled trip start time",-18,23,41,8038
"Before scheduled trip start time",26,30,4,8038
"Before scheduled trip start time",22,30,8,8038
"Before scheduled trip start time",-15,195,210,8038
"Before scheduled trip start time",-22,3,25,8038
"Before scheduled trip start time",18,47,29,8038
"Before scheduled trip start time",19,21,2,8038
"Before scheduled trip start time",42,25410,25368,8038
"Before scheduled trip start time",-13,4954,4967,8038
"Before scheduled trip start time",16,28,12,8038
"Before scheduled trip start time",16,293,277,8038
"Before scheduled trip start time",-27,-9,18,8038
"Before scheduled trip start time",28,28,0,8038
"Before scheduled trip start time",-20,14,34,8038
"Before scheduled trip start time",18,35,17,8038
"Before scheduled trip start time",29,112,83,8038
"Before scheduled trip start time",22,25304,25282,8038
"Before scheduled trip start time",19,95,76,8038
"Before scheduled trip start time",-15,25,40,8038
"Before scheduled trip start time",8,27,19,8038
"Before scheduled trip start time",19,65,46,8038
"Before scheduled trip start time",22,52,30,8038
"Before scheduled trip start time",8,55,47,8038
"Before scheduled trip start time",26,128,102,8038
"Before scheduled trip start time",26,45,19,8038
"Before scheduled trip start time",27,137,110,8038
"Before scheduled trip start time",-14,46,60,8038
"Before scheduled trip start time",-20,-8,12,8038
"Before scheduled trip start time",21,69,48,8038
"Before scheduled trip start time",-13,27,40,8038
"Before scheduled trip start time",40,25379,25339,8038
"Before scheduled trip start time",-13,13,26,8038
"Before scheduled trip start time",22,51,29,8038
"Before scheduled trip start time",-14,7,21,8038
"Before scheduled trip start time",27,33,6,8038
"Before scheduled trip start time",22,54,32,8038
"Before scheduled trip start time",-13,512148,512161,8038
"Before scheduled trip start time",-27,-17,10,8038
"Before scheduled trip start time",28,31,3,8038
"Before scheduled trip start time",-14,-6,8,8038
"Before scheduled trip start time",-16,23,39,8038
"Before scheduled trip start time",17,43,26,8038
"Before scheduled trip start time",17,48,31,8038
"Before scheduled trip start time",18,49,31,8038
"Before scheduled trip start time",-14,8,22,8038
"Before scheduled trip start time",-30,-5,25,8038
"Before scheduled trip start time",21,47,26,8038
"Before scheduled trip start time",-15,9,24,8038
"Before scheduled trip start time",-14,10,24,8038
"Before scheduled trip start time",21,63,42,8038
"Before scheduled trip start time",-18,8,26,8038
"Before scheduled trip start time",-28,-2,26,8038
"Before scheduled trip start time",-14,4,18,8038
"Before scheduled trip start time",26,48,22,8038
"Before scheduled trip start time",27,44,17,8038
"Before scheduled trip start time",19,46,27,8038
"Before scheduled trip start time",22,65,43,8038
"Before scheduled trip start time",-14,25,39,8038
"Before scheduled trip start time",19,75,56,8038
"Before scheduled trip start time",18,41,23,8038
"Before scheduled trip start time",22,25,3,8038
"Before scheduled trip start time",8,64,56,8038
"Before scheduled trip start time",-18,5,23,8038
"Before scheduled trip start time",8,34,26,8038
"Before scheduled trip start time",28,49,21,8038
"Before scheduled trip start time",21,40,19,8038
"Before scheduled trip start time",17,26,9,8038
"Before scheduled trip start time",-22,-7,15,8038
"Before scheduled trip start time",-30,269,299,8038
"Before scheduled trip start time",-16,3,19,8038
"Before scheduled trip start time",28,33,5,8038
"Before scheduled trip start time",21,61,40,8038
"Before scheduled trip start time",17,40,23,8038
"Before scheduled trip start time",-13,-7,6,8038
"Before scheduled trip start time",16,62,46,8038
"Before scheduled trip start time",8,26,18,8038
"Before scheduled trip start time",29,38,9,8038
"Before scheduled trip start time",-13,63019,63032,8038
"Before scheduled trip start time",40,25486,25446,8038
"Before scheduled trip start time",22,50,28,8038
"Before scheduled trip start time",-13,15,28,8038
"Before scheduled trip start time",40,25427,25387,8038
"Before scheduled trip start time",-13,175,188,8038
"Before scheduled trip start time",28,44,16,8038
"Before scheduled trip start time",21,25424,25403,8038
"Before scheduled trip start time",26,63,37,8038
"Before scheduled trip start time",-27,12,39,8038
"Before scheduled trip start time",-22,13,35,8038
"Before scheduled trip start time",8,20,12,8038
"Before scheduled trip start time",-22,1,23,8038
"Before scheduled trip start time",42,25333,25291,8038
"Before scheduled trip start time",21,50,29,8038
"Before scheduled trip start time",21,25338,25317,8038
"Before scheduled trip start time",8,10,2,8038
"Before scheduled trip start time",18,37,19,8038
"Before scheduled trip start time",27,36,9,8038
"Before scheduled trip start time",27,31,4,8038
"Before scheduled trip start time",16,18,2,8038
"Before scheduled trip start time",18,46,28,8038
"Before scheduled trip start time",18,132,114,8038
"Before scheduled trip start time",19,134,115,8038
"Before scheduled trip start time",26,31,5,8038
"Before scheduled trip start time",19,49,30,8038
"Before scheduled trip start time",29,54,25,8038
"Before scheduled trip start time",-20,-13,7,8038
"Before scheduled trip start time",-28,1,29,8038
"Before scheduled trip start time",26,35,9,8038
"Before scheduled trip start time",19,140,121,8038
"Before scheduled trip start time",-13,25,38,8038
"Before scheduled trip start time",29,67,38,8038
"Before scheduled trip start time",-15,580,595,8038
"Before scheduled trip start time",-13,686880,686893,8038
"Before scheduled trip start time",-14,553,567,8038
"Before scheduled trip start time",17,35,18,8038
"Before scheduled trip start time",26,58,32,8038
"Before scheduled trip start time",8,18,10,8038
"Before scheduled trip start time",-15,1,16,8038
"Before scheduled trip start time",19,196,177,8038
"Before scheduled trip start time",28,172,144,8038
"Before scheduled trip start time",29,85,56,8038
"Before scheduled trip start time",-17,-4,13,8038
"Before scheduled trip start time",-15,23,38,8038
"Before scheduled trip start time",16,17,1,8038
"Before scheduled trip start time",-19,27,46,8038
"Before scheduled trip start time",16,40,24,8038
"Before scheduled trip start time",-21,18,39,8038
"Before scheduled trip start time",-13,282,295,8038
"Before scheduled trip start time",22,39,17,8038
"Before scheduled trip start time",22,24,2,8038
"Before scheduled trip start time",26,26,0,8038
"Before scheduled trip start time",29,60,31,8038
"Before scheduled trip start time",-13,4215,4228,8038
"Before scheduled trip start time",27,61,34,8038
"Before scheduled trip start time",21,49,28,8038
"Before scheduled trip start time",29,52,23,8038
"Before scheduled trip start time",-21,20,41,8038
"Before scheduled trip start time",-30,3,33,8038
"Before scheduled trip start time",-30,289,319,8038
"Before scheduled trip start time",8,19,11,8038
"Before scheduled trip start time",29,51,22,8038
"Before scheduled trip start time",8,23,15,8038
"Before scheduled trip start time",29,44,15,8038
"Before scheduled trip start time",-18,563,581,8038
"Before scheduled trip start time",-18,16,34,8038
"Before scheduled trip start time",-23,14,37,8038
"Before scheduled trip start time",29,36,7,8038
"Before scheduled trip start time",-13,-6,7,8038
"Before scheduled trip start time",-21,469,490,8038
"Before scheduled trip start time",-20,464,484,8038
"Before scheduled trip start time",-29,249,278,8038
"Before scheduled trip start time",27,43,16,8038
"Before scheduled trip start time",-13,-11,2,8038
"Before scheduled trip start time",22,25313,25291,8038
"Before scheduled trip start time",-14,178,192,8038
"Before scheduled trip start time",-26,9,35,8038
"Before scheduled trip start time",17,25,8,8038
"Before scheduled trip start time",22,23,1,8038
"Before scheduled trip start time",26,54,28,8038
"Before scheduled trip start time",40,25594,25554,8038
"Before scheduled trip start time",-13,1307,1320,8038
"Before scheduled trip start time",26,66,40,8038
"Before scheduled trip start time",28,48,20,8038
"Before scheduled trip start time",-16,334,350,8038
"Before scheduled trip start time",29,32,3,8038
"Before scheduled trip start time",-13,49,62,8038
"Before scheduled trip start time",27,41,14,8038
"Before scheduled trip start time",22,35,13,8038
"Before scheduled trip start time",16,85,69,8038
"Before scheduled trip start time",-22,8,30,8038
"Before scheduled trip start time",21,25,4,8038
"Before scheduled trip start time",16,46,30,8038
"Before scheduled trip start time",27,159,132,8038
"Before scheduled trip start time",-13,19,32,8038
"Before scheduled trip start time",-29,293,322,8038
"Before scheduled trip start time",-28,-8,20,8038
"Before scheduled trip start time",-26,513,539,8038
"Before scheduled trip start time",-21,16,37,8038
"Before scheduled trip start time",-15,31,46,8038
"Before scheduled trip start time",-19,33,52,8038
"Before scheduled trip start time",-24,-3,21,8038
"Before scheduled trip start time",27,154,127,8038
"Before scheduled trip start time",16,89,73,8038
"Before scheduled trip start time",27,48,21,8038
"Before scheduled trip start time",28,53,25,8038
"Before scheduled trip start time",26,62,36,8038
"Before scheduled trip start time",-14,13,27,8038
"Before scheduled trip start time",-30,1,31,8038
"Before scheduled trip start time",40,25482,25442,8038
"Before scheduled trip start time",22,78,56,8038
"Before scheduled trip start time",18,62,44,8038
"Before scheduled trip start time",16,54,38,8038
"Before scheduled trip start time",-26,-17,9,8038
"Before scheduled trip start time",-14,73,87,8038
"Before scheduled trip start time",-14,23,37,8038
"Before scheduled trip start time",40,40,0,8038
"Before scheduled trip start time",-21,453,474,8038
"Before scheduled trip start time",18,34,16,8038
"Before scheduled trip start time",28,57,29,8038
"Before scheduled trip start time",-14,11,25,8038
"Before scheduled trip start time",26,55,29,8038
"Before scheduled trip start time",22,1669,1647,8038
"Before scheduled trip start time",18,25,7,8038
"Before scheduled trip start time",19,81,62,8038
"Before scheduled trip start time",17,66,49,8038
"Before scheduled trip start time",-27,193,220,8038
"Before scheduled trip start time",-22,5,27,8038
"Before scheduled trip start time",16,22,6,8038
"Before scheduled trip start time",28,55,27,8038
"Before scheduled trip start time",17,53,36,8038
"Before scheduled trip start time",17,31,14,8038
"Before scheduled trip start time",-13,1726,1739,8038
"Before scheduled trip start time",-13,29098,29111,8038
"Before scheduled trip start time",29,55,26,8038
"Before scheduled trip start time",-27,6,33,8038
"Before scheduled trip start time",29,41,12,8038
"Before scheduled trip start time",18,78,60,8038
"Before scheduled trip start time",-21,10,31,8038
"Before scheduled trip start time",18,29,11,8038
"Before scheduled trip start time",-14,-5,9,8038
"Before scheduled trip start time",-17,-5,12,8038
"Before scheduled trip start time",-20,-6,14,8038
"Before scheduled trip start time",16,44,28,8038
"Before scheduled trip start time",16,173,157,8038
"Before scheduled trip start time",17,24,7,8038
"Before scheduled trip start time",16,32,16,8038
"Before scheduled trip start time",21,28,7,8038
"Before scheduled trip start time",-20,15,35,8038
"Before scheduled trip start time",-20,-3,17,8038
"Before scheduled trip start time",-27,1,28,8038
"Before scheduled trip start time",-19,3,22,8038
"Before scheduled trip start time",17,32,15,8038
"Before scheduled trip start time",-30,-22,8,8038
"Before scheduled trip start time",-21,1,22,8038
"Before scheduled trip start time",40,25440,25400,8038
"Before scheduled trip start time",-18,22,40,8038
"Before scheduled trip start time",40,25523,25483,8038
"Before scheduled trip start time",8,11,3,8038
"Before scheduled trip start time",26,38,12,8038
"Before scheduled trip start time",-13,22,35,8038
"Before scheduled trip start time",29,61,32,8038
"Before scheduled trip start time",16,52,36,8038
"Before scheduled trip start time",-21,-8,13,8038
"Before scheduled trip start time",18,39,21,8038
"Before scheduled trip start time",-13,-3,10,8038
"Before scheduled trip start time",-23,15,38,8038
"Before scheduled trip start time",16,31,15,8038
"Before scheduled trip start time",21,24,3,8038
"Before scheduled trip start time",-21,-2,19,8038
"Before scheduled trip start time",16,33,17,8038
"Before scheduled trip start time",18,19,1,8038
"Before scheduled trip start time",8,44,36,8038
"Before scheduled trip start time",-14,-12,2,8038
"Before scheduled trip start time",17,22,5,8038
"Before scheduled trip start time",21,33,12,8038
"Before scheduled trip start time",19,43,24,8038
"Before scheduled trip start time",-15,7,22,8038
"Before scheduled trip start time",22,138,116,8038
"Before scheduled trip start time",17,68,51,8038
"Before scheduled trip start time",-17,16,33,8038
"Before scheduled trip start time",-15,16,31,8038
"Before scheduled trip start time",-17,11,28,8038
"Before scheduled trip start time",-13,3419,3432,8038
"Before scheduled trip start time",-17,173,190,8038
"Before scheduled trip start time",-27,-1,26,8038
"Before scheduled trip start time",-30,6,36,8038
"Before scheduled trip start time",-18,9,27,8038
"Before scheduled trip start time",-20,473,493,8038
"Before scheduled trip start time",-13,3,16,8038
"Before scheduled trip start time",-28,-18,10,8038
"Before scheduled trip start time",-27,409,436,8038
"Before scheduled trip start time",-26,0,26,8038
"Before scheduled trip start time",62,66,4,8038
"Before scheduled trip start time",17,71,54,8038
"Before scheduled trip start time",-16,5,21,8038
"Before scheduled trip start time",21,21,0,8038
"Before scheduled trip start time",26,32,6,8038
"Before scheduled trip start time",27,77,50,8038
"Before scheduled trip start time",-13,7,20,8038
"Before scheduled trip start time",-17,15,32,8038
"Before scheduled trip start time",27,32,5,8038
"Before scheduled trip start time",26,72,46,8038
"Before scheduled trip start time",-13,6559,6572,8038
"Before scheduled trip start time",-15,-6,9,8038
"Before scheduled trip start time",-15,15,30,8038
"Before scheduled trip start time",16,73,57,8038
"Before scheduled trip start time",8,50,42,8038
"Before scheduled trip start time",26,36,10,8038
"Before scheduled trip start time",17,97,80,8038
"Before scheduled trip start time",28,84,56,8038
"Before scheduled trip start time",-25,-4,21,8038
"Before scheduled trip start time",-19,6,25,8038
"Before scheduled trip start time",-16,10,26,8038
"Before scheduled trip start time",-13,-4,9,8038
"Before scheduled trip start time",-18,10,28,8038
"Before scheduled trip start time",22,41,19,8038
"Before scheduled trip start time",16,59,43,8038
"Before scheduled trip start time",-21,15,36,8038
"Before scheduled trip start time",26,61,35,8038
"Before scheduled trip start time",26,94,68,8038
"Before scheduled trip start time",26,125,99,8038
"Before scheduled trip start time",-30,5,35,8038
"Before scheduled trip start time",17,73,56,8038
"Before scheduled trip start time",-16,6,22,8038
"Before scheduled trip start time",-29,-2,27,8038
"Before scheduled trip start time",26,28,2,8038
"Before scheduled trip start time",27,51,24,8038
"Before scheduled trip start time",-19,4,23,8038
"Before scheduled trip start time",-22,449,471,8038
"Before scheduled trip start time",28,59,31,8038
"Before scheduled trip start time",-15,6,21,8038
"Before scheduled trip start time",27,37,10,8038
"Before scheduled trip start time",16,47,31,8038
"Before scheduled trip start time",16,49,33,8038
"Before scheduled trip start time",16,61,45,8038
"Before scheduled trip start time",-13,1148,1161,8038
"Before scheduled trip start time",19,82,63,8038
"Before scheduled trip start time",22,25426,25404,8038
"Before scheduled trip start time",28,61,33,8038
"Before scheduled trip start time",-26,529,555,8038
"Before scheduled trip start time",26,56,30,8038
"Before scheduled trip start time",-18,-1,17,8038
"Before scheduled trip start time",-19,11,30,8038
"Before scheduled trip start time",29,59,30,8038
"Before scheduled trip start time",19,45,26,8038
"Before scheduled trip start time",-13,24,37,8038
"Before scheduled trip start time",-23,-12,11,8038
"Before scheduled trip start time",-26,11,37,8038
"Before scheduled trip start time",-20,155,175,8038
"Before scheduled trip start time",27,57,30,8038
"Before scheduled trip start time",17,52,35,8038
"Before scheduled trip start time",22,173,151,8038
"Before scheduled trip start time",-13,5955,5968,8038
"Before scheduled trip start time",-17,9,26,8038
"Before scheduled trip start time",-27,-20,7,8038
"Before scheduled trip start time",-23,-14,9,8038
"Before scheduled trip start time",42,42,0,8038
"Before scheduled trip start time",-24,-12,12,8038
"Before scheduled trip start time",18,26,8,8038
"Before scheduled trip start time",19,48,29,8038
"Before scheduled trip start time",-20,17,37,8038
"Before scheduled trip start time",-14,24,38,8038
"Before scheduled trip start time",-21,3,24,8038
"Before scheduled trip start time",-21,24,45,8038
"Before scheduled trip start time",8,29,21,8038
"Before scheduled trip start time",-13,17,30,8038
"Before scheduled trip start time",-15,11,26,8038
"Before scheduled trip start time",22,22,0,8038
"Before scheduled trip start time",17,29,12,8038
"Before scheduled trip start time",16,72,56,8038
"Before scheduled trip start time",-13,463,476,8038
"Before scheduled trip start time",-18,12,30,8038
"Before scheduled trip start time",-16,12,28,8038
"Before scheduled trip start time",-25,0,25,8038
"Before scheduled trip start time",17,19,2,8038
"Before scheduled trip start time",-15,-2,13,8038
"Before scheduled trip start time",16,37,21,8038
"Before scheduled trip start time",21,25310,25289,8038
"Before scheduled trip start time",-16,14,30,8038
"Before scheduled trip start time",-27,13,40,8038
"Before scheduled trip start time",-20,3,23,8038
"Before scheduled trip start time",-19,15,34,8038
"Before scheduled trip start time",17,21,4,8038
"Before scheduled trip start time",19,52,33,8038
"Before scheduled trip start time",21,44,23,8038
"Before scheduled trip start time",41,25358,25317,8038
"Before scheduled trip start time",27,53,26,8038
"Before scheduled trip start time",41,25330,25289,8038
"Before scheduled trip start time",-22,-10,12,8038
"Before scheduled trip start time",-13,64207,64220,8038
"Before scheduled trip start time",42,25704,25662,8038
"Before scheduled trip start time",27,94,67,8038
"Before scheduled trip start time",-19,12,31,8038
"Before scheduled trip start time",27,49,22,8038
"Before scheduled trip start time",-18,-16,2,8038
"Before scheduled trip start time",8,45,37,8038
"Before scheduled trip start time",18,33,15,8038
"Before scheduled trip start time",17,34,17,8038
"Before scheduled trip start time",26,33,7,8038
"Before scheduled trip start time",-30,2,32,8038
"Before scheduled trip start time",-26,2,28,8038
"Before scheduled trip start time",22,25563,25541,8038
"Before scheduled trip start time",-18,-17,1,8038
"Before scheduled trip start time",-22,34,56,8038
"Before scheduled trip start time",-14,29,43,8038
"Before scheduled trip start time",-20,11,31,8038
"Before scheduled trip start time",18,45,27,8038
"Before scheduled trip start time",27,52,25,8038
"Before scheduled trip start time",19,53,34,8038
"Before scheduled trip start time",-16,11,27,8038
"Before scheduled trip start time",-14,42,56,8038
"Before scheduled trip start time",17,36,19,8038
"Before scheduled trip start time",17,47,30,8038
"Before scheduled trip start time",27,50,23,8038
"Before scheduled trip start time",-26,6,32,8038
"Before scheduled trip start time",-20,23,43,8038
"Before scheduled trip start time",21,25493,25472,8038
"Before scheduled trip start time",-23,-2,21,8038
"Before scheduled trip start time",16,29,13,8038
"Before scheduled trip start time",29,50,21,8038
"Before scheduled trip start time",-17,-2,15,8038
"Before scheduled trip start time",26,43,17,8038
"Before scheduled trip start time",22,26,4,8038
"Before scheduled trip start time",19,24,5,8038
"Before scheduled trip start time",28,50,22,8038
"Before scheduled trip start time",-16,-3,13,8038
"Before scheduled trip start time",-22,15,37,8038
"Before scheduled trip start time",-17,5,22,8038
"Before scheduled trip start time",8,30,22,8038
"Before scheduled trip start time",26,69,43,8038
"Before scheduled trip start time",26,104,78,8038
"Before scheduled trip start time",-14,20,34,8038
"Before scheduled trip start time",-20,18,38,8038
"Before scheduled trip start time",-26,509,535,8038
"Before scheduled trip start time",40,25355,25315,8038
"Before scheduled trip start time",16,51,35,8038
"Before scheduled trip start time",17,57,40,8038
"Before scheduled trip start time",28,64,36,8038
"Before scheduled trip start time",-21,5,26,8038
"Before scheduled trip start time",-13,16,29,8038
"Before scheduled trip start time",-16,-6,10,8038
"Before scheduled trip start time",26,50,24,8038
"Before scheduled trip start time",16,23,7,8038
"Before scheduled trip start time",17,28,11,8038
"Before scheduled trip start time",-15,502,517,8038
"Before scheduled trip start time",19,41,22,8038
"Before scheduled trip start time",18,42,24,8038
"Before scheduled trip start time",-15,67319,67334,8038
"Before scheduled trip start time",-13,-2,11,8038
"Before scheduled trip start time",-15,37,52,8038
"Before scheduled trip start time",-15,2,17,8038
"Before scheduled trip start time",19,44,25,8038
"Before scheduled trip start time",40,25566,25526,8038
"Before scheduled trip start time",19,60,41,8038
"Before scheduled trip start time",19,19,0,8038
"Before scheduled trip start time",-27,393,420,8038
"Before scheduled trip start time",40,25368,25328,8038
"Before scheduled trip start time",-14,9792,9806,8038
"Before scheduled trip start time",-25,-12,13,8038
"Before scheduled trip start time",-23,11,34,8038
"Before scheduled trip start time",22,28,6,8038
"Before scheduled trip start time",19,42,23,8038
"Before scheduled trip start time",21,41,20,8038
"Before scheduled trip start time",28,60,32,8038
"Before scheduled trip start time",29,78,49,8038
"Before scheduled trip start time",-13,1075,1088,8038
"Before scheduled trip start time",-18,13,31,8038
"Before scheduled trip start time",22,25430,25408,8038
"Before scheduled trip start time",28,51,23,8038
"Before scheduled trip start time",-15,453,468,8038
"Before scheduled trip start time",-28,6,34,8038
"Before scheduled trip start time",-19,19,38,8038
"Before scheduled trip start time",8,35,27,8038
"Before scheduled trip start time",16,38,22,8038
"Before scheduled trip start time",29,82,53,8038
"Before scheduled trip start time",-16,7,23,8038
"Before scheduled trip start time",-16,20,36,8038
"Before scheduled trip start time",-20,-1,19,8038
"Before scheduled trip start time",-16,2,18,8038
"Before scheduled trip start time",16,45,29,8038
"Before scheduled trip start time",-28,-17,11,8038
"Before scheduled trip start time",-20,-15,5,8038
"Before scheduled trip start time",-13,342,355,8038
"Before scheduled trip start time",-14,3,17,8038
"Before scheduled trip start time",28,36,8,8038
"Before scheduled trip start time",22,25278,25256,8038
"Before scheduled trip start time",27,40,13,8038
"Before scheduled trip start time",27,84,57,8038
"Before scheduled trip start time",-15,12,27,8038
"Before scheduled trip start time",-26,-5,21,8038
"Before scheduled trip start time",-17,14,31,8038
"Before scheduled trip start time",8,33,25,8038
"Before scheduled trip start time",-26,-4,22,8038
"Before scheduled trip start time",22,49,27,8038
"Before scheduled trip start time",-19,7,26,8038
"Before scheduled trip start time",-15,17,32,8038
"Before scheduled trip start time",-18,369,387,8038
"Before scheduled trip start time",21,31,10,8038
"Before scheduled trip start time",19,72,53,8038
"Before scheduled trip start time",16,50,34,8038
"Before scheduled trip start time",-13,1171,1184,8038
"Before scheduled trip start time",8,13,5,8038
"Before scheduled trip start time",22,25325,25303,8038
"Before scheduled trip start time",-15,-4,11,8038
"Before scheduled trip start time",-14,-3,11,8038
"Before scheduled trip start time",17,49,32,8038
"Before scheduled trip start time",-14,0,14,8038
"Before scheduled trip start time",-15,-5,10,8038
"Before scheduled trip start time",-19,14,33,8038
"Before scheduled trip start time",18,51,33,8038
"Before scheduled trip start time",17,60,43,8038
"Before scheduled trip start time",-13,93,106,8038
"Before scheduled trip start time",19,50,31,8038
"Before scheduled trip start time",-27,329,356,8038
"Before scheduled trip start time",16,75,59,8038
"Before scheduled trip start time",-13,3214,3227,8038
"Before scheduled trip start time",-13,33,46,8038
"Before scheduled trip start time",-27,313,340,8038
"Before scheduled trip start time",-18,533,551,8038
"Before scheduled trip start time",21,27,6,8038
"Before scheduled trip start time",29,57,28,8038
"Before scheduled trip start time",-13,2,15,8038
"Before scheduled trip start time",-27,209,236,8038
"Before scheduled trip start time",-28,5,33,8038
"Before scheduled trip start time",17,33,16,8038
"Before scheduled trip start time",29,62,33,8038
"Before scheduled trip start time",28,37,9,8038
"Before scheduled trip start time",16,55,39,8038
"Before scheduled trip start time",18,59,41,8038
"Before scheduled trip start time",-13,38,51,8038
"Before scheduled trip start time",-21,22,43,8038
"Before scheduled trip start time",22,34,12,8038
"Before scheduled trip start time",-21,13,34,8038
"Before scheduled trip start time",-25,333,358,8038
"Before scheduled trip start time",-18,19,37,8038
"Before scheduled trip start time",-18,-14,4,8038
"Before scheduled trip start time",40,25464,25424,8038
"Before scheduled trip start time",19,47,28,8038
"Before scheduled trip start time",29,48,19,8038
"Before scheduled trip start time",-18,2,20,8038
"Before scheduled trip start time",19,64,45,8038
"Before scheduled trip start time",-14,15,29,8038
"Before scheduled trip start time",18,30,12,8038
"Before scheduled trip start time",21,25325,25304,8038
"Before scheduled trip start time",22,42,20,8038
"Before scheduled trip start time",17,157,140,8038
"Before scheduled trip start time",-21,6,27,8038
"Before scheduled trip start time",27,38,11,8038
"Before scheduled trip start time",18,18,0,8038
"Before scheduled trip start time",26,47,21,8038
"Before scheduled trip start time",26,273,247,8038
"Before scheduled trip start time",22,63,41,8038
"Before scheduled trip start time",-20,12,32,8038
"Before scheduled trip start time",-26,10,36,8038
"Before scheduled trip start time",-13,21,34,8038
"Before scheduled trip start time",-21,12,33,8038
"Before scheduled trip start time",16,24,8,8038
"Before scheduled trip start time",27,65,38,8038
"Before scheduled trip start time",-16,-1,15,8038
"Before scheduled trip start time",22,25396,25374,8038
"Before scheduled trip start time",8,40,32,8038
"Before scheduled trip start time",19,68,49,8038
"Before scheduled trip start time",19,73,54,8038
"Before scheduled trip start time",-14,22,36,8038
"Before scheduled trip start time",-13,760,773,8038
"Before scheduled trip start time",-15,8,23,8038
"Before scheduled trip start time",-30,-4,26,8038
"Before scheduled trip start time",26,65,39,8038
"Before scheduled trip start time",-16,18,34,8038
"Before scheduled trip start time",27,59,32,8038
"Before scheduled trip start time",-14,495,509,8038
"Before scheduled trip start time",19,39,20,8038
"Before scheduled trip start time",26,93,67,8038
"Before scheduled trip start time",-29,-8,21,8038
"Before scheduled trip start time",-16,22,38,8038
"Before scheduled trip start time",28,30,2,8038
"Before scheduled trip start time",17,42,25,8038
"Before scheduled trip start time",18,55,37,8038
"Before scheduled trip start time",21,43,22,8038
"Before scheduled trip start time",-13,79419,79432,8038
"Before scheduled trip start time",-14,66699,66713,8038
"Before scheduled trip start time",-20,-7,13,8038
"Before scheduled trip start time",28,38,10,8038
"Before scheduled trip start time",-13,1557,1570,8038
"Before scheduled trip start time",-23,2,25,8038
"Before scheduled trip start time",-19,-4,15,8038
"Before scheduled trip start time",18,28,10,8038
"Before scheduled trip start time",-13,1260,1273,8038
"Before scheduled trip start time",-23,429,452,8038
"Before scheduled trip start time",28,34,6,8038
"Before scheduled trip start time",17,20,3,8038
"During scheduled trip",17,34,17,291
"During scheduled trip",887,895,8,291
"During scheduled trip",22,25427,25405,291
"During scheduled trip",967,968,1,291
"During scheduled trip",-20,44,64,291
"During scheduled trip",-14,48,62,291
"During scheduled trip",16,31,15,291
"During scheduled trip",29,40,11,291
"During scheduled trip",847,863,16,291
"During scheduled trip",22,31,9,291
"During scheduled trip",8,68,60,291
"During scheduled trip",41,25293,25252,291
"During scheduled trip",787,788,1,291
"During scheduled trip",827,838,11,291
"During scheduled trip",2127,2143,16,291
"During scheduled trip",-16,3,19,291
"During scheduled trip",-13,303,316,291
"During scheduled trip",-14,33,47,291
"During scheduled trip",-18,0,18,291
"During scheduled trip",-30,-25,5,291
"During scheduled trip",17,22,5,291
"During scheduled trip",40,25415,25375,291
"During scheduled trip",21,25299,25278,291
"During scheduled trip",17,144,127,291
"During scheduled trip",167,168,1,291
"During scheduled trip",26,111,85,291
"During scheduled trip",22,62,40,291
"During scheduled trip",-26,19,45,291
"During scheduled trip",22,25308,25286,291
"During scheduled trip",26,57,31,291
"During scheduled trip",17,119,102,291
"During scheduled trip",16,251,235,291
"During scheduled trip",-14,38,52,291
"During scheduled trip",-17,53,70,291
"During scheduled trip",40,25315,25275,291
"During scheduled trip",167,189,22,291
"During scheduled trip",1827,1843,16,291
"During scheduled trip",-16,22,38,291
"During scheduled trip",19,221,202,291
"During scheduled trip",18,92,74,291
"During scheduled trip",-18,2,20,291
"During scheduled trip",-25,8,33,291
"During scheduled trip",-13,1872,1885,291
"During scheduled trip",22,25274,25252,291
"During scheduled trip",-16,-12,4,291
"During scheduled trip",40,25342,25302,291
"During scheduled trip",627,635,8,291
"During scheduled trip",787,803,16,291
"During scheduled trip",17,85,68,291
"During scheduled trip",29,127,98,291
"During scheduled trip",-20,20,40,291
"During scheduled trip",1107,1118,11,291
"During scheduled trip",8,57,49,291
"During scheduled trip",-23,3,26,291
"During scheduled trip",-18,10,28,291
"During scheduled trip",-27,-5,22,291
"During scheduled trip",-29,-19,10,291
"During scheduled trip",-14,60,74,291
"During scheduled trip",29,46,17,291
"During scheduled trip",107,135,28,291
"During scheduled trip",147,158,11,291
"During scheduled trip",17,531,514,291
"During scheduled trip",8,53,45,291
"During scheduled trip",-19,3,22,291
"During scheduled trip",-28,20,48,291
"During scheduled trip",26,62,36,291
"During scheduled trip",627,638,11,291
"During scheduled trip",967,978,11,291
"During scheduled trip",1787,1815,28,291
"During scheduled trip",19,102,83,291
"During scheduled trip",21,129,108,291
"During scheduled trip",27,149,122,291
"During scheduled trip",26,38,12,291
"During scheduled trip",40,25454,25414,291
"During scheduled trip",40,25346,25306,291
"During scheduled trip",187,195,8,291
"During scheduled trip",327,350,23,291
"During scheduled trip",567,574,7,291
"During scheduled trip",647,655,8,291
"During scheduled trip",1347,1375,28,291
"During scheduled trip",19,118,99,291
"During scheduled trip",-19,24,43,291
"During scheduled trip",-17,54,71,291
"During scheduled trip",-23,19,42,291
"During scheduled trip",16,34,18,291
"During scheduled trip",-13,18,31,291
"During scheduled trip",42,25349,25307,291
"During scheduled trip",487,507,20,291
"During scheduled trip",587,618,31,291
"During scheduled trip",1647,1675,28,291
"During scheduled trip",26,90,64,291
"During scheduled trip",26,85,59,291
"During scheduled trip",-22,-2,20,291
"During scheduled trip",-26,-18,8,291
"During scheduled trip",28,50,22,291
"During scheduled trip",127,150,23,291
"During scheduled trip",127,129,2,291
"During scheduled trip",29,93,64,291
"During scheduled trip",-13,7,20,291
"During scheduled trip",-22,-4,18,291
"During scheduled trip",-30,27,57,291
"During scheduled trip",26,41,15,291
"During scheduled trip",1187,1215,28,291
"During scheduled trip",21,201,180,291
"During scheduled trip",8,528,520,291
"During scheduled trip",-20,16,36,291
"During scheduled trip",-17,12,29,291
"During scheduled trip",16,51,35,291
"During scheduled trip",567,590,23,291
"During scheduled trip",-15,-7,8,291
"During scheduled trip",-14,39,53,291
"During scheduled trip",40,25405,25365,291
"During scheduled trip",22,25371,25349,291
"During scheduled trip",227,234,7,291
"During scheduled trip",507,527,20,291
"During scheduled trip",1387,1415,28,291
"During scheduled trip",19,123,104,291
"During scheduled trip",-19,14,33,291
"During scheduled trip",-17,15,32,291
"During scheduled trip",-17,4,21,291
"During scheduled trip",-20,-14,6,291
"During scheduled trip",-20,374,394,291
"During scheduled trip",29,33,4,291
"During scheduled trip",187,198,11,291
"During scheduled trip",19,84,65,291
"During scheduled trip",18,155,137,291
"During scheduled trip",-22,27,49,291
"During scheduled trip",-28,13,41,291
"During scheduled trip",-24,-4,20,291
"During scheduled trip",22,351,329,291
"During scheduled trip",167,169,2,291
"During scheduled trip",467,495,28,291
"During scheduled trip",16,72,56,291
"During scheduled trip",17,89,72,291
"During scheduled trip",16,533,517,291
"During scheduled trip",-16,4,20,291
"During scheduled trip",17,132,115,291
"During scheduled trip",27,172,145,291
"During scheduled trip",-25,4,29,291
"During scheduled trip",17,52,35,291
"During scheduled trip",16,161,145,291
"During scheduled trip",307,318,11,291
"During scheduled trip",847,858,11,291
"During scheduled trip",1007,1018,11,291
"During scheduled trip",17,113,96,291
"During scheduled trip",-25,-19,6,291
"During scheduled trip",-16,130,146,291
"During scheduled trip",22,27,5,291
"During scheduled trip",19,34,15,291
"During scheduled trip",42,25357,25315,291
"During scheduled trip",21,531,510,291
"During scheduled trip",107,114,7,291
"During scheduled trip",2247,2263,16,291
"During scheduled trip",-19,28,47,291
"During scheduled trip",-13,32,45,291
"During scheduled trip",19,42,23,291
"During scheduled trip",67,82,15,291
"During scheduled trip",547,567,20,291
"During scheduled trip",42,25433,25391,291
"During scheduled trip",18,97,79,291
"During scheduled trip",17,68,51,291
"During scheduled trip",27,133,106,291
"During scheduled trip",-14,29,43,291
"During scheduled trip",-20,-4,16,291
"During scheduled trip",29,35,6,291
"During scheduled trip",22,29,7,291
"During scheduled trip",21,25293,25272,291
"During scheduled trip",21,471,450,291
"During scheduled trip",87,88,1,291
"During scheduled trip",1367,1368,1,291
"During scheduled trip",19,86,67,291
"During scheduled trip",17,557,540,291
"During scheduled trip",17,121,104,291
"During scheduled trip",-17,40,57,291
"During scheduled trip",8,13,5,291
"During scheduled trip",21,27,6,291
"During scheduled trip",17,20,3,291
"During scheduled trip",42,25308,25266,291
"During scheduled trip",41,25302,25261,291
"During scheduled trip",18,448,430,291
"During scheduled trip",22,101,79,291
"During scheduled trip",-29,-22,7,291
"During scheduled trip",-29,-21,8,291
"During scheduled trip",22,25452,25430,291
"During scheduled trip",19,68,49,291
"During scheduled trip",8,87,79,291
"During scheduled trip",27,71,44,291
"During scheduled trip",29,122,93,291
"During scheduled trip",28,169,141,291
"During scheduled trip",-29,6,35,291
"During scheduled trip",-18,42,60,291
"During scheduled trip",22,25287,25265,291
"During scheduled trip",-24,4,28,291
"During scheduled trip",167,178,11,291
"During scheduled trip",487,494,7,291
"During scheduled trip",28,100,72,291
"During scheduled trip",29,179,150,291
"During scheduled trip",26,114,88,291
"During scheduled trip",-20,36,56,291
"During scheduled trip",28,60,32,291
"During scheduled trip",1667,1695,28,291
"During scheduled trip",-19,18,37,291
"During scheduled trip",26,133,107,291
"During scheduled trip",-22,39,61,291
"During scheduled trip",22,25404,25382,291
"During scheduled trip",18,390,372,291
"During scheduled trip",127,149,22,291
"During scheduled trip",927,928,1,291
"During scheduled trip",19,144,125,291
"During scheduled trip",8,83,75,291
"During scheduled trip",28,37,9,291
"During scheduled trip",40,25443,25403,291
"During scheduled trip",-14,-3,11,291
"During scheduled trip",-18,21,39,291
"During scheduled trip",-23,26,49,291
"During scheduled trip",21,43,22,291
"During scheduled trip",40,25357,25317,291
"During scheduled trip",18,84,66,291
"During scheduled trip",167,174,7,291
"During scheduled trip",1327,1328,1,291
"During scheduled trip",28,99,71,291
"During scheduled trip",22,141,119,291
"During scheduled trip",-21,141,162,291
"During scheduled trip",-18,20,38,291
"During scheduled trip",8,35,27,291
"During scheduled trip",21,62,41,291
"During scheduled trip",-15,518028,518043,291
"During scheduled trip",27,151,124,291
"During scheduled trip",27,148,121,291
"During scheduled trip",19,178,159,291
"During scheduled trip",-20,7,27,291
"During scheduled trip",-26,18,44,291
"During scheduled trip",19,36,17,291
"During scheduled trip",22,25322,25300,291
"During scheduled trip",-16,-1,15,291
"During scheduled trip",27,142,115,291
"During scheduled trip",-29,12,41,291
"During scheduled trip",18,39,21,291
"During scheduled trip",18,37,19,291
"During scheduled trip",29,49,20,291
"During scheduled trip",21,25273,25252,291
"During scheduled trip",21,102,81,291
"During scheduled trip",26,132,106,291
"During scheduled trip",18,98,80,291
"During scheduled trip",-28,7,35,291
"During scheduled trip",40,25409,25369,291
"During scheduled trip",19,290,271,291
"During scheduled trip",28,78,50,291
"During scheduled trip",-14,-4,10,291
"During scheduled trip",-24,11,35,291
"During scheduled trip",-25,-20,5,291
"During scheduled trip",-28,35,63,291
"During scheduled trip",-21,-15,6,291
"During scheduled trip",-16,39,55,291
"During scheduled trip",22,55,33,291
"During scheduled trip",-13,39,52,291
"During scheduled trip",19,270,251,291
"During scheduled trip",-15,33,48,291
"During scheduled trip",-20,19,39,291
"During scheduled trip",-17,2,19,291
"During scheduled trip",-18,39,57,291
"During scheduled trip",-27,-11,16,291
"During scheduled trip",-27,24,51,291
"During scheduled trip",18,35,17,291
"During scheduled trip",41,25355,25314,291
"During scheduled trip",147,170,23,291
"During scheduled trip",407,430,23,291
"During scheduled trip",19,101,82,291
"During scheduled trip",27,141,114,291
"During scheduled trip",26,100,74,291
"During scheduled trip",28,441,413,291
"During scheduled trip",19,127,108,291
"During scheduled trip",29,101,72,291
"During scheduled trip",27,35,8,291
"During scheduled trip",27,56,29,291
"During scheduled trip",16,127,111,291
"During scheduled trip",17,497,480,291
"During scheduled trip",26,657,631,291
"During scheduled trip",18,247,229,291
"During scheduled trip",-20,-3,17,291
"During scheduled trip",22,25461,25439,291
"During scheduled trip",22,91,69,291
"During scheduled trip",407,422,15,291
"During scheduled trip",507,530,23,291
"During scheduled trip",927,958,31,291
"During scheduled trip",27,128,101,291
"During scheduled trip",-14,12,26,291
"During scheduled trip",-22,12,34,291
"During scheduled trip",-23,34,57,291
"During scheduled trip",8,124,116,291
"During scheduled trip",-16,26,42,291
"During scheduled trip",18,93,75,291
"During scheduled trip",-14,40,54,291
"During scheduled trip",947,955,8,291
"During scheduled trip",28,107,79,291
"During scheduled trip",27,32,5,291
"During scheduled trip",21,25335,25314,291
"During scheduled trip",8,65,57,291
"During scheduled trip",42,25405,25363,291
"During scheduled trip",17,118,101,291
"During scheduled trip",26,115,89,291
"During scheduled trip",26,121,95,291
"During scheduled trip",18,122,104,291
"During scheduled trip",-20,11,31,291
"During scheduled trip",17,36,19,291
"During scheduled trip",26,29,3,291
"During scheduled trip",63,25356,25293,291
"During scheduled trip",40,25289,25249,291
"During scheduled trip",40,25304,25264,291
"During scheduled trip",29,75,46,291
"During scheduled trip",22,77,55,291
"During scheduled trip",8,150,142,291
"During scheduled trip",-22,-9,13,291
"During scheduled trip",-25,24,49,291
"During scheduled trip",18,48,30,291
"During scheduled trip",-24,21,45,291
"During scheduled trip",42,25473,25431,291
"During scheduled trip",367,395,28,291
"During scheduled trip",447,475,28,291
"During scheduled trip",1487,1515,28,291
"During scheduled trip",1547,1575,28,291
"During scheduled trip",18,83,65,291
"During scheduled trip",27,77,50,291
"During scheduled trip",-16,42,58,291
"During scheduled trip",-15,25,40,291
"During scheduled trip",-20,3,23,291
"During scheduled trip",-25,-1,24,291
"During scheduled trip",26,43,17,291
"During scheduled trip",22,25337,25315,291
"During scheduled trip",22,25324,25302,291
"During scheduled trip",207,218,11,291
"During scheduled trip",827,828,1,291
"During scheduled trip",16,84,68,291
"During scheduled trip",16,133,117,291
"During scheduled trip",8,140,132,291
"During scheduled trip",8,408,400,291
"During scheduled trip",28,165,137,291
"During scheduled trip",-27,19,46,291
"During scheduled trip",40,25399,25359,291
"During scheduled trip",327,349,22,291
"During scheduled trip",-19,42,61,291
"During scheduled trip",8,301,293,291
"During scheduled trip",27,105,78,291
"During scheduled trip",17,106,89,291
"During scheduled trip",29,100,71,291
"During scheduled trip",22,160,138,291
"During scheduled trip",-22,-7,15,291
"During scheduled trip",16,30,14,291
"During scheduled trip",19,52,33,291
"During scheduled trip",27,74,47,291
"During scheduled trip",17,471,454,291
"During scheduled trip",22,295,273,291
"During scheduled trip",19,82,63,291
"During scheduled trip",18,508,490,291
"During scheduled trip",17,102,85,291
"During scheduled trip",41,25375,25334,291
"During scheduled trip",1427,1455,28,291
"During scheduled trip",26,123,97,291
"During scheduled trip",-14,6,20,291
"During scheduled trip",-25,-17,8,291
"During scheduled trip",41,25344,25303,291
"During scheduled trip",487,518,31,291
"During scheduled trip",567,578,11,291
"During scheduled trip",1087,1103,16,291
"During scheduled trip",-14,21,35,291
"During scheduled trip",1127,1138,11,291
"During scheduled trip",19,76,57,291
"During scheduled trip",18,341,323,291
"During scheduled trip",-15,162,177,291
"During scheduled trip",-22,20,42,291
"During scheduled trip",-23,7,30,291
"During scheduled trip",42,25438,25396,291
"During scheduled trip",47,54,7,291
"During scheduled trip",107,109,2,291
"During scheduled trip",16,60,44,291
"During scheduled trip",29,82,53,291
"During scheduled trip",27,146,119,291
"During scheduled trip",29,83,54,291
"During scheduled trip",-21,23,44,291
"During scheduled trip",17,38,21,291
"During scheduled trip",-24,-9,15,291
"During scheduled trip",27,72,45,291
"During scheduled trip",767,795,28,291
"During scheduled trip",1087,1115,28,291
"During scheduled trip",28,95,67,291
"During scheduled trip",29,96,67,291
"During scheduled trip",22,217,195,291
"During scheduled trip",21,221,200,291
"During scheduled trip",18,180,162,291
"During scheduled trip",26,231,205,291
"During scheduled trip",26,95,69,291
"During scheduled trip",-21,-5,16,291
"During scheduled trip",-27,21,48,291
"During scheduled trip",-28,5,33,291
"During scheduled trip",-13,138,151,291
"During scheduled trip",27,41,14,291
"During scheduled trip",-24,-1,23,291
"During scheduled trip",147,167,20,291
"During scheduled trip",1227,1228,1,291
"During scheduled trip",28,66,38,291
"During scheduled trip",8,76,68,291
"During scheduled trip",8,145,137,291
"During scheduled trip",21,29,8,291
"During scheduled trip",16,28,12,291
"During scheduled trip",147,187,40,291
"During scheduled trip",22,83,61,291
"During scheduled trip",-19,0,19,291
"During scheduled trip",-25,28,53,291
"During scheduled trip",-26,5,31,291
"During scheduled trip",27,79,52,291
"During scheduled trip",67,89,22,291
"During scheduled trip",-15,-5,10,291
"During scheduled trip",-20,-12,8,291
"During scheduled trip",-19,53,72,291
"During scheduled trip",26,44,18,291
"During scheduled trip",26,49,23,291
"During scheduled trip",21,25425,25404,291
"During scheduled trip",507,514,7,291
"During scheduled trip",42,25480,25438,291
"During scheduled trip",16,178,162,291
"During scheduled trip",26,218,192,291
"During scheduled trip",-17,24,41,291
"During scheduled trip",-27,-1,26,291
"During scheduled trip",-29,14,43,291
"During scheduled trip",447,448,1,291
"During scheduled trip",22,379,357,291
"During scheduled trip",28,271,243,291
"During scheduled trip",22,25406,25384,291
"During scheduled trip",-17,1138,1155,291
"During scheduled trip",27,33,6,291
"During scheduled trip",17,24,7,291
"During scheduled trip",21,40,19,291
"During scheduled trip",42,25481,25439,291
"During scheduled trip",21,25286,25265,291
"During scheduled trip",187,202,15,291
"During scheduled trip",1107,1108,1,291
"During scheduled trip",28,69,41,291
"During scheduled trip",27,292,265,291
"During scheduled trip",-13,43,56,291
"During scheduled trip",-17,39,56,291
"During scheduled trip",-28,-12,16,291
"During scheduled trip",27,29,2,291
"During scheduled trip",42,25366,25324,291
"During scheduled trip",707,735,28,291
"During scheduled trip",2227,2243,16,291
"During scheduled trip",40,25486,25446,291
"During scheduled trip",-22,-11,11,291
"During scheduled trip",-20,34,54,291
"During scheduled trip",-20,31,51,291
"During scheduled trip",-27,25,52,291
"During scheduled trip",-26,-12,14,291
"During scheduled trip",21,32,11,291
"During scheduled trip",-13,29,42,291
"During scheduled trip",167,175,8,291
"During scheduled trip",1127,1155,28,291
"During scheduled trip",16,591,575,291
"During scheduled trip",-22,-15,7,291
"During scheduled trip",18,26,8,291
"During scheduled trip",18,40,22,291
"During scheduled trip",27,81,54,291
"During scheduled trip",307,322,15,291
"During scheduled trip",347,355,8,291
"During scheduled trip",867,868,1,291
"During scheduled trip",907,918,11,291
"During scheduled trip",19,163,144,291
"During scheduled trip",22,107,85,291
"During scheduled trip",19,67,48,291
"During scheduled trip",17,142,125,291
"During scheduled trip",8,193,185,291
"During scheduled trip",18,162,144,291
"During scheduled trip",17,88,71,291
"During scheduled trip",22,113,91,291
"During scheduled trip",-15,483,498,291
"During scheduled trip",-22,13,35,291
"During scheduled trip",-29,-15,14,291
"During scheduled trip",-20,47,67,291
"During scheduled trip",-14,146,160,291
"During scheduled trip",22,25302,25280,291
"During scheduled trip",40,25557,25517,291
"During scheduled trip",687,695,8,291
"During scheduled trip",947,963,16,291
"During scheduled trip",16,71,55,291
"During scheduled trip",-20,38,58,291
"During scheduled trip",-23,-2,21,291
"During scheduled trip",-23,8,31,291
"During scheduled trip",19,90,71,291
"During scheduled trip",26,97,71,291
"During scheduled trip",17,170,153,291
"During scheduled trip",27,116,89,291
"During scheduled trip",26,621,595,291
"During scheduled trip",-30,-8,22,291
"During scheduled trip",-26,37,63,291
"During scheduled trip",17,33,16,291
"During scheduled trip",21,25338,25317,291
"During scheduled trip",27,159,132,291
"During scheduled trip",1687,1715,28,291
"During scheduled trip",17,62,45,291
"During scheduled trip",22,75,53,291
"During scheduled trip",-17,34,51,291
"During scheduled trip",17,45,28,291
"During scheduled trip",29,39,10,291
"During scheduled trip",40,25292,25252,291
"During scheduled trip",8,59,51,291
"During scheduled trip",21,85,64,291
"During scheduled trip",28,182,154,291
"During scheduled trip",-19,16,35,291
"During scheduled trip",-20,39,59,291
"During scheduled trip",-25,6,31,291
"During scheduled trip",-15,-9,6,291
"During scheduled trip",26,34,8,291
"During scheduled trip",1707,1723,16,291
"During scheduled trip",18,351,333,291
"During scheduled trip",19,95,76,291
"During scheduled trip",22,63,41,291
"During scheduled trip",-15,34,49,291
"During scheduled trip",21,25383,25362,291
"During scheduled trip",19,230,211,291
"During scheduled trip",8,114,106,291
"During scheduled trip",22,185,163,291
"During scheduled trip",17,78,61,291
"During scheduled trip",-22,23,45,291
"During scheduled trip",42,25432,25390,291
"During scheduled trip",21,25292,25271,291
"During scheduled trip",427,447,20,291
"During scheduled trip",21,159,138,291
"During scheduled trip",-22,41,63,291
"During scheduled trip",-26,30,56,291
"During scheduled trip",527,547,20,291
"During scheduled trip",647,678,31,291
"During scheduled trip",18,154,136,291
"During scheduled trip",16,593,577,291
"During scheduled trip",22,88,66,291
"During scheduled trip",-14,54,68,291
"During scheduled trip",21,25,4,291
"During scheduled trip",19,55,36,291
"During scheduled trip",42,25419,25377,291
"During scheduled trip",-20,10,30,291
"During scheduled trip",-29,-6,23,291
"During scheduled trip",28,28,0,291
"During scheduled trip",29,50,21,291
"During scheduled trip",40,25301,25261,291
"During scheduled trip",40,25435,25395,291
"During scheduled trip",207,214,7,291
"During scheduled trip",227,247,20,291
"During scheduled trip",27,107,80,291
"During scheduled trip",26,67,41,291
"During scheduled trip",18,107,89,291
"During scheduled trip",26,160,134,291
"During scheduled trip",-19,35,54,291
"During scheduled trip",-20,153,173,291
"During scheduled trip",42,25340,25298,291
"During scheduled trip",8,62,54,291
"During scheduled trip",41,25404,25363,291
"During scheduled trip",387,395,8,291
"During scheduled trip",507,529,22,291
"During scheduled trip",18,176,158,291
"During scheduled trip",-21,17,38,291
"During scheduled trip",-30,28,58,291
"During scheduled trip",28,48,20,291
"During scheduled trip",41,25359,25318,291
"During scheduled trip",1007,1023,16,291
"During scheduled trip",22,67,45,291
"During scheduled trip",-19,-7,12,291
"During scheduled trip",-19,463,482,291
"During scheduled trip",-21,33,54,291
"During scheduled trip",-14,50,64,291
"During scheduled trip",31,40,9,291
"During scheduled trip",447,469,22,291
"During scheduled trip",28,82,54,291
"During scheduled trip",-16,13,29,291
"During scheduled trip",17,86,69,291
"During scheduled trip",26,108,82,291
"During scheduled trip",-18,-10,8,291
"During scheduled trip",19,22,3,291
"During scheduled trip",21,57,36,291
"During scheduled trip",22,25481,25459,291
"During scheduled trip",467,487,20,291
"During scheduled trip",1887,1903,16,291
"During scheduled trip",28,135,107,291
"During scheduled trip",-24,25,49,291
"During scheduled trip",-27,6,33,291
"During scheduled trip",-30,26,56,291
"During scheduled trip",40,25410,25370,291
"During scheduled trip",29,29,0,291
"During scheduled trip",-13,42,55,291
"During scheduled trip",-20,1,21,291
"During scheduled trip",-16,10,26,291
"During scheduled trip",-30,0,30,291
"During scheduled trip",-18,33,51,291
"During scheduled trip",-13,103,116,291
"During scheduled trip",327,334,7,291
"During scheduled trip",22,72,50,291
"During scheduled trip",22,78,56,291
"During scheduled trip",-15,6,21,291
"During scheduled trip",27,53,26,291
"During scheduled trip",-13,-11,2,291
"During scheduled trip",22,25381,25359,291
"During scheduled trip",16,83,67,291
"During scheduled trip",22,621,599,291
"During scheduled trip",16,191,175,291
"During scheduled trip",-19,-2,17,291
"During scheduled trip",-18,28,46,291
"During scheduled trip",-21,55,76,291
"During scheduled trip",21,25267,25246,291
"During scheduled trip",-16,0,16,291
"During scheduled trip",-16,48,64,291
"During scheduled trip",-19,37,56,291
"During scheduled trip",28,142,114,291
"During scheduled trip",-20,6,26,291
"During scheduled trip",47,75,28,291
"During scheduled trip",487,488,1,291
"During scheduled trip",29,98,69,291
"During scheduled trip",16,41,25,291
"During scheduled trip",267,283,16,291
"During scheduled trip",26,77,51,291
"During scheduled trip",26,80,54,291
"During scheduled trip",19,139,120,291
"During scheduled trip",22,211,189,291
"During scheduled trip",-21,-11,10,291
"During scheduled trip",42,25389,25347,291
"During scheduled trip",-13,25,38,291
"During scheduled trip",26,79,53,291
"During scheduled trip",28,33,5,291
"During scheduled trip",22,25399,25377,291
"During scheduled trip",247,267,20,291
"During scheduled trip",16,217,201,291
"During scheduled trip",-19,33,52,291
"During scheduled trip",-18,11,29,291
"During scheduled trip",-19,50,69,291
"During scheduled trip",21,80,59,291
"During scheduled trip",28,84,56,291
"During scheduled trip",22,153,131,291
"During scheduled trip",22,144,122,291
"During scheduled trip",-23,-14,9,291
"During scheduled trip",21,21,0,291
"During scheduled trip",21,33,12,291
"During scheduled trip",327,342,15,291
"During scheduled trip",367,383,16,291
"During scheduled trip",2187,2203,16,291
"During scheduled trip",-16,37,53,291
"During scheduled trip",16,162,146,291
"During scheduled trip",-21,31,52,291
"During scheduled trip",-21,41,62,291
"During scheduled trip",17,37,20,291
"During scheduled trip",41,25389,25348,291
"During scheduled trip",17,83,66,291
"During scheduled trip",17,63,46,291
"During scheduled trip",8,77,69,291
"During scheduled trip",-29,25,54,291
"During scheduled trip",-18,54,72,291
"During scheduled trip",17,99,82,291
"During scheduled trip",22,25307,25285,291
"During scheduled trip",227,249,22,291
"During scheduled trip",607,614,7,291
"During scheduled trip",907,923,16,291
"During scheduled trip",27,66,39,291
"During scheduled trip",28,70,42,291
"During scheduled trip",-17,25,42,291
"During scheduled trip",22,25281,25259,291
"During scheduled trip",-16,1,17,291
"During scheduled trip",747,778,31,291
"During scheduled trip",40,25312,25272,291
"During scheduled trip",-15,59,74,291
"During scheduled trip",-21,20,41,291
"During scheduled trip",-30,-15,15,291
"During scheduled trip",-18,44,62,291
"During scheduled trip",-20,NA,NA,291
"During scheduled trip",19,58,39,291
"During scheduled trip",28,118,90,291
"During scheduled trip",42,25319,25277,291
"During scheduled trip",287,302,15,291
"During scheduled trip",307,329,22,291
"During scheduled trip",16,142,126,291
"During scheduled trip",29,89,60,291
"During scheduled trip",27,83,56,291
"During scheduled trip",-16,33,49,291
"During scheduled trip",-15,3,18,291
"During scheduled trip",18,22,4,291
"During scheduled trip",26,50,24,291
"During scheduled trip",40,25354,25314,291
"During scheduled trip",567,568,1,291
"During scheduled trip",687,698,11,291
"During scheduled trip",22,86,64,291
"During scheduled trip",21,130,109,291
"During scheduled trip",21,112,91,291
"During scheduled trip",-29,19,48,291
"During scheduled trip",29,54,25,291
"During scheduled trip",19,28,9,291
"During scheduled trip",-24,-2,22,291
"During scheduled trip",40,25359,25319,291
"During scheduled trip",687,703,16,291
"During scheduled trip",-20,25,45,291
"During scheduled trip",-17,21,38,291
"During scheduled trip",-23,41,64,291
"During scheduled trip",-18,36,54,291
"During scheduled trip",8,18,10,291
"During scheduled trip",21,25270,25249,291
"During scheduled trip",467,475,8,291
"During scheduled trip",587,602,15,291
"During scheduled trip",27,75,48,291
"During scheduled trip",-19,40,59,291
"During scheduled trip",-14,25,39,291
"During scheduled trip",-13,460,473,291
"During scheduled trip",28,56,28,291
"During scheduled trip",31,42,11,291
"During scheduled trip",27,70,43,291
"During scheduled trip",407,435,28,291
"During scheduled trip",627,643,16,291
"During scheduled trip",19,129,110,291
"During scheduled trip",-18,5,23,291
"During scheduled trip",26,27,1,291
"During scheduled trip",207,215,8,291
"During scheduled trip",2087,2103,16,291
"During scheduled trip",22,92,70,291
"During scheduled trip",-14,43,57,291
"During scheduled trip",-22,16,38,291
"During scheduled trip",-29,23,52,291
"During scheduled trip",8,31,23,291
"During scheduled trip",19,35,16,291
"During scheduled trip",19,50,31,291
"During scheduled trip",42,25472,25430,291
"During scheduled trip",18,68,50,291
"During scheduled trip",1027,1035,8,291
"During scheduled trip",1287,1303,16,291
"During scheduled trip",8,243,235,291
"During scheduled trip",26,73,47,291
"During scheduled trip",18,66,48,291
"During scheduled trip",27,69,42,291
"During scheduled trip",17,96,79,291
"During scheduled trip",-27,-8,19,291
"During scheduled trip",22,24,2,291
"During scheduled trip",19,30,11,291
"During scheduled trip",747,762,15,291
"During scheduled trip",18,77,59,291
"During scheduled trip",-18,-8,10,291
"During scheduled trip",19,69,50,291
"During scheduled trip",19,104,85,291
"During scheduled trip",26,128,102,291
"During scheduled trip",22,108,86,291
"During scheduled trip",-23,-6,17,291
"During scheduled trip",1067,1078,11,291
"During scheduled trip",21,65,44,291
"During scheduled trip",-27,-16,11,291
"During scheduled trip",29,43,14,291
"During scheduled trip",-13,-9,4,291
"During scheduled trip",8,91,83,291
"During scheduled trip",-24,5,29,291
"During scheduled trip",87,98,11,291
"During scheduled trip",447,458,11,291
"During scheduled trip",1867,1883,16,291
"During scheduled trip",29,117,88,291
"During scheduled trip",-16,-11,5,291
"During scheduled trip",-20,29,49,291
"During scheduled trip",18,23,5,291
"During scheduled trip",28,52,24,291
"During scheduled trip",18,89,71,291
"During scheduled trip",-29,3,32,291
"During scheduled trip",8,14,6,291
"During scheduled trip",21,54,33,291
"During scheduled trip",16,87,71,291
"During scheduled trip",22,106,84,291
"During scheduled trip",-13,-5,8,291
"During scheduled trip",42,25354,25312,291
"During scheduled trip",-15,-11,4,291
"During scheduled trip",727,735,8,291
"During scheduled trip",867,875,8,291
"During scheduled trip",1327,1343,16,291
"During scheduled trip",-15,-4,11,291
"During scheduled trip",18,96,78,291
"During scheduled trip",-15,1,16,291
"During scheduled trip",26,91,65,291
"During scheduled trip",-21,3,24,291
"During scheduled trip",487,502,15,291
"During scheduled trip",-19,2,21,291
"During scheduled trip",-19,-6,13,291
"During scheduled trip",16,371,355,291
"During scheduled trip",-13,80,93,291
"During scheduled trip",607,630,23,291
"During scheduled trip",767,778,11,291
"During scheduled trip",19,85,66,291
"During scheduled trip",8,108,100,291
"During scheduled trip",-19,34,53,291
"During scheduled trip",26,167,141,291
"During scheduled trip",-17,-1,16,291
"During scheduled trip",-28,-20,8,291
"During scheduled trip",29,47,18,291
"During scheduled trip",8,125,117,291
"During scheduled trip",367,378,11,291
"During scheduled trip",17,103,86,291
"During scheduled trip",-22,-1,21,291
"During scheduled trip",-27,-4,23,291
"During scheduled trip",-26,-6,20,291
"During scheduled trip",-26,12,38,291
"During scheduled trip",-14,94,108,291
"During scheduled trip",22,35,13,291
"During scheduled trip",16,17,1,291
"During scheduled trip",107,108,1,291
"During scheduled trip",1927,1943,16,291
"During scheduled trip",-26,-15,11,291
"During scheduled trip",28,58,30,291
"During scheduled trip",-16,-7,9,291
"During scheduled trip",-15,-13,2,291
"During scheduled trip",22,57,35,291
"During scheduled trip",167,187,20,291
"During scheduled trip",647,670,23,291
"During scheduled trip",22,251,229,291
"During scheduled trip",-15,43,58,291
"During scheduled trip",18,50,32,291
"During scheduled trip",407,438,31,291
"During scheduled trip",847,848,1,291
"During scheduled trip",26,190,164,291
"During scheduled trip",-13,66,79,291
"During scheduled trip",-27,-2,25,291
"During scheduled trip",19,37,18,291
"During scheduled trip",1607,1635,28,291
"During scheduled trip",8,303,295,291
"During scheduled trip",-14,11,25,291
"During scheduled trip",42,25322,25280,291
"During scheduled trip",8,39,31,291
"During scheduled trip",19,38,19,291
"During scheduled trip",22,104,82,291
"During scheduled trip",267,290,23,291
"During scheduled trip",21,176,155,291
"During scheduled trip",26,225,199,291
"During scheduled trip",-14,56,70,291
"During scheduled trip",147,154,7,291
"During scheduled trip",19,105,86,291
"During scheduled trip",-17,18,35,291
"During scheduled trip",-21,54,75,291
"During scheduled trip",16,102,86,291
"During scheduled trip",19,63,44,291
"During scheduled trip",27,95,68,291
"During scheduled trip",87,127,40,291
"During scheduled trip",1307,1335,28,291
"During scheduled trip",19,100,81,291
"During scheduled trip",-14,14,28,291
"During scheduled trip",-21,18,39,291
"During scheduled trip",-18,26,44,291
"During scheduled trip",967,995,28,291
"During scheduled trip",17,84,67,291
"During scheduled trip",-30,153,183,291
"During scheduled trip",17,570,553,291
"During scheduled trip",387,407,20,291
"During scheduled trip",627,650,23,291
"During scheduled trip",1587,1603,16,291
"During scheduled trip",18,113,95,291
"During scheduled trip",-16,23,39,291
"During scheduled trip",28,138,110,291
"During scheduled trip",-22,37,59,291
"During scheduled trip",-17,13,30,291
"During scheduled trip",-20,-13,7,291
"During scheduled trip",-23,22,45,291
"During scheduled trip",42,25369,25327,291
"During scheduled trip",16,27,11,291
"During scheduled trip",17,80,63,291
"During scheduled trip",-19,12,31,291
"During scheduled trip",16,143,127,291
"During scheduled trip",-22,-10,12,291
"During scheduled trip",-29,-3,26,291
"During scheduled trip",22,46,24,291
"During scheduled trip",21,48,27,291
"During scheduled trip",147,155,8,291
"During scheduled trip",487,515,28,291
"During scheduled trip",27,119,92,291
"During scheduled trip",-18,47,65,291
"During scheduled trip",-29,1,30,291
"During scheduled trip",-25,-22,3,291
"During scheduled trip",-28,15,43,291
"During scheduled trip",26,92,66,291
"During scheduled trip",-20,46,66,291
"During scheduled trip",47,63,16,291
"During scheduled trip",67,78,11,291
"During scheduled trip",22,142,120,291
"During scheduled trip",16,151,135,291
"During scheduled trip",18,130,112,291
"During scheduled trip",-23,-13,10,291
"During scheduled trip",-29,-12,17,291
"During scheduled trip",-25,-3,22,291
"During scheduled trip",27,58,31,291
"During scheduled trip",527,534,7,291
"During scheduled trip",647,658,11,291
"During scheduled trip",-18,9,27,291
"During scheduled trip",-16,-8,8,291
"During scheduled trip",27,57,30,291
"During scheduled trip",927,938,11,291
"During scheduled trip",2007,2023,16,291
"During scheduled trip",-16,29,45,291
"During scheduled trip",22,163,141,291
"During scheduled trip",-14,28,42,291
"During scheduled trip",-27,-12,15,291
"During scheduled trip",-30,19,49,291
"During scheduled trip",40,25411,25371,291
"During scheduled trip",22,100,78,291
"During scheduled trip",19,161,142,291
"During scheduled trip",-30,3,33,291
"During scheduled trip",-18,93,111,291
"During scheduled trip",21,37,16,291
"During scheduled trip",21,41,20,291
"During scheduled trip",41,25382,25341,291
"During scheduled trip",767,798,31,291
"During scheduled trip",1367,1395,28,291
"During scheduled trip",28,146,118,291
"During scheduled trip",-28,10,38,291
"During scheduled trip",26,98,72,291
"During scheduled trip",67,90,23,291
"During scheduled trip",527,550,23,291
"During scheduled trip",2327,2343,16,291
"During scheduled trip",-25,19,44,291
"During scheduled trip",-15,56,71,291
"During scheduled trip",17,50,33,291
"During scheduled trip",40,25367,25327,291
"During scheduled trip",8,43,35,291
"During scheduled trip",29,310,281,291
"During scheduled trip",627,655,28,291
"During scheduled trip",-14,35,49,291
"During scheduled trip",-30,-18,12,291
"During scheduled trip",-28,-8,20,291
"During scheduled trip",-26,1,27,291
"During scheduled trip",-14,412,426,291
"During scheduled trip",19,27,8,291
"During scheduled trip",40,25402,25362,291
"During scheduled trip",27,99,72,291
"During scheduled trip",26,141,115,291
"During scheduled trip",22,25329,25307,291
"During scheduled trip",327,358,31,291
"During scheduled trip",19,109,90,291
"During scheduled trip",-15,18,33,291
"During scheduled trip",-23,1,24,291
"During scheduled trip",-18,23,41,291
"During scheduled trip",22,25288,25266,291
"During scheduled trip",67,69,2,291
"During scheduled trip",1207,1235,28,291
"During scheduled trip",18,56,38,291
"During scheduled trip",27,537,510,291
"During scheduled trip",17,101,84,291
"During scheduled trip",18,142,124,291
"During scheduled trip",22,39,17,291
"During scheduled trip",8,44,36,291
"During scheduled trip",-13,12,25,291
"During scheduled trip",387,398,11,291
"During scheduled trip",767,775,8,291
"During scheduled trip",28,90,62,291
"During scheduled trip",27,73,46,291
"During scheduled trip",18,79,61,291
"During scheduled trip",-20,0,20,291
"During scheduled trip",-29,-9,20,291
"During scheduled trip",18,95,77,291
"During scheduled trip",147,148,1,291
"During scheduled trip",907,915,8,291
"During scheduled trip",8,168,160,291
"During scheduled trip",21,28,7,291
"During scheduled trip",647,663,16,291
"During scheduled trip",727,758,31,291
"During scheduled trip",767,790,23,291
"During scheduled trip",-27,39,66,291
"During scheduled trip",16,42,26,291
"During scheduled trip",27,39,12,291
"During scheduled trip",467,490,23,291
"During scheduled trip",1967,1983,16,291
"During scheduled trip",42,25379,25337,291
"During scheduled trip",28,46,18,291
"During scheduled trip",807,818,11,291
"During scheduled trip",-16,32,48,291
"During scheduled trip",-18,22,40,291
"During scheduled trip",-28,-1,27,291
"During scheduled trip",22,25320,25298,291
"During scheduled trip",21,70,49,291
"During scheduled trip",17,246,229,291
"During scheduled trip",-20,27,47,291
"During scheduled trip",21,25355,25334,291
"During scheduled trip",42,25415,25373,291
"During scheduled trip",42,25403,25361,291
"During scheduled trip",28,490,462,291
"During scheduled trip",1767,1783,16,291
"During scheduled trip",19,107,88,291
"During scheduled trip",-21,5,26,291
"During scheduled trip",-29,-13,16,291
"During scheduled trip",-26,-17,9,291
"During scheduled trip",18,49,31,291
"During scheduled trip",40,25295,25255,291
"During scheduled trip",407,423,16,291
"During scheduled trip",28,94,66,291
"During scheduled trip",17,159,142,291
"During scheduled trip",22,168,146,291
"During scheduled trip",-22,15,37,291
"During scheduled trip",-27,-3,24,291
"During scheduled trip",1067,1083,16,291
"During scheduled trip",8,98,90,291
"During scheduled trip",17,105,88,291
"During scheduled trip",-30,13,43,291
"During scheduled trip",-25,14,39,291
"During scheduled trip",29,55,26,291
"During scheduled trip",8,74,66,291
"During scheduled trip",-24,17,41,291
"During scheduled trip",287,294,7,291
"During scheduled trip",8,160,152,291
"During scheduled trip",-14,16,30,291
"During scheduled trip",-18,1,19,291
"During scheduled trip",21,36,15,291
"During scheduled trip",27,30,3,291
"During scheduled trip",-16,-15,1,291
"During scheduled trip",47,78,31,291
"During scheduled trip",67,95,28,291
"During scheduled trip",547,548,1,291
"During scheduled trip",8,371,363,291
"During scheduled trip",27,393,366,291
"During scheduled trip",16,115,99,291
"During scheduled trip",-15,-10,5,291
"During scheduled trip",-15,78,93,291
"During scheduled trip",-30,12,42,291
"During scheduled trip",2287,2303,16,291
"During scheduled trip",-23,25,48,291
"During scheduled trip",22,25290,25268,291
"During scheduled trip",19,57,38,291
"During scheduled trip",8,72,64,291
"During scheduled trip",987,1015,28,291
"During scheduled trip",28,80,52,291
"During scheduled trip",16,109,93,291
"During scheduled trip",-13,8,21,291
"During scheduled trip",-17,14,31,291
"During scheduled trip",-17,37,54,291
"During scheduled trip",21,34,13,291
"During scheduled trip",167,207,40,291
"During scheduled trip",587,603,16,291
"During scheduled trip",29,311,282,291
"During scheduled trip",26,137,111,291
"During scheduled trip",17,76,59,291
"During scheduled trip",8,468,460,291
"During scheduled trip",-19,8,27,291
"During scheduled trip",-14,9,23,291
"During scheduled trip",21,22,1,291
"During scheduled trip",40,25321,25281,291
"During scheduled trip",527,558,31,291
"During scheduled trip",22,119,97,291
"During scheduled trip",16,106,90,291
"During scheduled trip",18,90,72,291
"During scheduled trip",-27,13,40,291
"During scheduled trip",-30,-1,29,291
"During scheduled trip",-25,22,47,291
"During scheduled trip",8,40,32,291
"During scheduled trip",22,25284,25262,291
"During scheduled trip",27,98,71,291
"During scheduled trip",67,87,20,291
"During scheduled trip",16,93,77,291
"During scheduled trip",28,128,100,291
"During scheduled trip",27,166,139,291
"During scheduled trip",17,235,218,291
"During scheduled trip",-23,11,34,291
"During scheduled trip",-18,6,24,291
"During scheduled trip",8,10,2,291
"During scheduled trip",-13,30,43,291
"During scheduled trip",367,368,1,291
"During scheduled trip",22,69,47,291
"During scheduled trip",18,184,166,291
"During scheduled trip",-22,33,55,291
"During scheduled trip",-20,8,28,291
"During scheduled trip",-23,-5,18,291
"During scheduled trip",-19,54,73,291
"During scheduled trip",19,21,2,291
"During scheduled trip",407,427,20,291
"During scheduled trip",27,120,93,291
"During scheduled trip",27,501,474,291
"During scheduled trip",-13,46,59,291
"During scheduled trip",-26,13,39,291
"During scheduled trip",8,34,26,291
"During scheduled trip",41,25413,25372,291
"During scheduled trip",8,95,87,291
"During scheduled trip",947,958,11,291
"During scheduled trip",1127,1143,16,291
"During scheduled trip",-13,99,112,291
"During scheduled trip",29,107,78,291
"During scheduled trip",-15,24,39,291
"During scheduled trip",-18,12,30,291
"During scheduled trip",17,31,14,291
"During scheduled trip",17,47,30,291
"During scheduled trip",8,94,86,291
"During scheduled trip",-24,-15,9,291
"During scheduled trip",41,25367,25326,291
"During scheduled trip",40,25502,25462,291
"During scheduled trip",127,128,1,291
"During scheduled trip",447,467,20,291
"During scheduled trip",1047,1058,11,291
"During scheduled trip",17,54,37,291
"During scheduled trip",-25,2,27,291
"During scheduled trip",-25,25,50,291
"During scheduled trip",-26,8,34,291
"During scheduled trip",247,262,15,291
"During scheduled trip",867,878,11,291
"During scheduled trip",947,948,1,291
"During scheduled trip",18,87,69,291
"During scheduled trip",22,25292,25270,291
"During scheduled trip",16,221,205,291
"During scheduled trip",42,25448,25406,291
"During scheduled trip",627,642,15,291
"During scheduled trip",1087,1088,1,291
"During scheduled trip",-15,0,15,291
"During scheduled trip",26,291,265,291
"During scheduled trip",-15,20,35,291
"During scheduled trip",-15,5,20,291
"During scheduled trip",-30,-22,8,291
"During scheduled trip",-21,-14,7,291
"During scheduled trip",-17,-11,6,291
"During scheduled trip",-21,62,83,291
"During scheduled trip",-18,43,61,291
"During scheduled trip",587,615,28,291
"During scheduled trip",21,59,38,291
"During scheduled trip",17,91,74,291
"During scheduled trip",17,116,99,291
"During scheduled trip",-14,18,32,291
"During scheduled trip",-18,8,26,291
"During scheduled trip",27,184,157,291
"During scheduled trip",17,264,247,291
"During scheduled trip",967,975,8,291
"During scheduled trip",16,65,49,291
"During scheduled trip",-16,21,37,291
"During scheduled trip",17,149,132,291
"During scheduled trip",-15,29,44,291
"During scheduled trip",-15,28,43,291
"During scheduled trip",-21,13,34,291
"During scheduled trip",-18,7,25,291
"During scheduled trip",-14,179,193,291
"During scheduled trip",16,32,16,291
"During scheduled trip",19,31,12,291
"During scheduled trip",287,303,16,291
"During scheduled trip",1047,1055,8,291
"During scheduled trip",17,65,48,291
"During scheduled trip",19,94,75,291
"During scheduled trip",28,119,91,291
"During scheduled trip",-27,-17,10,291
"During scheduled trip",21,31,10,291
"During scheduled trip",367,387,20,291
"During scheduled trip",1227,1255,28,291
"During scheduled trip",19,98,79,291
"During scheduled trip",-19,23,42,291
"During scheduled trip",-13,51,64,291
"During scheduled trip",-22,-5,17,291
"During scheduled trip",-30,93,123,291
"During scheduled trip",-28,6,34,291
"During scheduled trip",22,48,26,291
"During scheduled trip",21,53,32,291
"During scheduled trip",1047,1075,28,291
"During scheduled trip",22,439,417,291
"During scheduled trip",16,95,79,291
"During scheduled trip",-22,26,48,291
"During scheduled trip",67,68,1,291
"During scheduled trip",42,25398,25356,291
"During scheduled trip",22,65,43,291
"During scheduled trip",27,171,144,291
"During scheduled trip",-29,-5,24,291
"During scheduled trip",-30,34,64,291
"During scheduled trip",-13,57,70,291
"During scheduled trip",17,44,27,291
"During scheduled trip",19,51,32,291
"During scheduled trip",28,40,12,291
"During scheduled trip",727,738,11,291
"During scheduled trip",1107,1123,16,291
"During scheduled trip",19,70,51,291
"During scheduled trip",21,114,93,291
"During scheduled trip",26,351,325,291
"During scheduled trip",-14,134,148,291
"During scheduled trip",-16,27,43,291
"During scheduled trip",8,111,103,291
"During scheduled trip",18,62,44,291
"During scheduled trip",-14,10,24,291
"During scheduled trip",-23,20,43,291
"During scheduled trip",-18,35,53,291
"During scheduled trip",-29,5,34,291
"During scheduled trip",28,30,2,291
"During scheduled trip",207,222,15,291
"During scheduled trip",547,562,15,291
"During scheduled trip",2207,2223,16,291
"During scheduled trip",-26,15,41,291
"During scheduled trip",17,23,6,291
"During scheduled trip",-15,-14,1,291
"During scheduled trip",8,119,111,291
"During scheduled trip",22,25402,25380,291
"During scheduled trip",27,139,112,291
"During scheduled trip",-17,-2,15,291
"During scheduled trip",-23,13,36,291
"During scheduled trip",-29,-24,5,291
"During scheduled trip",-21,47,68,291
"During scheduled trip",21,25282,25261,291
"During scheduled trip",367,374,7,291
"During scheduled trip",1767,1795,28,291
"During scheduled trip",28,86,58,291
"During scheduled trip",-14,-7,7,291
"During scheduled trip",21,66,45,291
"During scheduled trip",17,95,78,291
"During scheduled trip",-17,-6,11,291
"During scheduled trip",22,25334,25312,291
"During scheduled trip",27,45,18,291
"During scheduled trip",16,48,32,291
"During scheduled trip",22,97,75,291
"During scheduled trip",587,588,1,291
"During scheduled trip",26,102,76,291
"During scheduled trip",-15,-12,3,291
"During scheduled trip",-17,28,45,291
"During scheduled trip",-30,2,32,291
"During scheduled trip",-26,-3,23,291
"During scheduled trip",22,25346,25324,291
"During scheduled trip",1407,1435,28,291
"During scheduled trip",-15,48,63,291
"During scheduled trip",-15,53,68,291
"During scheduled trip",-20,563,583,291
"During scheduled trip",-29,-17,12,291
"During scheduled trip",-26,20,46,291
"During scheduled trip",-14,61,75,291
"During scheduled trip",67,83,16,291
"During scheduled trip",987,1003,16,291
"During scheduled trip",22,68,46,291
"During scheduled trip",26,83,57,291
"During scheduled trip",-14,1,15,291
"During scheduled trip",28,180,152,291
"During scheduled trip",-15,40,55,291
"During scheduled trip",-23,14,37,291
"During scheduled trip",29,32,3,291
"During scheduled trip",47,58,11,291
"During scheduled trip",227,250,23,291
"During scheduled trip",507,508,1,291
"During scheduled trip",28,83,55,291
"During scheduled trip",18,124,106,291
"During scheduled trip",-22,17,39,291
"During scheduled trip",18,28,10,291
"During scheduled trip",40,25368,25328,291
"During scheduled trip",42,25301,25259,291
"During scheduled trip",22,25353,25331,291
"During scheduled trip",67,98,31,291
"During scheduled trip",267,295,28,291
"During scheduled trip",507,515,8,291
"During scheduled trip",687,702,15,291
"During scheduled trip",27,92,65,291
"During scheduled trip",21,83,62,291
"During scheduled trip",16,312,296,291
"During scheduled trip",-20,42,62,291
"During scheduled trip",-25,11,36,291
"During scheduled trip",-26,-4,22,291
"During scheduled trip",29,44,15,291
"During scheduled trip",40,25319,25279,291
"During scheduled trip",42,25309,25267,291
"During scheduled trip",147,169,22,291
"During scheduled trip",19,96,77,291
"During scheduled trip",8,52,44,291
"During scheduled trip",26,143,117,291
"During scheduled trip",-14,5,19,291
"During scheduled trip",-22,2,24,291
"During scheduled trip",-27,-7,20,291
"During scheduled trip",17,161,144,291
"During scheduled trip",8,110,102,291
"During scheduled trip",27,145,118,291
"During scheduled trip",18,152,134,291
"During scheduled trip",-21,29,50,291
"During scheduled trip",-19,70,89,291
"During scheduled trip",19,33,14,291
"During scheduled trip",21,71,50,291
"During scheduled trip",28,381,353,291
"During scheduled trip",26,112,86,291
"During scheduled trip",-20,12,32,291
"During scheduled trip",-20,13,33,291
"During scheduled trip",-27,-6,21,291
"During scheduled trip",-18,31,49,291
"During scheduled trip",-16,-9,7,291
"During scheduled trip",847,875,28,291
"During scheduled trip",1007,1035,28,291
"During scheduled trip",21,67,46,291
"During scheduled trip",22,151,129,291
"During scheduled trip",-22,121,143,291
"During scheduled trip",26,59,33,291
"During scheduled trip",867,883,16,291
"During scheduled trip",1207,1208,1,291
"During scheduled trip",28,428,400,291
"During scheduled trip",-19,31,50,291
"During scheduled trip",22,191,169,291
"During scheduled trip",17,138,121,291
"During scheduled trip",-26,11,37,291
"During scheduled trip",28,32,4,291
"During scheduled trip",-18,-17,1,291
"During scheduled trip",367,390,23,291
"During scheduled trip",747,758,11,291
"During scheduled trip",1747,1775,28,291
"During scheduled trip",-28,-6,22,291
"During scheduled trip",-13,-10,3,291
"During scheduled trip",26,82,56,291
"During scheduled trip",667,678,11,291
"During scheduled trip",8,200,192,291
"During scheduled trip",22,129,107,291
"During scheduled trip",-29,-7,22,291
"During scheduled trip",-24,19,43,291
"During scheduled trip",21,25324,25303,291
"During scheduled trip",19,119,100,291
"During scheduled trip",21,137,116,291
"During scheduled trip",28,106,78,291
"During scheduled trip",-16,56,72,291
"During scheduled trip",16,203,187,291
"During scheduled trip",-29,-20,9,291
"During scheduled trip",22,49,27,291
"During scheduled trip",19,32,13,291
"During scheduled trip",19,128,109,291
"During scheduled trip",19,56,37,291
"During scheduled trip",-19,-10,9,291
"During scheduled trip",-19,29,48,291
"During scheduled trip",16,130,114,291
"During scheduled trip",-22,-12,10,291
"During scheduled trip",-20,32,52,291
"During scheduled trip",-30,-24,6,291
"During scheduled trip",-13,159,172,291
"During scheduled trip",63,25372,25309,291
"During scheduled trip",667,675,8,291
"During scheduled trip",21,91,70,291
"During scheduled trip",22,235,213,291
"During scheduled trip",28,105,77,291
"During scheduled trip",-21,39,60,291
"During scheduled trip",-23,-11,12,291
"During scheduled trip",-16,-13,3,291
"During scheduled trip",41,25316,25275,291
"During scheduled trip",21,78,57,291
"During scheduled trip",21,76,55,291
"During scheduled trip",26,116,90,291
"During scheduled trip",29,105,76,291
"During scheduled trip",-29,13,42,291
"During scheduled trip",427,449,22,291
"During scheduled trip",19,78,59,291
"During scheduled trip",21,118,97,291
"During scheduled trip",-20,-11,9,291
"During scheduled trip",27,130,103,291
"During scheduled trip",28,72,44,291
"During scheduled trip",17,413,396,291
"During scheduled trip",-21,14,35,291
"During scheduled trip",42,25359,25317,291
"During scheduled trip",21,25359,25338,291
"During scheduled trip",26,113,87,291
"During scheduled trip",21,99,78,291
"During scheduled trip",-23,-4,19,291
"During scheduled trip",-16,443,459,291
"During scheduled trip",-24,14,38,291
"During scheduled trip",187,194,7,291
"During scheduled trip",-18,14,32,291
"During scheduled trip",-25,-16,9,291
"During scheduled trip",-20,56,76,291
"During scheduled trip",19,40,21,291
"During scheduled trip",22,25303,25281,291
"During scheduled trip",18,70,52,291
"During scheduled trip",-19,46,65,291
"During scheduled trip",-24,-13,11,291
"During scheduled trip",19,46,27,291
"During scheduled trip",40,25474,25434,291
"During scheduled trip",8,132,124,291
"During scheduled trip",17,60,43,291
"During scheduled trip",287,298,11,291
"During scheduled trip",787,798,11,291
"During scheduled trip",1827,1855,28,291
"During scheduled trip",19,404,385,291
"During scheduled trip",27,49,22,291
"During scheduled trip",16,40,24,291
"During scheduled trip",127,147,20,291
"During scheduled trip",-15,9,24,291
"During scheduled trip",-22,21,43,291
"During scheduled trip",-29,-8,21,291
"During scheduled trip",22,34,12,291
"During scheduled trip",63,25442,25379,291
"During scheduled trip",-24,38,62,291
"During scheduled trip",47,87,40,291
"During scheduled trip",407,414,7,291
"During scheduled trip",427,442,15,291
"During scheduled trip",26,122,96,291
"During scheduled trip",19,179,160,291
"During scheduled trip",22,117,95,291
"During scheduled trip",-20,-1,19,291
"During scheduled trip",-29,-4,25,291
"During scheduled trip",-28,-9,19,291
"During scheduled trip",-20,43,63,291
"During scheduled trip",-14,2,16,291
"During scheduled trip",17,27,10,291
"During scheduled trip",16,33,17,291
"During scheduled trip",287,309,22,291
"During scheduled trip",40,25318,25278,291
"During scheduled trip",21,110,89,291
"During scheduled trip",26,103,77,291
"During scheduled trip",-27,5,32,291
"During scheduled trip",-14,-10,4,291
"During scheduled trip",16,49,33,291
"During scheduled trip",-13,34,47,291
"During scheduled trip",1007,1015,8,291
"During scheduled trip",26,127,101,291
"During scheduled trip",-19,19,38,291
"During scheduled trip",27,164,137,291
"During scheduled trip",22,135,113,291
"During scheduled trip",-14,32,46,291
"During scheduled trip",-26,0,26,291
"During scheduled trip",29,31,2,291
"During scheduled trip",8,42,34,291
"During scheduled trip",22,79,57,291
"During scheduled trip",647,648,1,291
"During scheduled trip",28,321,293,291
"During scheduled trip",-18,-7,11,291
"During scheduled trip",-19,61,80,291
"During scheduled trip",26,54,28,291
"During scheduled trip",8,36,28,291
"During scheduled trip",41,25358,25317,291
"During scheduled trip",-13,15,28,291
"During scheduled trip",-13,-7,6,291
"During scheduled trip",-15,12,27,291
"During scheduled trip",-23,18,41,291
"During scheduled trip",18,24,6,291
"During scheduled trip",29,51,22,291
"During scheduled trip",28,54,26,291
"During scheduled trip",42,25353,25311,291
"During scheduled trip",42,25401,25359,291
"During scheduled trip",47,69,22,291
"During scheduled trip",227,235,8,291
"During scheduled trip",907,908,1,291
"During scheduled trip",18,240,222,291
"During scheduled trip",-14,52,66,291
"During scheduled trip",-28,12,40,291
"During scheduled trip",-21,-13,8,291
"During scheduled trip",27,50,23,291
"During scheduled trip",347,370,23,291
"During scheduled trip",827,858,31,291
"During scheduled trip",1047,1048,1,291
"During scheduled trip",1567,1583,16,291
"During scheduled trip",18,73,55,291
"During scheduled trip",-20,-10,10,291
"During scheduled trip",-23,-8,15,291
"During scheduled trip",-18,13,31,291
"During scheduled trip",-28,3,31,291
"During scheduled trip",1107,1135,28,291
"During scheduled trip",26,81,55,291
"During scheduled trip",16,91,75,291
"During scheduled trip",-24,37,61,291
"During scheduled trip",-17,-9,8,291
"During scheduled trip",1067,1075,8,291
"During scheduled trip",40,25314,25274,291
"During scheduled trip",-16,14,30,291
"During scheduled trip",-26,-5,21,291
"During scheduled trip",21,100,79,291
"During scheduled trip",19,65,46,291
"During scheduled trip",8,66,58,291
"During scheduled trip",22,80,58,291
"During scheduled trip",19,130,111,291
"During scheduled trip",17,81,64,291
"During scheduled trip",-14,27,41,291
"During scheduled trip",-18,-5,13,291
"During scheduled trip",-29,0,29,291
"During scheduled trip",227,255,28,291
"During scheduled trip",927,943,16,291
"During scheduled trip",26,250,224,291
"During scheduled trip",22,25380,25358,291
"During scheduled trip",28,88,60,291
"During scheduled trip",-19,26,45,291
"During scheduled trip",28,102,74,291
"During scheduled trip",-14,165,179,291
"During scheduled trip",28,47,19,291
"During scheduled trip",40,25307,25267,291
"During scheduled trip",22,231,209,291
"During scheduled trip",567,582,15,291
"During scheduled trip",8,46,38,291
"During scheduled trip",40,25298,25258,291
"During scheduled trip",27,122,95,291
"During scheduled trip",-19,38,57,291
"During scheduled trip",16,88,72,291
"During scheduled trip",-14,3,17,291
"During scheduled trip",-15,44,59,291
"During scheduled trip",-20,41,61,291
"During scheduled trip",-18,30,48,291
"During scheduled trip",-28,2,30,291
"During scheduled trip",-26,14,40,291
"During scheduled trip",27,59,32,291
"During scheduled trip",22,25,3,291
"During scheduled trip",26,93,67,291
"During scheduled trip",8,73,65,291
"During scheduled trip",16,103,87,291
"During scheduled trip",-13,119,132,291
"During scheduled trip",18,46,28,291
"During scheduled trip",26,46,20,291
"During scheduled trip",42,25362,25320,291
"During scheduled trip",41,25319,25278,291
"During scheduled trip",107,147,40,291
"During scheduled trip",16,124,108,291
"During scheduled trip",21,95,74,291
"During scheduled trip",28,160,132,291
"During scheduled trip",28,73,45,291
"During scheduled trip",17,129,112,291
"During scheduled trip",-21,30,51,291
"During scheduled trip",-20,74,94,291
"During scheduled trip",-13,0,13,291
"During scheduled trip",22,25365,25343,291
"During scheduled trip",42,25342,25300,291
"During scheduled trip",387,402,15,291
"During scheduled trip",1307,1323,16,291
"During scheduled trip",17,123,106,291
"During scheduled trip",27,118,91,291
"During scheduled trip",8,139,131,291
"During scheduled trip",-13,60,73,291
"During scheduled trip",-29,-1,28,291
"During scheduled trip",19,39,20,291
"During scheduled trip",41,25400,25359,291
"During scheduled trip",26,171,145,291
"During scheduled trip",-30,11,41,291
"During scheduled trip",-21,216,237,291
"During scheduled trip",40,25296,25256,291
"During scheduled trip",63,63,0,291
"During scheduled trip",22,25377,25355,291
"During scheduled trip",127,143,16,291
"During scheduled trip",-13,271,284,291
"During scheduled trip",-21,53,74,291
"During scheduled trip",22,25395,25373,291
"During scheduled trip",1267,1268,1,291
"During scheduled trip",2267,2283,16,291
"During scheduled trip",16,68,52,291
"During scheduled trip",29,67,38,291
"During scheduled trip",27,597,570,291
"During scheduled trip",16,86,70,291
"During scheduled trip",27,165,138,291
"During scheduled trip",-30,-13,17,291
"During scheduled trip",28,35,7,291
"During scheduled trip",-14,-11,3,291
"During scheduled trip",16,46,30,291
"During scheduled trip",187,215,28,291
"During scheduled trip",607,615,8,291
"During scheduled trip",19,97,78,291
"During scheduled trip",-14,-5,9,291
"During scheduled trip",8,106,98,291
"During scheduled trip",27,155,128,291
"During scheduled trip",-15,11,26,291
"During scheduled trip",-14,15,29,291
"During scheduled trip",-23,0,23,291
"During scheduled trip",-29,7,36,291
"During scheduled trip",-26,-9,17,291
"During scheduled trip",21,26,5,291
"During scheduled trip",18,21,3,291
"During scheduled trip",42,25413,25371,291
"During scheduled trip",27,88,61,291
"During scheduled trip",-16,24,40,291
"During scheduled trip",8,107,99,291
"During scheduled trip",-20,-2,18,291
"During scheduled trip",-22,6,28,291
"During scheduled trip",-17,42,59,291
"During scheduled trip",-17,-7,10,291
"During scheduled trip",-21,28,49,291
"During scheduled trip",-13,154,167,291
"During scheduled trip",28,167,139,291
"During scheduled trip",22,198,176,291
"During scheduled trip",-19,39,58,291
"During scheduled trip",-21,19,40,291
"During scheduled trip",-17,0,17,291
"During scheduled trip",187,210,23,291
"During scheduled trip",447,455,8,291
"During scheduled trip",19,271,252,291
"During scheduled trip",18,328,310,291
"During scheduled trip",8,90,82,291
"During scheduled trip",207,235,28,291
"During scheduled trip",287,295,8,291
"During scheduled trip",-19,25,44,291
"During scheduled trip",17,130,113,291
"During scheduled trip",26,47,21,291
"During scheduled trip",-13,16,29,291
"During scheduled trip",207,227,20,291
"During scheduled trip",26,571,545,291
"During scheduled trip",16,78,62,291
"During scheduled trip",-15,32,47,291
"During scheduled trip",-22,9,31,291
"During scheduled trip",-28,-17,11,291
"During scheduled trip",-26,16,42,291
"During scheduled trip",40,25362,25322,291
"During scheduled trip",41,25403,25362,291
"During scheduled trip",28,63,35,291
"During scheduled trip",2307,2323,16,291
"During scheduled trip",21,559,538,291
"During scheduled trip",8,60,52,291
"During scheduled trip",21,101,80,291
"During scheduled trip",29,237,208,291
"During scheduled trip",-19,15,34,291
"During scheduled trip",27,215,188,291
"During scheduled trip",-30,-17,13,291
"During scheduled trip",28,79,51,291
"During scheduled trip",42,25499,25457,291
"During scheduled trip",19,77,58,291
"During scheduled trip",-19,-8,11,291
"During scheduled trip",27,153,126,291
"During scheduled trip",8,144,136,291
"During scheduled trip",-17,30,47,291
"During scheduled trip",-28,11,39,291
"During scheduled trip",127,167,40,291
"During scheduled trip",-16,17,33,291
"During scheduled trip",27,104,77,291
"During scheduled trip",-15,61,76,291
"During scheduled trip",17,18,1,291
"During scheduled trip",8,33,25,291
"During scheduled trip",327,355,28,291
"During scheduled trip",1507,1523,16,291
"During scheduled trip",27,158,131,291
"During scheduled trip",22,114,92,291
"During scheduled trip",-21,-6,15,291
"During scheduled trip",28,29,1,291
"During scheduled trip",63,25467,25404,291
"During scheduled trip",22,25347,25325,291
"During scheduled trip",487,498,11,291
"During scheduled trip",987,988,1,291
"During scheduled trip",17,74,57,291
"During scheduled trip",16,194,178,291
"During scheduled trip",16,76,60,291
"During scheduled trip",-17,22,39,291
"During scheduled trip",8,61,53,291
"During scheduled trip",607,623,16,291
"During scheduled trip",40,25429,25389,291
"During scheduled trip",-14,0,14,291
"During scheduled trip",26,165,139,291
"During scheduled trip",8,421,413,291
"During scheduled trip",8,207,199,291
"During scheduled trip",-23,50,73,291
"During scheduled trip",-17,-10,7,291
"During scheduled trip",22,32,10,291
"During scheduled trip",767,782,15,291
"During scheduled trip",18,80,62,291
"During scheduled trip",16,113,97,291
"During scheduled trip",8,54,46,291
"During scheduled trip",27,135,108,291
"During scheduled trip",-14,30,44,291
"During scheduled trip",-29,2,31,291
"During scheduled trip",-16,-14,2,291
"During scheduled trip",27,46,19,291
"During scheduled trip",40,25387,25347,291
"During scheduled trip",-16,75,91,291
"During scheduled trip",447,462,15,291
"During scheduled trip",-16,18,34,291
"During scheduled trip",16,112,96,291
"During scheduled trip",-25,13,38,291
"During scheduled trip",-15,65,80,291
"During scheduled trip",-18,154,172,291
"During scheduled trip",21,45,24,291
"During scheduled trip",26,56,30,291
"During scheduled trip",827,850,23,291
"During scheduled trip",8,112,104,291
"During scheduled trip",-21,10,31,291
"During scheduled trip",-28,-5,23,291
"During scheduled trip",28,59,31,291
"During scheduled trip",26,48,22,291
"During scheduled trip",19,45,26,291
"During scheduled trip",18,27,9,291
"During scheduled trip",28,64,36,291
"During scheduled trip",29,61,32,291
"During scheduled trip",18,283,265,291
"During scheduled trip",-13,53,66,291
"During scheduled trip",16,24,8,291
"During scheduled trip",17,46,29,291
"During scheduled trip",26,26,0,291
"During scheduled trip",42,25397,25355,291
"During scheduled trip",17,120,103,291
"During scheduled trip",22,73,51,291
"During scheduled trip",17,104,87,291
"During scheduled trip",27,110,83,291
"During scheduled trip",17,92,75,291
"During scheduled trip",-15,57,72,291
"During scheduled trip",-21,16,37,291
"During scheduled trip",-17,31,48,291
"During scheduled trip",-23,37,60,291
"During scheduled trip",-19,59,78,291
"During scheduled trip",63,25587,25524,291
"During scheduled trip",42,25297,25255,291
"During scheduled trip",327,328,1,291
"During scheduled trip",1727,1743,16,291
"During scheduled trip",22,202,180,291
"During scheduled trip",27,147,120,291
"During scheduled trip",17,143,126,291
"During scheduled trip",22,22,0,291
"During scheduled trip",18,33,15,291
"During scheduled trip",42,25465,25423,291
"During scheduled trip",1907,1923,16,291
"During scheduled trip",40,25347,25307,291
"During scheduled trip",29,263,234,291
"During scheduled trip",29,308,279,291
"During scheduled trip",-18,27,45,291
"During scheduled trip",-29,11,40,291
"During scheduled trip",17,21,4,291
"During scheduled trip",42,25391,25349,291
"During scheduled trip",21,25296,25275,291
"During scheduled trip",27,93,66,291
"During scheduled trip",27,67,40,291
"During scheduled trip",107,130,23,291
"During scheduled trip",347,362,15,291
"During scheduled trip",527,538,11,291
"During scheduled trip",22,409,387,291
"During scheduled trip",26,52,26,291
"During scheduled trip",147,162,15,291
"During scheduled trip",42,25426,25384,291
"During scheduled trip",18,106,88,291
"During scheduled trip",22,71,49,291
"During scheduled trip",21,84,63,291
"During scheduled trip",-19,1,20,291
"During scheduled trip",17,114,97,291
"During scheduled trip",-13,5,18,291
"During scheduled trip",-13,36,49,291
"During scheduled trip",-18,40,58,291
"During scheduled trip",22,105,83,291
"During scheduled trip",-16,31,47,291
"During scheduled trip",-14,67,81,291
"During scheduled trip",-28,-21,7,291
"During scheduled trip",40,25369,25329,291
"During scheduled trip",40,25419,25379,291
"During scheduled trip",17,57,40,291
"During scheduled trip",16,67,51,291
"During scheduled trip",29,87,58,291
"During scheduled trip",18,100,82,291
"During scheduled trip",18,110,92,291
"During scheduled trip",-25,-4,21,291
"During scheduled trip",29,30,1,291
"During scheduled trip",21,46,25,291
"During scheduled trip",27,100,73,291
"During scheduled trip",187,209,22,291
"During scheduled trip",16,70,54,291
"During scheduled trip",21,355,334,291
"During scheduled trip",17,93,76,291
"During scheduled trip",-13,45,58,291
"During scheduled trip",-27,-15,12,291
"During scheduled trip",-23,30,53,291
"During scheduled trip",8,20,12,291
"During scheduled trip",67,107,40,291
"During scheduled trip",21,98,77,291
"During scheduled trip",-15,31,46,291
"During scheduled trip",-15,42,57,291
"During scheduled trip",-17,5,22,291
"During scheduled trip",-17,32,49,291
"During scheduled trip",-27,9,36,291
"During scheduled trip",-25,-6,19,291
"During scheduled trip",-14,46,60,291
"During scheduled trip",26,58,32,291
"During scheduled trip",-13,NA,NA,291
"During scheduled trip",26,96,70,291
"During scheduled trip",28,108,80,291
"During scheduled trip",-18,-6,12,291
"During scheduled trip",-27,10,37,291
"During scheduled trip",-29,-14,15,291
"During scheduled trip",-14,451,465,291
"During scheduled trip",247,258,11,291
"During scheduled trip",18,127,109,291
"During scheduled trip",-19,-11,8,291
"During scheduled trip",29,169,140,291
"During scheduled trip",22,81,59,291
"During scheduled trip",1147,1175,28,291
"During scheduled trip",1427,1443,16,291
"During scheduled trip",19,75,56,291
"During scheduled trip",27,129,102,291
"During scheduled trip",-20,15,35,291
"During scheduled trip",27,47,20,291
"During scheduled trip",21,25322,25301,291
"During scheduled trip",21,25393,25372,291
"During scheduled trip",17,71,54,291
"During scheduled trip",16,131,115,291
"During scheduled trip",22,85,63,291
"During scheduled trip",-16,12,28,291
"During scheduled trip",-21,-7,14,291
"During scheduled trip",-15,NA,NA,291
"During scheduled trip",19,20,1,291
"During scheduled trip",-18,-16,2,291
"During scheduled trip",21,25430,25409,291
"During scheduled trip",19,330,311,291
"During scheduled trip",147,175,28,291
"During scheduled trip",16,74,58,291
"During scheduled trip",27,417,390,291
"During scheduled trip",28,127,99,291
"During scheduled trip",-18,19,37,291
"During scheduled trip",-30,7,37,291
"During scheduled trip",-27,42,69,291
"During scheduled trip",28,49,21,291
"During scheduled trip",17,17,0,291
"During scheduled trip",-24,15,39,291
"During scheduled trip",16,150,134,291
"During scheduled trip",-16,30,46,291
"During scheduled trip",-15,-8,7,291
"During scheduled trip",-21,50,71,291
"During scheduled trip",40,25383,25343,291
"During scheduled trip",-13,37,50,291
"During scheduled trip",347,369,22,291
"During scheduled trip",1387,1403,16,291
"During scheduled trip",29,74,45,291
"During scheduled trip",8,260,252,291
"During scheduled trip",21,50,29,291
"During scheduled trip",1527,1543,16,291
"During scheduled trip",26,197,171,291
"During scheduled trip",29,84,55,291
"During scheduled trip",29,324,295,291
"During scheduled trip",19,103,84,291
"During scheduled trip",-23,-9,14,291
"During scheduled trip",-27,-18,9,291
"During scheduled trip",-21,-2,19,291
"During scheduled trip",27,42,15,291
"During scheduled trip",26,87,61,291
"During scheduled trip",21,25384,25363,291
"During scheduled trip",307,327,20,291
"During scheduled trip",1327,1355,28,291
"During scheduled trip",29,124,95,291
"During scheduled trip",18,293,275,291
"During scheduled trip",27,183,156,291
"During scheduled trip",27,44,17,291
"During scheduled trip",18,19,1,291
"During scheduled trip",19,54,35,291
"During scheduled trip",40,25330,25290,291
"During scheduled trip",267,278,11,291
"During scheduled trip",17,136,119,291
"During scheduled trip",16,137,121,291
"During scheduled trip",28,122,94,291
"During scheduled trip",17,184,167,291
"During scheduled trip",-18,46,64,291
"During scheduled trip",-13,100,113,291
"During scheduled trip",17,39,22,291
"During scheduled trip",27,27,0,291
"During scheduled trip",40,25469,25429,291
"During scheduled trip",467,474,7,291
"During scheduled trip",26,66,40,291
"During scheduled trip",21,77,56,291
"During scheduled trip",-17,44,61,291
"During scheduled trip",22,38,16,291
"During scheduled trip",827,855,28,291
"During scheduled trip",18,148,130,291
"During scheduled trip",-27,2,29,291
"During scheduled trip",-29,-16,13,291
"During scheduled trip",-25,36,61,291
"During scheduled trip",17,41,24,291
"During scheduled trip",22,28,6,291
"During scheduled trip",40,25337,25297,291
"During scheduled trip",42,25296,25254,291
"During scheduled trip",18,450,432,291
"During scheduled trip",187,207,20,291
"During scheduled trip",40,25311,25271,291
"During scheduled trip",19,61,42,291
"During scheduled trip",8,80,72,291
"During scheduled trip",-16,25,41,291
"During scheduled trip",-19,-5,14,291
"During scheduled trip",18,119,101,291
"During scheduled trip",-30,-5,25,291
"During scheduled trip",-28,4,32,291
"During scheduled trip",18,38,20,291
"During scheduled trip",8,15,7,291
"During scheduled trip",40,25353,25313,291
"During scheduled trip",42,25408,25366,291
"During scheduled trip",41,25312,25271,291
"During scheduled trip",19,62,43,291
"During scheduled trip",19,193,174,291
"During scheduled trip",18,54,36,291
"During scheduled trip",29,251,222,291
"During scheduled trip",28,232,204,291
"During scheduled trip",-22,1,23,291
"During scheduled trip",-17,36,53,291
"During scheduled trip",-27,7,34,291
"During scheduled trip",-30,18,48,291
"During scheduled trip",367,398,31,291
"During scheduled trip",1807,1823,16,291
"During scheduled trip",-15,2,17,291
"During scheduled trip",-15,41,56,291
"During scheduled trip",-21,11,32,291
"During scheduled trip",-16,49,65,291
"During scheduled trip",22,41,19,291
"During scheduled trip",147,178,31,291
"During scheduled trip",167,190,23,291
"During scheduled trip",467,482,15,291
"During scheduled trip",1667,1683,16,291
"During scheduled trip",16,147,131,291
"During scheduled trip",27,94,67,291
"During scheduled trip",29,133,104,291
"During scheduled trip",-18,-2,16,291
"During scheduled trip",-13,59,72,291
"During scheduled trip",40,25333,25293,291
"During scheduled trip",547,558,11,291
"During scheduled trip",587,607,20,291
"During scheduled trip",19,72,53,291
"During scheduled trip",21,475,454,291
"During scheduled trip",21,243,222,291
"During scheduled trip",-16,47,63,291
"During scheduled trip",26,278,252,291
"During scheduled trip",-25,7,32,291
"During scheduled trip",-26,4,30,291
"During scheduled trip",21,25265,25244,291
"During scheduled trip",-24,-3,21,291
"During scheduled trip",267,282,15,291
"During scheduled trip",287,288,1,291
"During scheduled trip",26,64,38,291
"During scheduled trip",18,126,108,291
"During scheduled trip",22,115,93,291
"During scheduled trip",-15,17,32,291
"During scheduled trip",-17,10,27,291
"During scheduled trip",-28,-18,10,291
"During scheduled trip",-16,57,73,291
"During scheduled trip",16,37,21,291
"During scheduled trip",22,25342,25320,291
"During scheduled trip",1207,1223,16,291
"During scheduled trip",1487,1503,16,291
"During scheduled trip",16,57,41,291
"During scheduled trip",29,73,44,291
"During scheduled trip",-14,517408,517422,291
"During scheduled trip",26,183,157,291
"During scheduled trip",29,56,27,291
"During scheduled trip",22,25276,25254,291
"During scheduled trip",16,81,65,291
"During scheduled trip",26,140,114,291
"During scheduled trip",18,129,111,291
"During scheduled trip",-21,6,27,291
"During scheduled trip",-23,-15,8,291
"During scheduled trip",27,60,33,291
"During scheduled trip",42,25304,25262,291
"During scheduled trip",887,898,11,291
"During scheduled trip",16,54,38,291
"During scheduled trip",42,25400,25358,291
"During scheduled trip",-23,-7,16,291
"During scheduled trip",28,75,47,291
"During scheduled trip",27,96,69,291
"During scheduled trip",1227,1243,16,291
"During scheduled trip",29,72,43,291
"During scheduled trip",28,132,104,291
"During scheduled trip",-13,563,576,291
"During scheduled trip",42,25316,25274,291
"During scheduled trip",347,348,1,291
"During scheduled trip",17,140,123,291
"During scheduled trip",17,117,100,291
"During scheduled trip",-16,40,56,291
"During scheduled trip",-23,4,27,291
"During scheduled trip",8,24,16,291
"During scheduled trip",27,40,13,291
"During scheduled trip",247,263,16,291
"During scheduled trip",1147,1163,16,291
"During scheduled trip",28,280,252,291
"During scheduled trip",17,73,56,291
"During scheduled trip",19,173,154,291
"During scheduled trip",-26,-16,10,291
"During scheduled trip",41,25285,25244,291
"During scheduled trip",227,242,15,291
"During scheduled trip",507,523,16,291
"During scheduled trip",1007,1008,1,291
"During scheduled trip",-18,-12,6,291
"During scheduled trip",21,25290,25269,291
"During scheduled trip",-29,21,50,291
"During scheduled trip",26,33,7,291
"During scheduled trip",17,40,23,291
"During scheduled trip",19,49,30,291
"During scheduled trip",8,37,29,291
"During scheduled trip",-20,35,55,291
"During scheduled trip",21,25347,25326,291
"During scheduled trip",22,25328,25306,291
"During scheduled trip",16,52,36,291
"During scheduled trip",27,65,38,291
"During scheduled trip",247,255,8,291
"During scheduled trip",1067,1068,1,291
"During scheduled trip",1987,2003,16,291
"During scheduled trip",22,25439,25417,291
"During scheduled trip",21,115,94,291
"During scheduled trip",-19,11,30,291
"During scheduled trip",29,192,163,291
"During scheduled trip",-14,47,61,291
"During scheduled trip",-30,17,47,291
"During scheduled trip",-28,-11,17,291
"During scheduled trip",-24,7,31,291
"During scheduled trip",42,25477,25435,291
"During scheduled trip",1367,1383,16,291
"During scheduled trip",17,75,58,291
"During scheduled trip",29,178,149,291
"During scheduled trip",-16,44,60,291
"During scheduled trip",16,79,63,291
"During scheduled trip",-16,11,27,291
"During scheduled trip",22,98,76,291
"During scheduled trip",-13,52,65,291
"During scheduled trip",-20,28,48,291
"During scheduled trip",42,25294,25252,291
"During scheduled trip",21,30,9,291
"During scheduled trip",-13,2,15,291
"During scheduled trip",-24,18,42,291
"During scheduled trip",8,192,184,291
"During scheduled trip",17,87,70,291
"During scheduled trip",607,635,28,291
"During scheduled trip",747,755,8,291
"During scheduled trip",26,71,45,291
"During scheduled trip",17,82,65,291
"During scheduled trip",18,57,39,291
"During scheduled trip",-20,21,41,291
"During scheduled trip",-14,45,59,291
"During scheduled trip",41,25419,25378,291
"During scheduled trip",21,499,478,291
"During scheduled trip",26,68,42,291
"During scheduled trip",26,109,83,291
"During scheduled trip",19,121,102,291
"During scheduled trip",17,154,137,291
"During scheduled trip",21,23,2,291
"During scheduled trip",40,25345,25305,291
"During scheduled trip",41,25310,25269,291
"During scheduled trip",547,563,16,291
"During scheduled trip",1467,1483,16,291
"During scheduled trip",21,341,320,291
"During scheduled trip",28,87,59,291
"During scheduled trip",27,112,85,291
"During scheduled trip",-16,6,22,291
"During scheduled trip",-19,4,23,291
"During scheduled trip",8,122,114,291
"During scheduled trip",16,122,106,291
"During scheduled trip",-13,49,62,291
"During scheduled trip",-15,543,558,291
"During scheduled trip",-17,19,36,291
"During scheduled trip",40,25358,25318,291
"During scheduled trip",22,25291,25269,291
"During scheduled trip",19,138,119,291
"During scheduled trip",-13,24,37,291
"During scheduled trip",-20,24,44,291
"During scheduled trip",-22,18,40,291
"During scheduled trip",-18,4,22,291
"During scheduled trip",18,20,2,291
"During scheduled trip",1807,1835,28,291
"During scheduled trip",16,107,91,291
"During scheduled trip",16,92,76,291
"During scheduled trip",-28,17,45,291
"During scheduled trip",407,415,8,291
"During scheduled trip",17,134,117,291
"During scheduled trip",17,131,114,291
"During scheduled trip",-26,-7,19,291
"During scheduled trip",-14,51,65,291
"During scheduled trip",-18,-13,5,291
"During scheduled trip",40,25317,25277,291
"During scheduled trip",1547,1563,16,291
"During scheduled trip",40,25355,25315,291
"During scheduled trip",22,84,62,291
"During scheduled trip",8,82,74,291
"During scheduled trip",27,226,199,291
"During scheduled trip",-27,11,38,291
"During scheduled trip",-28,22,50,291
"During scheduled trip",21,25432,25411,291
"During scheduled trip",22,175,153,291
"During scheduled trip",17,135,118,291
"During scheduled trip",-23,24,47,291
"During scheduled trip",-28,-16,12,291
"During scheduled trip",40,25441,25401,291
"During scheduled trip",26,69,43,291
"During scheduled trip",18,140,122,291
"During scheduled trip",18,233,215,291
"During scheduled trip",16,473,457,291
"During scheduled trip",27,115,88,291
"During scheduled trip",17,124,107,291
"During scheduled trip",17,175,158,291
"During scheduled trip",-26,7,33,291
"During scheduled trip",27,61,34,291
"During scheduled trip",247,269,22,291
"During scheduled trip",687,718,31,291
"During scheduled trip",707,718,11,291
"During scheduled trip",8,311,303,291
"During scheduled trip",-16,45,61,291
"During scheduled trip",19,44,25,291
"During scheduled trip",22,25384,25362,291
"During scheduled trip",527,543,16,291
"During scheduled trip",26,75,49,291
"During scheduled trip",26,72,46,291
"During scheduled trip",-20,5,25,291
"During scheduled trip",-16,89,105,291
"During scheduled trip",29,59,30,291
"During scheduled trip",63,25502,25439,291
"During scheduled trip",22,25275,25253,291
"During scheduled trip",-13,17,30,291
"During scheduled trip",207,223,16,291
"During scheduled trip",507,538,31,291
"During scheduled trip",547,554,7,291
"During scheduled trip",1627,1655,28,291
"During scheduled trip",2167,2183,16,291
"During scheduled trip",40,25338,25298,291
"During scheduled trip",-19,17,36,291
"During scheduled trip",-17,29,46,291
"During scheduled trip",-15,71,86,291
"During scheduled trip",-25,-18,7,291
"During scheduled trip",-26,17,43,291
"During scheduled trip",-16,60,76,291
"During scheduled trip",42,25310,25268,291
"During scheduled trip",22,25277,25255,291
"During scheduled trip",147,163,16,291
"During scheduled trip",16,59,43,291
"During scheduled trip",-17,23,40,291
"During scheduled trip",29,65,36,291
"During scheduled trip",27,244,217,291
"During scheduled trip",147,149,2,291
"During scheduled trip",1167,1183,16,291
"During scheduled trip",28,114,86,291
"During scheduled trip",18,32,14,291
"During scheduled trip",22,25385,25363,291
"During scheduled trip",21,90,69,291
"During scheduled trip",427,438,11,291
"During scheduled trip",19,81,62,291
"During scheduled trip",21,61,40,291
"During scheduled trip",16,47,31,291
"During scheduled trip",21,25369,25348,291
"During scheduled trip",18,74,56,291
"During scheduled trip",-16,28,44,291
"During scheduled trip",22,110,88,291
"During scheduled trip",-27,0,27,291
"During scheduled trip",19,26,7,291
"During scheduled trip",41,25450,25409,291
"During scheduled trip",8,104,96,291
"During scheduled trip",1947,1963,16,291
"During scheduled trip",26,125,99,291
"During scheduled trip",-29,9,38,291
"During scheduled trip",-28,29,57,291
"During scheduled trip",8,11,3,291
"During scheduled trip",40,25329,25289,291
"During scheduled trip",8,26,18,291
"During scheduled trip",42,25417,25375,291
"During scheduled trip",26,257,231,291
"During scheduled trip",-19,9,28,291
"During scheduled trip",-15,37,52,291
"During scheduled trip",-27,12,39,291
"During scheduled trip",-13,20,33,291
"During scheduled trip",22,291,269,291
"During scheduled trip",387,388,1,291
"During scheduled trip",567,583,16,291
"During scheduled trip",22,123,101,291
"During scheduled trip",-20,-8,12,291
"During scheduled trip",1247,1275,28,291
"During scheduled trip",-21,24,45,291
"During scheduled trip",-23,6,29,291
"During scheduled trip",-23,9,32,291
"During scheduled trip",26,30,4,291
"During scheduled trip",41,25313,25272,291
"During scheduled trip",17,111,94,291
"During scheduled trip",47,55,8,291
"During scheduled trip",167,198,31,291
"During scheduled trip",907,935,28,291
"During scheduled trip",1727,1755,28,291
"During scheduled trip",28,76,48,291
"During scheduled trip",28,159,131,291
"During scheduled trip",27,136,109,291
"During scheduled trip",-18,34,52,291
"During scheduled trip",-27,23,50,291
"During scheduled trip",16,16,0,291
"During scheduled trip",31,37,6,291
"During scheduled trip",407,429,22,291
"During scheduled trip",1027,1043,16,291
"During scheduled trip",16,63,47,291
"During scheduled trip",22,76,54,291
"During scheduled trip",19,256,237,291
"During scheduled trip",-22,22,44,291
"During scheduled trip",-25,0,25,291
"During scheduled trip",-16,463,479,291
"During scheduled trip",41,25289,25248,291
"During scheduled trip",-13,3,16,291
"During scheduled trip",8,51,43,291
"During scheduled trip",1447,1463,16,291
"During scheduled trip",17,77,60,291
"During scheduled trip",16,61,45,291
"During scheduled trip",21,96,75,291
"During scheduled trip",8,115,107,291
"During scheduled trip",29,110,81,291
"During scheduled trip",-15,4,19,291
"During scheduled trip",-14,31,45,291
"During scheduled trip",29,60,31,291
"During scheduled trip",-13,33,46,291
"During scheduled trip",8,70,62,291
"During scheduled trip",8,47,39,291
"During scheduled trip",267,298,31,291
"During scheduled trip",467,483,16,291
"During scheduled trip",627,634,7,291
"During scheduled trip",727,728,1,291
"During scheduled trip",17,521,504,291
"During scheduled trip",22,121,99,291
"During scheduled trip",-14,34,48,291
"During scheduled trip",-15,69,84,291
"During scheduled trip",18,43,25,291
"During scheduled trip",22,43,21,291
"During scheduled trip",1087,1098,11,291
"During scheduled trip",1567,1595,28,291
"During scheduled trip",18,85,67,291
"During scheduled trip",-29,-10,19,291
"During scheduled trip",8,29,21,291
"During scheduled trip",28,61,33,291
"During scheduled trip",18,53,35,291
"During scheduled trip",-24,2,26,291
"During scheduled trip",787,810,23,291
"During scheduled trip",-13,2121,2134,291
"During scheduled trip",18,101,83,291
"During scheduled trip",28,110,82,291
"During scheduled trip",28,116,88,291
"During scheduled trip",17,125,108,291
"During scheduled trip",-17,7,24,291
"During scheduled trip",-25,3,28,291
"During scheduled trip",127,135,8,291
"During scheduled trip",29,70,41,291
"During scheduled trip",21,89,68,291
"During scheduled trip",8,23,15,291
"During scheduled trip",-24,10,34,291
"During scheduled trip",21,209,188,291
"During scheduled trip",427,435,8,291
"During scheduled trip",42,25459,25417,291
"During scheduled trip",42,25445,25403,291
"During scheduled trip",-19,-3,16,291
"During scheduled trip",-22,-8,14,291
"During scheduled trip",41,25342,25301,291
"During scheduled trip",31,36,5,291
"During scheduled trip",-13,27,40,291
"During scheduled trip",42,25443,25401,291
"During scheduled trip",28,67,39,291
"During scheduled trip",17,401,384,291
"During scheduled trip",16,123,107,291
"During scheduled trip",-20,14,34,291
"During scheduled trip",-15,36,51,291
"During scheduled trip",-17,3,20,291
"During scheduled trip",-20,-5,15,291
"During scheduled trip",21,39,18,291
"During scheduled trip",21,38,17,291
"During scheduled trip",-18,-14,4,291
"During scheduled trip",327,335,8,291
"During scheduled trip",28,113,85,291
"During scheduled trip",28,104,76,291
"During scheduled trip",-19,-4,15,291
"During scheduled trip",17,139,122,291
"During scheduled trip",17,98,81,291
"During scheduled trip",-25,1,26,291
"During scheduled trip",16,29,13,291
"During scheduled trip",427,450,23,291
"During scheduled trip",587,598,11,291
"During scheduled trip",907,938,31,291
"During scheduled trip",21,415,394,291
"During scheduled trip",18,86,68,291
"During scheduled trip",-20,23,43,291
"During scheduled trip",-17,35,52,291
"During scheduled trip",-20,-9,11,291
"During scheduled trip",22,25359,25337,291
"During scheduled trip",27,91,64,291
"During scheduled trip",387,418,31,291
"During scheduled trip",847,878,31,291
"During scheduled trip",2047,2063,16,291
"During scheduled trip",17,97,80,291
"During scheduled trip",-18,-11,7,291
"During scheduled trip",27,90,63,291
"During scheduled trip",27,103,76,291
"During scheduled trip",8,88,80,291
"During scheduled trip",27,123,96,291
"During scheduled trip",-13,87,100,291
"During scheduled trip",-25,10,35,291
"During scheduled trip",-14,93,107,291
"During scheduled trip",29,36,7,291
"During scheduled trip",-24,-5,19,291
"During scheduled trip",187,203,16,291
"During scheduled trip",19,373,354,291
"During scheduled trip",587,595,8,291
"During scheduled trip",16,210,194,291
"During scheduled trip",19,291,272,291
"During scheduled trip",26,631,605,291
"During scheduled trip",18,94,76,291
"During scheduled trip",19,153,134,291
"During scheduled trip",-27,1,28,291
"During scheduled trip",26,51,25,291
"During scheduled trip",28,548,520,291
"During scheduled trip",21,213,192,291
"During scheduled trip",-22,24,46,291
"During scheduled trip",-19,36,55,291
"During scheduled trip",-17,1008,1025,291
"During scheduled trip",40,25507,25467,291
"During scheduled trip",40,25352,25312,291
"During scheduled trip",-13,35,48,291
"During scheduled trip",167,195,28,291
"During scheduled trip",367,375,8,291
"During scheduled trip",787,818,31,291
"During scheduled trip",18,187,169,291
"During scheduled trip",18,568,550,291
"During scheduled trip",26,86,60,291
"During scheduled trip",8,85,77,291
"During scheduled trip",22,109,87,291
"During scheduled trip",-14,503,517,291
"During scheduled trip",19,24,5,291
"During scheduled trip",627,628,1,291
"During scheduled trip",667,690,23,291
"During scheduled trip",1407,1423,16,291
"During scheduled trip",26,70,44,291
"During scheduled trip",16,185,169,291
"During scheduled trip",-19,13,32,291
"During scheduled trip",29,103,74,291
"During scheduled trip",-29,-2,27,291
"During scheduled trip",-20,-15,5,291
"During scheduled trip",-19,45,64,291
"During scheduled trip",17,122,105,291
"During scheduled trip",-15,30,45,291
"During scheduled trip",-24,29,53,291
"During scheduled trip",-17,26,43,291
"During scheduled trip",-16,38,54,291
"During scheduled trip",-14,49,63,291
"During scheduled trip",-30,8,38,291
"During scheduled trip",-20,52,72,291
"During scheduled trip",26,42,16,291
"During scheduled trip",-14,-8,6,291
"During scheduled trip",40,40,0,291
"During scheduled trip",22,54,32,291
"During scheduled trip",17,56,39,291
"During scheduled trip",87,118,31,291
"During scheduled trip",807,838,31,291
"During scheduled trip",21,63,42,291
"During scheduled trip",-27,4,31,291
"During scheduled trip",-26,-20,6,291
"During scheduled trip",-17,49,66,291
"During scheduled trip",42,25421,25379,291
"During scheduled trip",187,188,1,291
"During scheduled trip",747,770,23,291
"During scheduled trip",40,25408,25368,291
"During scheduled trip",17,55,38,291
"During scheduled trip",307,330,23,291
"During scheduled trip",1067,1095,28,291
"During scheduled trip",19,87,68,291
"During scheduled trip",16,82,66,291
"During scheduled trip",18,158,140,291
"During scheduled trip",-21,12,33,291
"During scheduled trip",29,38,9,291
"During scheduled trip",41,25356,25315,291
"During scheduled trip",-13,836,849,291
"During scheduled trip",-19,41,60,291
"During scheduled trip",26,39,13,291
"During scheduled trip",16,22,6,291
"During scheduled trip",22,45,23,291
"During scheduled trip",22,25321,25299,291
"During scheduled trip",-24,9,33,291
"During scheduled trip",22,25453,25431,291
"During scheduled trip",467,498,31,291
"During scheduled trip",19,391,372,291
"During scheduled trip",17,271,254,291
"During scheduled trip",21,55,34,291
"During scheduled trip",28,111,83,291
"During scheduled trip",22,61,39,291
"During scheduled trip",28,65,37,291
"During scheduled trip",16,39,23,291
"During scheduled trip",41,25287,25246,291
"During scheduled trip",-24,0,24,291
"During scheduled trip",-16,-3,13,291
"During scheduled trip",307,338,31,291
"During scheduled trip",22,124,102,291
"During scheduled trip",27,138,111,291
"During scheduled trip",-22,-6,16,291
"During scheduled trip",-18,-3,15,291
"During scheduled trip",-27,73,100,291
"During scheduled trip",-14,83,97,291
"During scheduled trip",22,47,25,291
"During scheduled trip",47,62,15,291
"During scheduled trip",19,223,204,291
"During scheduled trip",8,361,353,291
"During scheduled trip",17,252,235,291
"During scheduled trip",-14,7,21,291
"During scheduled trip",42,25402,25360,291
"During scheduled trip",227,228,1,291
"During scheduled trip",947,978,31,291
"During scheduled trip",-19,10,29,291
"During scheduled trip",-14,58,72,291
"During scheduled trip",-14,NA,NA,291
"During scheduled trip",127,155,28,291
"During scheduled trip",18,58,40,291
"During scheduled trip",26,78,52,291
"During scheduled trip",19,142,123,291
"During scheduled trip",18,317,299,291
"During scheduled trip",-30,133,163,291
"During scheduled trip",-25,5,30,291
"During scheduled trip",40,25344,25304,291
"During scheduled trip",87,102,15,291
"During scheduled trip",267,275,8,291
"During scheduled trip",427,428,1,291
"During scheduled trip",19,99,80,291
"During scheduled trip",18,65,47,291
"During scheduled trip",18,344,326,291
"During scheduled trip",27,333,306,291
"During scheduled trip",22,299,277,291
"During scheduled trip",-19,43,62,291
"During scheduled trip",-13,26,39,291
"During scheduled trip",-27,-19,8,291
"During scheduled trip",16,38,22,291
"During scheduled trip",40,25489,25449,291
"During scheduled trip",-24,6,30,291
"During scheduled trip",41,25306,25265,291
"During scheduled trip",22,122,100,291
"During scheduled trip",-23,-1,22,291
"During scheduled trip",-21,36,57,291
"During scheduled trip",-19,47,66,291
"During scheduled trip",29,34,5,291
"During scheduled trip",28,53,25,291
"During scheduled trip",87,115,28,291
"During scheduled trip",687,710,23,291
"During scheduled trip",707,738,31,291
"During scheduled trip",8,48,40,291
"During scheduled trip",-15,23,38,291
"During scheduled trip",-23,35,58,291
"During scheduled trip",21,25421,25400,291
"During scheduled trip",21,411,390,291
"During scheduled trip",27,86,59,291
"During scheduled trip",-14,41,55,291
"During scheduled trip",8,19,11,291
"During scheduled trip",127,142,15,291
"During scheduled trip",427,443,16,291
"During scheduled trip",1127,1128,1,291
"During scheduled trip",1247,1248,1,291
"During scheduled trip",22,59,37,291
"During scheduled trip",21,92,71,291
"During scheduled trip",28,101,73,291
"During scheduled trip",-22,28,50,291
"During scheduled trip",-23,15,38,291
"During scheduled trip",-23,-12,11,291
"During scheduled trip",-18,25,43,291
"During scheduled trip",-25,-13,12,291
"During scheduled trip",22,25428,25406,291
"During scheduled trip",8,63,55,291
"During scheduled trip",407,408,1,291
"During scheduled trip",487,495,8,291
"During scheduled trip",667,683,16,291
"During scheduled trip",927,955,28,291
"During scheduled trip",22,25378,25356,291
"During scheduled trip",19,133,114,291
"During scheduled trip",19,110,91,291
"During scheduled trip",22,127,105,291
"During scheduled trip",-15,49,64,291
"During scheduled trip",-25,-12,13,291
"During scheduled trip",27,28,1,291
"During scheduled trip",29,58,29,291
"During scheduled trip",347,358,11,291
"During scheduled trip",827,842,15,291
"During scheduled trip",27,106,79,291
"During scheduled trip",-27,-21,6,291
"During scheduled trip",8,17,9,291
"During scheduled trip",22,25412,25390,291
"During scheduled trip",887,918,31,291
"During scheduled trip",17,64,47,291
"During scheduled trip",16,108,92,291
"During scheduled trip",19,156,137,291
"During scheduled trip",-13,116,129,291
"During scheduled trip",26,104,78,291
"During scheduled trip",19,93,74,291
"During scheduled trip",-27,16,43,291
"During scheduled trip",16,56,40,291
"During scheduled trip",-14,916,930,291
"During scheduled trip",8,121,113,291
"During scheduled trip",27,48,21,291
"During scheduled trip",-13,38,51,291
"During scheduled trip",22,96,74,291
"During scheduled trip",16,90,74,291
"During scheduled trip",22,128,106,291
"During scheduled trip",18,125,107,291
"During scheduled trip",-14,4,18,291
"During scheduled trip",-27,-13,14,291
"During scheduled trip",-17,-12,5,291
"During scheduled trip",-19,58,77,291
"During scheduled trip",29,42,13,291
"During scheduled trip",87,103,16,291
"During scheduled trip",747,775,28,291
"During scheduled trip",22,74,52,291
"During scheduled trip",27,97,70,291
"During scheduled trip",26,88,62,291
"During scheduled trip",-21,-8,13,291
"During scheduled trip",-30,-14,16,291
"During scheduled trip",26,53,27,291
"During scheduled trip",1247,1263,16,291
"During scheduled trip",26,182,156,291
"During scheduled trip",17,66,49,291
"During scheduled trip",-14,20,34,291
"During scheduled trip",-30,-9,21,291
"During scheduled trip",8,8,0,291
"During scheduled trip",8,123,115,291
"During scheduled trip",8,457,449,291
"During scheduled trip",-19,6,25,291
"During scheduled trip",28,130,102,291
"During scheduled trip",17,112,95,291
"During scheduled trip",16,35,19,291
"During scheduled trip",40,25356,25316,291
"During scheduled trip",40,25388,25348,291
"During scheduled trip",31,32,1,291
"During scheduled trip",27,111,84,291
"During scheduled trip",29,66,37,291
"During scheduled trip",18,61,43,291
"During scheduled trip",28,120,92,291
"During scheduled trip",-19,30,49,291
"During scheduled trip",29,48,19,291
"During scheduled trip",21,52,31,291
"During scheduled trip",29,37,8,291
"During scheduled trip",-18,-15,3,291
"During scheduled trip",41,25452,25411,291
"During scheduled trip",28,71,43,291
"During scheduled trip",19,208,189,291
"During scheduled trip",21,87,66,291
"During scheduled trip",-27,3,30,291
"During scheduled trip",22,25339,25317,291
"During scheduled trip",8,41,33,291
"During scheduled trip",40,25420,25380,291
"During scheduled trip",42,25430,25388,291
"During scheduled trip",28,92,64,291
"During scheduled trip",21,82,61,291
"During scheduled trip",27,85,58,291
"During scheduled trip",22,146,124,291
"During scheduled trip",-14,37,51,291
"During scheduled trip",-20,18,38,291
"During scheduled trip",-28,-7,21,291
"During scheduled trip",19,23,4,291
"During scheduled trip",1027,1055,28,291
"During scheduled trip",1527,1555,28,291
"During scheduled trip",17,126,109,291
"During scheduled trip",-14,44,58,291
"During scheduled trip",-16,181,197,291
"During scheduled trip",-27,-20,7,291
"During scheduled trip",-20,126,146,291
"During scheduled trip",16,23,7,291
"During scheduled trip",8,184,176,291
"During scheduled trip",42,25367,25325,291
"During scheduled trip",26,107,81,291
"During scheduled trip",26,61,35,291
"During scheduled trip",-27,-10,17,291
"During scheduled trip",-20,53,73,291
"During scheduled trip",28,55,27,291
"During scheduled trip",27,54,27,291
"During scheduled trip",18,34,16,291
"During scheduled trip",18,30,12,291
"During scheduled trip",28,39,11,291
"During scheduled trip",21,25399,25378,291
"During scheduled trip",547,575,28,291
"During scheduled trip",8,79,71,291
"During scheduled trip",-15,47,62,291
"During scheduled trip",-21,38,59,291
"During scheduled trip",-29,18,47,291
"During scheduled trip",26,32,6,291
"During scheduled trip",-13,-12,1,291
"During scheduled trip",427,455,28,291
"During scheduled trip",507,518,11,291
"During scheduled trip",27,210,183,291
"During scheduled trip",22,93,71,291
"During scheduled trip",22,187,165,291
"During scheduled trip",-18,29,47,291
"During scheduled trip",-28,25,53,291
"During scheduled trip",17,42,25,291
"During scheduled trip",27,550,523,291
"During scheduled trip",40,25313,25273,291
"During scheduled trip",26,130,104,291
"During scheduled trip",-27,17,44,291
"During scheduled trip",17,204,187,291
"During scheduled trip",87,110,23,291
"During scheduled trip",347,367,20,291
"During scheduled trip",787,815,28,291
"During scheduled trip",2027,2043,16,291
"During scheduled trip",19,73,54,291
"During scheduled trip",-15,-3,12,291
"During scheduled trip",28,477,449,291
"During scheduled trip",-30,32,62,291
"During scheduled trip",27,51,24,291
"During scheduled trip",41,25445,25404,291
"During scheduled trip",-16,-5,11,291
"During scheduled trip",8,49,41,291
"During scheduled trip",667,682,15,291
"During scheduled trip",807,835,28,291
"During scheduled trip",1047,1063,16,291
"During scheduled trip",16,277,261,291
"During scheduled trip",-22,19,41,291
"During scheduled trip",-17,-3,14,291
"During scheduled trip",-23,-17,6,291
"During scheduled trip",-27,33,60,291
"During scheduled trip",22,33,11,291
"During scheduled trip",16,20,4,291
"During scheduled trip",16,18,2,291
"During scheduled trip",8,25,17,291
"During scheduled trip",27,84,57,291
"During scheduled trip",-13,21,34,291
"During scheduled trip",-14,42,56,291
"During scheduled trip",27,62,35,291
"During scheduled trip",22,25301,25279,291
"During scheduled trip",42,25352,25310,291
"During scheduled trip",42,25447,25405,291
"During scheduled trip",19,66,47,291
"During scheduled trip",28,77,49,291
"During scheduled trip",21,69,48,291
"During scheduled trip",-16,2,18,291
"During scheduled trip",-15,-6,9,291
"During scheduled trip",41,25393,25352,291
"During scheduled trip",647,662,15,291
"During scheduled trip",21,133,112,291
"During scheduled trip",16,110,94,291
"During scheduled trip",-15,13,28,291
"During scheduled trip",-15,16,31,291
"During scheduled trip",-21,-3,18,291
"During scheduled trip",-13,-2,11,291
"During scheduled trip",42,25344,25302,291
"During scheduled trip",21,25339,25318,291
"During scheduled trip",29,95,66,291
"During scheduled trip",26,155,129,291
"During scheduled trip",-22,-14,8,291
"During scheduled trip",-24,-12,12,291
"During scheduled trip",-18,3,21,291
"During scheduled trip",-17,38,55,291
"During scheduled trip",28,331,303,291
"During scheduled trip",18,36,18,291
"During scheduled trip",28,57,29,291
"During scheduled trip",29,370,341,291
"During scheduled trip",-13,55,68,291
"During scheduled trip",-17,8,25,291
"During scheduled trip",-25,34,59,291
"During scheduled trip",8,30,22,291
"During scheduled trip",16,45,29,291
"During scheduled trip",-24,-8,16,291
"During scheduled trip",18,510,492,291
"During scheduled trip",267,289,22,291
"During scheduled trip",1287,1288,1,291
"During scheduled trip",1627,1643,16,291
"During scheduled trip",27,82,55,291
"During scheduled trip",28,85,57,291
"During scheduled trip",-14,22,36,291
"During scheduled trip",-18,24,42,291
"During scheduled trip",-29,17,46,291
"During scheduled trip",-13,-1,12,291
"During scheduled trip",21,157,136,291
"During scheduled trip",387,409,22,291
"During scheduled trip",707,715,8,291
"During scheduled trip",987,995,8,291
"During scheduled trip",22,70,48,291
"During scheduled trip",27,109,82,291
"During scheduled trip",-26,-10,16,291
"During scheduled trip",327,347,20,291
"During scheduled trip",22,469,447,291
"During scheduled trip",22,94,72,291
"During scheduled trip",18,437,419,291
"During scheduled trip",17,163,146,291
"During scheduled trip",-16,101,117,291
"During scheduled trip",307,335,28,291
"During scheduled trip",-17,17,34,291
"During scheduled trip",-16,43,59,291
"During scheduled trip",-18,32,50,291
"During scheduled trip",-15,131,146,291
"During scheduled trip",22,40,18,291
"During scheduled trip",21,56,35,291
"During scheduled trip",42,25422,25380,291
"During scheduled trip",87,89,2,291
"During scheduled trip",-19,57,76,291
"During scheduled trip",-13,44,57,291
"During scheduled trip",207,229,22,291
"During scheduled trip",387,403,16,291
"During scheduled trip",1507,1535,28,291
"During scheduled trip",18,103,85,291
"During scheduled trip",28,323,295,291
"During scheduled trip",27,180,153,291
"During scheduled trip",-14,13,27,291
"During scheduled trip",-20,57,77,291
"During scheduled trip",-15,77,92,291
"During scheduled trip",-20,197,217,291
"During scheduled trip",27,304,277,291
"During scheduled trip",21,183,162,291
"During scheduled trip",-22,-13,9,291
"During scheduled trip",-23,-3,20,291
"During scheduled trip",42,25328,25286,291
"During scheduled trip",40,25361,25321,291
"During scheduled trip",347,354,7,291
"During scheduled trip",1347,1348,1,291
"During scheduled trip",19,106,87,291
"During scheduled trip",18,82,64,291
"During scheduled trip",-16,-6,10,291
"During scheduled trip",26,28,2,291
"During scheduled trip",22,25332,25310,291
"During scheduled trip",127,158,31,291
"During scheduled trip",467,468,1,291
"During scheduled trip",26,174,148,291
"During scheduled trip",29,63,34,291
"During scheduled trip",21,126,105,291
"During scheduled trip",18,190,172,291
"During scheduled trip",-15,19,34,291
"During scheduled trip",28,43,15,291
"During scheduled trip",21,25373,25352,291
"During scheduled trip",28,143,115,291
"During scheduled trip",19,190,171,291
"During scheduled trip",-30,-3,27,291
"During scheduled trip",-26,25,51,291
"During scheduled trip",-17,46,63,291
"During scheduled trip",16,26,10,291
"During scheduled trip",807,815,8,291
"During scheduled trip",1687,1703,16,291
"During scheduled trip",22,138,116,291
"During scheduled trip",-20,33,53,291
"During scheduled trip",28,42,14,291
"During scheduled trip",187,218,31,291
"During scheduled trip",17,186,169,291
"During scheduled trip",-15,50,65,291
"During scheduled trip",-16,98,114,291
"During scheduled trip",-30,-6,24,291
"During scheduled trip",26,60,34,291
"During scheduled trip",-13,41,54,291
"During scheduled trip",27,610,583,291
"During scheduled trip",247,248,1,291
"During scheduled trip",387,415,28,291
"During scheduled trip",-20,2,22,291
"During scheduled trip",-21,0,21,291
"During scheduled trip",-17,11,28,291
"During scheduled trip",-27,-9,18,291
"During scheduled trip",21,25336,25315,291
"During scheduled trip",727,755,28,291
"During scheduled trip",29,78,49,291
"During scheduled trip",-16,36,52,291
"During scheduled trip",-19,27,46,291
"During scheduled trip",-25,-14,11,291
"During scheduled trip",-21,34,55,291
"During scheduled trip",40,25499,25459,291
"During scheduled trip",16,62,46,291
"During scheduled trip",21,68,47,291
"During scheduled trip",-25,26,51,291
"During scheduled trip",26,63,37,291
"During scheduled trip",27,561,534,291
"During scheduled trip",26,131,105,291
"During scheduled trip",17,35,18,291
"During scheduled trip",-19,5,24,291
"During scheduled trip",29,69,40,291
"During scheduled trip",-15,51,66,291
"During scheduled trip",-26,-13,13,291
"During scheduled trip",-14,154,168,291
"During scheduled trip",22,25299,25277,291
"During scheduled trip",27,64,37,291
"During scheduled trip",887,915,28,291
"During scheduled trip",26,76,50,291
"During scheduled trip",28,98,70,291
"During scheduled trip",-28,-10,18,291
"During scheduled trip",16,43,27,291
"During scheduled trip",16,21,5,291
"During scheduled trip",40,25328,25288,291
"During scheduled trip",17,630,613,291
"During scheduled trip",8,216,208,291
"During scheduled trip",-16,8,24,291
"During scheduled trip",16,100,84,291
"During scheduled trip",29,85,56,291
"During scheduled trip",-27,27,54,291
"During scheduled trip",19,29,10,291
"During scheduled trip",28,45,17,291
"During scheduled trip",22,25393,25371,291
"During scheduled trip",2107,2123,16,291
"During scheduled trip",8,58,50,291
"During scheduled trip",-21,27,48,291
"During scheduled trip",17,43,26,291
"During scheduled trip",-24,8,32,291
"During scheduled trip",26,117,91,291
"During scheduled trip",107,129,22,291
"During scheduled trip",16,53,37,291
"During scheduled trip",17,109,92,291
"During scheduled trip",-30,25,55,291
"During scheduled trip",-24,20,44,291
"During scheduled trip",17,53,36,291
"During scheduled trip",19,88,69,291
"During scheduled trip",27,101,74,291
"During scheduled trip",16,66,50,291
"During scheduled trip",18,75,57,291
"During scheduled trip",27,137,110,291
"During scheduled trip",-28,-14,14,291
"During scheduled trip",-16,53,69,291
"During scheduled trip",42,25329,25287,291
"During scheduled trip",26,65,39,291
"During scheduled trip",21,58,37,291
"During scheduled trip",21,79,58,291
"During scheduled trip",26,134,108,291
"During scheduled trip",-30,-10,20,291
"During scheduled trip",19,92,73,291
"During scheduled trip",19,152,133,291
"During scheduled trip",-17,16,33,291
"During scheduled trip",-13,50,63,291
"During scheduled trip",-18,37,55,291
"During scheduled trip",42,25312,25270,291
"During scheduled trip",22,66,44,291
"During scheduled trip",487,510,23,291
"During scheduled trip",1847,1875,28,291
"During scheduled trip",19,113,94,291
"During scheduled trip",21,140,119,291
"During scheduled trip",27,150,123,291
"During scheduled trip",19,197,178,291
"During scheduled trip",-28,1,29,291
"During scheduled trip",-13,54,67,291
"During scheduled trip",-21,501,522,291
"During scheduled trip",-13,-8,5,291
"During scheduled trip",22,25418,25396,291
"During scheduled trip",707,723,16,291
"During scheduled trip",18,64,46,291
"During scheduled trip",8,71,63,291
"During scheduled trip",19,268,249,291
"During scheduled trip",-24,161,185,291
"During scheduled trip",-22,42,64,291
"During scheduled trip",-29,113,142,291
"During scheduled trip",42,25307,25265,291
"During scheduled trip",22,26,4,291
"During scheduled trip",40,25396,25356,291
"During scheduled trip",287,310,23,291
"During scheduled trip",42,25429,25387,291
"During scheduled trip",-28,18,46,291
"During scheduled trip",-16,-10,6,291
"During scheduled trip",507,522,15,291
"During scheduled trip",18,63,45,291
"During scheduled trip",19,116,97,291
"During scheduled trip",-15,38,53,291
"During scheduled trip",22,25296,25274,291
"During scheduled trip",17,115,98,291
"During scheduled trip",22,60,38,291
"During scheduled trip",18,120,102,291
"During scheduled trip",26,170,144,291
"During scheduled trip",18,112,94,291
"During scheduled trip",-13,48,61,291
"During scheduled trip",-19,49,68,291
"During scheduled trip",8,32,24,291
"During scheduled trip",17,67,50,291
"During scheduled trip",40,25339,25299,291
"During scheduled trip",347,363,16,291
"During scheduled trip",867,895,28,291
"During scheduled trip",21,113,92,291
"During scheduled trip",-13,10,23,291
"During scheduled trip",-15,39,54,291
"During scheduled trip",-21,21,42,291
"During scheduled trip",-26,22,48,291
"During scheduled trip",8,9,1,291
"During scheduled trip",18,47,29,291
"During scheduled trip",28,62,34,291
"During scheduled trip",467,489,22,291
"During scheduled trip",647,675,28,291
"During scheduled trip",21,86,65,291
"During scheduled trip",27,121,94,291
"During scheduled trip",-13,79,92,291
"During scheduled trip",-17,-4,13,291
"During scheduled trip",-23,10,33,291
"During scheduled trip",-30,-20,10,291
"During scheduled trip",18,99,81,291
"During scheduled trip",87,109,22,291
"During scheduled trip",227,243,16,291
"During scheduled trip",287,307,20,291
"During scheduled trip",767,783,16,291
"During scheduled trip",807,830,23,291
"During scheduled trip",27,134,107,291
"During scheduled trip",-24,3,27,291
"During scheduled trip",-15,58,73,291
"During scheduled trip",22,44,22,291
"During scheduled trip",367,382,15,291
"During scheduled trip",547,555,8,291
"During scheduled trip",21,104,83,291
"During scheduled trip",21,94,73,291
"During scheduled trip",27,144,117,291
"During scheduled trip",-28,-3,25,291
"During scheduled trip",-26,10,36,291
"During scheduled trip",-20,-16,4,291
"During scheduled trip",28,31,3,291
"During scheduled trip",26,55,29,291
"During scheduled trip",42,25321,25279,291
"During scheduled trip",8,69,61,291
"During scheduled trip",8,81,73,291
"During scheduled trip",22,132,110,291
"During scheduled trip",18,44,26,291
"During scheduled trip",22,25309,25287,291
"During scheduled trip",127,138,11,291
"During scheduled trip",1167,1195,28,291
"During scheduled trip",1187,1188,1,291
"During scheduled trip",16,55,39,291
"During scheduled trip",22,25405,25383,291
"During scheduled trip",17,108,91,291
"During scheduled trip",-16,15,31,291
"During scheduled trip",-30,1,31,291
"During scheduled trip",-25,-11,14,291
"During scheduled trip",-28,-19,9,291
"During scheduled trip",27,43,16,291
"During scheduled trip",40,25412,25372,291
"During scheduled trip",29,62,33,291
"During scheduled trip",22,167,145,291
"During scheduled trip",18,208,190,291
"During scheduled trip",27,453,426,291
"During scheduled trip",21,305,284,291
"During scheduled trip",-16,5,21,291
"During scheduled trip",18,108,90,291
"During scheduled trip",29,132,103,291
"During scheduled trip",-15,21,36,291
"During scheduled trip",-21,9,30,291
"During scheduled trip",-20,37,57,291
"During scheduled trip",107,123,16,291
"During scheduled trip",307,314,7,291
"During scheduled trip",19,313,294,291
"During scheduled trip",17,69,52,291
"During scheduled trip",-26,-1,25,291
"During scheduled trip",-16,69,85,291
"During scheduled trip",-13,-3,10,291
"During scheduled trip",707,708,1,291
"During scheduled trip",887,888,1,291
"During scheduled trip",-28,0,28,291
"During scheduled trip",-26,-2,24,291
"During scheduled trip",-24,26,50,291
"During scheduled trip",28,430,402,291
"During scheduled trip",27,80,53,291
"During scheduled trip",267,287,20,291
"During scheduled trip",687,715,28,291
"During scheduled trip",29,71,42,291
"During scheduled trip",22,118,96,291
"During scheduled trip",-25,-10,15,291
"During scheduled trip",-28,8,36,291
"During scheduled trip",18,163,145,291
"During scheduled trip",-13,2011,2024,291
"During scheduled trip",-29,31,60,291
"During scheduled trip",40,25349,25309,291
"During scheduled trip",26,142,116,291
"During scheduled trip",47,48,1,291
"During scheduled trip",2147,2163,16,291
"During scheduled trip",16,97,81,291
"During scheduled trip",26,106,80,291
"During scheduled trip",19,189,170,291
"During scheduled trip",-22,5,27,291
"During scheduled trip",-16,80,96,291
"During scheduled trip",22,51,29,291
"During scheduled trip",21,42,21,291
"During scheduled trip",267,268,1,291
"During scheduled trip",367,389,22,291
"During scheduled trip",1167,1168,1,291
"During scheduled trip",1607,1623,16,291
"During scheduled trip",40,25364,25324,291
"During scheduled trip",21,529,508,291
"During scheduled trip",22,25425,25403,291
"During scheduled trip",-26,-19,7,291
"During scheduled trip",42,25341,25299,291
"During scheduled trip",287,315,28,291
"During scheduled trip",787,802,15,291
"During scheduled trip",8,126,118,291
"During scheduled trip",-19,22,41,291
"During scheduled trip",26,89,63,291
"During scheduled trip",26,158,132,291
"During scheduled trip",18,81,63,291
"During scheduled trip",28,97,69,291
"During scheduled trip",27,170,143,291
"During scheduled trip",-30,-16,14,291
"During scheduled trip",40,25293,25253,291
"During scheduled trip",-13,-6,7,291
"During scheduled trip",22,157,135,291
"During scheduled trip",8,120,112,291
"During scheduled trip",-17,33,50,291
"During scheduled trip",-21,-12,9,291
"During scheduled trip",-26,6,32,291
"During scheduled trip",16,50,34,291
"During scheduled trip",21,25269,25248,291
"During scheduled trip",327,343,16,291
"During scheduled trip",19,170,151,291
"During scheduled trip",28,220,192,291
"During scheduled trip",-13,72,85,291
"During scheduled trip",-26,-14,12,291
"During scheduled trip",-17,118,135,291
"During scheduled trip",-16,-2,14,291
"During scheduled trip",47,49,2,291
"During scheduled trip",29,79,50,291
"During scheduled trip",28,156,128,291
"During scheduled trip",28,91,63,291
"During scheduled trip",17,79,62,291
"During scheduled trip",-14,17,31,291
"During scheduled trip",18,55,37,291
"During scheduled trip",547,578,31,291
"During scheduled trip",1287,1315,28,291
"During scheduled trip",8,251,243,291
"During scheduled trip",8,45,37,291
"During scheduled trip",22,277,255,291
"During scheduled trip",28,89,61,291
"During scheduled trip",18,114,96,291
"During scheduled trip",-21,-9,12,291
"During scheduled trip",267,274,7,291
"During scheduled trip",18,102,84,291
"During scheduled trip",8,102,94,291
"During scheduled trip",-23,17,40,291
"During scheduled trip",16,118,102,291
"During scheduled trip",42,25327,25285,291
"During scheduled trip",22,25445,25423,291
"During scheduled trip",28,124,96,291
"During scheduled trip",21,281,260,291
"During scheduled trip",16,111,95,291
"During scheduled trip",16,141,125,291
"During scheduled trip",-24,-11,13,291
"During scheduled trip",-17,1,18,291
"During scheduled trip",-22,32,54,291
"During scheduled trip",28,38,10,291
"During scheduled trip",22,52,30,291
"During scheduled trip",41,41,0,291
"During scheduled trip",-14,81,95,291
"During scheduled trip",17,49,32,291
"During scheduled trip",19,19,0,291
"During scheduled trip",42,25348,25306,291
"During scheduled trip",-13,19,32,291
"During scheduled trip",18,52,34,291
"During scheduled trip",247,278,31,291
"During scheduled trip",1647,1663,16,291
"During scheduled trip",8,93,85,291
"During scheduled trip",-16,35,51,291
"During scheduled trip",27,55,28,291
"During scheduled trip",17,51,34,291
"During scheduled trip",247,275,28,291
"During scheduled trip",747,748,1,291
"During scheduled trip",1787,1803,16,291
"During scheduled trip",27,608,581,291
"During scheduled trip",16,125,109,291
"During scheduled trip",16,311,295,291
"During scheduled trip",-23,12,35,291
"During scheduled trip",16,58,42,291
"During scheduled trip",307,323,16,291
"During scheduled trip",807,823,16,291
"During scheduled trip",18,138,120,291
"During scheduled trip",8,149,141,291
"During scheduled trip",-21,2,23,291
"During scheduled trip",-30,-2,28,291
"During scheduled trip",-29,26,55,291
"During scheduled trip",8,56,48,291
"During scheduled trip",28,68,40,291
"During scheduled trip",17,94,77,291
"During scheduled trip",-21,8,29,291
"During scheduled trip",707,730,23,291
"During scheduled trip",727,750,23,291
"During scheduled trip",19,64,45,291
"During scheduled trip",19,148,129,291
"During scheduled trip",27,113,86,291
"During scheduled trip",28,170,142,291
"During scheduled trip",-23,2,25,291
"During scheduled trip",-28,19,47,291
"During scheduled trip",527,549,22,291
"During scheduled trip",567,595,28,291
"During scheduled trip",18,211,193,291
"During scheduled trip",19,91,72,291
"During scheduled trip",-13,14,27,291
"During scheduled trip",-14,59,73,291
"During scheduled trip",29,57,28,291
"During scheduled trip",41,25290,25249,291
"During scheduled trip",40,25351,25311,291
"During scheduled trip",40,25302,25262,291
"During scheduled trip",17,110,93,291
"During scheduled trip",-14,36,50,291
"During scheduled trip",-22,30,52,291
"During scheduled trip",-23,5,28,291
"During scheduled trip",-18,18,36,291
"During scheduled trip",-26,-11,15,291
"During scheduled trip",-24,24,48,291
"During scheduled trip",42,25501,25459,291
"During scheduled trip",-15,-1,14,291
"During scheduled trip",29,81,52,291
"During scheduled trip",22,82,60,291
"During scheduled trip",-19,-1,18,291
"During scheduled trip",-27,31,58,291
"During scheduled trip",-19,-12,7,291
"During scheduled trip",42,25373,25331,291
"During scheduled trip",427,434,7,291
"During scheduled trip",22,87,65,291
"During scheduled trip",207,238,31,291
"During scheduled trip",207,208,1,291
"During scheduled trip",667,695,28,291
"During scheduled trip",1027,1028,1,291
"During scheduled trip",19,162,143,291
"During scheduled trip",16,129,113,291
"During scheduled trip",22,239,217,291
"During scheduled trip",29,143,114,291
"During scheduled trip",-18,16,34,291
"During scheduled trip",-18,-1,17,291
"During scheduled trip",-29,4,33,291
"During scheduled trip",-28,28,56,291
"During scheduled trip",-14,53,67,291
"During scheduled trip",17,25,8,291
"During scheduled trip",19,43,24,291
"During scheduled trip",17,48,31,291
"During scheduled trip",27,38,11,291
"During scheduled trip",27,63,36,291
"During scheduled trip",447,454,7,291
"During scheduled trip",21,227,206,291
"During scheduled trip",-20,40,60,291
"During scheduled trip",17,58,41,291
"During scheduled trip",387,410,23,291
"During scheduled trip",527,542,15,291
"During scheduled trip",18,67,49,291
"During scheduled trip",19,388,369,291
"During scheduled trip",29,261,232,291
"During scheduled trip",-15,26,41,291
"During scheduled trip",-17,45,62,291
"During scheduled trip",-29,-18,11,291
"During scheduled trip",87,107,20,291
"During scheduled trip",447,478,31,291
"During scheduled trip",2067,2083,16,291
"During scheduled trip",27,117,90,291
"During scheduled trip",22,99,77,291
"During scheduled trip",29,77,48,291
"During scheduled trip",22,103,81,291
"During scheduled trip",-24,32,56,291
"During scheduled trip",-16,34,50,291
"During scheduled trip",-17,55,72,291
"During scheduled trip",-25,-15,10,291
"During scheduled trip",-20,68,88,291
"During scheduled trip",647,654,7,291
"During scheduled trip",-22,40,62,291
"During scheduled trip",-26,21,47,291
"During scheduled trip",-13,28,41,291
"During scheduled trip",1187,1203,16,291
"During scheduled trip",-16,16,32,291
"During scheduled trip",-20,26,46,291
"During scheduled trip",42,25425,25383,291
"During scheduled trip",29,88,59,291
"During scheduled trip",-14,24,38,291
"During scheduled trip",-17,6,23,291
"During scheduled trip",-27,-14,13,291
"During scheduled trip",-23,23,46,291
"During scheduled trip",22,50,28,291
"During scheduled trip",8,22,14,291
"During scheduled trip",26,40,14,291
"During scheduled trip",40,25426,25386,291
"During scheduled trip",-15,46,61,291
"During scheduled trip",-28,21,49,291
"During scheduled trip",16,36,20,291
"During scheduled trip",8,55,47,291
"During scheduled trip",22,25423,25401,291
"During scheduled trip",767,768,1,291
"During scheduled trip",1467,1495,28,291
"During scheduled trip",28,81,53,291
"During scheduled trip",-22,10,32,291
"During scheduled trip",17,32,15,291
"During scheduled trip",19,71,52,291
"During scheduled trip",727,743,16,291
"During scheduled trip",8,78,70,291
"During scheduled trip",21,88,67,291
"During scheduled trip",-27,15,42,291
"During scheduled trip",-30,21,51,291
"During scheduled trip",16,101,85,291
"During scheduled trip",307,308,1,291
"During scheduled trip",447,463,16,291
"During scheduled trip",527,555,28,291
"During scheduled trip",987,998,11,291
"During scheduled trip",17,70,53,291
"During scheduled trip",19,198,179,291
"During scheduled trip",-30,-19,11,291
"During scheduled trip",40,25310,25270,291
"During scheduled trip",40,25348,25308,291
"During scheduled trip",607,622,15,291
"During scheduled trip",607,618,11,291
"During scheduled trip",22,25409,25387,291
"During scheduled trip",18,76,58,291
"During scheduled trip",19,164,145,291
"During scheduled trip",26,202,176,291
"During scheduled trip",16,96,80,291
"During scheduled trip",-13,23,36,291
"During scheduled trip",-17,-5,12,291
"During scheduled trip",-27,26,53,291
"During scheduled trip",-26,9,35,291
"During scheduled trip",-14,139,153,291
"During scheduled trip",-14,318,332,291
"During scheduled trip",8,28,20,291
"During scheduled trip",28,44,16,291
"During scheduled trip",21,51,30,291
"During scheduled trip",40,25416,25376,291
"During scheduled trip",17,72,55,291
"During scheduled trip",27,352,325,291
"During scheduled trip",19,25,6,291
"During scheduled trip",22,42,20,291
"During scheduled trip",287,318,31,291
"During scheduled trip",18,411,393,291
"During scheduled trip",21,117,96,291
"During scheduled trip",21,116,95,291
"During scheduled trip",-15,243,258,291
"During scheduled trip",-30,5,35,291
"During scheduled trip",40,25465,25425,291
"During scheduled trip",16,144,128,291
"During scheduled trip",-20,-6,14,291
"During scheduled trip",16,19,3,291
"During scheduled trip",27,36,9,291
"During scheduled trip",22,25460,25438,291
"During scheduled trip",19,83,64,291
"During scheduled trip",8,21,13,291
"During scheduled trip",17,26,9,291
"During scheduled trip",107,118,11,291
"During scheduled trip",567,575,8,291
"During scheduled trip",587,594,7,291
"During scheduled trip",19,74,55,291
"During scheduled trip",27,37,10,291
"During scheduled trip",63,25432,25369,291
"During scheduled trip",21,25289,25268,291
"During scheduled trip",41,25296,25255,291
"During scheduled trip",-13,13,26,291
"During scheduled trip",567,598,31,291
"During scheduled trip",29,296,267,291
"During scheduled trip",-22,-3,19,291
"During scheduled trip",-29,28,57,291
"During scheduled trip",-28,-15,13,291
"During scheduled trip",40,25422,25382,291
"During scheduled trip",347,378,31,291
"During scheduled trip",19,257,238,291
"During scheduled trip",16,617,601,291
"During scheduled trip",8,99,91,291
"During scheduled trip",-15,7,22,291
"During scheduled trip",-20,141,161,291
"During scheduled trip",21,35,14,291
"During scheduled trip",607,638,31,291
"During scheduled trip",787,795,8,291
"During scheduled trip",26,513,487,291
"During scheduled trip",-29,8,37,291
"During scheduled trip",8,100,92,291
"During scheduled trip",19,79,60,291
"During scheduled trip",22,25479,25457,291
"During scheduled trip",16,120,104,291
"During scheduled trip",8,89,81,291
"During scheduled trip",-27,28,55,291
"During scheduled trip",-29,15,44,291
"During scheduled trip",-26,2,28,291
"During scheduled trip",-26,-21,5,291
"During scheduled trip",42,42,0,291
"During scheduled trip",18,51,33,291
"During scheduled trip",40,25331,25291,291
"During scheduled trip",22,25369,25347,291
"During scheduled trip",567,587,20,291
"During scheduled trip",847,855,8,291
"During scheduled trip",-13,517328,517341,291
"During scheduled trip",-16,7,23,291
"During scheduled trip",-14,23,37,291
"During scheduled trip",42,25404,25362,291
"During scheduled trip",16,77,61,291
"During scheduled trip",747,763,16,291
"During scheduled trip",21,136,115,291
"During scheduled trip",18,88,70,291
"During scheduled trip",29,218,189,291
"During scheduled trip",-22,11,33,291
"During scheduled trip",-25,-7,18,291
"During scheduled trip",28,34,6,291
"During scheduled trip",21,49,28,291
"During scheduled trip",8,183,175,291
"During scheduled trip",87,94,7,291
"During scheduled trip",16,69,53,291
"During scheduled trip",18,78,60,291
"During scheduled trip",26,94,68,291
"During scheduled trip",16,98,82,291
"During scheduled trip",-14,-13,1,291
"During scheduled trip",22,56,34,291
"During scheduled trip",22,25289,25267,291
"During scheduled trip",8,64,56,291
"During scheduled trip",22,654,632,291
"During scheduled trip",17,461,444,291
"During scheduled trip",17,107,90,291
"During scheduled trip",-20,9,29,291
"During scheduled trip",-21,32,53,291
"During scheduled trip",-21,-16,5,291
"During scheduled trip",8,38,30,291
"During scheduled trip",22,25388,25366,291
"During scheduled trip",667,698,31,291
"During scheduled trip",21,72,51,291
"During scheduled trip",-21,-1,20,291
"During scheduled trip",-30,-12,18,291
"During scheduled trip",8,27,19,291
"During scheduled trip",21,25412,25391,291
"During scheduled trip",-13,518208,518221,291
"During scheduled trip",27,76,49,291
"During scheduled trip",17,353,336,291
"During scheduled trip",22,131,109,291
"During scheduled trip",-22,0,22,291
"During scheduled trip",-23,-16,7,291
"During scheduled trip",67,75,8,291
"During scheduled trip",27,126,99,291
"During scheduled trip",-18,17,35,291
"During scheduled trip",-19,44,63,291
"During scheduled trip",40,25316,25276,291
"During scheduled trip",26,74,48,291
"During scheduled trip",22,25383,25361,291
"During scheduled trip",227,258,31,291
"During scheduled trip",-15,10,25,291
"During scheduled trip",-15,27,42,291
"During scheduled trip",-21,-4,17,291
"During scheduled trip",-28,-4,24,291
"During scheduled trip",40,25278,25238,291
"During scheduled trip",22,25397,25375,291
"During scheduled trip",21,64,43,291
"During scheduled trip",-16,19,35,291
"During scheduled trip",19,281,262,291
"During scheduled trip",22,174,152,291
"During scheduled trip",-26,-8,18,291
"During scheduled trip",-24,-17,7,291
"During scheduled trip",1307,1308,1,291
"During scheduled trip",19,253,234,291
"During scheduled trip",22,64,42,291
"During scheduled trip",8,67,59,291
"During scheduled trip",-16,41,57,291
"During scheduled trip",-17,43,60,291
"During scheduled trip",-27,29,56,291
"During scheduled trip",-13,22,35,291
"During scheduled trip",967,983,16,291
"During scheduled trip",19,231,212,291
"During scheduled trip",19,80,61,291
"During scheduled trip",18,71,53,291
"During scheduled trip",27,143,116,291
"During scheduled trip",-25,-5,20,291
"During scheduled trip",-25,12,37,291
"During scheduled trip",22,53,31,291
"During scheduled trip",42,25385,25343,291
"During scheduled trip",18,72,54,291
"During scheduled trip",327,338,11,291
"During scheduled trip",1747,1763,16,291
"During scheduled trip",27,114,87,291
"During scheduled trip",29,116,87,291
"During scheduled trip",-13,-4,9,291
"During scheduled trip",1147,1148,1,291
"During scheduled trip",1347,1363,16,291
"During scheduled trip",21,74,53,291
"During scheduled trip",26,105,79,291
"During scheduled trip",27,78,51,291
"During scheduled trip",27,125,98,291
"During scheduled trip",-21,1,22,291
"During scheduled trip",42,25295,25253,291
"During scheduled trip",107,122,15,291
"During scheduled trip",167,182,15,291
"During scheduled trip",27,68,41,291
"During scheduled trip",26,120,94,291
"During scheduled trip",16,238,222,291
"During scheduled trip",-24,-6,18,291
"During scheduled trip",-18,-9,9,291
"During scheduled trip",16,44,28,291
"During scheduled trip",21,25362,25341,291
"During scheduled trip",22,25410,25388,291
"During scheduled trip",47,70,23,291
"During scheduled trip",427,458,31,291
"During scheduled trip",-13,31,44,291
"During scheduled trip",-17,20,37,291
"During scheduled trip",-28,-2,26,291
"During scheduled trip",19,48,29,291
"During scheduled trip",347,375,28,291
"During scheduled trip",487,509,22,291
"During scheduled trip",507,535,28,291
"During scheduled trip",807,822,15,291
"During scheduled trip",27,108,81,291
"During scheduled trip",-21,7,28,291
"During scheduled trip",-27,32,59,291
"During scheduled trip",-30,6,36,291
"During scheduled trip",-26,26,52,291
"During scheduled trip",22,36,14,291
"During scheduled trip",22,25327,25305,291
"During scheduled trip",-13,40,53,291
"During scheduled trip",8,337,329,291
"During scheduled trip",21,258,237,291
"During scheduled trip",-13,47,60,291
"During scheduled trip",-30,-4,26,291
"During scheduled trip",18,29,11,291
"During scheduled trip",-13,11,24,291
"During scheduled trip",26,201,175,291
"During scheduled trip",387,394,7,291
"During scheduled trip",667,668,1,291
"During scheduled trip",18,115,97,291
"During scheduled trip",18,223,205,291
"During scheduled trip",8,136,128,291
"During scheduled trip",22,90,68,291
"During scheduled trip",-13,4,17,291
"During scheduled trip",-21,4,25,291
"During scheduled trip",-29,10,39,291
"During scheduled trip",-21,25,46,291
"During scheduled trip",18,31,13,291
"During scheduled trip",29,53,24,291
"During scheduled trip",29,41,12,291
"During scheduled trip",19,199,180,291
"During scheduled trip",-23,-10,13,291
"During scheduled trip",-26,24,50,291
"During scheduled trip",21,47,26,291
"During scheduled trip",627,658,31,291
"During scheduled trip",16,85,69,291
"During scheduled trip",22,25457,25435,291
"During scheduled trip",8,86,78,291
"During scheduled trip",827,843,16,291
"During scheduled trip",28,96,68,291
"During scheduled trip",18,116,98,291
"During scheduled trip",21,365,344,291
"During scheduled trip",-22,25,47,291
"During scheduled trip",26,37,11,291
"During scheduled trip",-24,22,46,291
"During scheduled trip",-24,12,36,291
"During scheduled trip",167,183,16,291
"During scheduled trip",727,742,15,291
"During scheduled trip",22,501,479,291
"During scheduled trip",16,80,64,291
"During scheduled trip",21,97,76,291
"During scheduled trip",17,581,564,291
"During scheduled trip",26,84,58,291
"During scheduled trip",-14,19,33,291
"During scheduled trip",-25,-21,4,291
"During scheduled trip",-14,64,78,291
"During scheduled trip",21,25380,25359,291
"During scheduled trip",40,25341,25301,291
"During scheduled trip",487,503,16,291
"During scheduled trip",26,153,127,291
"During scheduled trip",19,89,70,291
"During scheduled trip",-20,4,24,291
"During scheduled trip",-30,9,39,291
"During scheduled trip",-30,-23,7,291
"During scheduled trip",42,25323,25281,291
"During scheduled trip",-16,1591,1607,291
"During scheduled trip",707,722,15,291
"During scheduled trip",1267,1283,16,291
"During scheduled trip",29,68,39,291
"During scheduled trip",28,134,106,291
"During scheduled trip",27,87,60,291
"During scheduled trip",8,162,154,291
"During scheduled trip",21,24,3,291
"During scheduled trip",-16,-4,12,291
"During scheduled trip",29,76,47,291
"During scheduled trip",-25,-2,23,291
"During scheduled trip",17,28,11,291
"During scheduled trip",22,561,539,291
"During scheduled trip",8,363,355,291
"During scheduled trip",-13,6,19,291
"During scheduled trip",27,31,4,291
"During scheduled trip",27,52,25,291
"During scheduled trip",67,74,7,291
"During scheduled trip",87,95,8,291
"During scheduled trip",21,127,106,291
"During scheduled trip",16,89,73,291
"During scheduled trip",-17,9,26,291
"During scheduled trip",-30,14,44,291
"During scheduled trip",18,18,0,291
"During scheduled trip",-14,-2,12,291
"During scheduled trip",42,25347,25305,291
"During scheduled trip",407,418,11,291
"During scheduled trip",607,608,1,291
"During scheduled trip",18,377,359,291
"During scheduled trip",29,45,16,291
"During scheduled trip",21,589,568,291
"During scheduled trip",18,343,325,291
"During scheduled trip",-15,14,29,291
"During scheduled trip",-27,8,35,291
"During scheduled trip",-27,18,45,291
"During scheduled trip",-14,338,352,291
"During scheduled trip",17,19,2,291
"During scheduled trip",-14,-12,2,291
"During scheduled trip",26,45,19,291
"During scheduled trip",927,935,8,291
"During scheduled trip",1587,1615,28,291
"During scheduled trip",28,391,363,291
"During scheduled trip",21,161,140,291
"During scheduled trip",-16,20,36,291
"During scheduled trip",8,118,110,291
"During scheduled trip",-26,3,29,291
"During scheduled trip",-17,-8,9,291
"During scheduled trip",22,25333,25311,291
"During scheduled trip",-16,9,25,291
"During scheduled trip",-19,-9,10,291
"During scheduled trip",17,141,124,291
"During scheduled trip",-20,22,42,291
"During scheduled trip",17,30,13,291
"During scheduled trip",-24,23,47,291
"During scheduled trip",-24,13,37,291
"During scheduled trip",8,470,462,291
"During scheduled trip",-15,22,37,291
"During scheduled trip",-29,-23,6,291
"During scheduled trip",22,30,8,291
"During scheduled trip",27,34,7,291
"During scheduled trip",-14,-9,5,291
"During scheduled trip",41,25379,25338,291
"During scheduled trip",22,25401,25379,291
"During scheduled trip",27,89,62,291
"During scheduled trip",307,315,8,291
"During scheduled trip",1267,1295,28,291
"During scheduled trip",16,157,141,291
"During scheduled trip",8,96,88,291
"During scheduled trip",-22,14,36,291
"During scheduled trip",-17,80,97,291
"During scheduled trip",-28,-13,15,291
"During scheduled trip",28,36,8,291
"During scheduled trip",227,238,11,291
"During scheduled trip",21,75,54,291
"During scheduled trip",-19,21,40,291
"During scheduled trip",-22,8,30,291
"During scheduled trip",-23,21,44,291
"During scheduled trip",-30,4,34,291
"During scheduled trip",-25,-9,16,291
"During scheduled trip",26,31,5,291
"During scheduled trip",22,37,15,291
"During scheduled trip",22,25382,25360,291
"During scheduled trip",107,127,20,291
"During scheduled trip",547,570,23,291
"During scheduled trip",26,173,147,291
"During scheduled trip",19,60,41,291
"During scheduled trip",29,80,51,291
"During scheduled trip",8,84,76,291
"During scheduled trip",-19,7,26,291
"During scheduled trip",-19,20,39,291
"During scheduled trip",26,110,84,291
"During scheduled trip",-15,8,23,291
"During scheduled trip",-14,78,92,291
"During scheduled trip",22,25349,25327,291
"During scheduled trip",19,47,28,291
"During scheduled trip",19,53,34,291
"During scheduled trip",247,270,23,291
"During scheduled trip",687,688,1,291
"During scheduled trip",19,331,312,291
"During scheduled trip",28,93,65,291
"During scheduled trip",-21,45,66,291
"During scheduled trip",-30,10,40,291
"During scheduled trip",-25,-8,17,291
"During scheduled trip",8,12,4,291
"During scheduled trip",26,35,9,291
"During scheduled trip",22,23,1,291
"During scheduled trip",127,134,7,291
"During scheduled trip",807,808,1,291
"During scheduled trip",-17,41,58,291
"During scheduled trip",18,42,24,291
"During scheduled trip",17,29,12,291
"During scheduled trip",18,41,23,291
"During scheduled trip",41,25441,25400,291
"During scheduled trip",8,410,402,291
"During scheduled trip",1027,1038,11,291
"During scheduled trip",22,199,177,291
"During scheduled trip",21,60,39,291
"During scheduled trip",-29,27,56,291
"During scheduled trip",18,45,27,291
"During scheduled trip",21,44,23,291
"During scheduled trip",21,25287,25266,291
"During scheduled trip",41,25309,25268,291
"During scheduled trip",-24,-7,17,291
"During scheduled trip",-19,32,51,291
"During scheduled trip",-22,3,25,291
"During scheduled trip",-21,22,43,291
"During scheduled trip",-30,-7,23,291
"During scheduled trip",-29,-11,18,291
"During scheduled trip",-30,16,46,291
"During scheduled trip",26,36,10,291
"During scheduled trip",42,25311,25269,291
"During scheduled trip",1447,1475,28,291
"During scheduled trip",17,61,44,291
"During scheduled trip",26,101,75,291
"During scheduled trip",16,132,116,291
"During scheduled trip",-14,26,40,291
"During scheduled trip",-17,27,44,291
"During scheduled trip",-30,-21,9,291
"During scheduled trip",-25,20,45,291
"During scheduled trip",29,64,35,291
"During scheduled trip",22,89,67,291
"During scheduled trip",527,535,8,291
"During scheduled trip",27,451,424,291
"During scheduled trip",18,59,41,291
"During scheduled trip",8,411,403,291
"During scheduled trip",8,147,139,291
"During scheduled trip",-23,16,39,291
"During scheduled trip",18,25,7,291
"During scheduled trip",827,835,8,291
"During scheduled trip",17,90,73,291
"During scheduled trip",-15,-2,13,291
"During scheduled trip",18,60,42,291
"During scheduled trip",-15,15,30,291
"During scheduled trip",8,16,8,291
"During scheduled trip",16,25,9,291
"During scheduled trip",1707,1735,28,291
"During scheduled trip",1847,1863,16,291
"During scheduled trip",26,99,73,291
"During scheduled trip",21,450,429,291
"During scheduled trip",-22,7,29,291
"During scheduled trip",247,254,7,291
"During scheduled trip",467,478,11,291
"During scheduled trip",867,898,31,291
"During scheduled trip",887,903,16,291
"During scheduled trip",16,64,48,291
"During scheduled trip",-14,-6,8,291
"During scheduled trip",-20,-7,13,291
"During scheduled trip",-18,15,33,291
"During scheduled trip",-27,14,41,291
"During scheduled trip",-21,26,47,291
"During scheduled trip",42,25424,25382,291
"During scheduled trip",21,149,128,291
"During scheduled trip",18,69,51,291
"During scheduled trip",-30,-11,19,291
"During scheduled trip",-23,42,65,291
"During scheduled trip",-14,-1,13,291
"During scheduled trip",-13,1,14,291
"During scheduled trip",41,25307,25266,291
"During scheduled trip",22,58,36,291
"During scheduled trip",107,115,8,291
"During scheduled trip",587,610,23,291
"During scheduled trip",28,109,81,291
"During scheduled trip",-14,8,22,291
"During scheduled trip",-22,4,26,291
"During scheduled trip",-27,22,49,291
"During scheduled trip",-21,-10,11,291
"During scheduled trip",28,41,13,291
"During scheduled trip",527,528,1,291
"During scheduled trip",16,73,57,291
"During scheduled trip",27,511,484,291
"During scheduled trip",22,25413,25391,291
"During scheduled trip",18,91,73,291
"During scheduled trip",16,135,119,291
"During scheduled trip",-15,35,50,291
"During scheduled trip",-20,30,50,291
"During scheduled trip",29,52,23,291
"During scheduled trip",26,261,235,291
"During scheduled trip",47,67,20,291
"During scheduled trip",107,138,31,291
"During scheduled trip",16,254,238,291
"During scheduled trip",8,75,67,291
"During scheduled trip",16,94,78,291
"During scheduled trip",27,127,100,291
"During scheduled trip",-13,9,22,291
"During scheduled trip",-21,15,36,291
"During scheduled trip",-18,45,63,291
"During scheduled trip",447,470,23,291
"During scheduled trip",947,975,28,291
"During scheduled trip",19,59,40,291
"During scheduled trip",-23,28,51,291
"During scheduled trip",19,41,22,291
"During scheduled trip",41,25432,25391,291
"During scheduled trip",17,59,42,291
"During scheduled trip",22,139,117,291
"During scheduled trip",16,75,59,291
"During scheduled trip",21,81,60,291
"During scheduled trip",22,204,182,291
"During scheduled trip",-24,1,25,291
"During scheduled trip",-18,-4,14,291
"During scheduled trip",28,51,23,291
"During scheduled trip",21,25276,25255,291
"During scheduled trip",207,230,23,291
"During scheduled trip",21,73,52,291
"During scheduled trip",8,50,42,291
"During scheduled trip",28,74,46,291
"During scheduled trip",-20,17,37,291
"During scheduled trip",-24,-10,14,291
"Post scheduled trip end time",8,14,6,4020.5
"Post scheduled trip end time",19,50,31,4020.5
"Post scheduled trip end time",947,949,2,4020.5
"Post scheduled trip end time",967,983,16,4020.5
"Post scheduled trip end time",1087,1127,40,4020.5
"Post scheduled trip end time",1427,1467,40,4020.5
"Post scheduled trip end time",1527,1558,31,4020.5
"Post scheduled trip end time",8,311,303,4020.5
"Post scheduled trip end time",8,1638,1630,4020.5
"Post scheduled trip end time",-14,32,46,4020.5
"Post scheduled trip end time",40,25301,25261,4020.5
"Post scheduled trip end time",22,35,13,4020.5
"Post scheduled trip end time",18,39,21,4020.5
"Post scheduled trip end time",327,329,2,4020.5
"Post scheduled trip end time",887,903,16,4020.5
"Post scheduled trip end time",1087,1110,23,4020.5
"Post scheduled trip end time",1507,1538,31,4020.5
"Post scheduled trip end time",2227,2228,1,4020.5
"Post scheduled trip end time",19,59,40,4020.5
"Post scheduled trip end time",28,76,48,4020.5
"Post scheduled trip end time",19,42,23,4020.5
"Post scheduled trip end time",19,328,309,4020.5
"Post scheduled trip end time",607,622,15,4020.5
"Post scheduled trip end time",947,963,16,4020.5
"Post scheduled trip end time",1007,1015,8,4020.5
"Post scheduled trip end time",1507,1524,17,4020.5
"Post scheduled trip end time",1587,1598,11,4020.5
"Post scheduled trip end time",2227,2244,17,4020.5
"Post scheduled trip end time",-14,-9,5,4020.5
"Post scheduled trip end time",28,102,74,4020.5
"Post scheduled trip end time",29,122,93,4020.5
"Post scheduled trip end time",-13,4,17,4020.5
"Post scheduled trip end time",-25,5,30,4020.5
"Post scheduled trip end time",27,53,26,4020.5
"Post scheduled trip end time",17,32,15,4020.5
"Post scheduled trip end time",1187,1189,2,4020.5
"Post scheduled trip end time",2067,2088,21,4020.5
"Post scheduled trip end time",2447,2462,15,4020.5
"Post scheduled trip end time",2667,2669,2,4020.5
"Post scheduled trip end time",18,222,204,4020.5
"Post scheduled trip end time",22,76,54,4020.5
"Post scheduled trip end time",-15,7241,7256,4020.5
"Post scheduled trip end time",647,668,21,4020.5
"Post scheduled trip end time",1267,1283,16,4020.5
"Post scheduled trip end time",1587,1588,1,4020.5
"Post scheduled trip end time",2827,2834,7,4020.5
"Post scheduled trip end time",27,44,17,4020.5
"Post scheduled trip end time",447,461,14,4020.5
"Post scheduled trip end time",1507,1518,11,4020.5
"Post scheduled trip end time",1847,1855,8,4020.5
"Post scheduled trip end time",2327,2349,22,4020.5
"Post scheduled trip end time",17,54,37,4020.5
"Post scheduled trip end time",17,45,28,4020.5
"Post scheduled trip end time",2307,2324,17,4020.5
"Post scheduled trip end time",2887,2895,8,4020.5
"Post scheduled trip end time",17,342,325,4020.5
"Post scheduled trip end time",18,233,215,4020.5
"Post scheduled trip end time",18,293,275,4020.5
"Post scheduled trip end time",16,102,86,4020.5
"Post scheduled trip end time",17,118,101,4020.5
"Post scheduled trip end time",-13,20,33,4020.5
"Post scheduled trip end time",-15,17,32,4020.5
"Post scheduled trip end time",21,28,7,4020.5
"Post scheduled trip end time",22,51,29,4020.5
"Post scheduled trip end time",27,51,24,4020.5
"Post scheduled trip end time",27,424,397,4020.5
"Post scheduled trip end time",907,923,16,4020.5
"Post scheduled trip end time",927,943,16,4020.5
"Post scheduled trip end time",1207,1218,11,4020.5
"Post scheduled trip end time",1287,1310,23,4020.5
"Post scheduled trip end time",1507,1547,40,4020.5
"Post scheduled trip end time",1567,1587,20,4020.5
"Post scheduled trip end time",1667,1698,31,4020.5
"Post scheduled trip end time",1807,1829,22,4020.5
"Post scheduled trip end time",2447,2454,7,4020.5
"Post scheduled trip end time",2747,2775,28,4020.5
"Post scheduled trip end time",28,262,234,4020.5
"Post scheduled trip end time",-23,-6,17,4020.5
"Post scheduled trip end time",16,22,6,4020.5
"Post scheduled trip end time",987,1008,21,4020.5
"Post scheduled trip end time",1547,1549,2,4020.5
"Post scheduled trip end time",2227,2255,28,4020.5
"Post scheduled trip end time",2747,2767,20,4020.5
"Post scheduled trip end time",28,66,38,4020.5
"Post scheduled trip end time",22,147,125,4020.5
"Post scheduled trip end time",28,128,100,4020.5
"Post scheduled trip end time",-13,5721,5734,4020.5
"Post scheduled trip end time",16,50,34,4020.5
"Post scheduled trip end time",867,884,17,4020.5
"Post scheduled trip end time",19,113,94,4020.5
"Post scheduled trip end time",8,62,54,4020.5
"Post scheduled trip end time",-14,17,31,4020.5
"Post scheduled trip end time",8,224,216,4020.5
"Post scheduled trip end time",287,327,40,4020.5
"Post scheduled trip end time",1307,1321,14,4020.5
"Post scheduled trip end time",1407,1422,15,4020.5
"Post scheduled trip end time",2087,2102,15,4020.5
"Post scheduled trip end time",-15,29,44,4020.5
"Post scheduled trip end time",-22,-12,10,4020.5
"Post scheduled trip end time",827,841,14,4020.5
"Post scheduled trip end time",1047,1049,2,4020.5
"Post scheduled trip end time",1067,1074,7,4020.5
"Post scheduled trip end time",2007,2009,2,4020.5
"Post scheduled trip end time",2747,2768,21,4020.5
"Post scheduled trip end time",18,241,223,4020.5
"Post scheduled trip end time",18,101,83,4020.5
"Post scheduled trip end time",17,80,63,4020.5
"Post scheduled trip end time",27,81,54,4020.5
"Post scheduled trip end time",19,87,68,4020.5
"Post scheduled trip end time",-21,-8,13,4020.5
"Post scheduled trip end time",-23,3,26,4020.5
"Post scheduled trip end time",28,495,467,4020.5
"Post scheduled trip end time",207,221,14,4020.5
"Post scheduled trip end time",2087,2089,2,4020.5
"Post scheduled trip end time",2587,2615,28,4020.5
"Post scheduled trip end time",18,66,48,4020.5
"Post scheduled trip end time",16,80,64,4020.5
"Post scheduled trip end time",22,283,261,4020.5
"Post scheduled trip end time",-30,-4,26,4020.5
"Post scheduled trip end time",-24,1,25,4020.5
"Post scheduled trip end time",2567,2582,15,4020.5
"Post scheduled trip end time",2587,2608,21,4020.5
"Post scheduled trip end time",2667,2707,40,4020.5
"Post scheduled trip end time",8,1038,1030,4020.5
"Post scheduled trip end time",27,47,20,4020.5
"Post scheduled trip end time",1767,1768,1,4020.5
"Post scheduled trip end time",1907,1909,2,4020.5
"Post scheduled trip end time",27,202,175,4020.5
"Post scheduled trip end time",21,68,47,4020.5
"Post scheduled trip end time",19,20,1,4020.5
"Post scheduled trip end time",8,13,5,4020.5
"Post scheduled trip end time",21,387,366,4020.5
"Post scheduled trip end time",987,989,2,4020.5
"Post scheduled trip end time",2487,2502,15,4020.5
"Post scheduled trip end time",16,118,102,4020.5
"Post scheduled trip end time",28,101,73,4020.5
"Post scheduled trip end time",18,300,282,4020.5
"Post scheduled trip end time",27,73,46,4020.5
"Post scheduled trip end time",17,93,76,4020.5
"Post scheduled trip end time",8,88,80,4020.5
"Post scheduled trip end time",-19,14,33,4020.5
"Post scheduled trip end time",21,40,19,4020.5
"Post scheduled trip end time",27,42,15,4020.5
"Post scheduled trip end time",18,264,246,4020.5
"Post scheduled trip end time",767,782,15,4020.5
"Post scheduled trip end time",1127,1143,16,4020.5
"Post scheduled trip end time",2487,2508,21,4020.5
"Post scheduled trip end time",-18,3,21,4020.5
"Post scheduled trip end time",-29,5,34,4020.5
"Post scheduled trip end time",-17,-7,10,4020.5
"Post scheduled trip end time",-19,-1,18,4020.5
"Post scheduled trip end time",16,32,16,4020.5
"Post scheduled trip end time",1087,1094,7,4020.5
"Post scheduled trip end time",1327,1348,21,4020.5
"Post scheduled trip end time",26,95,69,4020.5
"Post scheduled trip end time",19,418,399,4020.5
"Post scheduled trip end time",-19,-8,11,4020.5
"Post scheduled trip end time",19,43,24,4020.5
"Post scheduled trip end time",8,42,34,4020.5
"Post scheduled trip end time",387,404,17,4020.5
"Post scheduled trip end time",1367,1375,8,4020.5
"Post scheduled trip end time",2127,2167,40,4020.5
"Post scheduled trip end time",2307,2330,23,4020.5
"Post scheduled trip end time",2567,2588,21,4020.5
"Post scheduled trip end time",26,158,132,4020.5
"Post scheduled trip end time",-13,-10,3,4020.5
"Post scheduled trip end time",167,184,17,4020.5
"Post scheduled trip end time",1727,1729,2,4020.5
"Post scheduled trip end time",2027,2058,31,4020.5
"Post scheduled trip end time",19,55,36,4020.5
"Post scheduled trip end time",21,70,49,4020.5
"Post scheduled trip end time",18,75,57,4020.5
"Post scheduled trip end time",26,70,44,4020.5
"Post scheduled trip end time",21,38,17,4020.5
"Post scheduled trip end time",28,488,460,4020.5
"Post scheduled trip end time",527,541,14,4020.5
"Post scheduled trip end time",2127,2150,23,4020.5
"Post scheduled trip end time",2247,2254,7,4020.5
"Post scheduled trip end time",-23,10,33,4020.5
"Post scheduled trip end time",47,62,15,4020.5
"Post scheduled trip end time",2547,2548,1,4020.5
"Post scheduled trip end time",2787,2802,15,4020.5
"Post scheduled trip end time",22,617,595,4020.5
"Post scheduled trip end time",18,1618,1600,4020.5
"Post scheduled trip end time",-28,5,33,4020.5
"Post scheduled trip end time",27,38,11,4020.5
"Post scheduled trip end time",-18,2070,2088,4020.5
"Post scheduled trip end time",787,789,2,4020.5
"Post scheduled trip end time",1387,1410,23,4020.5
"Post scheduled trip end time",1727,1755,28,4020.5
"Post scheduled trip end time",-26,13,39,4020.5
"Post scheduled trip end time",8,37,29,4020.5
"Post scheduled trip end time",22,50,28,4020.5
"Post scheduled trip end time",1867,1884,17,4020.5
"Post scheduled trip end time",2447,2448,1,4020.5
"Post scheduled trip end time",19,110,91,4020.5
"Post scheduled trip end time",-20,26,46,4020.5
"Post scheduled trip end time",-17,4,21,4020.5
"Post scheduled trip end time",22,43,21,4020.5
"Post scheduled trip end time",18,388,370,4020.5
"Post scheduled trip end time",387,407,20,4020.5
"Post scheduled trip end time",1147,1178,31,4020.5
"Post scheduled trip end time",2787,2788,1,4020.5
"Post scheduled trip end time",16,52,36,4020.5
"Post scheduled trip end time",-21,4,25,4020.5
"Post scheduled trip end time",16,47,31,4020.5
"Post scheduled trip end time",22,312,290,4020.5
"Post scheduled trip end time",26,155,129,4020.5
"Post scheduled trip end time",22,126,104,4020.5
"Post scheduled trip end time",1747,1762,15,4020.5
"Post scheduled trip end time",2567,2568,1,4020.5
"Post scheduled trip end time",29,211,182,4020.5
"Post scheduled trip end time",21,43,22,4020.5
"Post scheduled trip end time",547,567,20,4020.5
"Post scheduled trip end time",1027,1050,23,4020.5
"Post scheduled trip end time",2047,2078,31,4020.5
"Post scheduled trip end time",2187,2194,7,4020.5
"Post scheduled trip end time",2527,2567,40,4020.5
"Post scheduled trip end time",2747,2755,8,4020.5
"Post scheduled trip end time",2847,2862,15,4020.5
"Post scheduled trip end time",8,108,100,4020.5
"Post scheduled trip end time",-20,-8,12,4020.5
"Post scheduled trip end time",1427,1434,7,4020.5
"Post scheduled trip end time",2667,2682,15,4020.5
"Post scheduled trip end time",2687,2710,23,4020.5
"Post scheduled trip end time",28,244,216,4020.5
"Post scheduled trip end time",407,424,17,4020.5
"Post scheduled trip end time",1047,1064,17,4020.5
"Post scheduled trip end time",1267,1289,22,4020.5
"Post scheduled trip end time",1587,1603,16,4020.5
"Post scheduled trip end time",1807,1822,15,4020.5
"Post scheduled trip end time",1967,1995,28,4020.5
"Post scheduled trip end time",2867,2883,16,4020.5
"Post scheduled trip end time",16,58,42,4020.5
"Post scheduled trip end time",17,121,104,4020.5
"Post scheduled trip end time",-19,-10,9,4020.5
"Post scheduled trip end time",28,58,30,4020.5
"Post scheduled trip end time",22,47,25,4020.5
"Post scheduled trip end time",427,447,20,4020.5
"Post scheduled trip end time",1627,1667,40,4020.5
"Post scheduled trip end time",1867,1888,21,4020.5
"Post scheduled trip end time",2027,2048,21,4020.5
"Post scheduled trip end time",2727,2743,16,4020.5
"Post scheduled trip end time",19,80,61,4020.5
"Post scheduled trip end time",-13,11277,11290,4020.5
"Post scheduled trip end time",29,62,33,4020.5
"Post scheduled trip end time",21,59,38,4020.5
"Post scheduled trip end time",-21,-1,20,4020.5
"Post scheduled trip end time",19,606,587,4020.5
"Post scheduled trip end time",807,827,20,4020.5
"Post scheduled trip end time",1167,1182,15,4020.5
"Post scheduled trip end time",2067,2074,7,4020.5
"Post scheduled trip end time",2187,2198,11,4020.5
"Post scheduled trip end time",19,73,54,4020.5
"Post scheduled trip end time",21,57,36,4020.5
"Post scheduled trip end time",-14,2,16,4020.5
"Post scheduled trip end time",-13,26,39,4020.5
"Post scheduled trip end time",-18,-13,5,4020.5
"Post scheduled trip end time",247,262,15,4020.5
"Post scheduled trip end time",1867,1869,2,4020.5
"Post scheduled trip end time",2027,2067,40,4020.5
"Post scheduled trip end time",2247,2287,40,4020.5
"Post scheduled trip end time",2547,2569,22,4020.5
"Post scheduled trip end time",2787,2789,2,4020.5
"Post scheduled trip end time",22,405,383,4020.5
"Post scheduled trip end time",26,51,25,4020.5
"Post scheduled trip end time",487,501,14,4020.5
"Post scheduled trip end time",967,998,31,4020.5
"Post scheduled trip end time",2047,2075,28,4020.5
"Post scheduled trip end time",2767,2789,22,4020.5
"Post scheduled trip end time",29,72,43,4020.5
"Post scheduled trip end time",27,263,236,4020.5
"Post scheduled trip end time",16,30,14,4020.5
"Post scheduled trip end time",787,802,15,4020.5
"Post scheduled trip end time",1287,1309,22,4020.5
"Post scheduled trip end time",1327,1344,17,4020.5
"Post scheduled trip end time",2007,2028,21,4020.5
"Post scheduled trip end time",2027,2047,20,4020.5
"Post scheduled trip end time",18,89,71,4020.5
"Post scheduled trip end time",22,78,56,4020.5
"Post scheduled trip end time",-20,12,32,4020.5
"Post scheduled trip end time",1727,1744,17,4020.5
"Post scheduled trip end time",2087,2103,16,4020.5
"Post scheduled trip end time",2207,2222,15,4020.5
"Post scheduled trip end time",2867,2875,8,4020.5
"Post scheduled trip end time",-19,21,40,4020.5
"Post scheduled trip end time",-19,-5,14,4020.5
"Post scheduled trip end time",1927,1947,20,4020.5
"Post scheduled trip end time",21,79,58,4020.5
"Post scheduled trip end time",18,64,46,4020.5
"Post scheduled trip end time",-13,1697,1710,4020.5
"Post scheduled trip end time",19,105,86,4020.5
"Post scheduled trip end time",26,30,4,4020.5
"Post scheduled trip end time",307,309,2,4020.5
"Post scheduled trip end time",18,55,37,4020.5
"Post scheduled trip end time",22,96,74,4020.5
"Post scheduled trip end time",-23,12,35,4020.5
"Post scheduled trip end time",1227,1235,8,4020.5
"Post scheduled trip end time",1527,1528,1,4020.5
"Post scheduled trip end time",2167,2168,1,4020.5
"Post scheduled trip end time",2707,2727,20,4020.5
"Post scheduled trip end time",2747,2762,15,4020.5
"Post scheduled trip end time",8,46,38,4020.5
"Post scheduled trip end time",-13,5841,5854,4020.5
"Post scheduled trip end time",827,844,17,4020.5
"Post scheduled trip end time",1507,1521,14,4020.5
"Post scheduled trip end time",1847,1870,23,4020.5
"Post scheduled trip end time",2207,2221,14,4020.5
"Post scheduled trip end time",2547,2568,21,4020.5
"Post scheduled trip end time",2727,2735,8,4020.5
"Post scheduled trip end time",16,60,44,4020.5
"Post scheduled trip end time",-15,4760,4775,4020.5
"Post scheduled trip end time",-19,47,66,4020.5
"Post scheduled trip end time",28,41,13,4020.5
"Post scheduled trip end time",16,232,216,4020.5
"Post scheduled trip end time",19,53,34,4020.5
"Post scheduled trip end time",1247,1264,17,4020.5
"Post scheduled trip end time",1427,1455,28,4020.5
"Post scheduled trip end time",1927,1944,17,4020.5
"Post scheduled trip end time",2087,2104,17,4020.5
"Post scheduled trip end time",16,94,78,4020.5
"Post scheduled trip end time",27,217,190,4020.5
"Post scheduled trip end time",-16,8,24,4020.5
"Post scheduled trip end time",26,28,2,4020.5
"Post scheduled trip end time",28,33,5,4020.5
"Post scheduled trip end time",847,849,2,4020.5
"Post scheduled trip end time",1107,1115,8,4020.5
"Post scheduled trip end time",1687,1694,7,4020.5
"Post scheduled trip end time",1787,1788,1,4020.5
"Post scheduled trip end time",1987,2003,16,4020.5
"Post scheduled trip end time",2167,2184,17,4020.5
"Post scheduled trip end time",2327,2367,40,4020.5
"Post scheduled trip end time",26,86,60,4020.5
"Post scheduled trip end time",19,238,219,4020.5
"Post scheduled trip end time",-19,-9,10,4020.5
"Post scheduled trip end time",367,407,40,4020.5
"Post scheduled trip end time",1767,1783,16,4020.5
"Post scheduled trip end time",2007,2018,11,4020.5
"Post scheduled trip end time",2047,2070,23,4020.5
"Post scheduled trip end time",2327,2338,11,4020.5
"Post scheduled trip end time",2327,2341,14,4020.5
"Post scheduled trip end time",-24,-9,15,4020.5
"Post scheduled trip end time",29,30,1,4020.5
"Post scheduled trip end time",727,749,22,4020.5
"Post scheduled trip end time",987,1007,20,4020.5
"Post scheduled trip end time",1067,1081,14,4020.5
"Post scheduled trip end time",1307,1323,16,4020.5
"Post scheduled trip end time",1387,1401,14,4020.5
"Post scheduled trip end time",1527,1548,21,4020.5
"Post scheduled trip end time",2027,2038,11,4020.5
"Post scheduled trip end time",2047,2054,7,4020.5
"Post scheduled trip end time",2647,2654,7,4020.5
"Post scheduled trip end time",2707,2735,28,4020.5
"Post scheduled trip end time",22,63,41,4020.5
"Post scheduled trip end time",18,231,213,4020.5
"Post scheduled trip end time",16,64,48,4020.5
"Post scheduled trip end time",27,55,28,4020.5
"Post scheduled trip end time",2207,2215,8,4020.5
"Post scheduled trip end time",19,81,62,4020.5
"Post scheduled trip end time",16,70,54,4020.5
"Post scheduled trip end time",17,99,82,4020.5
"Post scheduled trip end time",-13,8,21,4020.5
"Post scheduled trip end time",19,28,9,4020.5
"Post scheduled trip end time",1527,1535,8,4020.5
"Post scheduled trip end time",2487,2494,7,4020.5
"Post scheduled trip end time",2907,2928,21,4020.5
"Post scheduled trip end time",-13,25,38,4020.5
"Post scheduled trip end time",27,43,16,4020.5
"Post scheduled trip end time",41,25351,25310,4020.5
"Post scheduled trip end time",19,35,16,4020.5
"Post scheduled trip end time",707,727,20,4020.5
"Post scheduled trip end time",1447,1449,2,4020.5
"Post scheduled trip end time",1507,1529,22,4020.5
"Post scheduled trip end time",1827,1835,8,4020.5
"Post scheduled trip end time",18,65,47,4020.5
"Post scheduled trip end time",18,1438,1420,4020.5
"Post scheduled trip end time",-18,18,36,4020.5
"Post scheduled trip end time",-29,-10,19,4020.5
"Post scheduled trip end time",29,45,16,4020.5
"Post scheduled trip end time",1107,1128,21,4020.5
"Post scheduled trip end time",1587,1602,15,4020.5
"Post scheduled trip end time",2407,2409,2,4020.5
"Post scheduled trip end time",2587,2588,1,4020.5
"Post scheduled trip end time",2827,2858,31,4020.5
"Post scheduled trip end time",2867,2869,2,4020.5
"Post scheduled trip end time",17,241,224,4020.5
"Post scheduled trip end time",22,465,443,4020.5
"Post scheduled trip end time",-16,11,27,4020.5
"Post scheduled trip end time",-18,0,18,4020.5
"Post scheduled trip end time",8,47,39,4020.5
"Post scheduled trip end time",487,502,15,4020.5
"Post scheduled trip end time",2427,2447,20,4020.5
"Post scheduled trip end time",2467,2507,40,4020.5
"Post scheduled trip end time",22,235,213,4020.5
"Post scheduled trip end time",-19,3,22,4020.5
"Post scheduled trip end time",21,34,13,4020.5
"Post scheduled trip end time",547,562,15,4020.5
"Post scheduled trip end time",2887,2918,31,4020.5
"Post scheduled trip end time",26,92,66,4020.5
"Post scheduled trip end time",27,135,108,4020.5
"Post scheduled trip end time",19,118,99,4020.5
"Post scheduled trip end time",-14,2118,2132,4020.5
"Post scheduled trip end time",1227,1238,11,4020.5
"Post scheduled trip end time",2447,2475,28,4020.5
"Post scheduled trip end time",2787,2818,31,4020.5
"Post scheduled trip end time",29,274,245,4020.5
"Post scheduled trip end time",26,93,67,4020.5
"Post scheduled trip end time",17,92,75,4020.5
"Post scheduled trip end time",16,19,3,4020.5
"Post scheduled trip end time",22,53,31,4020.5
"Post scheduled trip end time",767,774,7,4020.5
"Post scheduled trip end time",1387,1403,16,4020.5
"Post scheduled trip end time",2327,2358,31,4020.5
"Post scheduled trip end time",2487,2504,17,4020.5
"Post scheduled trip end time",2507,2518,11,4020.5
"Post scheduled trip end time",21,87,66,4020.5
"Post scheduled trip end time",21,265,244,4020.5
"Post scheduled trip end time",22,65,43,4020.5
"Post scheduled trip end time",-18,15,33,4020.5
"Post scheduled trip end time",26,36,10,4020.5
"Post scheduled trip end time",767,807,40,4020.5
"Post scheduled trip end time",1007,1009,2,4020.5
"Post scheduled trip end time",1267,1290,23,4020.5
"Post scheduled trip end time",2067,2078,11,4020.5
"Post scheduled trip end time",2147,2175,28,4020.5
"Post scheduled trip end time",2327,2334,7,4020.5
"Post scheduled trip end time",-22,32,54,4020.5
"Post scheduled trip end time",22,39,17,4020.5
"Post scheduled trip end time",17,44,27,4020.5
"Post scheduled trip end time",647,664,17,4020.5
"Post scheduled trip end time",1447,1448,1,4020.5
"Post scheduled trip end time",1667,1675,8,4020.5
"Post scheduled trip end time",1667,1695,28,4020.5
"Post scheduled trip end time",2607,2609,2,4020.5
"Post scheduled trip end time",8,359,351,4020.5
"Post scheduled trip end time",28,64,36,4020.5
"Post scheduled trip end time",-13,2868,2881,4020.5
"Post scheduled trip end time",-21,13,34,4020.5
"Post scheduled trip end time",27,34,7,4020.5
"Post scheduled trip end time",1567,1589,22,4020.5
"Post scheduled trip end time",1747,1787,40,4020.5
"Post scheduled trip end time",29,82,53,4020.5
"Post scheduled trip end time",-17,1,18,4020.5
"Post scheduled trip end time",16,20,4,4020.5
"Post scheduled trip end time",867,907,40,4020.5
"Post scheduled trip end time",947,954,7,4020.5
"Post scheduled trip end time",987,1001,14,4020.5
"Post scheduled trip end time",1027,1029,2,4020.5
"Post scheduled trip end time",1367,1395,28,4020.5
"Post scheduled trip end time",2587,2589,2,4020.5
"Post scheduled trip end time",28,161,133,4020.5
"Post scheduled trip end time",17,73,56,4020.5
"Post scheduled trip end time",-19,24,43,4020.5
"Post scheduled trip end time",-14,26,40,4020.5
"Post scheduled trip end time",27,61,34,4020.5
"Post scheduled trip end time",847,887,40,4020.5
"Post scheduled trip end time",1747,1758,11,4020.5
"Post scheduled trip end time",2527,2529,2,4020.5
"Post scheduled trip end time",27,41,14,4020.5
"Post scheduled trip end time",1227,1267,40,4020.5
"Post scheduled trip end time",2187,2210,23,4020.5
"Post scheduled trip end time",-13,41,54,4020.5
"Post scheduled trip end time",-29,13,42,4020.5
"Post scheduled trip end time",-13,109,122,4020.5
"Post scheduled trip end time",1127,1150,23,4020.5
"Post scheduled trip end time",1167,1169,2,4020.5
"Post scheduled trip end time",2127,2149,22,4020.5
"Post scheduled trip end time",2207,2230,23,4020.5
"Post scheduled trip end time",27,102,75,4020.5
"Post scheduled trip end time",22,95,73,4020.5
"Post scheduled trip end time",-22,17,39,4020.5
"Post scheduled trip end time",-20,-11,9,4020.5
"Post scheduled trip end time",22,52,30,4020.5
"Post scheduled trip end time",527,544,17,4020.5
"Post scheduled trip end time",607,627,20,4020.5
"Post scheduled trip end time",747,761,14,4020.5
"Post scheduled trip end time",1367,1374,7,4020.5
"Post scheduled trip end time",1767,1775,8,4020.5
"Post scheduled trip end time",2087,2110,23,4020.5
"Post scheduled trip end time",2407,2428,21,4020.5
"Post scheduled trip end time",2627,2667,40,4020.5
"Post scheduled trip end time",-30,-5,25,4020.5
"Post scheduled trip end time",-17,92,109,4020.5
"Post scheduled trip end time",17,37,20,4020.5
"Post scheduled trip end time",1407,1435,28,4020.5
"Post scheduled trip end time",2347,2387,40,4020.5
"Post scheduled trip end time",2607,2638,31,4020.5
"Post scheduled trip end time",22,574,552,4020.5
"Post scheduled trip end time",-14,46,60,4020.5
"Post scheduled trip end time",1227,1250,23,4020.5
"Post scheduled trip end time",1287,1303,16,4020.5
"Post scheduled trip end time",1327,1355,28,4020.5
"Post scheduled trip end time",1347,1361,14,4020.5
"Post scheduled trip end time",26,91,65,4020.5
"Post scheduled trip end time",-22,-7,15,4020.5
"Post scheduled trip end time",-13,22,35,4020.5
"Post scheduled trip end time",-14,38,52,4020.5
"Post scheduled trip end time",-13,28,41,4020.5
"Post scheduled trip end time",827,849,22,4020.5
"Post scheduled trip end time",1387,1408,21,4020.5
"Post scheduled trip end time",1527,1550,23,4020.5
"Post scheduled trip end time",2607,2618,11,4020.5
"Post scheduled trip end time",2747,2748,1,4020.5
"Post scheduled trip end time",19,40,21,4020.5
"Post scheduled trip end time",16,36,20,4020.5
"Post scheduled trip end time",1247,1275,28,4020.5
"Post scheduled trip end time",1567,1588,21,4020.5
"Post scheduled trip end time",2287,2303,16,4020.5
"Post scheduled trip end time",2627,2641,14,4020.5
"Post scheduled trip end time",26,242,216,4020.5
"Post scheduled trip end time",27,63,36,4020.5
"Post scheduled trip end time",47,64,17,4020.5
"Post scheduled trip end time",487,508,21,4020.5
"Post scheduled trip end time",607,609,2,4020.5
"Post scheduled trip end time",1967,1998,31,4020.5
"Post scheduled trip end time",2087,2109,22,4020.5
"Post scheduled trip end time",2387,2415,28,4020.5
"Post scheduled trip end time",16,170,154,4020.5
"Post scheduled trip end time",18,61,43,4020.5
"Post scheduled trip end time",-16,19,35,4020.5
"Post scheduled trip end time",-17,2,19,4020.5
"Post scheduled trip end time",19,335,316,4020.5
"Post scheduled trip end time",447,449,2,4020.5
"Post scheduled trip end time",1287,1318,31,4020.5
"Post scheduled trip end time",1487,1503,16,4020.5
"Post scheduled trip end time",1547,1575,28,4020.5
"Post scheduled trip end time",2367,2383,16,4020.5
"Post scheduled trip end time",29,153,124,4020.5
"Post scheduled trip end time",21,460,439,4020.5
"Post scheduled trip end time",-13,NA,NA,4020.5
"Post scheduled trip end time",27,74,47,4020.5
"Post scheduled trip end time",-21,6501,6522,4020.5
"Post scheduled trip end time",-16,-12,4,4020.5
"Post scheduled trip end time",27,50,23,4020.5
"Post scheduled trip end time",1067,1089,22,4020.5
"Post scheduled trip end time",1567,1598,31,4020.5
"Post scheduled trip end time",2347,2378,31,4020.5
"Post scheduled trip end time",2527,2541,14,4020.5
"Post scheduled trip end time",2747,2754,7,4020.5
"Post scheduled trip end time",-13,18,31,4020.5
"Post scheduled trip end time",2307,2335,28,4020.5
"Post scheduled trip end time",8,56,48,4020.5
"Post scheduled trip end time",29,47,18,4020.5
"Post scheduled trip end time",427,442,15,4020.5
"Post scheduled trip end time",1247,1262,15,4020.5
"Post scheduled trip end time",1447,1487,40,4020.5
"Post scheduled trip end time",1767,1784,17,4020.5
"Post scheduled trip end time",2887,2903,16,4020.5
"Post scheduled trip end time",26,513,487,4020.5
"Post scheduled trip end time",19,234,215,4020.5
"Post scheduled trip end time",22,79,57,4020.5
"Post scheduled trip end time",19,19,0,4020.5
"Post scheduled trip end time",41,25399,25358,4020.5
"Post scheduled trip end time",1067,1107,40,4020.5
"Post scheduled trip end time",2647,2669,22,4020.5
"Post scheduled trip end time",2847,2864,17,4020.5
"Post scheduled trip end time",2907,2924,17,4020.5
"Post scheduled trip end time",21,645,624,4020.5
"Post scheduled trip end time",187,202,15,4020.5
"Post scheduled trip end time",1047,1070,23,4020.5
"Post scheduled trip end time",1147,1164,17,4020.5
"Post scheduled trip end time",2107,2108,1,4020.5
"Post scheduled trip end time",2207,2229,22,4020.5
"Post scheduled trip end time",26,76,50,4020.5
"Post scheduled trip end time",19,204,185,4020.5
"Post scheduled trip end time",947,955,8,4020.5
"Post scheduled trip end time",1587,1615,28,4020.5
"Post scheduled trip end time",-14,27,41,4020.5
"Post scheduled trip end time",21,45,24,4020.5
"Post scheduled trip end time",21,55,34,4020.5
"Post scheduled trip end time",727,734,7,4020.5
"Post scheduled trip end time",967,984,17,4020.5
"Post scheduled trip end time",1167,1181,14,4020.5
"Post scheduled trip end time",2387,2395,8,4020.5
"Post scheduled trip end time",19,60,41,4020.5
"Post scheduled trip end time",28,120,92,4020.5
"Post scheduled trip end time",-18,40,58,4020.5
"Post scheduled trip end time",8,34,26,4020.5
"Post scheduled trip end time",22,207,185,4020.5
"Post scheduled trip end time",407,428,21,4020.5
"Post scheduled trip end time",867,889,22,4020.5
"Post scheduled trip end time",1467,1495,28,4020.5
"Post scheduled trip end time",1967,1984,17,4020.5
"Post scheduled trip end time",2067,2083,16,4020.5
"Post scheduled trip end time",19,108,89,4020.5
"Post scheduled trip end time",19,90,71,4020.5
"Post scheduled trip end time",-18,16,34,4020.5
"Post scheduled trip end time",21,39,18,4020.5
"Post scheduled trip end time",26,41,15,4020.5
"Post scheduled trip end time",187,204,17,4020.5
"Post scheduled trip end time",787,808,21,4020.5
"Post scheduled trip end time",1047,1078,31,4020.5
"Post scheduled trip end time",1147,1169,22,4020.5
"Post scheduled trip end time",1307,1315,8,4020.5
"Post scheduled trip end time",2367,2384,17,4020.5
"Post scheduled trip end time",2647,2661,14,4020.5
"Post scheduled trip end time",2767,2768,1,4020.5
"Post scheduled trip end time",-22,3,25,4020.5
"Post scheduled trip end time",-22,6,28,4020.5
"Post scheduled trip end time",-26,-20,6,4020.5
"Post scheduled trip end time",-13,1743,1756,4020.5
"Post scheduled trip end time",1027,1034,7,4020.5
"Post scheduled trip end time",1947,1968,21,4020.5
"Post scheduled trip end time",2067,2075,8,4020.5
"Post scheduled trip end time",2387,2401,14,4020.5
"Post scheduled trip end time",21,56,35,4020.5
"Post scheduled trip end time",427,441,14,4020.5
"Post scheduled trip end time",1367,1378,11,4020.5
"Post scheduled trip end time",1427,1428,1,4020.5
"Post scheduled trip end time",2067,2095,28,4020.5
"Post scheduled trip end time",2287,2301,14,4020.5
"Post scheduled trip end time",2547,2561,14,4020.5
"Post scheduled trip end time",2607,2629,22,4020.5
"Post scheduled trip end time",2647,2658,11,4020.5
"Post scheduled trip end time",2727,2767,40,4020.5
"Post scheduled trip end time",19,264,245,4020.5
"Post scheduled trip end time",18,59,41,4020.5
"Post scheduled trip end time",19,32,13,4020.5
"Post scheduled trip end time",18,23,5,4020.5
"Post scheduled trip end time",21,447,426,4020.5
"Post scheduled trip end time",127,144,17,4020.5
"Post scheduled trip end time",807,828,21,4020.5
"Post scheduled trip end time",907,915,8,4020.5
"Post scheduled trip end time",1367,1383,16,4020.5
"Post scheduled trip end time",1567,1582,15,4020.5
"Post scheduled trip end time",19,95,76,4020.5
"Post scheduled trip end time",-18,-14,4,4020.5
"Post scheduled trip end time",21,585,564,4020.5
"Post scheduled trip end time",26,75,49,4020.5
"Post scheduled trip end time",17,136,119,4020.5
"Post scheduled trip end time",-16,7,23,4020.5
"Post scheduled trip end time",19,24,5,4020.5
"Post scheduled trip end time",327,348,21,4020.5
"Post scheduled trip end time",387,427,40,4020.5
"Post scheduled trip end time",1647,1687,40,4020.5
"Post scheduled trip end time",1807,1821,14,4020.5
"Post scheduled trip end time",2107,2121,14,4020.5
"Post scheduled trip end time",29,68,39,4020.5
"Post scheduled trip end time",-13,23,36,4020.5
"Post scheduled trip end time",-19,23,42,4020.5
"Post scheduled trip end time",-21,2,23,4020.5
"Post scheduled trip end time",19,51,32,4020.5
"Post scheduled trip end time",1007,1038,31,4020.5
"Post scheduled trip end time",1007,1028,21,4020.5
"Post scheduled trip end time",1427,1429,2,4020.5
"Post scheduled trip end time",2807,2830,23,4020.5
"Post scheduled trip end time",26,277,251,4020.5
"Post scheduled trip end time",17,40,23,4020.5
"Post scheduled trip end time",8,39,31,4020.5
"Post scheduled trip end time",1667,1682,15,4020.5
"Post scheduled trip end time",2527,2547,20,4020.5
"Post scheduled trip end time",17,209,192,4020.5
"Post scheduled trip end time",18,95,77,4020.5
"Post scheduled trip end time",-29,-15,14,4020.5
"Post scheduled trip end time",-14,-6,8,4020.5
"Post scheduled trip end time",28,56,28,4020.5
"Post scheduled trip end time",16,28,12,4020.5
"Post scheduled trip end time",28,36,8,4020.5
"Post scheduled trip end time",-18,-17,1,4020.5
"Post scheduled trip end time",147,164,17,4020.5
"Post scheduled trip end time",2687,2694,7,4020.5
"Post scheduled trip end time",2767,2782,15,4020.5
"Post scheduled trip end time",19,75,56,4020.5
"Post scheduled trip end time",-13,17,30,4020.5
"Post scheduled trip end time",87,107,20,4020.5
"Post scheduled trip end time",1127,1144,17,4020.5
"Post scheduled trip end time",2287,2309,22,4020.5
"Post scheduled trip end time",2367,2378,11,4020.5
"Post scheduled trip end time",8,1158,1150,4020.5
"Post scheduled trip end time",17,28,11,4020.5
"Post scheduled trip end time",22,33,11,4020.5
"Post scheduled trip end time",16,172,156,4020.5
"Post scheduled trip end time",547,568,21,4020.5
"Post scheduled trip end time",1247,1255,8,4020.5
"Post scheduled trip end time",1487,1507,20,4020.5
"Post scheduled trip end time",1827,1843,16,4020.5
"Post scheduled trip end time",2247,2267,20,4020.5
"Post scheduled trip end time",19,62,43,4020.5
"Post scheduled trip end time",8,53,45,4020.5
"Post scheduled trip end time",-14,13712,13726,4020.5
"Post scheduled trip end time",28,88,60,4020.5
"Post scheduled trip end time",67,88,21,4020.5
"Post scheduled trip end time",347,364,17,4020.5
"Post scheduled trip end time",847,855,8,4020.5
"Post scheduled trip end time",1107,1123,16,4020.5
"Post scheduled trip end time",1427,1444,17,4020.5
"Post scheduled trip end time",2847,2863,16,4020.5
"Post scheduled trip end time",16,262,246,4020.5
"Post scheduled trip end time",21,42,21,4020.5
"Post scheduled trip end time",67,84,17,4020.5
"Post scheduled trip end time",167,181,14,4020.5
"Post scheduled trip end time",2547,2567,20,4020.5
"Post scheduled trip end time",26,302,276,4020.5
"Post scheduled trip end time",16,88,72,4020.5
"Post scheduled trip end time",247,261,14,4020.5
"Post scheduled trip end time",1267,1287,20,4020.5
"Post scheduled trip end time",1627,1647,20,4020.5
"Post scheduled trip end time",1667,1707,40,4020.5
"Post scheduled trip end time",2327,2335,8,4020.5
"Post scheduled trip end time",-21,-7,14,4020.5
"Post scheduled trip end time",27,31,4,4020.5
"Post scheduled trip end time",1287,1294,7,4020.5
"Post scheduled trip end time",2127,2142,15,4020.5
"Post scheduled trip end time",2487,2488,1,4020.5
"Post scheduled trip end time",2627,2647,20,4020.5
"Post scheduled trip end time",16,49,33,4020.5
"Post scheduled trip end time",26,123,97,4020.5
"Post scheduled trip end time",-20,-15,5,4020.5
"Post scheduled trip end time",227,229,2,4020.5
"Post scheduled trip end time",587,604,17,4020.5
"Post scheduled trip end time",1007,1023,16,4020.5
"Post scheduled trip end time",1387,1394,7,4020.5
"Post scheduled trip end time",1567,1575,8,4020.5
"Post scheduled trip end time",1727,1767,40,4020.5
"Post scheduled trip end time",8,63,55,4020.5
"Post scheduled trip end time",18,60,42,4020.5
"Post scheduled trip end time",-20,-1,19,4020.5
"Post scheduled trip end time",-27,-14,13,4020.5
"Post scheduled trip end time",1027,1049,22,4020.5
"Post scheduled trip end time",1567,1578,11,4020.5
"Post scheduled trip end time",1687,1688,1,4020.5
"Post scheduled trip end time",2547,2555,8,4020.5
"Post scheduled trip end time",29,84,55,4020.5
"Post scheduled trip end time",21,82,61,4020.5
"Post scheduled trip end time",18,358,340,4020.5
"Post scheduled trip end time",27,56,29,4020.5
"Post scheduled trip end time",47,68,21,4020.5
"Post scheduled trip end time",267,282,15,4020.5
"Post scheduled trip end time",1147,1162,15,4020.5
"Post scheduled trip end time",1427,1441,14,4020.5
"Post scheduled trip end time",1467,1489,22,4020.5
"Post scheduled trip end time",2707,2738,31,4020.5
"Post scheduled trip end time",22,77,55,4020.5
"Post scheduled trip end time",28,51,23,4020.5
"Post scheduled trip end time",687,708,21,4020.5
"Post scheduled trip end time",1547,1558,11,4020.5
"Post scheduled trip end time",2107,2122,15,4020.5
"Post scheduled trip end time",2707,2722,15,4020.5
"Post scheduled trip end time",2747,2763,16,4020.5
"Post scheduled trip end time",26,98,72,4020.5
"Post scheduled trip end time",17,62,45,4020.5
"Post scheduled trip end time",17,22,5,4020.5
"Post scheduled trip end time",1907,1935,28,4020.5
"Post scheduled trip end time",1987,2007,20,4020.5
"Post scheduled trip end time",2127,2135,8,4020.5
"Post scheduled trip end time",2887,2927,40,4020.5
"Post scheduled trip end time",2887,2908,21,4020.5
"Post scheduled trip end time",-15,-13,2,4020.5
"Post scheduled trip end time",-14,0,14,4020.5
"Post scheduled trip end time",16,136,120,4020.5
"Post scheduled trip end time",1247,1258,11,4020.5
"Post scheduled trip end time",1567,1574,7,4020.5
"Post scheduled trip end time",1887,1915,28,4020.5
"Post scheduled trip end time",2547,2558,11,4020.5
"Post scheduled trip end time",2647,2687,40,4020.5
"Post scheduled trip end time",28,184,156,4020.5
"Post scheduled trip end time",17,72,55,4020.5
"Post scheduled trip end time",19,22,3,4020.5
"Post scheduled trip end time",29,32,3,4020.5
"Post scheduled trip end time",1287,1295,8,4020.5
"Post scheduled trip end time",1767,1798,31,4020.5
"Post scheduled trip end time",29,80,51,4020.5
"Post scheduled trip end time",21,122,101,4020.5
"Post scheduled trip end time",16,123,107,4020.5
"Post scheduled trip end time",2407,2414,7,4020.5
"Post scheduled trip end time",2627,2658,31,4020.5
"Post scheduled trip end time",28,87,59,4020.5
"Post scheduled trip end time",26,69,43,4020.5
"Post scheduled trip end time",8,318,310,4020.5
"Post scheduled trip end time",-18,-4,14,4020.5
"Post scheduled trip end time",287,308,21,4020.5
"Post scheduled trip end time",707,721,14,4020.5
"Post scheduled trip end time",1327,1367,40,4020.5
"Post scheduled trip end time",2487,2503,16,4020.5
"Post scheduled trip end time",2527,2542,15,4020.5
"Post scheduled trip end time",8,74,66,4020.5
"Post scheduled trip end time",28,67,39,4020.5
"Post scheduled trip end time",8,484,476,4020.5
"Post scheduled trip end time",18,24,6,4020.5
"Post scheduled trip end time",27,87,60,4020.5
"Post scheduled trip end time",687,689,2,4020.5
"Post scheduled trip end time",867,881,14,4020.5
"Post scheduled trip end time",1407,1430,23,4020.5
"Post scheduled trip end time",2247,2264,17,4020.5
"Post scheduled trip end time",2467,2488,21,4020.5
"Post scheduled trip end time",2507,2508,1,4020.5
"Post scheduled trip end time",2847,2861,14,4020.5
"Post scheduled trip end time",17,402,385,4020.5
"Post scheduled trip end time",29,106,77,4020.5
"Post scheduled trip end time",347,362,15,4020.5
"Post scheduled trip end time",447,467,20,4020.5
"Post scheduled trip end time",1307,1330,23,4020.5
"Post scheduled trip end time",2767,2783,16,4020.5
"Post scheduled trip end time",2767,2778,11,4020.5
"Post scheduled trip end time",26,461,435,4020.5
"Post scheduled trip end time",27,82,55,4020.5
"Post scheduled trip end time",19,82,63,4020.5
"Post scheduled trip end time",8,102,94,4020.5
"Post scheduled trip end time",-16,12,28,4020.5
"Post scheduled trip end time",63,63,0,4020.5
"Post scheduled trip end time",327,342,15,4020.5
"Post scheduled trip end time",2727,2748,21,4020.5
"Post scheduled trip end time",2807,2808,1,4020.5
"Post scheduled trip end time",2887,2907,20,4020.5
"Post scheduled trip end time",29,71,42,4020.5
"Post scheduled trip end time",287,301,14,4020.5
"Post scheduled trip end time",967,974,7,4020.5
"Post scheduled trip end time",1147,1149,2,4020.5
"Post scheduled trip end time",1607,1635,28,4020.5
"Post scheduled trip end time",2467,2484,17,4020.5
"Post scheduled trip end time",2687,2727,40,4020.5
"Post scheduled trip end time",26,401,375,4020.5
"Post scheduled trip end time",22,145,123,4020.5
"Post scheduled trip end time",27,161,134,4020.5
"Post scheduled trip end time",1887,1927,40,4020.5
"Post scheduled trip end time",2147,2149,2,4020.5
"Post scheduled trip end time",21,463,442,4020.5
"Post scheduled trip end time",-20,8,28,4020.5
"Post scheduled trip end time",-14,798,812,4020.5
"Post scheduled trip end time",-14,460,474,4020.5
"Post scheduled trip end time",18,838,820,4020.5
"Post scheduled trip end time",-14,20,34,4020.5
"Post scheduled trip end time",-18,-7,11,4020.5
"Post scheduled trip end time",26,34,8,4020.5
"Post scheduled trip end time",22,600,578,4020.5
"Post scheduled trip end time",1247,1254,7,4020.5
"Post scheduled trip end time",1767,1774,7,4020.5
"Post scheduled trip end time",2707,2709,2,4020.5
"Post scheduled trip end time",16,76,60,4020.5
"Post scheduled trip end time",17,63,46,4020.5
"Post scheduled trip end time",-13,-1,12,4020.5
"Post scheduled trip end time",807,847,40,4020.5
"Post scheduled trip end time",18,625,607,4020.5
"Post scheduled trip end time",17,105,88,4020.5
"Post scheduled trip end time",-25,20,45,4020.5
"Post scheduled trip end time",28,49,21,4020.5
"Post scheduled trip end time",407,447,40,4020.5
"Post scheduled trip end time",867,869,2,4020.5
"Post scheduled trip end time",1247,1261,14,4020.5
"Post scheduled trip end time",1387,1395,8,4020.5
"Post scheduled trip end time",1567,1581,14,4020.5
"Post scheduled trip end time",1607,1623,16,4020.5
"Post scheduled trip end time",21,98,77,4020.5
"Post scheduled trip end time",16,79,63,4020.5
"Post scheduled trip end time",18,76,58,4020.5
"Post scheduled trip end time",28,40,12,4020.5
"Post scheduled trip end time",967,990,23,4020.5
"Post scheduled trip end time",2787,2794,7,4020.5
"Post scheduled trip end time",-14,2749,2763,4020.5
"Post scheduled trip end time",22,93,71,4020.5
"Post scheduled trip end time",18,538,520,4020.5
"Post scheduled trip end time",18,35,17,4020.5
"Post scheduled trip end time",18,47,29,4020.5
"Post scheduled trip end time",1927,1950,23,4020.5
"Post scheduled trip end time",2547,2563,16,4020.5
"Post scheduled trip end time",29,77,48,4020.5
"Post scheduled trip end time",-17,-6,11,4020.5
"Post scheduled trip end time",207,224,17,4020.5
"Post scheduled trip end time",2067,2069,2,4020.5
"Post scheduled trip end time",2587,2595,8,4020.5
"Post scheduled trip end time",2847,2887,40,4020.5
"Post scheduled trip end time",16,106,90,4020.5
"Post scheduled trip end time",-20,0,20,4020.5
"Post scheduled trip end time",-18,-10,8,4020.5
"Post scheduled trip end time",16,31,15,4020.5
"Post scheduled trip end time",-14,-11,3,4020.5
"Post scheduled trip end time",8,44,36,4020.5
"Post scheduled trip end time",2107,2114,7,4020.5
"Post scheduled trip end time",2627,2649,22,4020.5
"Post scheduled trip end time",2687,2701,14,4020.5
"Post scheduled trip end time",16,187,171,4020.5
"Post scheduled trip end time",8,134,126,4020.5
"Post scheduled trip end time",27,65,38,4020.5
"Post scheduled trip end time",8,38,30,4020.5
"Post scheduled trip end time",28,47,19,4020.5
"Post scheduled trip end time",387,408,21,4020.5
"Post scheduled trip end time",1387,1388,1,4020.5
"Post scheduled trip end time",1427,1458,31,4020.5
"Post scheduled trip end time",1907,1928,21,4020.5
"Post scheduled trip end time",1927,1935,8,4020.5
"Post scheduled trip end time",2427,2444,17,4020.5
"Post scheduled trip end time",2567,2590,23,4020.5
"Post scheduled trip end time",22,400,378,4020.5
"Post scheduled trip end time",-19,5,24,4020.5
"Post scheduled trip end time",28,938,910,4020.5
"Post scheduled trip end time",29,58,29,4020.5
"Post scheduled trip end time",347,349,2,4020.5
"Post scheduled trip end time",1107,1109,2,4020.5
"Post scheduled trip end time",1247,1267,20,4020.5
"Post scheduled trip end time",1447,1463,16,4020.5
"Post scheduled trip end time",2567,2578,11,4020.5
"Post scheduled trip end time",2827,2842,15,4020.5
"Post scheduled trip end time",2887,2888,1,4020.5
"Post scheduled trip end time",19,74,55,4020.5
"Post scheduled trip end time",21,146,125,4020.5
"Post scheduled trip end time",28,37,9,4020.5
"Post scheduled trip end time",29,36,7,4020.5
"Post scheduled trip end time",847,863,16,4020.5
"Post scheduled trip end time",907,924,17,4020.5
"Post scheduled trip end time",1247,1249,2,4020.5
"Post scheduled trip end time",1927,1928,1,4020.5
"Post scheduled trip end time",19,135,116,4020.5
"Post scheduled trip end time",18,778,760,4020.5
"Post scheduled trip end time",-16,21,37,4020.5
"Post scheduled trip end time",27,60,33,4020.5
"Post scheduled trip end time",687,701,14,4020.5
"Post scheduled trip end time",1367,1369,2,4020.5
"Post scheduled trip end time",1607,1624,17,4020.5
"Post scheduled trip end time",1647,1667,20,4020.5
"Post scheduled trip end time",2867,2895,28,4020.5
"Post scheduled trip end time",26,81,55,4020.5
"Post scheduled trip end time",17,147,130,4020.5
"Post scheduled trip end time",-17,26,43,4020.5
"Post scheduled trip end time",27,32,5,4020.5
"Post scheduled trip end time",21,24,3,4020.5
"Post scheduled trip end time",27,116,89,4020.5
"Post scheduled trip end time",28,53,25,4020.5
"Post scheduled trip end time",387,402,15,4020.5
"Post scheduled trip end time",1227,1241,14,4020.5
"Post scheduled trip end time",1607,1627,20,4020.5
"Post scheduled trip end time",2267,2281,14,4020.5
"Post scheduled trip end time",28,70,42,4020.5
"Post scheduled trip end time",-13,4608,4621,4020.5
"Post scheduled trip end time",-15,540128,540143,4020.5
"Post scheduled trip end time",26,52,26,4020.5
"Post scheduled trip end time",227,267,40,4020.5
"Post scheduled trip end time",847,854,7,4020.5
"Post scheduled trip end time",2087,2088,1,4020.5
"Post scheduled trip end time",2347,2370,23,4020.5
"Post scheduled trip end time",2387,2404,17,4020.5
"Post scheduled trip end time",18,111,93,4020.5
"Post scheduled trip end time",17,87,70,4020.5
"Post scheduled trip end time",667,687,20,4020.5
"Post scheduled trip end time",1307,1328,21,4020.5
"Post scheduled trip end time",1447,1461,14,4020.5
"Post scheduled trip end time",1467,1474,7,4020.5
"Post scheduled trip end time",1487,1502,15,4020.5
"Post scheduled trip end time",1867,1889,22,4020.5
"Post scheduled trip end time",28,69,41,4020.5
"Post scheduled trip end time",22,84,62,4020.5
"Post scheduled trip end time",28,86,58,4020.5
"Post scheduled trip end time",8,68,60,4020.5
"Post scheduled trip end time",19,63,44,4020.5
"Post scheduled trip end time",17,34,17,4020.5
"Post scheduled trip end time",21,25356,25335,4020.5
"Post scheduled trip end time",567,569,2,4020.5
"Post scheduled trip end time",1427,1443,16,4020.5
"Post scheduled trip end time",1747,1768,21,4020.5
"Post scheduled trip end time",2347,2363,16,4020.5
"Post scheduled trip end time",29,142,113,4020.5
"Post scheduled trip end time",28,273,245,4020.5
"Post scheduled trip end time",-13,12471,12484,4020.5
"Post scheduled trip end time",18,142,124,4020.5
"Post scheduled trip end time",8,200,192,4020.5
"Post scheduled trip end time",-27,11,38,4020.5
"Post scheduled trip end time",1207,1229,22,4020.5
"Post scheduled trip end time",1587,1607,20,4020.5
"Post scheduled trip end time",2827,2850,23,4020.5
"Post scheduled trip end time",2907,2918,11,4020.5
"Post scheduled trip end time",29,83,54,4020.5
"Post scheduled trip end time",22,36,14,4020.5
"Post scheduled trip end time",17,504,487,4020.5
"Post scheduled trip end time",287,302,15,4020.5
"Post scheduled trip end time",887,927,40,4020.5
"Post scheduled trip end time",2807,2809,2,4020.5
"Post scheduled trip end time",22,403,381,4020.5
"Post scheduled trip end time",-14,1838,1852,4020.5
"Post scheduled trip end time",26,54,28,4020.5
"Post scheduled trip end time",467,487,20,4020.5
"Post scheduled trip end time",547,587,40,4020.5
"Post scheduled trip end time",1407,1428,21,4020.5
"Post scheduled trip end time",1827,1858,31,4020.5
"Post scheduled trip end time",1867,1883,16,4020.5
"Post scheduled trip end time",19,71,52,4020.5
"Post scheduled trip end time",28,1538,1510,4020.5
"Post scheduled trip end time",-16,-3,13,4020.5
"Post scheduled trip end time",-14,-13,1,4020.5
"Post scheduled trip end time",16,151,135,4020.5
"Post scheduled trip end time",22,55,33,4020.5
"Post scheduled trip end time",27,548,521,4020.5
"Post scheduled trip end time",1067,1084,17,4020.5
"Post scheduled trip end time",1367,1382,15,4020.5
"Post scheduled trip end time",1387,1427,40,4020.5
"Post scheduled trip end time",1827,1841,14,4020.5
"Post scheduled trip end time",1947,1958,11,4020.5
"Post scheduled trip end time",2147,2161,14,4020.5
"Post scheduled trip end time",2207,2224,17,4020.5
"Post scheduled trip end time",2327,2350,23,4020.5
"Post scheduled trip end time",2647,2663,16,4020.5
"Post scheduled trip end time",26,446,420,4020.5
"Post scheduled trip end time",-25,4,29,4020.5
"Post scheduled trip end time",-14,6,20,4020.5
"Post scheduled trip end time",-17,12,29,4020.5
"Post scheduled trip end time",8,28,20,4020.5
"Post scheduled trip end time",707,747,40,4020.5
"Post scheduled trip end time",21,115,94,4020.5
"Post scheduled trip end time",-18,-12,6,4020.5
"Post scheduled trip end time",21,27,6,4020.5
"Post scheduled trip end time",1527,1534,7,4020.5
"Post scheduled trip end time",2107,2147,40,4020.5
"Post scheduled trip end time",1047,1068,21,4020.5
"Post scheduled trip end time",1347,1367,20,4020.5
"Post scheduled trip end time",1447,1458,11,4020.5
"Post scheduled trip end time",2127,2128,1,4020.5
"Post scheduled trip end time",-15,23,38,4020.5
"Post scheduled trip end time",-14,16,30,4020.5
"Post scheduled trip end time",1267,1295,28,4020.5
"Post scheduled trip end time",1787,1798,11,4020.5
"Post scheduled trip end time",1907,1921,14,4020.5
"Post scheduled trip end time",2647,2668,21,4020.5
"Post scheduled trip end time",28,164,136,4020.5
"Post scheduled trip end time",-14,10,24,4020.5
"Post scheduled trip end time",17,36,19,4020.5
"Post scheduled trip end time",16,41,25,4020.5
"Post scheduled trip end time",22,41,19,4020.5
"Post scheduled trip end time",26,53,27,4020.5
"Post scheduled trip end time",347,387,40,4020.5
"Post scheduled trip end time",1787,1827,40,4020.5
"Post scheduled trip end time",2127,2143,16,4020.5
"Post scheduled trip end time",28,72,44,4020.5
"Post scheduled trip end time",27,120,93,4020.5
"Post scheduled trip end time",27,117,90,4020.5
"Post scheduled trip end time",22,155,133,4020.5
"Post scheduled trip end time",1747,1764,17,4020.5
"Post scheduled trip end time",1927,1949,22,4020.5
"Post scheduled trip end time",2367,2407,40,4020.5
"Post scheduled trip end time",-13,334,347,4020.5
"Post scheduled trip end time",-15,-4,11,4020.5
"Post scheduled trip end time",-22,14,36,4020.5
"Post scheduled trip end time",18,50,32,4020.5
"Post scheduled trip end time",67,81,14,4020.5
"Post scheduled trip end time",2287,2308,21,4020.5
"Post scheduled trip end time",19,57,38,4020.5
"Post scheduled trip end time",-14,8686,8700,4020.5
"Post scheduled trip end time",18,106,88,4020.5
"Post scheduled trip end time",-25,1,26,4020.5
"Post scheduled trip end time",647,661,14,4020.5
"Post scheduled trip end time",1427,1447,20,4020.5
"Post scheduled trip end time",1527,1541,14,4020.5
"Post scheduled trip end time",1627,1634,7,4020.5
"Post scheduled trip end time",1987,2008,21,4020.5
"Post scheduled trip end time",2067,2081,14,4020.5
"Post scheduled trip end time",26,182,156,4020.5
"Post scheduled trip end time",8,424,416,4020.5
"Post scheduled trip end time",26,386,360,4020.5
"Post scheduled trip end time",28,1778,1750,4020.5
"Post scheduled trip end time",-27,4,31,4020.5
"Post scheduled trip end time",-17,10,27,4020.5
"Post scheduled trip end time",8,18,10,4020.5
"Post scheduled trip end time",41,41,0,4020.5
"Post scheduled trip end time",26,236,210,4020.5
"Post scheduled trip end time",827,829,2,4020.5
"Post scheduled trip end time",1027,1047,20,4020.5
"Post scheduled trip end time",1727,1743,16,4020.5
"Post scheduled trip end time",2187,2207,20,4020.5
"Post scheduled trip end time",21,77,56,4020.5
"Post scheduled trip end time",407,409,2,4020.5
"Post scheduled trip end time",507,524,17,4020.5
"Post scheduled trip end time",1227,1243,16,4020.5
"Post scheduled trip end time",2727,2728,1,4020.5
"Post scheduled trip end time",18,365,347,4020.5
"Post scheduled trip end time",21,69,48,4020.5
"Post scheduled trip end time",29,151,122,4020.5
"Post scheduled trip end time",17,159,142,4020.5
"Post scheduled trip end time",27,112,85,4020.5
"Post scheduled trip end time",17,66,49,4020.5
"Post scheduled trip end time",2207,2227,20,4020.5
"Post scheduled trip end time",2367,2387,20,4020.5
"Post scheduled trip end time",2467,2483,16,4020.5
"Post scheduled trip end time",17,119,102,4020.5
"Post scheduled trip end time",-16,30,46,4020.5
"Post scheduled trip end time",17,41,24,4020.5
"Post scheduled trip end time",-14,8931,8945,4020.5
"Post scheduled trip end time",267,287,20,4020.5
"Post scheduled trip end time",1667,1684,17,4020.5
"Post scheduled trip end time",2767,2790,23,4020.5
"Post scheduled trip end time",18,1738,1720,4020.5
"Post scheduled trip end time",247,264,17,4020.5
"Post scheduled trip end time",1707,1709,2,4020.5
"Post scheduled trip end time",2147,2148,1,4020.5
"Post scheduled trip end time",2747,2778,31,4020.5
"Post scheduled trip end time",29,61,32,4020.5
"Post scheduled trip end time",18,46,28,4020.5
"Post scheduled trip end time",17,564,547,4020.5
"Post scheduled trip end time",2467,2489,22,4020.5
"Post scheduled trip end time",19,185,166,4020.5
"Post scheduled trip end time",28,108,80,4020.5
"Post scheduled trip end time",-17,21,38,4020.5
"Post scheduled trip end time",707,728,21,4020.5
"Post scheduled trip end time",847,862,15,4020.5
"Post scheduled trip end time",2087,2101,14,4020.5
"Post scheduled trip end time",2207,2214,7,4020.5
"Post scheduled trip end time",2507,2535,28,4020.5
"Post scheduled trip end time",-27,-12,15,4020.5
"Post scheduled trip end time",-16,25,41,4020.5
"Post scheduled trip end time",-13,6546,6559,4020.5
"Post scheduled trip end time",1207,1209,2,4020.5
"Post scheduled trip end time",1687,1702,15,4020.5
"Post scheduled trip end time",2567,2589,22,4020.5
"Post scheduled trip end time",8,19,11,4020.5
"Post scheduled trip end time",8,35,27,4020.5
"Post scheduled trip end time",21,246,225,4020.5
"Post scheduled trip end time",887,895,8,4020.5
"Post scheduled trip end time",967,981,14,4020.5
"Post scheduled trip end time",1127,1141,14,4020.5
"Post scheduled trip end time",2207,2223,16,4020.5
"Post scheduled trip end time",21,78,57,4020.5
"Post scheduled trip end time",-14,22,36,4020.5
"Post scheduled trip end time",-29,-8,21,4020.5
"Post scheduled trip end time",26,35,9,4020.5
"Post scheduled trip end time",8,475,467,4020.5
"Post scheduled trip end time",287,304,17,4020.5
"Post scheduled trip end time",1387,1407,20,4020.5
"Post scheduled trip end time",1447,1470,23,4020.5
"Post scheduled trip end time",2047,2055,8,4020.5
"Post scheduled trip end time",2267,2290,23,4020.5
"Post scheduled trip end time",16,92,76,4020.5
"Post scheduled trip end time",-13,32,45,4020.5
"Post scheduled trip end time",17,18,1,4020.5
"Post scheduled trip end time",1047,1067,20,4020.5
"Post scheduled trip end time",1947,1954,7,4020.5
"Post scheduled trip end time",2587,2627,40,4020.5
"Post scheduled trip end time",21,109,88,4020.5
"Post scheduled trip end time",27,149,122,4020.5
"Post scheduled trip end time",-13,36,49,4020.5
"Post scheduled trip end time",-14,18,32,4020.5
"Post scheduled trip end time",-27,-18,9,4020.5
"Post scheduled trip end time",19,30,11,4020.5
"Post scheduled trip end time",587,589,2,4020.5
"Post scheduled trip end time",2167,2198,31,4020.5
"Post scheduled trip end time",2447,2461,14,4020.5
"Post scheduled trip end time",16,75,59,4020.5
"Post scheduled trip end time",-23,-12,11,4020.5
"Post scheduled trip end time",19,33,14,4020.5
"Post scheduled trip end time",447,487,40,4020.5
"Post scheduled trip end time",807,829,22,4020.5
"Post scheduled trip end time",1347,1368,21,4020.5
"Post scheduled trip end time",1447,1469,22,4020.5
"Post scheduled trip end time",1587,1618,31,4020.5
"Post scheduled trip end time",1707,1738,31,4020.5
"Post scheduled trip end time",1907,1923,16,4020.5
"Post scheduled trip end time",8,164,156,4020.5
"Post scheduled trip end time",18,298,280,4020.5
"Post scheduled trip end time",27,157,130,4020.5
"Post scheduled trip end time",18,36,18,4020.5
"Post scheduled trip end time",1047,1055,8,4020.5
"Post scheduled trip end time",2067,2089,22,4020.5
"Post scheduled trip end time",2567,2587,20,4020.5
"Post scheduled trip end time",-19,22,41,4020.5
"Post scheduled trip end time",-15,-8,7,4020.5
"Post scheduled trip end time",-21,-2,19,4020.5
"Post scheduled trip end time",347,368,21,4020.5
"Post scheduled trip end time",1167,1174,7,4020.5
"Post scheduled trip end time",2007,2027,20,4020.5
"Post scheduled trip end time",2067,2087,20,4020.5
"Post scheduled trip end time",2607,2635,28,4020.5
"Post scheduled trip end time",-20,15,35,4020.5
"Post scheduled trip end time",8,17,9,4020.5
"Post scheduled trip end time",28,59,31,4020.5
"Post scheduled trip end time",8,33,25,4020.5
"Post scheduled trip end time",567,589,22,4020.5
"Post scheduled trip end time",747,769,22,4020.5
"Post scheduled trip end time",1287,1307,20,4020.5
"Post scheduled trip end time",2807,2847,40,4020.5
"Post scheduled trip end time",-30,4,34,4020.5
"Post scheduled trip end time",-26,-18,8,4020.5
"Post scheduled trip end time",19,36,17,4020.5
"Post scheduled trip end time",27,92,65,4020.5
"Post scheduled trip end time",1547,1567,20,4020.5
"Post scheduled trip end time",2227,2267,40,4020.5
"Post scheduled trip end time",2647,2649,2,4020.5
"Post scheduled trip end time",21,71,50,4020.5
"Post scheduled trip end time",21,102,81,4020.5
"Post scheduled trip end time",22,29,7,4020.5
"Post scheduled trip end time",21,26,5,4020.5
"Post scheduled trip end time",26,58,32,4020.5
"Post scheduled trip end time",28,50,22,4020.5
"Post scheduled trip end time",8,284,276,4020.5
"Post scheduled trip end time",727,741,14,4020.5
"Post scheduled trip end time",1527,1547,20,4020.5
"Post scheduled trip end time",1567,1569,2,4020.5
"Post scheduled trip end time",2247,2263,16,4020.5
"Post scheduled trip end time",2287,2302,15,4020.5
"Post scheduled trip end time",2487,2527,40,4020.5
"Post scheduled trip end time",2487,2507,20,4020.5
"Post scheduled trip end time",2507,2528,21,4020.5
"Post scheduled trip end time",17,57,40,4020.5
"Post scheduled trip end time",-19,-6,13,4020.5
"Post scheduled trip end time",-14,37,51,4020.5
"Post scheduled trip end time",17,112,95,4020.5
"Post scheduled trip end time",26,176,150,4020.5
"Post scheduled trip end time",187,189,2,4020.5
"Post scheduled trip end time",647,667,20,4020.5
"Post scheduled trip end time",1027,1035,8,4020.5
"Post scheduled trip end time",1207,1215,8,4020.5
"Post scheduled trip end time",2167,2174,7,4020.5
"Post scheduled trip end time",2627,2650,23,4020.5
"Post scheduled trip end time",8,193,185,4020.5
"Post scheduled trip end time",18,57,39,4020.5
"Post scheduled trip end time",26,47,21,4020.5
"Post scheduled trip end time",527,567,40,4020.5
"Post scheduled trip end time",1767,1787,20,4020.5
"Post scheduled trip end time",1807,1835,28,4020.5
"Post scheduled trip end time",2067,2098,31,4020.5
"Post scheduled trip end time",19,78,59,4020.5
"Post scheduled trip end time",26,210,184,4020.5
"Post scheduled trip end time",-15,2,17,4020.5
"Post scheduled trip end time",-13,12505,12518,4020.5
"Post scheduled trip end time",16,23,7,4020.5
"Post scheduled trip end time",987,994,7,4020.5
"Post scheduled trip end time",1647,1678,31,4020.5
"Post scheduled trip end time",2027,2044,17,4020.5
"Post scheduled trip end time",2407,2418,11,4020.5
"Post scheduled trip end time",22,334,312,4020.5
"Post scheduled trip end time",-17,14,31,4020.5
"Post scheduled trip end time",21,54,33,4020.5
"Post scheduled trip end time",887,910,23,4020.5
"Post scheduled trip end time",2047,2058,11,4020.5
"Post scheduled trip end time",2247,2270,23,4020.5
"Post scheduled trip end time",2247,2268,21,4020.5
"Post scheduled trip end time",2647,2670,23,4020.5
"Post scheduled trip end time",2807,2822,15,4020.5
"Post scheduled trip end time",28,213,185,4020.5
"Post scheduled trip end time",26,326,300,4020.5
"Post scheduled trip end time",28,104,76,4020.5
"Post scheduled trip end time",29,91,62,4020.5
"Post scheduled trip end time",8,1758,1750,4020.5
"Post scheduled trip end time",19,195,176,4020.5
"Post scheduled trip end time",-17,NA,NA,4020.5
"Post scheduled trip end time",19,34,15,4020.5
"Post scheduled trip end time",727,747,20,4020.5
"Post scheduled trip end time",2187,2218,31,4020.5
"Post scheduled trip end time",28,638,610,4020.5
"Post scheduled trip end time",28,79,51,4020.5
"Post scheduled trip end time",18,1078,1060,4020.5
"Post scheduled trip end time",-13,5,18,4020.5
"Post scheduled trip end time",1747,1778,31,4020.5
"Post scheduled trip end time",1947,1949,2,4020.5
"Post scheduled trip end time",1967,1983,16,4020.5
"Post scheduled trip end time",2547,2562,15,4020.5
"Post scheduled trip end time",2787,2795,8,4020.5
"Post scheduled trip end time",26,122,96,4020.5
"Post scheduled trip end time",21,100,79,4020.5
"Post scheduled trip end time",-16,4,20,4020.5
"Post scheduled trip end time",-20,23,43,4020.5
"Post scheduled trip end time",1107,1138,31,4020.5
"Post scheduled trip end time",2107,2115,8,4020.5
"Post scheduled trip end time",2527,2555,28,4020.5
"Post scheduled trip end time",2607,2628,21,4020.5
"Post scheduled trip end time",28,281,253,4020.5
"Post scheduled trip end time",21,525,504,4020.5
"Post scheduled trip end time",18,136,118,4020.5
"Post scheduled trip end time",29,51,22,4020.5
"Post scheduled trip end time",63,25426,25363,4020.5
"Post scheduled trip end time",2387,2410,23,4020.5
"Post scheduled trip end time",2467,2478,11,4020.5
"Post scheduled trip end time",17,127,110,4020.5
"Post scheduled trip end time",16,65,49,4020.5
"Post scheduled trip end time",-15,-5,10,4020.5
"Post scheduled trip end time",26,46,20,4020.5
"Post scheduled trip end time",26,31,5,4020.5
"Post scheduled trip end time",19,27,8,4020.5
"Post scheduled trip end time",27,30,3,4020.5
"Post scheduled trip end time",19,44,25,4020.5
"Post scheduled trip end time",17,19,2,4020.5
"Post scheduled trip end time",367,381,14,4020.5
"Post scheduled trip end time",527,542,15,4020.5
"Post scheduled trip end time",1707,1747,40,4020.5
"Post scheduled trip end time",2307,2328,21,4020.5
"Post scheduled trip end time",27,85,58,4020.5
"Post scheduled trip end time",18,1258,1240,4020.5
"Post scheduled trip end time",-29,3,32,4020.5
"Post scheduled trip end time",887,908,21,4020.5
"Post scheduled trip end time",26,84,58,4020.5
"Post scheduled trip end time",22,288,266,4020.5
"Post scheduled trip end time",28,331,303,4020.5
"Post scheduled trip end time",8,647,639,4020.5
"Post scheduled trip end time",1007,1030,23,4020.5
"Post scheduled trip end time",2067,2107,40,4020.5
"Post scheduled trip end time",2367,2375,8,4020.5
"Post scheduled trip end time",2787,2810,23,4020.5
"Post scheduled trip end time",8,325,317,4020.5
"Post scheduled trip end time",27,405,378,4020.5
"Post scheduled trip end time",18,68,50,4020.5
"Post scheduled trip end time",28,100,72,4020.5
"Post scheduled trip end time",-27,-8,19,4020.5
"Post scheduled trip end time",8,111,103,4020.5
"Post scheduled trip end time",18,448,430,4020.5
"Post scheduled trip end time",1947,1967,20,4020.5
"Post scheduled trip end time",2447,2469,22,4020.5
"Post scheduled trip end time",2487,2510,23,4020.5
"Post scheduled trip end time",-20,18,38,4020.5
"Post scheduled trip end time",-30,2,32,4020.5
"Post scheduled trip end time",16,91,75,4020.5
"Post scheduled trip end time",427,444,17,4020.5
"Post scheduled trip end time",1627,1655,28,4020.5
"Post scheduled trip end time",1747,1754,7,4020.5
"Post scheduled trip end time",16,77,61,4020.5
"Post scheduled trip end time",-14,-1,13,4020.5
"Post scheduled trip end time",8,15,7,4020.5
"Post scheduled trip end time",1427,1435,8,4020.5
"Post scheduled trip end time",2227,2258,31,4020.5
"Post scheduled trip end time",2267,2268,1,4020.5
"Post scheduled trip end time",2727,2758,31,4020.5
"Post scheduled trip end time",2767,2798,31,4020.5
"Post scheduled trip end time",2887,2901,14,4020.5
"Post scheduled trip end time",29,221,192,4020.5
"Post scheduled trip end time",-13,540588,540601,4020.5
"Post scheduled trip end time",16,185,169,4020.5
"Post scheduled trip end time",17,27,10,4020.5
"Post scheduled trip end time",8,36,28,4020.5
"Post scheduled trip end time",247,287,40,4020.5
"Post scheduled trip end time",1087,1095,8,4020.5
"Post scheduled trip end time",1507,1527,20,4020.5
"Post scheduled trip end time",2387,2388,1,4020.5
"Post scheduled trip end time",22,122,100,4020.5
"Post scheduled trip end time",18,82,64,4020.5
"Post scheduled trip end time",327,367,40,4020.5
"Post scheduled trip end time",1347,1378,31,4020.5
"Post scheduled trip end time",1827,1842,15,4020.5
"Post scheduled trip end time",2387,2427,40,4020.5
"Post scheduled trip end time",2567,2575,8,4020.5
"Post scheduled trip end time",2787,2798,11,4020.5
"Post scheduled trip end time",18,144,126,4020.5
"Post scheduled trip end time",26,109,83,4020.5
"Post scheduled trip end time",-19,10,29,4020.5
"Post scheduled trip end time",-14,8,22,4020.5
"Post scheduled trip end time",22,66,44,4020.5
"Post scheduled trip end time",547,561,14,4020.5
"Post scheduled trip end time",1127,1142,15,4020.5
"Post scheduled trip end time",2007,2035,28,4020.5
"Post scheduled trip end time",28,85,57,4020.5
"Post scheduled trip end time",17,71,54,4020.5
"Post scheduled trip end time",22,32,10,4020.5
"Post scheduled trip end time",747,768,21,4020.5
"Post scheduled trip end time",1247,1269,22,4020.5
"Post scheduled trip end time",1567,1595,28,4020.5
"Post scheduled trip end time",2167,2169,2,4020.5
"Post scheduled trip end time",19,120,101,4020.5
"Post scheduled trip end time",17,77,60,4020.5
"Post scheduled trip end time",22,274,252,4020.5
"Post scheduled trip end time",-14,-5,9,4020.5
"Post scheduled trip end time",-30,84,114,4020.5
"Post scheduled trip end time",-14,21,35,4020.5
"Post scheduled trip end time",8,16,8,4020.5
"Post scheduled trip end time",427,467,40,4020.5
"Post scheduled trip end time",1207,1222,15,4020.5
"Post scheduled trip end time",1507,1528,21,4020.5
"Post scheduled trip end time",2247,2278,31,4020.5
"Post scheduled trip end time",2267,2307,40,4020.5
"Post scheduled trip end time",2567,2583,16,4020.5
"Post scheduled trip end time",17,421,404,4020.5
"Post scheduled trip end time",-18,20037,20055,4020.5
"Post scheduled trip end time",17,83,66,4020.5
"Post scheduled trip end time",-15,11,26,4020.5
"Post scheduled trip end time",-30,6,36,4020.5
"Post scheduled trip end time",107,122,15,4020.5
"Post scheduled trip end time",1067,1087,20,4020.5
"Post scheduled trip end time",2007,2022,15,4020.5
"Post scheduled trip end time",2327,2343,16,4020.5
"Post scheduled trip end time",2867,2868,1,4020.5
"Post scheduled trip end time",1587,1609,22,4020.5
"Post scheduled trip end time",1647,1670,23,4020.5
"Post scheduled trip end time",1707,1721,14,4020.5
"Post scheduled trip end time",2427,2435,8,4020.5
"Post scheduled trip end time",17,471,454,4020.5
"Post scheduled trip end time",-13,27,40,4020.5
"Post scheduled trip end time",26,38,12,4020.5
"Post scheduled trip end time",27,40,13,4020.5
"Post scheduled trip end time",347,367,20,4020.5
"Post scheduled trip end time",767,789,22,4020.5
"Post scheduled trip end time",1547,1561,14,4020.5
"Post scheduled trip end time",1987,2001,14,4020.5
"Post scheduled trip end time",2247,2255,8,4020.5
"Post scheduled trip end time",2287,2307,20,4020.5
"Post scheduled trip end time",2467,2469,2,4020.5
"Post scheduled trip end time",17,140,123,4020.5
"Post scheduled trip end time",27,113,86,4020.5
"Post scheduled trip end time",29,55,26,4020.5
"Post scheduled trip end time",287,289,2,4020.5
"Post scheduled trip end time",327,344,17,4020.5
"Post scheduled trip end time",2387,2408,21,4020.5
"Post scheduled trip end time",2447,2464,17,4020.5
"Post scheduled trip end time",2507,2524,17,4020.5
"Post scheduled trip end time",2627,2629,2,4020.5
"Post scheduled trip end time",2847,2869,22,4020.5
"Post scheduled trip end time",17,353,336,4020.5
"Post scheduled trip end time",16,533,517,4020.5
"Post scheduled trip end time",-19,6,25,4020.5
"Post scheduled trip end time",8,320,312,4020.5
"Post scheduled trip end time",19,298,279,4020.5
"Post scheduled trip end time",18,658,640,4020.5
"Post scheduled trip end time",22,539,517,4020.5
"Post scheduled trip end time",-25,-9,16,4020.5
"Post scheduled trip end time",16,27,11,4020.5
"Post scheduled trip end time",18,42,24,4020.5
"Post scheduled trip end time",17,17,0,4020.5
"Post scheduled trip end time",627,642,15,4020.5
"Post scheduled trip end time",1307,1347,40,4020.5
"Post scheduled trip end time",1327,1349,22,4020.5
"Post scheduled trip end time",1787,1801,14,4020.5
"Post scheduled trip end time",22,31,9,4020.5
"Post scheduled trip end time",19,486,467,4020.5
"Post scheduled trip end time",1447,1475,28,4020.5
"Post scheduled trip end time",2507,2547,40,4020.5
"Post scheduled trip end time",2587,2607,20,4020.5
"Post scheduled trip end time",2607,2623,16,4020.5
"Post scheduled trip end time",2667,2681,14,4020.5
"Post scheduled trip end time",16,462,446,4020.5
"Post scheduled trip end time",19,134,115,4020.5
"Post scheduled trip end time",18,77,59,4020.5
"Post scheduled trip end time",17,107,90,4020.5
"Post scheduled trip end time",22,479,457,4020.5
"Post scheduled trip end time",-14,23,37,4020.5
"Post scheduled trip end time",1467,1487,20,4020.5
"Post scheduled trip end time",1547,1568,21,4020.5
"Post scheduled trip end time",1947,1978,31,4020.5
"Post scheduled trip end time",26,85,59,4020.5
"Post scheduled trip end time",26,138,112,4020.5
"Post scheduled trip end time",28,1418,1390,4020.5
"Post scheduled trip end time",-18,25,43,4020.5
"Post scheduled trip end time",-20,-4,16,4020.5
"Post scheduled trip end time",1167,1175,8,4020.5
"Post scheduled trip end time",1687,1708,21,4020.5
"Post scheduled trip end time",1747,1761,14,4020.5
"Post scheduled trip end time",1747,1775,28,4020.5
"Post scheduled trip end time",2167,2188,21,4020.5
"Post scheduled trip end time",2327,2328,1,4020.5
"Post scheduled trip end time",2347,2368,21,4020.5
"Post scheduled trip end time",2907,2923,16,4020.5
"Post scheduled trip end time",22,394,372,4020.5
"Post scheduled trip end time",27,86,59,4020.5
"Post scheduled trip end time",27,35,8,4020.5
"Post scheduled trip end time",867,875,8,4020.5
"Post scheduled trip end time",1287,1302,15,4020.5
"Post scheduled trip end time",1427,1448,21,4020.5
"Post scheduled trip end time",2487,2515,28,4020.5
"Post scheduled trip end time",17,109,92,4020.5
"Post scheduled trip end time",21,49,28,4020.5
"Post scheduled trip end time",18,29,11,4020.5
"Post scheduled trip end time",387,389,2,4020.5
"Post scheduled trip end time",1067,1098,31,4020.5
"Post scheduled trip end time",1967,1978,11,4020.5
"Post scheduled trip end time",1987,2027,40,4020.5
"Post scheduled trip end time",2527,2550,23,4020.5
"Post scheduled trip end time",21,182,161,4020.5
"Post scheduled trip end time",16,116,100,4020.5
"Post scheduled trip end time",22,38,16,4020.5
"Post scheduled trip end time",28,364,336,4020.5
"Post scheduled trip end time",927,947,20,4020.5
"Post scheduled trip end time",967,982,15,4020.5
"Post scheduled trip end time",2867,2898,31,4020.5
"Post scheduled trip end time",29,319,290,4020.5
"Post scheduled trip end time",26,77,51,4020.5
"Post scheduled trip end time",-19,7,26,4020.5
"Post scheduled trip end time",1727,1741,14,4020.5
"Post scheduled trip end time",2587,2602,15,4020.5
"Post scheduled trip end time",19,93,74,4020.5
"Post scheduled trip end time",29,160,131,4020.5
"Post scheduled trip end time",26,90,64,4020.5
"Post scheduled trip end time",19,48,29,4020.5
"Post scheduled trip end time",27,28,1,4020.5
"Post scheduled trip end time",727,767,40,4020.5
"Post scheduled trip end time",1107,1114,7,4020.5
"Post scheduled trip end time",2267,2288,21,4020.5
"Post scheduled trip end time",2527,2549,22,4020.5
"Post scheduled trip end time",19,164,145,4020.5
"Post scheduled trip end time",28,90,62,4020.5
"Post scheduled trip end time",-16,1,17,4020.5
"Post scheduled trip end time",-17,19,36,4020.5
"Post scheduled trip end time",-17,6,23,4020.5
"Post scheduled trip end time",-16,15,31,4020.5
"Post scheduled trip end time",1067,1075,8,4020.5
"Post scheduled trip end time",2167,2183,16,4020.5
"Post scheduled trip end time",2827,2838,11,4020.5
"Post scheduled trip end time",28,998,970,4020.5
"Post scheduled trip end time",28,29,1,4020.5
"Post scheduled trip end time",667,682,15,4020.5
"Post scheduled trip end time",927,942,15,4020.5
"Post scheduled trip end time",1467,1490,23,4020.5
"Post scheduled trip end time",1727,1734,7,4020.5
"Post scheduled trip end time",1807,1828,21,4020.5
"Post scheduled trip end time",22,114,92,4020.5
"Post scheduled trip end time",18,184,166,4020.5
"Post scheduled trip end time",17,96,79,4020.5
"Post scheduled trip end time",-19,9,28,4020.5
"Post scheduled trip end time",-20,5,25,4020.5
"Post scheduled trip end time",-18,14,32,4020.5
"Post scheduled trip end time",1067,1090,23,4020.5
"Post scheduled trip end time",1707,1714,7,4020.5
"Post scheduled trip end time",2167,2190,23,4020.5
"Post scheduled trip end time",2267,2274,7,4020.5
"Post scheduled trip end time",2267,2287,20,4020.5
"Post scheduled trip end time",28,63,35,4020.5
"Post scheduled trip end time",29,244,215,4020.5
"Post scheduled trip end time",29,118,89,4020.5
"Post scheduled trip end time",21,103,82,4020.5
"Post scheduled trip end time",-20,-2,18,4020.5
"Post scheduled trip end time",18,32,14,4020.5
"Post scheduled trip end time",27,29,2,4020.5
"Post scheduled trip end time",1247,1268,21,4020.5
"Post scheduled trip end time",1367,1381,14,4020.5
"Post scheduled trip end time",1607,1608,1,4020.5
"Post scheduled trip end time",1807,1830,23,4020.5
"Post scheduled trip end time",2147,2162,15,4020.5
"Post scheduled trip end time",-15,-1,14,4020.5
"Post scheduled trip end time",687,702,15,4020.5
"Post scheduled trip end time",1147,1170,23,4020.5
"Post scheduled trip end time",1487,1494,7,4020.5
"Post scheduled trip end time",1827,1828,1,4020.5
"Post scheduled trip end time",17,38,21,4020.5
"Post scheduled trip end time",467,482,15,4020.5
"Post scheduled trip end time",947,967,20,4020.5
"Post scheduled trip end time",967,989,22,4020.5
"Post scheduled trip end time",1187,1207,20,4020.5
"Post scheduled trip end time",1367,1407,40,4020.5
"Post scheduled trip end time",1827,1867,40,4020.5
"Post scheduled trip end time",2407,2435,28,4020.5
"Post scheduled trip end time",19,69,50,4020.5
"Post scheduled trip end time",17,60,43,4020.5
"Post scheduled trip end time",587,602,15,4020.5
"Post scheduled trip end time",627,648,21,4020.5
"Post scheduled trip end time",1707,1708,1,4020.5
"Post scheduled trip end time",1987,2009,22,4020.5
"Post scheduled trip end time",2447,2467,20,4020.5
"Post scheduled trip end time",2487,2518,31,4020.5
"Post scheduled trip end time",16,224,208,4020.5
"Post scheduled trip end time",17,351,334,4020.5
"Post scheduled trip end time",-16,10,26,4020.5
"Post scheduled trip end time",-30,-15,15,4020.5
"Post scheduled trip end time",-27,16,43,4020.5
"Post scheduled trip end time",-27,10,37,4020.5
"Post scheduled trip end time",-20,7,27,4020.5
"Post scheduled trip end time",26,42,16,4020.5
"Post scheduled trip end time",507,521,14,4020.5
"Post scheduled trip end time",1347,1349,2,4020.5
"Post scheduled trip end time",1367,1387,20,4020.5
"Post scheduled trip end time",1487,1518,31,4020.5
"Post scheduled trip end time",1547,1563,16,4020.5
"Post scheduled trip end time",2027,2049,22,4020.5
"Post scheduled trip end time",2647,2675,28,4020.5
"Post scheduled trip end time",16,361,345,4020.5
"Post scheduled trip end time",8,798,790,4020.5
"Post scheduled trip end time",-15,28,43,4020.5
"Post scheduled trip end time",-16,-5,11,4020.5
"Post scheduled trip end time",767,781,14,4020.5
"Post scheduled trip end time",907,921,14,4020.5
"Post scheduled trip end time",1327,1350,23,4020.5
"Post scheduled trip end time",2087,2095,8,4020.5
"Post scheduled trip end time",2147,2168,21,4020.5
"Post scheduled trip end time",2167,2207,40,4020.5
"Post scheduled trip end time",22,175,153,4020.5
"Post scheduled trip end time",26,116,90,4020.5
"Post scheduled trip end time",18,120,102,4020.5
"Post scheduled trip end time",-24,13,37,4020.5
"Post scheduled trip end time",467,484,17,4020.5
"Post scheduled trip end time",627,644,17,4020.5
"Post scheduled trip end time",1027,1058,31,4020.5
"Post scheduled trip end time",1407,1429,22,4020.5
"Post scheduled trip end time",1627,1642,15,4020.5
"Post scheduled trip end time",2267,2278,11,4020.5
"Post scheduled trip end time",2447,2449,2,4020.5
"Post scheduled trip end time",2507,2530,23,4020.5
"Post scheduled trip end time",29,63,34,4020.5
"Post scheduled trip end time",-18,21,39,4020.5
"Post scheduled trip end time",22,27,5,4020.5
"Post scheduled trip end time",18,26,8,4020.5
"Post scheduled trip end time",2687,2718,31,4020.5
"Post scheduled trip end time",-19,28,47,4020.5
"Post scheduled trip end time",-27,-17,10,4020.5
"Post scheduled trip end time",8,22,14,4020.5
"Post scheduled trip end time",16,38,22,4020.5
"Post scheduled trip end time",8,344,336,4020.5
"Post scheduled trip end time",8,8,0,4020.5
"Post scheduled trip end time",827,848,21,4020.5
"Post scheduled trip end time",1667,1683,16,4020.5
"Post scheduled trip end time",2807,2838,31,4020.5
"Post scheduled trip end time",21,60,39,4020.5
"Post scheduled trip end time",26,506,480,4020.5
"Post scheduled trip end time",-29,-2,27,4020.5
"Post scheduled trip end time",-26,-16,10,4020.5
"Post scheduled trip end time",19,54,35,4020.5
"Post scheduled trip end time",2867,2881,14,4020.5
"Post scheduled trip end time",27,101,74,4020.5
"Post scheduled trip end time",28,116,88,4020.5
"Post scheduled trip end time",19,178,159,4020.5
"Post scheduled trip end time",-13,-11,2,4020.5
"Post scheduled trip end time",16,29,13,4020.5
"Post scheduled trip end time",1407,1447,40,4020.5
"Post scheduled trip end time",1507,1515,8,4020.5
"Post scheduled trip end time",1907,1927,20,4020.5
"Post scheduled trip end time",1927,1938,11,4020.5
"Post scheduled trip end time",2627,2644,17,4020.5
"Post scheduled trip end time",2687,2702,15,4020.5
"Post scheduled trip end time",27,393,366,4020.5
"Post scheduled trip end time",22,228,206,4020.5
"Post scheduled trip end time",26,96,70,4020.5
"Post scheduled trip end time",8,23,15,4020.5
"Post scheduled trip end time",8,9,1,4020.5
"Post scheduled trip end time",27,58,31,4020.5
"Post scheduled trip end time",767,769,2,4020.5
"Post scheduled trip end time",1647,1658,11,4020.5
"Post scheduled trip end time",2507,2509,2,4020.5
"Post scheduled trip end time",2527,2543,16,4020.5
"Post scheduled trip end time",17,70,53,4020.5
"Post scheduled trip end time",-23,-2,21,4020.5
"Post scheduled trip end time",-30,-22,8,4020.5
"Post scheduled trip end time",-14,-4,10,4020.5
"Post scheduled trip end time",16,26,10,4020.5
"Post scheduled trip end time",1787,1818,31,4020.5
"Post scheduled trip end time",21,63,42,4020.5
"Post scheduled trip end time",28,75,47,4020.5
"Post scheduled trip end time",22,71,49,4020.5
"Post scheduled trip end time",26,43,17,4020.5
"Post scheduled trip end time",26,44,18,4020.5
"Post scheduled trip end time",29,53,24,4020.5
"Post scheduled trip end time",8,43,35,4020.5
"Post scheduled trip end time",187,207,20,4020.5
"Post scheduled trip end time",927,929,2,4020.5
"Post scheduled trip end time",987,1010,23,4020.5
"Post scheduled trip end time",1347,1369,22,4020.5
"Post scheduled trip end time",8,104,96,4020.5
"Post scheduled trip end time",26,180,154,4020.5
"Post scheduled trip end time",17,86,69,4020.5
"Post scheduled trip end time",467,469,2,4020.5
"Post scheduled trip end time",1087,1118,31,4020.5
"Post scheduled trip end time",17,132,115,4020.5
"Post scheduled trip end time",18,240,222,4020.5
"Post scheduled trip end time",-16,-4,12,4020.5
"Post scheduled trip end time",687,694,7,4020.5
"Post scheduled trip end time",927,967,40,4020.5
"Post scheduled trip end time",1127,1167,40,4020.5
"Post scheduled trip end time",2067,2090,23,4020.5
"Post scheduled trip end time",2667,2695,28,4020.5
"Post scheduled trip end time",28,77,49,4020.5
"Post scheduled trip end time",16,624,608,4020.5
"Post scheduled trip end time",1007,1021,14,4020.5
"Post scheduled trip end time",1327,1347,20,4020.5
"Post scheduled trip end time",2107,2129,22,4020.5
"Post scheduled trip end time",2427,2438,11,4020.5
"Post scheduled trip end time",29,144,115,4020.5
"Post scheduled trip end time",27,79,52,4020.5
"Post scheduled trip end time",19,29,10,4020.5
"Post scheduled trip end time",927,949,22,4020.5
"Post scheduled trip end time",1287,1315,28,4020.5
"Post scheduled trip end time",1347,1387,40,4020.5
"Post scheduled trip end time",1807,1827,20,4020.5
"Post scheduled trip end time",2607,2615,8,4020.5
"Post scheduled trip end time",2787,2807,20,4020.5
"Post scheduled trip end time",27,391,364,4020.5
"Post scheduled trip end time",8,162,154,4020.5
"Post scheduled trip end time",-17,11,28,4020.5
"Post scheduled trip end time",1467,1482,15,4020.5
"Post scheduled trip end time",2187,2208,21,4020.5
"Post scheduled trip end time",2507,2521,14,4020.5
"Post scheduled trip end time",2627,2642,15,4020.5
"Post scheduled trip end time",647,669,22,4020.5
"Post scheduled trip end time",1107,1121,14,4020.5
"Post scheduled trip end time",1907,1918,11,4020.5
"Post scheduled trip end time",2327,2344,17,4020.5
"Post scheduled trip end time",-28,-7,21,4020.5
"Post scheduled trip end time",1247,1263,16,4020.5
"Post scheduled trip end time",1587,1589,2,4020.5
"Post scheduled trip end time",1907,1938,31,4020.5
"Post scheduled trip end time",2287,2315,28,4020.5
"Post scheduled trip end time",2787,2803,16,4020.5
"Post scheduled trip end time",-14,-8,6,4020.5
"Post scheduled trip end time",28,182,154,4020.5
"Post scheduled trip end time",-15,-6,9,4020.5
"Post scheduled trip end time",-20,19,39,4020.5
"Post scheduled trip end time",29,50,21,4020.5
"Post scheduled trip end time",8,201,193,4020.5
"Post scheduled trip end time",1347,1375,28,4020.5
"Post scheduled trip end time",1367,1398,31,4020.5
"Post scheduled trip end time",1987,2004,17,4020.5
"Post scheduled trip end time",2247,2261,14,4020.5
"Post scheduled trip end time",16,37,21,4020.5
"Post scheduled trip end time",1547,1578,31,4020.5
"Post scheduled trip end time",1967,1988,21,4020.5
"Post scheduled trip end time",21,88,67,4020.5
"Post scheduled trip end time",26,146,120,4020.5
"Post scheduled trip end time",-20,10852,10872,4020.5
"Post scheduled trip end time",26,131,105,4020.5
"Post scheduled trip end time",1187,1209,22,4020.5
"Post scheduled trip end time",2167,2187,20,4020.5
"Post scheduled trip end time",2227,2248,21,4020.5
"Post scheduled trip end time",27,341,314,4020.5
"Post scheduled trip end time",19,66,47,4020.5
"Post scheduled trip end time",29,81,52,4020.5
"Post scheduled trip end time",18,1678,1660,4020.5
"Post scheduled trip end time",28,61,33,4020.5
"Post scheduled trip end time",1107,1127,20,4020.5
"Post scheduled trip end time",1927,1958,31,4020.5
"Post scheduled trip end time",21,430,409,4020.5
"Post scheduled trip end time",-21,17,38,4020.5
"Post scheduled trip end time",16,46,30,4020.5
"Post scheduled trip end time",107,121,14,4020.5
"Post scheduled trip end time",367,387,20,4020.5
"Post scheduled trip end time",547,564,17,4020.5
"Post scheduled trip end time",1207,1230,23,4020.5
"Post scheduled trip end time",1307,1329,22,4020.5
"Post scheduled trip end time",2007,2038,31,4020.5
"Post scheduled trip end time",2287,2318,31,4020.5
"Post scheduled trip end time",-21,10,31,4020.5
"Post scheduled trip end time",16,39,23,4020.5
"Post scheduled trip end time",17,21,4,4020.5
"Post scheduled trip end time",22,267,245,4020.5
"Post scheduled trip end time",27,72,45,4020.5
"Post scheduled trip end time",587,601,14,4020.5
"Post scheduled trip end time",1767,1795,28,4020.5
"Post scheduled trip end time",1867,1875,8,4020.5
"Post scheduled trip end time",2427,2442,15,4020.5
"Post scheduled trip end time",2587,2604,17,4020.5
"Post scheduled trip end time",2607,2622,15,4020.5
"Post scheduled trip end time",16,51,35,4020.5
"Post scheduled trip end time",22,86,64,4020.5
"Post scheduled trip end time",-18,22,40,4020.5
"Post scheduled trip end time",27,59,32,4020.5
"Post scheduled trip end time",1827,1850,23,4020.5
"Post scheduled trip end time",1907,1924,17,4020.5
"Post scheduled trip end time",2687,2695,8,4020.5
"Post scheduled trip end time",18,1018,1000,4020.5
"Post scheduled trip end time",28,1598,1570,4020.5
"Post scheduled trip end time",29,295,266,4020.5
"Post scheduled trip end time",17,35,18,4020.5
"Post scheduled trip end time",1107,1147,40,4020.5
"Post scheduled trip end time",1187,1210,23,4020.5
"Post scheduled trip end time",1927,1942,15,4020.5
"Post scheduled trip end time",27,103,76,4020.5
"Post scheduled trip end time",17,584,567,4020.5
"Post scheduled trip end time",27,99,72,4020.5
"Post scheduled trip end time",-24,-1,23,4020.5
"Post scheduled trip end time",-21,15,36,4020.5
"Post scheduled trip end time",-14,1238,1252,4020.5
"Post scheduled trip end time",16,34,18,4020.5
"Post scheduled trip end time",28,46,18,4020.5
"Post scheduled trip end time",26,57,31,4020.5
"Post scheduled trip end time",1687,1703,16,4020.5
"Post scheduled trip end time",1847,1848,1,4020.5
"Post scheduled trip end time",2367,2389,22,4020.5
"Post scheduled trip end time",2667,2690,23,4020.5
"Post scheduled trip end time",2827,2847,20,4020.5
"Post scheduled trip end time",28,91,63,4020.5
"Post scheduled trip end time",21,550,529,4020.5
"Post scheduled trip end time",29,40,11,4020.5
"Post scheduled trip end time",8,32,24,4020.5
"Post scheduled trip end time",1407,1418,11,4020.5
"Post scheduled trip end time",1547,1587,40,4020.5
"Post scheduled trip end time",2307,2308,1,4020.5
"Post scheduled trip end time",2847,2867,20,4020.5
"Post scheduled trip end time",16,16,0,4020.5
"Post scheduled trip end time",26,144,118,4020.5
"Post scheduled trip end time",22,68,46,4020.5
"Post scheduled trip end time",28,398,370,4020.5
"Post scheduled trip end time",-15,25,40,4020.5
"Post scheduled trip end time",21,33,12,4020.5
"Post scheduled trip end time",27,152,125,4020.5
"Post scheduled trip end time",26,55,29,4020.5
"Post scheduled trip end time",29,48,19,4020.5
"Post scheduled trip end time",1247,1270,23,4020.5
"Post scheduled trip end time",1927,1941,14,4020.5
"Post scheduled trip end time",2207,2247,40,4020.5
"Post scheduled trip end time",28,154,126,4020.5
"Post scheduled trip end time",16,69,53,4020.5
"Post scheduled trip end time",17,111,94,4020.5
"Post scheduled trip end time",21,32,11,4020.5
"Post scheduled trip end time",22,30,8,4020.5
"Post scheduled trip end time",2147,2158,11,4020.5
"Post scheduled trip end time",2807,2824,17,4020.5
"Post scheduled trip end time",21,30,9,4020.5
"Post scheduled trip end time",21,31,10,4020.5
"Post scheduled trip end time",19,144,125,4020.5
"Post scheduled trip end time",2347,2354,7,4020.5
"Post scheduled trip end time",-27,24,51,4020.5
"Post scheduled trip end time",17,33,16,4020.5
"Post scheduled trip end time",29,184,155,4020.5
"Post scheduled trip end time",1047,1063,16,4020.5
"Post scheduled trip end time",1407,1424,17,4020.5
"Post scheduled trip end time",1707,1730,23,4020.5
"Post scheduled trip end time",1867,1882,15,4020.5
"Post scheduled trip end time",28,74,46,4020.5
"Post scheduled trip end time",16,237,221,4020.5
"Post scheduled trip end time",-13,12,25,4020.5
"Post scheduled trip end time",28,32,4,4020.5
"Post scheduled trip end time",567,587,20,4020.5
"Post scheduled trip end time",1307,1324,17,4020.5
"Post scheduled trip end time",1347,1364,17,4020.5
"Post scheduled trip end time",2087,2094,7,4020.5
"Post scheduled trip end time",2387,2402,15,4020.5
"Post scheduled trip end time",2767,2787,20,4020.5
"Post scheduled trip end time",19,100,81,4020.5
"Post scheduled trip end time",27,127,100,4020.5
"Post scheduled trip end time",-27,0,27,4020.5
"Post scheduled trip end time",847,864,17,4020.5
"Post scheduled trip end time",967,975,8,4020.5
"Post scheduled trip end time",1887,1907,20,4020.5
"Post scheduled trip end time",-13,525248,525261,4020.5
"Post scheduled trip end time",16,286,270,4020.5
"Post scheduled trip end time",8,31,23,4020.5
"Post scheduled trip end time",26,39,13,4020.5
"Post scheduled trip end time",28,30,2,4020.5
"Post scheduled trip end time",21,327,306,4020.5
"Post scheduled trip end time",167,188,21,4020.5
"Post scheduled trip end time",1147,1161,14,4020.5
"Post scheduled trip end time",1987,1989,2,4020.5
"Post scheduled trip end time",2687,2698,11,4020.5
"Post scheduled trip end time",-13,15,28,4020.5
"Post scheduled trip end time",587,607,20,4020.5
"Post scheduled trip end time",1807,1823,16,4020.5
"Post scheduled trip end time",27,77,50,4020.5
"Post scheduled trip end time",8,71,63,4020.5
"Post scheduled trip end time",22,634,612,4020.5
"Post scheduled trip end time",28,43,15,4020.5
"Post scheduled trip end time",847,861,14,4020.5
"Post scheduled trip end time",907,914,7,4020.5
"Post scheduled trip end time",1187,1203,16,4020.5
"Post scheduled trip end time",2787,2801,14,4020.5
"Post scheduled trip end time",27,167,140,4020.5
"Post scheduled trip end time",26,80,54,4020.5
"Post scheduled trip end time",-21,6,27,4020.5
"Post scheduled trip end time",-16,-11,5,4020.5
"Post scheduled trip end time",-18,11,29,4020.5
"Post scheduled trip end time",42,42,0,4020.5
"Post scheduled trip end time",707,714,7,4020.5
"Post scheduled trip end time",967,987,20,4020.5
"Post scheduled trip end time",1727,1742,15,4020.5
"Post scheduled trip end time",2527,2538,11,4020.5
"Post scheduled trip end time",26,66,40,4020.5
"Post scheduled trip end time",22,40,18,4020.5
"Post scheduled trip end time",22,28,6,4020.5
"Post scheduled trip end time",26,272,246,4020.5
"Post scheduled trip end time",707,729,22,4020.5
"Post scheduled trip end time",927,941,14,4020.5
"Post scheduled trip end time",1587,1627,40,4020.5
"Post scheduled trip end time",2047,2069,22,4020.5
"Post scheduled trip end time",2827,2829,2,4020.5
"Post scheduled trip end time",8,54,46,4020.5
"Post scheduled trip end time",18,291,273,4020.5
"Post scheduled trip end time",26,206,180,4020.5
"Post scheduled trip end time",21,599,578,4020.5
"Post scheduled trip end time",-13,30,43,4020.5
"Post scheduled trip end time",-13,33,46,4020.5
"Post scheduled trip end time",-14,352,366,4020.5
"Post scheduled trip end time",18,37,19,4020.5
"Post scheduled trip end time",29,29,0,4020.5
"Post scheduled trip end time",187,201,14,4020.5
"Post scheduled trip end time",1687,1701,14,4020.5
"Post scheduled trip end time",1867,1868,1,4020.5
"Post scheduled trip end time",1887,1904,17,4020.5
"Post scheduled trip end time",16,82,66,4020.5
"Post scheduled trip end time",27,624,597,4020.5
"Post scheduled trip end time",-13,858,871,4020.5
"Post scheduled trip end time",26,65,39,4020.5
"Post scheduled trip end time",28,98,70,4020.5
"Post scheduled trip end time",-13,7,20,4020.5
"Post scheduled trip end time",807,821,14,4020.5
"Post scheduled trip end time",2367,2398,31,4020.5
"Post scheduled trip end time",2547,2554,7,4020.5
"Post scheduled trip end time",28,78,50,4020.5
"Post scheduled trip end time",8,140,132,4020.5
"Post scheduled trip end time",21,25331,25310,4020.5
"Post scheduled trip end time",29,44,15,4020.5
"Post scheduled trip end time",727,729,2,4020.5
"Post scheduled trip end time",1507,1509,2,4020.5
"Post scheduled trip end time",2227,2234,7,4020.5
"Post scheduled trip end time",18,71,53,4020.5
"Post scheduled trip end time",-21,-9,12,4020.5
"Post scheduled trip end time",1467,1478,11,4020.5
"Post scheduled trip end time",1547,1554,7,4020.5
"Post scheduled trip end time",21,81,60,4020.5
"Post scheduled trip end time",17,46,29,4020.5
"Post scheduled trip end time",21,50,29,4020.5
"Post scheduled trip end time",2107,2130,23,4020.5
"Post scheduled trip end time",-19,35,54,4020.5
"Post scheduled trip end time",867,882,15,4020.5
"Post scheduled trip end time",1487,1510,23,4020.5
"Post scheduled trip end time",1787,1794,7,4020.5
"Post scheduled trip end time",16,56,40,4020.5
"Post scheduled trip end time",28,220,192,4020.5
"Post scheduled trip end time",1327,1341,14,4020.5
"Post scheduled trip end time",2887,2915,28,4020.5
"Post scheduled trip end time",19,64,45,4020.5
"Post scheduled trip end time",17,78,61,4020.5
"Post scheduled trip end time",247,268,21,4020.5
"Post scheduled trip end time",1847,1887,40,4020.5
"Post scheduled trip end time",2627,2635,8,4020.5
"Post scheduled trip end time",2707,2724,17,4020.5
"Post scheduled trip end time",26,150,124,4020.5
"Post scheduled trip end time",17,79,62,4020.5
"Post scheduled trip end time",29,67,38,4020.5
"Post scheduled trip end time",22,113,91,4020.5
"Post scheduled trip end time",19,146,127,4020.5
"Post scheduled trip end time",22,24,2,4020.5
"Post scheduled trip end time",21,95,74,4020.5
"Post scheduled trip end time",507,547,40,4020.5
"Post scheduled trip end time",787,794,7,4020.5
"Post scheduled trip end time",1807,1818,11,4020.5
"Post scheduled trip end time",16,531,515,4020.5
"Post scheduled trip end time",-15,-7,8,4020.5
"Post scheduled trip end time",-20,-5,15,4020.5
"Post scheduled trip end time",18,25,7,4020.5
"Post scheduled trip end time",21,83,62,4020.5
"Post scheduled trip end time",1127,1149,22,4020.5
"Post scheduled trip end time",21,65,44,4020.5
"Post scheduled trip end time",28,60,32,4020.5
"Post scheduled trip end time",87,104,17,4020.5
"Post scheduled trip end time",727,744,17,4020.5
"Post scheduled trip end time",1087,1109,22,4020.5
"Post scheduled trip end time",2627,2643,16,4020.5
"Post scheduled trip end time",21,92,71,4020.5
"Post scheduled trip end time",26,78,52,4020.5
"Post scheduled trip end time",18,34,16,4020.5
"Post scheduled trip end time",307,328,21,4020.5
"Post scheduled trip end time",867,883,16,4020.5
"Post scheduled trip end time",1187,1204,17,4020.5
"Post scheduled trip end time",2147,2154,7,4020.5
"Post scheduled trip end time",2247,2275,28,4020.5
"Post scheduled trip end time",2567,2598,31,4020.5
"Post scheduled trip end time",2687,2688,1,4020.5
"Post scheduled trip end time",16,230,214,4020.5
"Post scheduled trip end time",27,67,40,4020.5
"Post scheduled trip end time",-14,3501,3515,4020.5
"Post scheduled trip end time",22,25270,25248,4020.5
"Post scheduled trip end time",2287,2310,23,4020.5
"Post scheduled trip end time",2347,2364,17,4020.5
"Post scheduled trip end time",2707,2728,21,4020.5
"Post scheduled trip end time",29,75,46,4020.5
"Post scheduled trip end time",17,31,14,4020.5
"Post scheduled trip end time",1707,1722,15,4020.5
"Post scheduled trip end time",1767,1788,21,4020.5
"Post scheduled trip end time",2007,2008,1,4020.5
"Post scheduled trip end time",2747,2749,2,4020.5
"Post scheduled trip end time",2787,2809,22,4020.5
"Post scheduled trip end time",2827,2841,14,4020.5
"Post scheduled trip end time",19,68,49,4020.5
"Post scheduled trip end time",18,180,162,4020.5
"Post scheduled trip end time",-14,24,38,4020.5
"Post scheduled trip end time",847,868,21,4020.5
"Post scheduled trip end time",1527,1538,11,4020.5
"Post scheduled trip end time",1607,1621,14,4020.5
"Post scheduled trip end time",1687,1698,11,4020.5
"Post scheduled trip end time",1947,1961,14,4020.5
"Post scheduled trip end time",2247,2248,1,4020.5
"Post scheduled trip end time",17,179,162,4020.5
"Post scheduled trip end time",16,62,46,4020.5
"Post scheduled trip end time",8,70,62,4020.5
"Post scheduled trip end time",18,27,9,4020.5
"Post scheduled trip end time",1867,1874,7,4020.5
"Post scheduled trip end time",2047,2048,1,4020.5
"Post scheduled trip end time",19,70,51,4020.5
"Post scheduled trip end time",-14,6492,6506,4020.5
"Post scheduled trip end time",27,62,35,4020.5
"Post scheduled trip end time",1627,1638,11,4020.5
"Post scheduled trip end time",2067,2084,17,4020.5
"Post scheduled trip end time",2487,2509,22,4020.5
"Post scheduled trip end time",26,141,115,4020.5
"Post scheduled trip end time",19,89,70,4020.5
"Post scheduled trip end time",22,80,58,4020.5
"Post scheduled trip end time",887,907,20,4020.5
"Post scheduled trip end time",987,1009,22,4020.5
"Post scheduled trip end time",1587,1594,7,4020.5
"Post scheduled trip end time",2847,2849,2,4020.5
"Post scheduled trip end time",2907,2938,31,4020.5
"Post scheduled trip end time",8,65,57,4020.5
"Post scheduled trip end time",26,191,165,4020.5
"Post scheduled trip end time",8,1518,1510,4020.5
"Post scheduled trip end time",21,41,20,4020.5
"Post scheduled trip end time",28,54,26,4020.5
"Post scheduled trip end time",387,401,14,4020.5
"Post scheduled trip end time",1087,1089,2,4020.5
"Post scheduled trip end time",2027,2042,15,4020.5
"Post scheduled trip end time",27,382,355,4020.5
"Post scheduled trip end time",29,105,76,4020.5
"Post scheduled trip end time",8,1278,1270,4020.5
"Post scheduled trip end time",16,42,26,4020.5
"Post scheduled trip end time",17,50,33,4020.5
"Post scheduled trip end time",227,248,21,4020.5
"Post scheduled trip end time",247,267,20,4020.5
"Post scheduled trip end time",747,787,40,4020.5
"Post scheduled trip end time",967,969,2,4020.5
"Post scheduled trip end time",1327,1358,31,4020.5
"Post scheduled trip end time",16,142,126,4020.5
"Post scheduled trip end time",22,75,53,4020.5
"Post scheduled trip end time",29,218,189,4020.5
"Post scheduled trip end time",18,898,880,4020.5
"Post scheduled trip end time",1527,1529,2,4020.5
"Post scheduled trip end time",2287,2288,1,4020.5
"Post scheduled trip end time",2747,2787,40,4020.5
"Post scheduled trip end time",26,111,85,4020.5
"Post scheduled trip end time",16,131,115,4020.5
"Post scheduled trip end time",8,72,64,4020.5
"Post scheduled trip end time",-22,8,30,4020.5
"Post scheduled trip end time",-22,-5,17,4020.5
"Post scheduled trip end time",28,304,276,4020.5
"Post scheduled trip end time",627,629,2,4020.5
"Post scheduled trip end time",747,749,2,4020.5
"Post scheduled trip end time",19,79,60,4020.5
"Post scheduled trip end time",-13,1,14,4020.5
"Post scheduled trip end time",28,280,252,4020.5
"Post scheduled trip end time",2867,2884,17,4020.5
"Post scheduled trip end time",17,61,44,4020.5
"Post scheduled trip end time",-14,13,27,4020.5
"Post scheduled trip end time",18,31,13,4020.5
"Post scheduled trip end time",21,21,0,4020.5
"Post scheduled trip end time",427,429,2,4020.5
"Post scheduled trip end time",667,669,2,4020.5
"Post scheduled trip end time",1227,1247,20,4020.5
"Post scheduled trip end time",1647,1649,2,4020.5
"Post scheduled trip end time",21,139,118,4020.5
"Post scheduled trip end time",-19,34,53,4020.5
"Post scheduled trip end time",-21,24,45,4020.5
"Post scheduled trip end time",21,36,15,4020.5
"Post scheduled trip end time",29,646,617,4020.5
"Post scheduled trip end time",2187,2189,2,4020.5
"Post scheduled trip end time",17,149,132,4020.5
"Post scheduled trip end time",-15,3,18,4020.5
"Post scheduled trip end time",-19,-7,12,4020.5
"Post scheduled trip end time",22,23,1,4020.5
"Post scheduled trip end time",1127,1129,2,4020.5
"Post scheduled trip end time",1787,1789,2,4020.5
"Post scheduled trip end time",1847,1863,16,4020.5
"Post scheduled trip end time",2047,2064,17,4020.5
"Post scheduled trip end time",22,115,93,4020.5
"Post scheduled trip end time",16,129,113,4020.5
"Post scheduled trip end time",29,60,31,4020.5
"Post scheduled trip end time",607,628,21,4020.5
"Post scheduled trip end time",767,788,21,4020.5
"Post scheduled trip end time",1547,1569,22,4020.5
"Post scheduled trip end time",1767,1769,2,4020.5
"Post scheduled trip end time",2087,2118,31,4020.5
"Post scheduled trip end time",2687,2689,2,4020.5
"Post scheduled trip end time",2867,2887,20,4020.5
"Post scheduled trip end time",8,265,257,4020.5
"Post scheduled trip end time",17,508,491,4020.5
"Post scheduled trip end time",867,890,23,4020.5
"Post scheduled trip end time",1427,1449,22,4020.5
"Post scheduled trip end time",1707,1715,8,4020.5
"Post scheduled trip end time",1727,1747,20,4020.5
"Post scheduled trip end time",2007,2024,17,4020.5
"Post scheduled trip end time",2727,2749,22,4020.5
"Post scheduled trip end time",18,181,163,4020.5
"Post scheduled trip end time",21,574,553,4020.5
"Post scheduled trip end time",-15,18,33,4020.5
"Post scheduled trip end time",787,804,17,4020.5
"Post scheduled trip end time",807,824,17,4020.5
"Post scheduled trip end time",1467,1498,31,4020.5
"Post scheduled trip end time",1587,1601,14,4020.5
"Post scheduled trip end time",1827,1838,11,4020.5
"Post scheduled trip end time",2107,2109,2,4020.5
"Post scheduled trip end time",2347,2361,14,4020.5
"Post scheduled trip end time",18,114,96,4020.5
"Post scheduled trip end time",-23,-1,22,4020.5
"Post scheduled trip end time",747,764,17,4020.5
"Post scheduled trip end time",1007,1027,20,4020.5
"Post scheduled trip end time",1427,1450,23,4020.5
"Post scheduled trip end time",1927,1955,28,4020.5
"Post scheduled trip end time",2007,2029,22,4020.5
"Post scheduled trip end time",-13,973,986,4020.5
"Post scheduled trip end time",-13,3,16,4020.5
"Post scheduled trip end time",1067,1083,16,4020.5
"Post scheduled trip end time",1447,1478,31,4020.5
"Post scheduled trip end time",1947,1963,16,4020.5
"Post scheduled trip end time",2307,2318,11,4020.5
"Post scheduled trip end time",22,64,42,4020.5
"Post scheduled trip end time",22,131,109,4020.5
"Post scheduled trip end time",18,40,22,4020.5
"Post scheduled trip end time",1087,1108,21,4020.5
"Post scheduled trip end time",1287,1327,40,4020.5
"Post scheduled trip end time",1727,1750,23,4020.5
"Post scheduled trip end time",2427,2458,31,4020.5
"Post scheduled trip end time",2507,2529,22,4020.5
"Post scheduled trip end time",2747,2769,22,4020.5
"Post scheduled trip end time",16,68,52,4020.5
"Post scheduled trip end time",16,18,2,4020.5
"Post scheduled trip end time",26,27,1,4020.5
"Post scheduled trip end time",17,568,551,4020.5
"Post scheduled trip end time",287,307,20,4020.5
"Post scheduled trip end time",1087,1104,17,4020.5
"Post scheduled trip end time",1207,1224,17,4020.5
"Post scheduled trip end time",1627,1650,23,4020.5
"Post scheduled trip end time",1667,1688,21,4020.5
"Post scheduled trip end time",2027,2028,1,4020.5
"Post scheduled trip end time",2627,2638,11,4020.5
"Post scheduled trip end time",2887,2904,17,4020.5
"Post scheduled trip end time",18,1498,1480,4020.5
"Post scheduled trip end time",8,12,4,4020.5
"Post scheduled trip end time",16,40,24,4020.5
"Post scheduled trip end time",-13,-9,4,4020.5
"Post scheduled trip end time",87,101,14,4020.5
"Post scheduled trip end time",687,704,17,4020.5
"Post scheduled trip end time",27,154,127,4020.5
"Post scheduled trip end time",21,121,100,4020.5
"Post scheduled trip end time",-15,21,36,4020.5
"Post scheduled trip end time",-14,4,18,4020.5
"Post scheduled trip end time",28,42,14,4020.5
"Post scheduled trip end time",18,28,10,4020.5
"Post scheduled trip end time",487,527,40,4020.5
"Post scheduled trip end time",2447,2458,11,4020.5
"Post scheduled trip end time",2607,2630,23,4020.5
"Post scheduled trip end time",2647,2662,15,4020.5
"Post scheduled trip end time",2647,2655,8,4020.5
"Post scheduled trip end time",2667,2688,21,4020.5
"Post scheduled trip end time",19,170,151,4020.5
"Post scheduled trip end time",16,57,41,4020.5
"Post scheduled trip end time",26,117,91,4020.5
"Post scheduled trip end time",-23,13,36,4020.5
"Post scheduled trip end time",28,31,3,4020.5
"Post scheduled trip end time",29,57,28,4020.5
"Post scheduled trip end time",8,351,343,4020.5
"Post scheduled trip end time",807,822,15,4020.5
"Post scheduled trip end time",967,988,21,4020.5
"Post scheduled trip end time",1327,1338,11,4020.5
"Post scheduled trip end time",1787,1807,20,4020.5
"Post scheduled trip end time",2127,2158,31,4020.5
"Post scheduled trip end time",2727,2738,11,4020.5
"Post scheduled trip end time",2907,2929,22,4020.5
"Post scheduled trip end time",18,98,80,4020.5
"Post scheduled trip end time",1007,1014,7,4020.5
"Post scheduled trip end time",19,294,275,4020.5
"Post scheduled trip end time",17,104,87,4020.5
"Post scheduled trip end time",-14,33,47,4020.5
"Post scheduled trip end time",17,42,25,4020.5
"Post scheduled trip end time",8,141,133,4020.5
"Post scheduled trip end time",127,142,15,4020.5
"Post scheduled trip end time",2727,2741,14,4020.5
"Post scheduled trip end time",8,48,40,4020.5
"Post scheduled trip end time",21,67,46,4020.5
"Post scheduled trip end time",8,91,83,4020.5
"Post scheduled trip end time",-22,12,34,4020.5
"Post scheduled trip end time",8,82,74,4020.5
"Post scheduled trip end time",1167,1195,28,4020.5
"Post scheduled trip end time",1607,1638,31,4020.5
"Post scheduled trip end time",1667,1678,11,4020.5
"Post scheduled trip end time",1807,1815,8,4020.5
"Post scheduled trip end time",2107,2123,16,4020.5
"Post scheduled trip end time",21,104,83,4020.5
"Post scheduled trip end time",787,827,40,4020.5
"Post scheduled trip end time",1267,1269,2,4020.5
"Post scheduled trip end time",2807,2827,20,4020.5
"Post scheduled trip end time",2827,2835,8,4020.5
"Post scheduled trip end time",27,401,374,4020.5
"Post scheduled trip end time",-14,-7,7,4020.5
"Post scheduled trip end time",-15,3265,3280,4020.5
"Post scheduled trip end time",-15,4,19,4020.5
"Post scheduled trip end time",19,41,22,4020.5
"Post scheduled trip end time",16,48,32,4020.5
"Post scheduled trip end time",507,522,15,4020.5
"Post scheduled trip end time",1047,1054,7,4020.5
"Post scheduled trip end time",2007,2030,23,4020.5
"Post scheduled trip end time",2107,2128,21,4020.5
"Post scheduled trip end time",2447,2455,8,4020.5
"Post scheduled trip end time",27,322,295,4020.5
"Post scheduled trip end time",8,76,68,4020.5
"Post scheduled trip end time",19,38,19,4020.5
"Post scheduled trip end time",27,71,44,4020.5
"Post scheduled trip end time",487,489,2,4020.5
"Post scheduled trip end time",867,887,20,4020.5
"Post scheduled trip end time",947,964,17,4020.5
"Post scheduled trip end time",2027,2055,28,4020.5
"Post scheduled trip end time",2127,2144,17,4020.5
"Post scheduled trip end time",2467,2468,1,4020.5
"Post scheduled trip end time",18,515,497,4020.5
"Post scheduled trip end time",107,124,17,4020.5
"Post scheduled trip end time",367,382,15,4020.5
"Post scheduled trip end time",1207,1214,7,4020.5
"Post scheduled trip end time",1807,1809,2,4020.5
"Post scheduled trip end time",2827,2828,1,4020.5
"Post scheduled trip end time",21,73,52,4020.5
"Post scheduled trip end time",22,61,39,4020.5
"Post scheduled trip end time",-30,44,74,4020.5
"Post scheduled trip end time",-25,-8,17,4020.5
"Post scheduled trip end time",17,26,9,4020.5
"Post scheduled trip end time",28,28,0,4020.5
"Post scheduled trip end time",1047,1062,15,4020.5
"Post scheduled trip end time",16,473,457,4020.5
"Post scheduled trip end time",27,111,84,4020.5
"Post scheduled trip end time",8,618,610,4020.5
"Post scheduled trip end time",16,175,159,4020.5
"Post scheduled trip end time",267,284,17,4020.5
"Post scheduled trip end time",1187,1195,8,4020.5
"Post scheduled trip end time",1467,1488,21,4020.5
"Post scheduled trip end time",16,591,575,4020.5
"Post scheduled trip end time",16,110,94,4020.5
"Post scheduled trip end time",-28,11,39,4020.5
"Post scheduled trip end time",527,547,20,4020.5
"Post scheduled trip end time",1687,1715,28,4020.5
"Post scheduled trip end time",2467,2495,28,4020.5
"Post scheduled trip end time",18,79,61,4020.5
"Post scheduled trip end time",18,63,45,4020.5
"Post scheduled trip end time",-21,-10,11,4020.5
"Post scheduled trip end time",-13,-4,9,4020.5
"Post scheduled trip end time",26,32,6,4020.5
"Post scheduled trip end time",16,33,17,4020.5
"Post scheduled trip end time",29,368,339,4020.5
"Post scheduled trip end time",1227,1258,31,4020.5
"Post scheduled trip end time",1707,1724,17,4020.5
"Post scheduled trip end time",2767,2775,8,4020.5
"Post scheduled trip end time",26,264,238,4020.5
"Post scheduled trip end time",28,1058,1030,4020.5
"Post scheduled trip end time",1567,1568,1,4020.5
"Post scheduled trip end time",2827,2849,22,4020.5
"Post scheduled trip end time",17,97,80,4020.5
"Post scheduled trip end time",27,97,70,4020.5
"Post scheduled trip end time",-19,12,31,4020.5
"Post scheduled trip end time",17,29,12,4020.5
"Post scheduled trip end time",19,39,20,4020.5
"Post scheduled trip end time",8,261,253,4020.5
"Post scheduled trip end time",767,784,17,4020.5
"Post scheduled trip end time",907,947,40,4020.5
"Post scheduled trip end time",987,1018,31,4020.5
"Post scheduled trip end time",1627,1628,1,4020.5
"Post scheduled trip end time",2907,2914,7,4020.5
"Post scheduled trip end time",-15,-2,13,4020.5
"Post scheduled trip end time",21,90,69,4020.5
"Post scheduled trip end time",16,166,150,4020.5
"Post scheduled trip end time",26,140,114,4020.5
"Post scheduled trip end time",26,124,98,4020.5
"Post scheduled trip end time",16,111,95,4020.5
"Post scheduled trip end time",8,59,51,4020.5
"Post scheduled trip end time",1747,1749,2,4020.5
"Post scheduled trip end time",2347,2375,28,4020.5
"Post scheduled trip end time",2407,2429,22,4020.5
"Post scheduled trip end time",29,76,47,4020.5
"Post scheduled trip end time",-13,528388,528401,4020.5
"Post scheduled trip end time",8,1338,1330,4020.5
"Post scheduled trip end time",-24,12,36,4020.5
"Post scheduled trip end time",187,227,40,4020.5
"Post scheduled trip end time",2847,2878,31,4020.5
"Post scheduled trip end time",17,49,32,4020.5
"Post scheduled trip end time",-30,-14,16,4020.5
"Post scheduled trip end time",18,20,2,4020.5
"Post scheduled trip end time",327,341,14,4020.5
"Post scheduled trip end time",527,548,21,4020.5
"Post scheduled trip end time",1627,1629,2,4020.5
"Post scheduled trip end time",1947,1948,1,4020.5
"Post scheduled trip end time",2047,2062,15,4020.5
"Post scheduled trip end time",2187,2195,8,4020.5
"Post scheduled trip end time",2867,2888,21,4020.5
"Post scheduled trip end time",17,113,96,4020.5
"Post scheduled trip end time",-15,30,45,4020.5
"Post scheduled trip end time",19,21,2,4020.5
"Post scheduled trip end time",19,46,27,4020.5
"Post scheduled trip end time",26,37,11,4020.5
"Post scheduled trip end time",1067,1069,2,4020.5
"Post scheduled trip end time",1607,1629,22,4020.5
"Post scheduled trip end time",1647,1675,28,4020.5
"Post scheduled trip end time",2167,2178,11,4020.5
"Post scheduled trip end time",2207,2235,28,4020.5
"Post scheduled trip end time",-20,-10,10,4020.5
"Post scheduled trip end time",1167,1187,20,4020.5
"Post scheduled trip end time",1967,1989,22,4020.5
"Post scheduled trip end time",2407,2423,16,4020.5
"Post scheduled trip end time",22,57,35,4020.5
"Post scheduled trip end time",22,87,65,4020.5
"Post scheduled trip end time",1587,1604,17,4020.5
"Post scheduled trip end time",1787,1808,21,4020.5
"Post scheduled trip end time",1927,1929,2,4020.5
"Post scheduled trip end time",2047,2068,21,4020.5
"Post scheduled trip end time",17,56,39,4020.5
"Post scheduled trip end time",22,81,59,4020.5
"Post scheduled trip end time",26,45,19,4020.5
"Post scheduled trip end time",1767,1781,14,4020.5
"Post scheduled trip end time",2187,2227,40,4020.5
"Post scheduled trip end time",2267,2283,16,4020.5
"Post scheduled trip end time",2627,2628,1,4020.5
"Post scheduled trip end time",2707,2714,7,4020.5
"Post scheduled trip end time",22,298,276,4020.5
"Post scheduled trip end time",-23,-5,18,4020.5
"Post scheduled trip end time",17,25,8,4020.5
"Post scheduled trip end time",-18,-16,2,4020.5
"Post scheduled trip end time",1267,1288,21,4020.5
"Post scheduled trip end time",1987,2010,23,4020.5
"Post scheduled trip end time",18,72,54,4020.5
"Post scheduled trip end time",19,26,7,4020.5
"Post scheduled trip end time",447,464,17,4020.5
"Post scheduled trip end time",1987,1988,1,4020.5
"Post scheduled trip end time",2147,2164,17,4020.5
"Post scheduled trip end time",2467,2487,20,4020.5
"Post scheduled trip end time",2907,2922,15,4020.5
"Post scheduled trip end time",26,74,48,4020.5
"Post scheduled trip end time",29,64,35,4020.5
"Post scheduled trip end time",17,89,72,4020.5
"Post scheduled trip end time",-30,-17,13,4020.5
"Post scheduled trip end time",1067,1088,21,4020.5
"Post scheduled trip end time",1387,1402,15,4020.5
"Post scheduled trip end time",2007,2023,16,4020.5
"Post scheduled trip end time",2307,2321,14,4020.5
"Post scheduled trip end time",2487,2501,14,4020.5
"Post scheduled trip end time",21,74,53,4020.5
"Post scheduled trip end time",16,25,9,4020.5
"Post scheduled trip end time",1827,1849,22,4020.5
"Post scheduled trip end time",2267,2298,31,4020.5
"Post scheduled trip end time",22,238,216,4020.5
"Post scheduled trip end time",40,25368,25328,4020.5
"Post scheduled trip end time",347,361,14,4020.5
"Post scheduled trip end time",1607,1647,40,4020.5
"Post scheduled trip end time",2147,2178,31,4020.5
"Post scheduled trip end time",22,56,34,4020.5
"Post scheduled trip end time",22,97,75,4020.5
"Post scheduled trip end time",16,85,69,4020.5
"Post scheduled trip end time",-13,6,19,4020.5
"Post scheduled trip end time",-13,2,15,4020.5
"Post scheduled trip end time",487,504,17,4020.5
"Post scheduled trip end time",667,681,14,4020.5
"Post scheduled trip end time",1487,1488,1,4020.5
"Post scheduled trip end time",1907,1947,40,4020.5
"Post scheduled trip end time",2207,2238,31,4020.5
"Post scheduled trip end time",2207,2228,21,4020.5
"Post scheduled trip end time",2827,2867,40,4020.5
"Post scheduled trip end time",21,62,41,4020.5
"Post scheduled trip end time",22,85,63,4020.5
"Post scheduled trip end time",8,60,52,4020.5
"Post scheduled trip end time",-14,7,21,4020.5
"Post scheduled trip end time",18,49,31,4020.5
"Post scheduled trip end time",2187,2209,22,4020.5
"Post scheduled trip end time",2887,2902,15,4020.5
"Post scheduled trip end time",19,72,53,4020.5
"Post scheduled trip end time",8,94,86,4020.5
"Post scheduled trip end time",-17,27,44,4020.5
"Post scheduled trip end time",17,23,6,4020.5
"Post scheduled trip end time",1847,1869,22,4020.5
"Post scheduled trip end time",1627,1658,31,4020.5
"Post scheduled trip end time",1727,1735,8,4020.5
"Post scheduled trip end time",19,103,84,4020.5
"Post scheduled trip end time",16,256,240,4020.5
"Post scheduled trip end time",27,544,517,4020.5
"Post scheduled trip end time",2067,2082,15,4020.5
"Post scheduled trip end time",17,52,35,4020.5
"Post scheduled trip end time",18,478,460,4020.5
"Post scheduled trip end time",-29,-19,10,4020.5
"Post scheduled trip end time",-26,0,26,4020.5
"Post scheduled trip end time",22,25,3,4020.5
"Post scheduled trip end time",1327,1342,15,4020.5
"Post scheduled trip end time",1327,1335,8,4020.5
"Post scheduled trip end time",1767,1789,22,4020.5
"Post scheduled trip end time",1827,1847,20,4020.5
"Post scheduled trip end time",2367,2374,7,4020.5
"Post scheduled trip end time",17,413,396,4020.5
"Post scheduled trip end time",16,100,84,4020.5
"Post scheduled trip end time",18,1318,1300,4020.5
"Post scheduled trip end time",-16,9,25,4020.5
"Post scheduled trip end time",-21,2525,2546,4020.5
"Post scheduled trip end time",17,76,59,4020.5
"Post scheduled trip end time",8,40,32,4020.5
"Post scheduled trip end time",887,889,2,4020.5
"Post scheduled trip end time",1987,2018,31,4020.5
"Post scheduled trip end time",2107,2118,11,4020.5
"Post scheduled trip end time",2447,2463,16,4020.5
"Post scheduled trip end time",19,56,37,4020.5
"Post scheduled trip end time",21,85,64,4020.5
"Post scheduled trip end time",22,343,321,4020.5
"Post scheduled trip end time",16,63,47,4020.5
"Post scheduled trip end time",947,987,40,4020.5
"Post scheduled trip end time",17,301,284,4020.5
"Post scheduled trip end time",16,466,450,4020.5
"Post scheduled trip end time",-14,9,23,4020.5
"Post scheduled trip end time",16,44,28,4020.5
"Post scheduled trip end time",28,428,400,4020.5
"Post scheduled trip end time",847,869,22,4020.5
"Post scheduled trip end time",1147,1187,40,4020.5
"Post scheduled trip end time",2707,2729,22,4020.5
"Post scheduled trip end time",21,80,59,4020.5
"Post scheduled trip end time",-13,1400,1413,4020.5
"Post scheduled trip end time",-13,10,23,4020.5
"Post scheduled trip end time",-13,16481,16494,4020.5
"Post scheduled trip end time",29,35,6,4020.5
"Post scheduled trip end time",1687,1707,20,4020.5
"Post scheduled trip end time",2227,2238,11,4020.5
"Post scheduled trip end time",2427,2429,2,4020.5
"Post scheduled trip end time",2867,2878,11,4020.5
"Post scheduled trip end time",16,71,55,4020.5
"Post scheduled trip end time",8,544,536,4020.5
"Post scheduled trip end time",26,87,61,4020.5
"Post scheduled trip end time",29,117,88,4020.5
"Post scheduled trip end time",-27,3,30,4020.5
"Post scheduled trip end time",22,37,15,4020.5
"Post scheduled trip end time",8,468,460,4020.5
"Post scheduled trip end time",927,934,7,4020.5
"Post scheduled trip end time",1307,1318,11,4020.5
"Post scheduled trip end time",1527,1555,28,4020.5
"Post scheduled trip end time",2027,2043,16,4020.5
"Post scheduled trip end time",2167,2181,14,4020.5
"Post scheduled trip end time",2427,2449,22,4020.5
"Post scheduled trip end time",-15,20,35,4020.5
"Post scheduled trip end time",527,529,2,4020.5
"Post scheduled trip end time",1307,1327,20,4020.5
"Post scheduled trip end time",1847,1868,21,4020.5
"Post scheduled trip end time",19,173,154,4020.5
"Post scheduled trip end time",19,171,152,4020.5
"Post scheduled trip end time",28,114,86,4020.5
"Post scheduled trip end time",28,1658,1630,4020.5
"Post scheduled trip end time",22,694,672,4020.5
"Post scheduled trip end time",-13,29,42,4020.5
"Post scheduled trip end time",-15,7,22,4020.5
"Post scheduled trip end time",21,51,30,4020.5
"Post scheduled trip end time",1847,1858,11,4020.5
"Post scheduled trip end time",-17,3,20,4020.5
"Post scheduled trip end time",-13,31,44,4020.5
"Post scheduled trip end time",-20,4,24,4020.5
"Post scheduled trip end time",16,35,19,4020.5
"Post scheduled trip end time",2287,2304,17,4020.5
"Post scheduled trip end time",17,51,34,4020.5
"Post scheduled trip end time",16,72,56,4020.5
"Post scheduled trip end time",18,1138,1120,4020.5
"Post scheduled trip end time",8,260,252,4020.5
"Post scheduled trip end time",-17,22,39,4020.5
"Post scheduled trip end time",26,50,24,4020.5
"Post scheduled trip end time",19,25,6,4020.5
"Post scheduled trip end time",27,48,21,4020.5
"Post scheduled trip end time",19,395,376,4020.5
"Post scheduled trip end time",987,1003,16,4020.5
"Post scheduled trip end time",2087,2115,28,4020.5
"Post scheduled trip end time",2227,2229,2,4020.5
"Post scheduled trip end time",2707,2730,23,4020.5
"Post scheduled trip end time",2847,2848,1,4020.5
"Post scheduled trip end time",8,438,430,4020.5
"Post scheduled trip end time",407,421,14,4020.5
"Post scheduled trip end time",607,629,22,4020.5
"Post scheduled trip end time",1487,1498,11,4020.5
"Post scheduled trip end time",1627,1648,21,4020.5
"Post scheduled trip end time",27,281,254,4020.5
"Post scheduled trip end time",22,514,492,4020.5
"Post scheduled trip end time",-13,11,24,4020.5
"Post scheduled trip end time",-24,-16,8,4020.5
"Post scheduled trip end time",-27,15,42,4020.5
"Post scheduled trip end time",-17,-8,9,4020.5
"Post scheduled trip end time",28,667,639,4020.5
"Post scheduled trip end time",447,462,15,4020.5
"Post scheduled trip end time",1887,1901,14,4020.5
"Post scheduled trip end time",2307,2329,22,4020.5
"Post scheduled trip end time",2827,2855,28,4020.5
"Post scheduled trip end time",18,399,381,4020.5
"Post scheduled trip end time",26,26,0,4020.5
"Post scheduled trip end time",187,208,21,4020.5
"Post scheduled trip end time",2087,2107,20,4020.5
"Post scheduled trip end time",2227,2243,16,4020.5
"Post scheduled trip end time",2867,2882,15,4020.5
"Post scheduled trip end time",27,89,62,4020.5
"Post scheduled trip end time",16,137,121,4020.5
"Post scheduled trip end time",-15,24,39,4020.5
"Post scheduled trip end time",-20,-7,13,4020.5
"Post scheduled trip end time",1167,1190,23,4020.5
"Post scheduled trip end time",1707,1723,16,4020.5
"Post scheduled trip end time",2127,2129,2,4020.5
"Post scheduled trip end time",2707,2718,11,4020.5
"Post scheduled trip end time",2807,2818,11,4020.5
"Post scheduled trip end time",26,120,94,4020.5
"Post scheduled trip end time",-29,64,93,4020.5
"Post scheduled trip end time",16,45,29,4020.5
"Post scheduled trip end time",1767,1790,23,4020.5
"Post scheduled trip end time",2667,2684,17,4020.5
"Post scheduled trip end time",29,115,86,4020.5
"Post scheduled trip end time",29,73,44,4020.5
"Post scheduled trip end time",21,29,8,4020.5
"Post scheduled trip end time",26,60,34,4020.5
"Post scheduled trip end time",16,17,1,4020.5
"Post scheduled trip end time",1027,1044,17,4020.5
"Post scheduled trip end time",1527,1549,22,4020.5
"Post scheduled trip end time",2047,2087,40,4020.5
"Post scheduled trip end time",2247,2258,11,4020.5
"Post scheduled trip end time",21,61,40,4020.5
"Post scheduled trip end time",18,84,66,4020.5
"Post scheduled trip end time",1027,1042,15,4020.5
"Post scheduled trip end time",1667,1690,23,4020.5
"Post scheduled trip end time",2187,2203,16,4020.5
"Post scheduled trip end time",2567,2595,28,4020.5
"Post scheduled trip end time",28,82,54,4020.5
"Post scheduled trip end time",-29,-5,24,4020.5
"Post scheduled trip end time",267,307,40,4020.5
"Post scheduled trip end time",1007,1047,40,4020.5
"Post scheduled trip end time",2587,2609,22,4020.5
"Post scheduled trip end time",26,71,45,4020.5
"Post scheduled trip end time",-17,0,17,4020.5
"Post scheduled trip end time",907,928,21,4020.5
"Post scheduled trip end time",1527,1544,17,4020.5
"Post scheduled trip end time",2227,2247,20,4020.5
"Post scheduled trip end time",2407,2408,1,4020.5
"Post scheduled trip end time",2587,2610,23,4020.5
"Post scheduled trip end time",-20,13,33,4020.5
"Post scheduled trip end time",-29,-4,25,4020.5
"Post scheduled trip end time",1967,1990,23,4020.5
"Post scheduled trip end time",2907,2915,8,4020.5
"Post scheduled trip end time",18,78,60,4020.5
"Post scheduled trip end time",28,55,27,4020.5
"Post scheduled trip end time",18,52,34,4020.5
"Post scheduled trip end time",1547,1570,23,4020.5
"Post scheduled trip end time",1687,1709,22,4020.5
"Post scheduled trip end time",2587,2618,31,4020.5
"Post scheduled trip end time",2867,2890,23,4020.5
"Post scheduled trip end time",8,558,550,4020.5
"Post scheduled trip end time",-26,-9,17,4020.5
"Post scheduled trip end time",-17,36,53,4020.5
"Post scheduled trip end time",167,182,15,4020.5
"Post scheduled trip end time",567,582,15,4020.5
"Post scheduled trip end time",667,689,22,4020.5
"Post scheduled trip end time",1607,1630,23,4020.5
"Post scheduled trip end time",1987,1998,11,4020.5
"Post scheduled trip end time",27,189,162,4020.5
"Post scheduled trip end time",28,338,310,4020.5
"Post scheduled trip end time",8,1458,1450,4020.5
"Post scheduled trip end time",8,1698,1690,4020.5
"Post scheduled trip end time",-20,11,31,4020.5
"Post scheduled trip end time",29,34,5,4020.5
"Post scheduled trip end time",307,322,15,4020.5
"Post scheduled trip end time",1167,1184,17,4020.5
"Post scheduled trip end time",1307,1338,31,4020.5
"Post scheduled trip end time",1787,1795,8,4020.5
"Post scheduled trip end time",2707,2747,40,4020.5
"Post scheduled trip end time",2767,2795,28,4020.5
"Post scheduled trip end time",2847,2868,21,4020.5
"Post scheduled trip end time",22,504,482,4020.5
"Post scheduled trip end time",26,266,240,4020.5
"Post scheduled trip end time",26,82,56,4020.5
"Post scheduled trip end time",-14,31,45,4020.5
"Post scheduled trip end time",-18,26,44,4020.5
"Post scheduled trip end time",987,1002,15,4020.5
"Post scheduled trip end time",1187,1218,31,4020.5
"Post scheduled trip end time",1527,1567,40,4020.5
"Post scheduled trip end time",1707,1727,20,4020.5
"Post scheduled trip end time",2487,2495,8,4020.5
"Post scheduled trip end time",29,161,132,4020.5
"Post scheduled trip end time",21,523,502,4020.5
"Post scheduled trip end time",-16,17,33,4020.5
"Post scheduled trip end time",-14,1,15,4020.5
"Post scheduled trip end time",787,801,14,4020.5
"Post scheduled trip end time",2307,2347,40,4020.5
"Post scheduled trip end time",2667,2698,31,4020.5
"Post scheduled trip end time",8,26,18,4020.5
"Post scheduled trip end time",26,40,14,4020.5
"Post scheduled trip end time",1287,1301,14,4020.5
"Post scheduled trip end time",27,442,415,4020.5
"Post scheduled trip end time",8,58,50,4020.5
"Post scheduled trip end time",17,98,81,4020.5
"Post scheduled trip end time",-15,13,28,4020.5
"Post scheduled trip end time",1447,1454,7,4020.5
"Post scheduled trip end time",1487,1495,8,4020.5
"Post scheduled trip end time",1767,1778,11,4020.5
"Post scheduled trip end time",2907,2909,2,4020.5
"Post scheduled trip end time",8,242,234,4020.5
"Post scheduled trip end time",26,99,73,4020.5
"Post scheduled trip end time",-16,-2,14,4020.5
"Post scheduled trip end time",807,814,7,4020.5
"Post scheduled trip end time",1187,1198,11,4020.5
"Post scheduled trip end time",1307,1309,2,4020.5
"Post scheduled trip end time",1407,1423,16,4020.5
"Post scheduled trip end time",1867,1895,28,4020.5
"Post scheduled trip end time",2807,2821,14,4020.5
"Post scheduled trip end time",19,83,64,4020.5
"Post scheduled trip end time",21,160,139,4020.5
"Post scheduled trip end time",26,631,605,4020.5
"Post scheduled trip end time",18,58,40,4020.5
"Post scheduled trip end time",-13,34,47,4020.5
"Post scheduled trip end time",17,384,367,4020.5
"Post scheduled trip end time",1327,1334,7,4020.5
"Post scheduled trip end time",1527,1542,15,4020.5
"Post scheduled trip end time",1967,1987,20,4020.5
"Post scheduled trip end time",2487,2489,2,4020.5
"Post scheduled trip end time",21,418,397,4020.5
"Post scheduled trip end time",-19,17,36,4020.5
"Post scheduled trip end time",21,48,27,4020.5
"Post scheduled trip end time",19,65,46,4020.5
"Post scheduled trip end time",27,158,131,4020.5
"Post scheduled trip end time",207,247,40,4020.5
"Post scheduled trip end time",1047,1069,22,4020.5
"Post scheduled trip end time",2687,2707,20,4020.5
"Post scheduled trip end time",29,70,41,4020.5
"Post scheduled trip end time",21,64,43,4020.5
"Post scheduled trip end time",27,98,71,4020.5
"Post scheduled trip end time",8,1398,1390,4020.5
"Post scheduled trip end time",-13,16,29,4020.5
"Post scheduled trip end time",-20,17,37,4020.5
"Post scheduled trip end time",8,30,22,4020.5
"Post scheduled trip end time",16,115,99,4020.5
"Post scheduled trip end time",1127,1147,20,4020.5
"Post scheduled trip end time",1247,1278,31,4020.5
"Post scheduled trip end time",2067,2068,1,4020.5
"Post scheduled trip end time",2347,2367,20,4020.5
"Post scheduled trip end time",2447,2487,40,4020.5
"Post scheduled trip end time",-13,13,26,4020.5
"Post scheduled trip end time",21,53,32,4020.5
"Post scheduled trip end time",1227,1242,15,4020.5
"Post scheduled trip end time",1347,1370,23,4020.5
"Post scheduled trip end time",1447,1464,17,4020.5
"Post scheduled trip end time",1967,1974,7,4020.5
"Post scheduled trip end time",2767,2781,14,4020.5
"Post scheduled trip end time",2867,2907,40,4020.5
"Post scheduled trip end time",18,1378,1360,4020.5
"Post scheduled trip end time",-20,1,21,4020.5
"Post scheduled trip end time",-27,25,52,4020.5
"Post scheduled trip end time",1227,1244,17,4020.5
"Post scheduled trip end time",1807,1808,1,4020.5
"Post scheduled trip end time",2907,2921,14,4020.5
"Post scheduled trip end time",21,96,75,4020.5
"Post scheduled trip end time",27,511,484,4020.5
"Post scheduled trip end time",16,84,68,4020.5
"Post scheduled trip end time",28,878,850,4020.5
"Post scheduled trip end time",28,1178,1150,4020.5
"Post scheduled trip end time",2667,2683,16,4020.5
"Post scheduled trip end time",16,202,186,4020.5
"Post scheduled trip end time",27,78,51,4020.5
"Post scheduled trip end time",-16,18,34,4020.5
"Post scheduled trip end time",1267,1275,8,4020.5
"Post scheduled trip end time",2547,2549,2,4020.5
"Post scheduled trip end time",17,53,36,4020.5
"Post scheduled trip end time",-15,9,24,4020.5
"Post scheduled trip end time",127,148,21,4020.5
"Post scheduled trip end time",1967,2007,40,4020.5
"Post scheduled trip end time",2167,2189,22,4020.5
"Post scheduled trip end time",2287,2289,2,4020.5
"Post scheduled trip end time",18,62,44,4020.5
"Post scheduled trip end time",8,1218,1210,4020.5
"Post scheduled trip end time",27,46,19,4020.5
"Post scheduled trip end time",22,109,87,4020.5
"Post scheduled trip end time",147,161,14,4020.5
"Post scheduled trip end time",747,754,7,4020.5
"Post scheduled trip end time",1047,1061,14,4020.5
"Post scheduled trip end time",1467,1469,2,4020.5
"Post scheduled trip end time",27,94,67,4020.5
"Post scheduled trip end time",8,858,850,4020.5
"Post scheduled trip end time",16,21,5,4020.5
"Post scheduled trip end time",1127,1158,31,4020.5
"Post scheduled trip end time",1387,1409,22,4020.5
"Post scheduled trip end time",1447,1462,15,4020.5
"Post scheduled trip end time",1907,1914,7,4020.5
"Post scheduled trip end time",2267,2282,15,4020.5
"Post scheduled trip end time",2307,2309,2,4020.5
"Post scheduled trip end time",2527,2558,31,4020.5
"Post scheduled trip end time",-21,-15,6,4020.5
"Post scheduled trip end time",-20,-12,8,4020.5
"Post scheduled trip end time",467,488,21,4020.5
"Post scheduled trip end time",22,72,50,4020.5
"Post scheduled trip end time",21,520,499,4020.5
"Post scheduled trip end time",19,219,200,4020.5
"Post scheduled trip end time",18,21,3,4020.5
"Post scheduled trip end time",8,231,223,4020.5
"Post scheduled trip end time",487,507,20,4020.5
"Post scheduled trip end time",1607,1614,7,4020.5
"Post scheduled trip end time",1687,1727,40,4020.5
"Post scheduled trip end time",2767,2788,21,4020.5
"Post scheduled trip end time",1147,1155,8,4020.5
"Post scheduled trip end time",1207,1221,14,4020.5
"Post scheduled trip end time",1407,1408,1,4020.5
"Post scheduled trip end time",1867,1907,40,4020.5
"Post scheduled trip end time",18,958,940,4020.5
"Post scheduled trip end time",-15,39,54,4020.5
"Post scheduled trip end time",-30,30,60,4020.5
"Post scheduled trip end time",1267,1282,15,4020.5
"Post scheduled trip end time",1267,1274,7,4020.5
"Post scheduled trip end time",1567,1590,23,4020.5
"Post scheduled trip end time",1887,1910,23,4020.5
"Post scheduled trip end time",2147,2167,20,4020.5
"Post scheduled trip end time",-27,2,29,4020.5
"Post scheduled trip end time",27,54,27,4020.5
"Post scheduled trip end time",8,51,43,4020.5
"Post scheduled trip end time",27,75,48,4020.5
"Post scheduled trip end time",167,187,20,4020.5
"Post scheduled trip end time",1467,1484,17,4020.5
"Post scheduled trip end time",1687,1704,17,4020.5
"Post scheduled trip end time",2307,2323,16,4020.5
"Post scheduled trip end time",2347,2349,2,4020.5
"Post scheduled trip end time",2467,2474,7,4020.5
"Post scheduled trip end time",2627,2634,7,4020.5
"Post scheduled trip end time",2907,2930,23,4020.5
"Post scheduled trip end time",18,22,4,4020.5
"Post scheduled trip end time",1427,1438,11,4020.5
"Post scheduled trip end time",1507,1514,7,4020.5
"Post scheduled trip end time",1827,1829,2,4020.5
"Post scheduled trip end time",2007,2047,40,4020.5
"Post scheduled trip end time",19,339,320,4020.5
"Post scheduled trip end time",8,67,59,4020.5
"Post scheduled trip end time",467,507,40,4020.5
"Post scheduled trip end time",567,607,40,4020.5
"Post scheduled trip end time",707,709,2,4020.5
"Post scheduled trip end time",887,894,7,4020.5
"Post scheduled trip end time",1587,1610,23,4020.5
"Post scheduled trip end time",2427,2441,14,4020.5
"Post scheduled trip end time",2507,2522,15,4020.5
"Post scheduled trip end time",2727,2755,28,4020.5
"Post scheduled trip end time",-24,-4,20,4020.5
"Post scheduled trip end time",947,968,21,4020.5
"Post scheduled trip end time",1047,1087,40,4020.5
"Post scheduled trip end time",1707,1728,21,4020.5
"Post scheduled trip end time",1987,2002,15,4020.5
"Post scheduled trip end time",26,521,495,4020.5
"Post scheduled trip end time",29,93,64,4020.5
"Post scheduled trip end time",18,418,400,4020.5
"Post scheduled trip end time",28,35,7,4020.5
"Post scheduled trip end time",2107,2135,28,4020.5
"Post scheduled trip end time",18,121,103,4020.5
"Post scheduled trip end time",26,562,536,4020.5
"Post scheduled trip end time",-15,0,15,4020.5
"Post scheduled trip end time",28,125,97,4020.5
"Post scheduled trip end time",18,43,25,4020.5
"Post scheduled trip end time",1087,1107,20,4020.5
"Post scheduled trip end time",1627,1635,8,4020.5
"Post scheduled trip end time",1927,1943,16,4020.5
"Post scheduled trip end time",18,282,264,4020.5
"Post scheduled trip end time",19,131,112,4020.5
"Post scheduled trip end time",22,70,48,4020.5
"Post scheduled trip end time",-16,-15,1,4020.5
"Post scheduled trip end time",29,59,30,4020.5
"Post scheduled trip end time",18,455,437,4020.5
"Post scheduled trip end time",887,902,15,4020.5
"Post scheduled trip end time",1187,1194,7,4020.5
"Post scheduled trip end time",1627,1643,16,4020.5
"Post scheduled trip end time",1707,1735,28,4020.5
"Post scheduled trip end time",2807,2829,22,4020.5
"Post scheduled trip end time",16,104,88,4020.5
"Post scheduled trip end time",8,50,42,4020.5
"Post scheduled trip end time",-18,9,27,4020.5
"Post scheduled trip end time",8,20,12,4020.5
"Post scheduled trip end time",29,37,8,4020.5
"Post scheduled trip end time",29,31,2,4020.5
"Post scheduled trip end time",107,128,21,4020.5
"Post scheduled trip end time",727,748,21,4020.5
"Post scheduled trip end time",1507,1523,16,4020.5
"Post scheduled trip end time",1567,1584,17,4020.5
"Post scheduled trip end time",1627,1649,22,4020.5
"Post scheduled trip end time",1887,1908,21,4020.5
"Post scheduled trip end time",1927,1967,40,4020.5
"Post scheduled trip end time",2267,2275,8,4020.5
"Post scheduled trip end time",2347,2362,15,4020.5
"Post scheduled trip end time",2487,2498,11,4020.5
"Post scheduled trip end time",2547,2578,31,4020.5
"Post scheduled trip end time",-18,12,30,4020.5
"Post scheduled trip end time",-19,18,37,4020.5
"Post scheduled trip end time",587,627,40,4020.5
"Post scheduled trip end time",1147,1167,20,4020.5
"Post scheduled trip end time",1267,1278,11,4020.5
"Post scheduled trip end time",1647,1669,22,4020.5
"Post scheduled trip end time",1667,1668,1,4020.5
"Post scheduled trip end time",2607,2624,17,4020.5
"Post scheduled trip end time",2687,2709,22,4020.5
"Post scheduled trip end time",17,110,93,4020.5
"Post scheduled trip end time",-14,5,19,4020.5
"Post scheduled trip end time",-30,-16,14,4020.5
"Post scheduled trip end time",-14,-10,4,4020.5
"Post scheduled trip end time",21,35,14,4020.5
"Post scheduled trip end time",19,546,527,4020.5
"Post scheduled trip end time",907,927,20,4020.5
"Post scheduled trip end time",1787,1804,17,4020.5
"Post scheduled trip end time",2147,2155,8,4020.5
"Post scheduled trip end time",2407,2447,40,4020.5
"Post scheduled trip end time",2547,2587,40,4020.5
"Post scheduled trip end time",2667,2668,1,4020.5
"Post scheduled trip end time",-20,32,52,4020.5
"Post scheduled trip end time",27,36,9,4020.5
"Post scheduled trip end time",1107,1122,15,4020.5
"Post scheduled trip end time",1867,1898,31,4020.5
"Post scheduled trip end time",1927,1934,7,4020.5
"Post scheduled trip end time",26,118,92,4020.5
"Post scheduled trip end time",19,290,271,4020.5
"Post scheduled trip end time",21,137,116,4020.5
"Post scheduled trip end time",28,71,43,4020.5
"Post scheduled trip end time",17,81,64,4020.5
"Post scheduled trip end time",-16,-1,15,4020.5
"Post scheduled trip end time",-16,24,40,4020.5
"Post scheduled trip end time",307,321,14,4020.5
"Post scheduled trip end time",1587,1608,21,4020.5
"Post scheduled trip end time",1967,1968,1,4020.5
"Post scheduled trip end time",2227,2235,8,4020.5
"Post scheduled trip end time",2347,2355,8,4020.5
"Post scheduled trip end time",2587,2598,11,4020.5
"Post scheduled trip end time",2727,2729,2,4020.5
"Post scheduled trip end time",8,96,88,4020.5
"Post scheduled trip end time",-20,2,22,4020.5
"Post scheduled trip end time",-14,28,42,4020.5
"Post scheduled trip end time",87,102,15,4020.5
"Post scheduled trip end time",1367,1389,22,4020.5
"Post scheduled trip end time",2587,2601,14,4020.5
"Post scheduled trip end time",2907,2935,28,4020.5
"Post scheduled trip end time",8,52,44,4020.5
"Post scheduled trip end time",27,37,10,4020.5
"Post scheduled trip end time",29,43,14,4020.5
"Post scheduled trip end time",467,481,14,4020.5
"Post scheduled trip end time",1367,1388,21,4020.5
"Post scheduled trip end time",1887,1909,22,4020.5
"Post scheduled trip end time",1907,1915,8,4020.5
"Post scheduled trip end time",2347,2348,1,4020.5
"Post scheduled trip end time",2467,2475,8,4020.5
"Post scheduled trip end time",2827,2844,17,4020.5
"Post scheduled trip end time",-23,0,23,4020.5
"Post scheduled trip end time",407,422,15,4020.5
"Post scheduled trip end time",1347,1358,11,4020.5
"Post scheduled trip end time",1447,1468,21,4020.5
"Post scheduled trip end time",1947,1964,17,4020.5
"Post scheduled trip end time",2207,2208,1,4020.5
"Post scheduled trip end time",17,39,22,4020.5
"Post scheduled trip end time",19,268,249,4020.5
"Post scheduled trip end time",1787,1802,15,4020.5
"Post scheduled trip end time",2907,2908,1,4020.5
"Post scheduled trip end time",27,107,80,4020.5
"Post scheduled trip end time",-13,3641,3654,4020.5
"Post scheduled trip end time",26,296,270,4020.5
"Post scheduled trip end time",47,61,14,4020.5
"Post scheduled trip end time",747,767,20,4020.5
"Post scheduled trip end time",1607,1622,15,4020.5
"Post scheduled trip end time",1647,1654,7,4020.5
"Post scheduled trip end time",1687,1718,31,4020.5
"Post scheduled trip end time",1807,1824,17,4020.5
"Post scheduled trip end time",2387,2394,7,4020.5
"Post scheduled trip end time",2467,2490,23,4020.5
"Post scheduled trip end time",-21,20,41,4020.5
"Post scheduled trip end time",1887,1895,8,4020.5
"Post scheduled trip end time",2127,2155,28,4020.5
"Post scheduled trip end time",2327,2348,21,4020.5
"Post scheduled trip end time",17,425,408,4020.5
"Post scheduled trip end time",18,301,283,4020.5
"Post scheduled trip end time",8,45,37,4020.5
"Post scheduled trip end time",18,464,446,4020.5
"Post scheduled trip end time",17,95,78,4020.5
"Post scheduled trip end time",-14,15,29,4020.5
"Post scheduled trip end time",-18,-1,17,4020.5
"Post scheduled trip end time",28,52,24,4020.5
"Post scheduled trip end time",27,76,49,4020.5
"Post scheduled trip end time",2087,2098,11,4020.5
"Post scheduled trip end time",2667,2674,7,4020.5
"Post scheduled trip end time",2667,2687,20,4020.5
"Post scheduled trip end time",-16,16,32,4020.5
"Post scheduled trip end time",16,526,510,4020.5
"Post scheduled trip end time",-17,13,30,4020.5
"Post scheduled trip end time",26,33,7,4020.5
"Post scheduled trip end time",667,707,40,4020.5
"Post scheduled trip end time",787,807,20,4020.5
"Post scheduled trip end time",1867,1887,20,4020.5
"Post scheduled trip end time",8,49,41,4020.5
"Post scheduled trip end time",26,104,78,4020.5
"Post scheduled trip end time",27,91,64,4020.5
"Post scheduled trip end time",22,108,86,4020.5
"Post scheduled trip end time",-22,-14,8,4020.5
"Post scheduled trip end time",-27,-9,18,4020.5
"Post scheduled trip end time",8,29,21,4020.5
"Post scheduled trip end time",207,227,20,4020.5
"Post scheduled trip end time",987,995,8,4020.5
"Post scheduled trip end time",1787,1810,23,4020.5
"Post scheduled trip end time",16,522,506,4020.5
"Post scheduled trip end time",16,164,148,4020.5
"Post scheduled trip end time",27,451,424,4020.5
"Post scheduled trip end time",-14,11531,11545,4020.5
"Post scheduled trip end time",16,61,45,4020.5
"Post scheduled trip end time",-18,-15,3,4020.5
"Post scheduled trip end time",16,196,180,4020.5
"Post scheduled trip end time",1467,1475,8,4020.5
"Post scheduled trip end time",1787,1809,22,4020.5
"Post scheduled trip end time",1827,1855,28,4020.5
"Post scheduled trip end time",2267,2289,22,4020.5
"Post scheduled trip end time",2407,2422,15,4020.5
"Post scheduled trip end time",29,304,275,4020.5
"Post scheduled trip end time",28,111,83,4020.5
"Post scheduled trip end time",607,624,17,4020.5
"Post scheduled trip end time",1727,1749,22,4020.5
"Post scheduled trip end time",1847,1861,14,4020.5
"Post scheduled trip end time",2267,2269,2,4020.5
"Post scheduled trip end time",2347,2369,22,4020.5
"Post scheduled trip end time",2747,2761,14,4020.5
"Post scheduled trip end time",2767,2774,7,4020.5
"Post scheduled trip end time",22,335,313,4020.5
"Post scheduled trip end time",18,45,27,4020.5
"Post scheduled trip end time",17,64,47,4020.5
"Post scheduled trip end time",27,104,77,4020.5
"Post scheduled trip end time",1607,1628,21,4020.5
"Post scheduled trip end time",1947,1962,15,4020.5
"Post scheduled trip end time",2187,2202,15,4020.5
"Post scheduled trip end time",2227,2242,15,4020.5
"Post scheduled trip end time",2647,2664,17,4020.5
"Post scheduled trip end time",21,58,37,4020.5
"Post scheduled trip end time",8,55,47,4020.5
"Post scheduled trip end time",-21,9,30,4020.5
"Post scheduled trip end time",8,21,13,4020.5
"Post scheduled trip end time",667,688,21,4020.5
"Post scheduled trip end time",847,870,23,4020.5
"Post scheduled trip end time",927,944,17,4020.5
"Post scheduled trip end time",2427,2434,7,4020.5
"Post scheduled trip end time",16,73,57,4020.5
"Post scheduled trip end time",-19,2,21,4020.5
"Post scheduled trip end time",507,509,2,4020.5
"Post scheduled trip end time",547,549,2,4020.5
"Post scheduled trip end time",1947,1987,40,4020.5
"Post scheduled trip end time",17,67,50,4020.5
"Post scheduled trip end time",19,181,162,4020.5
"Post scheduled trip end time",21,75,54,4020.5
"Post scheduled trip end time",29,52,23,4020.5
"Post scheduled trip end time",28,62,34,4020.5
"Post scheduled trip end time",21,25537,25516,4020.5
"Post scheduled trip end time",22,54,32,4020.5
"Post scheduled trip end time",127,147,20,4020.5
"Post scheduled trip end time",2047,2063,16,4020.5
"Post scheduled trip end time",2327,2355,28,4020.5
"Post scheduled trip end time",2467,2481,14,4020.5
"Post scheduled trip end time",2527,2528,1,4020.5
"Post scheduled trip end time",8,678,670,4020.5
"Post scheduled trip end time",-20,34,54,4020.5
"Post scheduled trip end time",1227,1229,2,4020.5
"Post scheduled trip end time",1587,1595,8,4020.5
"Post scheduled trip end time",1607,1609,2,4020.5
"Post scheduled trip end time",1647,1648,1,4020.5
"Post scheduled trip end time",2887,2909,22,4020.5
"Post scheduled trip end time",-26,-13,13,4020.5
"Post scheduled trip end time",-17,-9,8,4020.5
"Post scheduled trip end time",21,25,4,4020.5
"Post scheduled trip end time",29,41,12,4020.5
"Post scheduled trip end time",567,584,17,4020.5
"Post scheduled trip end time",607,621,14,4020.5
"Post scheduled trip end time",1487,1489,2,4020.5
"Post scheduled trip end time",1947,1975,28,4020.5
"Post scheduled trip end time",2907,2947,40,4020.5
"Post scheduled trip end time",19,102,83,4020.5
"Post scheduled trip end time",8,258,250,4020.5
"Post scheduled trip end time",687,727,40,4020.5
"Post scheduled trip end time",1647,1655,8,4020.5
"Post scheduled trip end time",2367,2390,23,4020.5
"Post scheduled trip end time",2687,2704,17,4020.5
"Post scheduled trip end time",21,408,387,4020.5
"Post scheduled trip end time",27,126,99,4020.5
"Post scheduled trip end time",-26,2,28,4020.5
"Post scheduled trip end time",1007,1024,17,4020.5
"Post scheduled trip end time",2307,2314,7,4020.5
"Post scheduled trip end time",28,73,45,4020.5
"Post scheduled trip end time",18,73,55,4020.5
"Post scheduled trip end time",-15,22,37,4020.5
"Post scheduled trip end time",1027,1041,14,4020.5
"Post scheduled trip end time",2367,2388,21,4020.5
"Post scheduled trip end time",2407,2424,17,4020.5
"Post scheduled trip end time",2527,2535,8,4020.5
"Post scheduled trip end time",2727,2734,7,4020.5
"Post scheduled trip end time",2867,2874,7,4020.5
"Post scheduled trip end time",-16,13,29,4020.5
"Post scheduled trip end time",-30,-18,12,4020.5
"Post scheduled trip end time",627,667,40,4020.5
"Post scheduled trip end time",907,929,22,4020.5
"Post scheduled trip end time",1487,1509,22,4020.5
"Post scheduled trip end time",1807,1838,31,4020.5
"Post scheduled trip end time",2047,2061,14,4020.5
"Post scheduled trip end time",2887,2910,23,4020.5
"Post scheduled trip end time",19,77,58,4020.5
"Post scheduled trip end time",-18,-8,10,4020.5
"Post scheduled trip end time",-22,-10,12,4020.5
"Post scheduled trip end time",29,56,27,4020.5
"Post scheduled trip end time",22,46,24,4020.5
"Post scheduled trip end time",367,384,17,4020.5
"Post scheduled trip end time",2667,2675,8,4020.5
"Post scheduled trip end time",28,68,40,4020.5
"Post scheduled trip end time",-14,503,517,4020.5
"Post scheduled trip end time",147,162,15,4020.5
"Post scheduled trip end time",1007,1022,15,4020.5
"Post scheduled trip end time",1407,1415,8,4020.5
"Post scheduled trip end time",1467,1483,16,4020.5
"Post scheduled trip end time",2147,2187,40,4020.5
"Post scheduled trip end time",2367,2381,14,4020.5
"Post scheduled trip end time",2647,2648,1,4020.5
"Post scheduled trip end time",18,88,70,4020.5
"Post scheduled trip end time",18,1198,1180,4020.5
"Post scheduled trip end time",22,44,22,4020.5
"Post scheduled trip end time",19,45,26,4020.5
"Post scheduled trip end time",967,1007,40,4020.5
"Post scheduled trip end time",2567,2581,14,4020.5
"Post scheduled trip end time",2887,2898,11,4020.5
"Post scheduled trip end time",21,140,119,4020.5
"Post scheduled trip end time",29,485,456,4020.5
"Post scheduled trip end time",18,360,342,4020.5
"Post scheduled trip end time",8,105,97,4020.5
"Post scheduled trip end time",-16,2,18,4020.5
"Post scheduled trip end time",-19,0,19,4020.5
"Post scheduled trip end time",27,33,6,4020.5
"Post scheduled trip end time",26,48,22,4020.5
"Post scheduled trip end time",2107,2124,17,4020.5
"Post scheduled trip end time",2187,2215,28,4020.5
"Post scheduled trip end time",2427,2448,21,4020.5
"Post scheduled trip end time",26,68,42,4020.5
"Post scheduled trip end time",21,114,93,4020.5
"Post scheduled trip end time",22,67,45,4020.5
"Post scheduled trip end time",16,98,82,4020.5
"Post scheduled trip end time",-16,3,19,4020.5
"Post scheduled trip end time",21,52,31,4020.5
"Post scheduled trip end time",1267,1284,17,4020.5
"Post scheduled trip end time",1287,1289,2,4020.5
"Post scheduled trip end time",2807,2835,28,4020.5
"Post scheduled trip end time",-16,5,21,4020.5
"Post scheduled trip end time",1067,1082,15,4020.5
"Post scheduled trip end time",1607,1615,8,4020.5
"Post scheduled trip end time",2587,2603,16,4020.5
"Post scheduled trip end time",2647,2678,31,4020.5
"Post scheduled trip end time",2767,2807,40,4020.5
"Post scheduled trip end time",17,74,57,4020.5
"Post scheduled trip end time",16,83,67,4020.5
"Post scheduled trip end time",-13,-3,10,4020.5
"Post scheduled trip end time",1227,1255,28,4020.5
"Post scheduled trip end time",2387,2418,31,4020.5
"Post scheduled trip end time",29,33,4,4020.5
"Post scheduled trip end time",8,381,373,4020.5
"Post scheduled trip end time",1147,1175,28,4020.5
"Post scheduled trip end time",2107,2127,20,4020.5
"Post scheduled trip end time",2447,2468,21,4020.5
"Post scheduled trip end time",19,125,106,4020.5
"Post scheduled trip end time",29,66,37,4020.5
"Post scheduled trip end time",16,644,628,4020.5
"Post scheduled trip end time",22,454,432,4020.5
"Post scheduled trip end time",22,59,37,4020.5
"Post scheduled trip end time",-17,-4,13,4020.5
"Post scheduled trip end time",17,24,7,4020.5
"Post scheduled trip end time",2467,2482,15,4020.5
"Post scheduled trip end time",2507,2523,16,4020.5
"Post scheduled trip end time",16,178,162,4020.5
"Post scheduled trip end time",28,1358,1330,4020.5
"Post scheduled trip end time",-30,10,40,4020.5
"Post scheduled trip end time",28,38,10,4020.5
"Post scheduled trip end time",19,61,42,4020.5
"Post scheduled trip end time",-18,7,25,4020.5
"Post scheduled trip end time",18,48,30,4020.5
"Post scheduled trip end time",1087,1102,15,4020.5
"Post scheduled trip end time",2107,2138,31,4020.5
"Post scheduled trip end time",16,247,231,4020.5
"Post scheduled trip end time",18,70,52,4020.5
"Post scheduled trip end time",17,68,51,4020.5
"Post scheduled trip end time",647,662,15,4020.5
"Post scheduled trip end time",1187,1227,40,4020.5
"Post scheduled trip end time",1327,1343,16,4020.5
"Post scheduled trip end time",2367,2382,15,4020.5
"Post scheduled trip end time",2387,2389,2,4020.5
"Post scheduled trip end time",21,76,55,4020.5
"Post scheduled trip end time",8,61,53,4020.5
"Post scheduled trip end time",16,125,109,4020.5
"Post scheduled trip end time",-22,-11,11,4020.5
"Post scheduled trip end time",-30,104,134,4020.5
"Post scheduled trip end time",19,37,18,4020.5
"Post scheduled trip end time",41,25376,25335,4020.5
"Post scheduled trip end time",227,241,14,4020.5
"Post scheduled trip end time",907,909,2,4020.5
"Post scheduled trip end time",1347,1354,7,4020.5
"Post scheduled trip end time",1727,1728,1,4020.5
"Post scheduled trip end time",-13,530128,530141,4020.5
"Post scheduled trip end time",-19,15,34,4020.5
"Post scheduled trip end time",28,698,670,4020.5
"Post scheduled trip end time",-22,-15,7,4020.5
"Post scheduled trip end time",-30,1,31,4020.5
"Post scheduled trip end time",27,95,68,4020.5
"Post scheduled trip end time",1187,1201,14,4020.5
"Post scheduled trip end time",1407,1427,20,4020.5
"Post scheduled trip end time",2267,2284,17,4020.5
"Post scheduled trip end time",2607,2647,40,4020.5
"Post scheduled trip end time",2807,2814,7,4020.5
"Post scheduled trip end time",18,74,56,4020.5
"Post scheduled trip end time",8,1578,1570,4020.5
"Post scheduled trip end time",8,66,58,4020.5
"Post scheduled trip end time",-15,5732,5747,4020.5
"Post scheduled trip end time",17,117,100,4020.5
"Post scheduled trip end time",-15,16,31,4020.5
"Post scheduled trip end time",1187,1202,15,4020.5
"Post scheduled trip end time",1467,1481,14,4020.5
"Post scheduled trip end time",2607,2614,7,4020.5
"Post scheduled trip end time",2847,2858,11,4020.5
"Post scheduled trip end time",16,411,395,4020.5
"Post scheduled trip end time",-24,-3,21,4020.5
"Post scheduled trip end time",-29,-20,9,4020.5
"Post scheduled trip end time",-28,32,60,4020.5
"Post scheduled trip end time",29,248,219,4020.5
"Post scheduled trip end time",1347,1363,16,4020.5
"Post scheduled trip end time",1547,1564,17,4020.5
"Post scheduled trip end time",1687,1695,8,4020.5
"Post scheduled trip end time",1847,1862,15,4020.5
"Post scheduled trip end time",2127,2138,11,4020.5
"Post scheduled trip end time",2187,2201,14,4020.5
"Post scheduled trip end time",2427,2450,23,4020.5
"Post scheduled trip end time",2507,2527,20,4020.5
"Post scheduled trip end time",8,69,61,4020.5
"Post scheduled trip end time",28,89,61,4020.5
"Post scheduled trip end time",16,235,219,4020.5
"Post scheduled trip end time",1027,1043,16,4020.5
"Post scheduled trip end time",1227,1234,7,4020.5
"Post scheduled trip end time",2027,2029,2,4020.5
"Post scheduled trip end time",2847,2854,7,4020.5
"Post scheduled trip end time",16,78,62,4020.5
"Post scheduled trip end time",26,571,545,4020.5
"Post scheduled trip end time",18,80,62,4020.5
"Post scheduled trip end time",27,249,222,4020.5
"Post scheduled trip end time",-16,51,67,4020.5
"Post scheduled trip end time",1307,1335,28,4020.5
"Post scheduled trip end time",1727,1738,11,4020.5
"Post scheduled trip end time",1907,1908,1,4020.5
"Post scheduled trip end time",2187,2188,1,4020.5
"Post scheduled trip end time",2607,2627,20,4020.5
"Post scheduled trip end time",26,103,77,4020.5
"Post scheduled trip end time",1447,1467,20,4020.5
"Post scheduled trip end time",1967,1969,2,4020.5
"Post scheduled trip end time",17,90,73,4020.5
"Post scheduled trip end time",-15,15,30,4020.5
"Post scheduled trip end time",42,25290,25248,4020.5
"Post scheduled trip end time",507,528,21,4020.5
"Post scheduled trip end time",1147,1154,7,4020.5
"Post scheduled trip end time",1167,1189,22,4020.5
"Post scheduled trip end time",1607,1618,11,4020.5
"Post scheduled trip end time",1627,1644,17,4020.5
"Post scheduled trip end time",1767,1807,40,4020.5
"Post scheduled trip end time",2727,2747,20,4020.5
"Post scheduled trip end time",-28,-14,14,4020.5
"Post scheduled trip end time",27,49,22,4020.5
"Post scheduled trip end time",22,45,23,4020.5
"Post scheduled trip end time",767,787,20,4020.5
"Post scheduled trip end time",1887,1889,2,4020.5
"Post scheduled trip end time",1887,1894,7,4020.5
"Post scheduled trip end time",16,101,85,4020.5
"Post scheduled trip end time",8,78,70,4020.5
"Post scheduled trip end time",17,135,118,4020.5
"Post scheduled trip end time",22,42,20,4020.5
"Post scheduled trip end time",1487,1508,21,4020.5
"Post scheduled trip end time",19,67,48,4020.5
"Post scheduled trip end time",-22,4,26,4020.5
"Post scheduled trip end time",-17,-2,15,4020.5
"Post scheduled trip end time",-14,40,54,4020.5
"Post scheduled trip end time",21,47,26,4020.5
"Post scheduled trip end time",21,44,23,4020.5
"Post scheduled trip end time",1467,1468,1,4020.5
"Post scheduled trip end time",2427,2467,40,4020.5
"Post scheduled trip end time",2787,2804,17,4020.5
"Post scheduled trip end time",28,96,68,4020.5
"Post scheduled trip end time",8,978,970,4020.5
"Post scheduled trip end time",18,19,1,4020.5
"Post scheduled trip end time",447,468,21,4020.5
"Post scheduled trip end time",2607,2608,1,4020.5
"Post scheduled trip end time",27,90,63,4020.5
"Post scheduled trip end time",29,278,249,4020.5
"Post scheduled trip end time",17,47,30,4020.5
"Post scheduled trip end time",327,347,20,4020.5
"Post scheduled trip end time",747,762,15,4020.5
"Post scheduled trip end time",827,834,7,4020.5
"Post scheduled trip end time",-27,13,40,4020.5
"Post scheduled trip end time",-20,21,41,4020.5
"Post scheduled trip end time",-24,5,29,4020.5
"Post scheduled trip end time",407,427,20,4020.5
"Post scheduled trip end time",867,874,7,4020.5
"Post scheduled trip end time",1347,1362,15,4020.5
"Post scheduled trip end time",22,62,40,4020.5
"Post scheduled trip end time",18,718,700,4020.5
"Post scheduled trip end time",-17,24,41,4020.5
"Post scheduled trip end time",16,24,8,4020.5
"Post scheduled trip end time",1107,1130,23,4020.5
"Post scheduled trip end time",1367,1390,23,4020.5
"Post scheduled trip end time",1387,1404,17,4020.5
"Post scheduled trip end time",1567,1607,40,4020.5
"Post scheduled trip end time",2427,2443,16,4020.5
"Post scheduled trip end time",16,421,405,4020.5
"Post scheduled trip end time",-28,-10,18,4020.5
"Post scheduled trip end time",1027,1048,21,4020.5
"Post scheduled trip end time",2207,2209,2,4020.5
"Post scheduled trip end time",26,79,53,4020.5
"Post scheduled trip end time",22,275,253,4020.5
"Post scheduled trip end time",22,49,27,4020.5
"Post scheduled trip end time",1207,1247,40,4020.5
"Post scheduled trip end time",1687,1689,2,4020.5
"Post scheduled trip end time",1847,1867,20,4020.5
"Post scheduled trip end time",1987,1995,8,4020.5
"Post scheduled trip end time",18,190,172,4020.5
"Post scheduled trip end time",18,361,343,4020.5
"Post scheduled trip end time",21,133,112,4020.5
"Post scheduled trip end time",28,83,55,4020.5
"Post scheduled trip end time",-13,9,22,4020.5
"Post scheduled trip end time",19,23,4,4020.5
"Post scheduled trip end time",26,212,186,4020.5
"Post scheduled trip end time",27,69,42,4020.5
"Post scheduled trip end time",47,67,20,4020.5
"Post scheduled trip end time",907,922,15,4020.5
"Post scheduled trip end time",16,66,50,4020.5
"Post scheduled trip end time",-15,-12,3,4020.5
"Post scheduled trip end time",-14,-12,2,4020.5
"Post scheduled trip end time",19,52,33,4020.5
"Post scheduled trip end time",1887,1903,16,4020.5
"Post scheduled trip end time",1947,1969,22,4020.5
"Post scheduled trip end time",2327,2329,2,4020.5
"Post scheduled trip end time",-18,1,19,4020.5
"Post scheduled trip end time",-20,-13,7,4020.5
"Post scheduled trip end time",22,22,0,4020.5
"Post scheduled trip end time",21,155,134,4020.5
"Post scheduled trip end time",19,627,608,4020.5
"Post scheduled trip end time",1147,1158,11,4020.5
"Post scheduled trip end time",1167,1198,31,4020.5
"Post scheduled trip end time",1287,1304,17,4020.5
"Post scheduled trip end time",1647,1661,14,4020.5
"Post scheduled trip end time",1747,1770,23,4020.5
"Post scheduled trip end time",2407,2427,20,4020.5
"Post scheduled trip end time",16,67,51,4020.5
"Post scheduled trip end time",22,69,47,4020.5
"Post scheduled trip end time",-14,7088,7102,4020.5
"Post scheduled trip end time",-20,14,34,4020.5
"Post scheduled trip end time",29,42,13,4020.5
"Post scheduled trip end time",267,281,14,4020.5
"Post scheduled trip end time",827,867,40,4020.5
"Post scheduled trip end time",1147,1168,21,4020.5
"Post scheduled trip end time",2427,2428,1,4020.5
"Post scheduled trip end time",28,34,6,4020.5
"Post scheduled trip end time",1847,1875,28,4020.5
"Post scheduled trip end time",2307,2327,20,4020.5
"Post scheduled trip end time",2667,2678,11,4020.5
"Post scheduled trip end time",19,279,260,4020.5
"Post scheduled trip end time",19,97,78,4020.5
"Post scheduled trip end time",27,333,306,4020.5
"Post scheduled trip end time",21,72,51,4020.5
"Post scheduled trip end time",26,49,23,4020.5
"Post scheduled trip end time",21,25379,25358,4020.5
"Post scheduled trip end time",1207,1238,31,4020.5
"Post scheduled trip end time",1387,1418,31,4020.5
"Post scheduled trip end time",1407,1414,7,4020.5
"Post scheduled trip end time",2547,2570,23,4020.5
"Post scheduled trip end time",2847,2870,23,4020.5
"Post scheduled trip end time",-13,-2,11,4020.5
"Post scheduled trip end time",29,74,45,4020.5
"Post scheduled trip end time",28,458,430,4020.5
"Post scheduled trip end time",247,249,2,4020.5
"Post scheduled trip end time",1307,1322,15,4020.5
"Post scheduled trip end time",1947,1970,23,4020.5
"Post scheduled trip end time",2507,2514,7,4020.5
"Post scheduled trip end time",2567,2607,40,4020.5
"Post scheduled trip end time",28,94,66,4020.5
"Post scheduled trip end time",-30,-7,23,4020.5
"Post scheduled trip end time",547,569,22,4020.5
"Post scheduled trip end time",1787,1815,28,4020.5
"Post scheduled trip end time",2227,2241,14,4020.5
"Post scheduled trip end time",26,105,79,4020.5
"Post scheduled trip end time",16,59,43,4020.5
"Post scheduled trip end time",18,83,65,4020.5
"Post scheduled trip end time",8,291,283,4020.5
"Post scheduled trip end time",1727,1748,21,4020.5
"Post scheduled trip end time",21,86,65,4020.5
"Post scheduled trip end time",21,84,63,4020.5
"Post scheduled trip end time",17,444,427,4020.5
"Post scheduled trip end time",67,82,15,4020.5
"Post scheduled trip end time",567,588,21,4020.5
"Post scheduled trip end time",947,962,15,4020.5
"Post scheduled trip end time",1547,1548,1,4020.5
"Post scheduled trip end time",2627,2648,21,4020.5
"Post scheduled trip end time",2707,2721,14,4020.5
"Post scheduled trip end time",26,89,63,4020.5
"Post scheduled trip end time",-22,9,31,4020.5
"Post scheduled trip end time",-24,-11,13,4020.5
"Post scheduled trip end time",1427,1442,15,4020.5
"Post scheduled trip end time",2687,2703,16,4020.5
"Post scheduled trip end time",27,39,12,4020.5
"Post scheduled trip end time",1407,1438,31,4020.5
"Post scheduled trip end time",17,30,13,4020.5
"Post scheduled trip end time",40,40,0,4020.5
"Post scheduled trip end time",947,969,22,4020.5
"Post scheduled trip end time",1127,1134,7,4020.5
"Post scheduled trip end time",2507,2515,8,4020.5
"Post scheduled trip end time",2527,2548,21,4020.5
"Post scheduled trip end time",2807,2815,8,4020.5
"Post scheduled trip end time",8,80,72,4020.5
"Post scheduled trip end time",8,11,3,4020.5
"Post scheduled trip end time",18,51,33,4020.5
"Post scheduled trip end time",1827,1844,17,4020.5
"Post scheduled trip end time",-13,0,13,4020.5
"Post scheduled trip end time",28,341,313,4020.5
"Post scheduled trip end time",19,230,211,4020.5
"Post scheduled trip end time",17,59,42,4020.5
"Post scheduled trip end time",16,406,390,4020.5
"Post scheduled trip end time",28,224,196,4020.5
"Post scheduled trip end time",-27,1,28,4020.5
"Post scheduled trip end time",28,39,11,4020.5
"Post scheduled trip end time",987,1004,17,4020.5
"Post scheduled trip end time",2047,2067,20,4020.5
"Post scheduled trip end time",2287,2294,7,4020.5
"Post scheduled trip end time",2887,2894,7,4020.5
"Post scheduled trip end time",2907,2927,20,4020.5
"Post scheduled trip end time",22,60,38,4020.5
"Post scheduled trip end time",-15,5,20,4020.5
"Post scheduled trip end time",-22,1,23,4020.5
"Post scheduled trip end time",-15,1,16,4020.5
"Post scheduled trip end time",-14,11,25,4020.5
"Post scheduled trip end time",-18,-6,12,4020.5
"Post scheduled trip end time",-16,6,22,4020.5
"Post scheduled trip end time",8,10,2,4020.5
"Post scheduled trip end time",31,39,8,4020.5
"Post scheduled trip end time",1107,1129,22,4020.5
"Post scheduled trip end time",2167,2175,8,4020.5
"Post scheduled trip end time",2327,2342,15,4020.5
"Post scheduled trip end time",19,194,175,4020.5
"Post scheduled trip end time",-19,-11,8,4020.5
"Post scheduled trip end time",17,43,26,4020.5
"Post scheduled trip end time",847,867,20,4020.5
"Post scheduled trip end time",1507,1508,1,4020.5
"Post scheduled trip end time",1667,1687,20,4020.5
"Post scheduled trip end time",1707,1718,11,4020.5
"Post scheduled trip end time",2567,2569,2,4020.5
"Post scheduled trip end time",2707,2723,16,4020.5
"Post scheduled trip end time",22,339,317,4020.5
"Post scheduled trip end time",28,271,243,4020.5
"Post scheduled trip end time",-14,-3,11,4020.5
"Post scheduled trip end time",8,84,76,4020.5
"Post scheduled trip end time",27,484,457,4020.5
"Post scheduled trip end time",267,288,21,4020.5
"Post scheduled trip end time",307,347,40,4020.5
"Post scheduled trip end time",787,809,22,4020.5
"Post scheduled trip end time",1447,1455,8,4020.5
"Post scheduled trip end time",26,270,244,4020.5
"Post scheduled trip end time",26,83,57,4020.5
"Post scheduled trip end time",-19,-2,17,4020.5
"Post scheduled trip end time",8,408,400,4020.5
"Post scheduled trip end time",1647,1662,15,4020.5
"Post scheduled trip end time",1647,1663,16,4020.5
"Post scheduled trip end time",2427,2455,28,4020.5
"Post scheduled trip end time",2787,2815,28,4020.5
"Post scheduled trip end time",27,93,66,4020.5
"Post scheduled trip end time",-13,191,204,4020.5
"Post scheduled trip end time",-13,65,78,4020.5
"Post scheduled trip end time",-19,25,44,4020.5
"Post scheduled trip end time",18,324,306,4020.5
"Post scheduled trip end time",667,674,7,4020.5
"Post scheduled trip end time",1207,1227,20,4020.5
"Post scheduled trip end time",1987,2015,28,4020.5
"Post scheduled trip end time",2267,2295,28,4020.5
"Post scheduled trip end time",19,104,85,4020.5
"Post scheduled trip end time",22,110,88,4020.5
"Post scheduled trip end time",-27,-7,20,4020.5
"Post scheduled trip end time",667,684,17,4020.5
"Post scheduled trip end time",947,961,14,4020.5
"Post scheduled trip end time",1767,1782,15,4020.5
"Post scheduled trip end time",-27,12,39,4020.5
"Post scheduled trip end time",21,37,16,4020.5
"Post scheduled trip end time",8,81,73,4020.5
"Post scheduled trip end time",927,948,21,4020.5
"Post scheduled trip end time",2367,2395,28,4020.5
"Post scheduled trip end time",18,91,73,4020.5
"Post scheduled trip end time",22,111,89,4020.5
"Post scheduled trip end time",8,1098,1090,4020.5
"Post scheduled trip end time",687,709,22,4020.5
"Post scheduled trip end time",2727,2744,17,4020.5
"Post scheduled trip end time",18,53,35,4020.5
"Post scheduled trip end time",27,70,43,4020.5
"Post scheduled trip end time",1387,1389,2,4020.5
"Post scheduled trip end time",1887,1902,15,4020.5
"Post scheduled trip end time",2027,2034,7,4020.5
"Post scheduled trip end time",2307,2315,8,4020.5
"Post scheduled trip end time",26,59,33,4020.5
"Post scheduled trip end time",18,54,36,4020.5
"Post scheduled trip end time",28,81,53,4020.5
"Post scheduled trip end time",18,112,94,4020.5
"Post scheduled trip end time",-25,-17,8,4020.5
"Post scheduled trip end time",-17,-5,12,4020.5
"Post scheduled trip end time",627,647,20,4020.5
"Post scheduled trip end time",1667,1681,14,4020.5
"Post scheduled trip end time",2227,2249,22,4020.5
"Post scheduled trip end time",2667,2689,22,4020.5
"Post scheduled trip end time",21,514,493,4020.5
"Post scheduled trip end time",26,61,35,4020.5
"Post scheduled trip end time",-21,7,28,4020.5
"Post scheduled trip end time",-14,30,44,4020.5
"Post scheduled trip end time",27,45,18,4020.5
"Post scheduled trip end time",27,57,30,4020.5
"Post scheduled trip end time",147,168,21,4020.5
"Post scheduled trip end time",1187,1208,21,4020.5
"Post scheduled trip end time",1267,1307,40,4020.5
"Post scheduled trip end time",1747,1769,22,4020.5
"Post scheduled trip end time",1887,1898,11,4020.5
"Post scheduled trip end time",1907,1930,23,4020.5
"Post scheduled trip end time",2027,2050,23,4020.5
"Post scheduled trip end time",2047,2049,2,4020.5
"Post scheduled trip end time",2367,2369,2,4020.5
"Post scheduled trip end time",-17,-1,16,4020.5
"Post scheduled trip end time",207,228,21,4020.5
"Post scheduled trip end time",927,935,8,4020.5
"Post scheduled trip end time",1487,1501,14,4020.5
"Post scheduled trip end time",1787,1803,16,4020.5
"Post scheduled trip end time",1807,1814,7,4020.5
"Post scheduled trip end time",2367,2368,1,4020.5
"Post scheduled trip end time",2587,2594,7,4020.5
"Post scheduled trip end time",8,498,490,4020.5
"Post scheduled trip end time",8,25,17,4020.5
"Post scheduled trip end time",1347,1355,8,4020.5
"Post scheduled trip end time",2167,2182,15,4020.5
"Post scheduled trip end time",2727,2750,23,4020.5
"Post scheduled trip end time",2867,2889,22,4020.5
"Post scheduled trip end time",19,245,226,4020.5
"Post scheduled trip end time",8,251,243,4020.5
"Post scheduled trip end time",-30,33,63,4020.5
"Post scheduled trip end time",707,722,15,4020.5
"Post scheduled trip end time",2027,2041,14,4020.5
"Post scheduled trip end time",2087,2127,40,4020.5
"Post scheduled trip end time",-13,-6,7,4020.5
"Post scheduled trip end time",19,565,546,4020.5
"Post scheduled trip end time",16,55,39,4020.5
"Post scheduled trip end time",-19,13,32,4020.5
"Post scheduled trip end time",27,83,56,4020.5
"Post scheduled trip end time",1367,1384,17,4020.5
"Post scheduled trip end time",1667,1689,22,4020.5
"Post scheduled trip end time",2307,2322,15,4020.5
"Post scheduled trip end time",8,918,910,4020.5
"Post scheduled trip end time",-30,11,41,4020.5
"Post scheduled trip end time",-14,-2,12,4020.5
"Post scheduled trip end time",227,244,17,4020.5
"Post scheduled trip end time",887,901,14,4020.5
"Post scheduled trip end time",2247,2269,22,4020.5
"Post scheduled trip end time",21,348,327,4020.5
"Post scheduled trip end time",-25,6,31,4020.5
"Post scheduled trip end time",-28,-16,12,4020.5
"Post scheduled trip end time",27,52,25,4020.5
"Post scheduled trip end time",29,46,17,4020.5
"Post scheduled trip end time",27,27,0,4020.5
"Post scheduled trip end time",1167,1178,11,4020.5
"Post scheduled trip end time",1487,1527,40,4020.5
"Post scheduled trip end time",1667,1669,2,4020.5
"Post scheduled trip end time",1827,1848,21,4020.5
"Post scheduled trip end time",2127,2134,7,4020.5
"Post scheduled trip end time",2387,2403,16,4020.5
"Post scheduled trip end time",2647,2667,20,4020.5
"Post scheduled trip end time",27,461,434,4020.5
"Post scheduled trip end time",8,57,49,4020.5
"Post scheduled trip end time",27,84,57,4020.5
"Post scheduled trip end time",18,124,106,4020.5
"Post scheduled trip end time",28,92,64,4020.5
"Post scheduled trip end time",27,64,37,4020.5
"Post scheduled trip end time",-15,8,23,4020.5
"Post scheduled trip end time",22,540,518,4020.5
"Post scheduled trip end time",707,724,17,4020.5
"Post scheduled trip end time",927,950,23,4020.5
"Post scheduled trip end time",1147,1163,16,4020.5
"Post scheduled trip end time",1267,1298,31,4020.5
"Post scheduled trip end time",1967,1975,8,4020.5
"Post scheduled trip end time",-14,14128,14142,4020.5
"Post scheduled trip end time",-13,-8,5,4020.5
"Post scheduled trip end time",8,321,313,4020.5
"Post scheduled trip end time",1167,1183,16,4020.5
"Post scheduled trip end time",1647,1664,17,4020.5
"Post scheduled trip end time",2147,2163,16,4020.5
"Post scheduled trip end time",2287,2295,8,4020.5
"Post scheduled trip end time",2407,2421,14,4020.5
"Post scheduled trip end time",2747,2764,17,4020.5
"Post scheduled trip end time",26,67,41,4020.5
"Post scheduled trip end time",17,108,91,4020.5
"Post scheduled trip end time",18,598,580,4020.5
"Post scheduled trip end time",21,22,1,4020.5
"Post scheduled trip end time",28,57,29,4020.5
"Post scheduled trip end time",21,143,122,4020.5
"Post scheduled trip end time",947,970,23,4020.5
"Post scheduled trip end time",1327,1329,2,4020.5
"Post scheduled trip end time",1527,1543,16,4020.5
"Post scheduled trip end time",1547,1562,15,4020.5
"Post scheduled trip end time",1707,1729,22,4020.5
"Post scheduled trip end time",26,101,75,4020.5
"Post scheduled trip end time",-16,20,36,4020.5
"Post scheduled trip end time",207,222,15,4020.5
"Post scheduled trip end time",1807,1847,40,4020.5
"Post scheduled trip end time",1987,1994,7,4020.5
"Post scheduled trip end time",2727,2742,15,4020.5
"Post scheduled trip end time",-19,4,23,4020.5
"Post scheduled trip end time",18,85,67,4020.5
"Post scheduled trip end time",-14,3,17,4020.5
"Post scheduled trip end time",147,167,20,4020.5
"Post scheduled trip end time",1507,1535,28,4020.5
"Post scheduled trip end time",1847,1854,7,4020.5
"Post scheduled trip end time",2127,2148,21,4020.5
"Post scheduled trip end time",2747,2770,23,4020.5
"Post scheduled trip end time",2807,2828,21,4020.5
"Post scheduled trip end time",18,162,144,4020.5
"Post scheduled trip end time",21,108,87,4020.5
"Post scheduled trip end time",27,139,112,4020.5
"Post scheduled trip end time",-23,5,28,4020.5
"Post scheduled trip end time",2247,2249,2,4020.5
"Post scheduled trip end time",27,129,102,4020.5
"Post scheduled trip end time",-27,5,32,4020.5
"Post scheduled trip end time",-14,12,26,4020.5
"Post scheduled trip end time",-20,27,47,4020.5
"Post scheduled trip end time",21,46,25,4020.5
"Post scheduled trip end time",28,44,16,4020.5
"Post scheduled trip end time",1167,1188,21,4020.5
"Post scheduled trip end time",1307,1314,7,4020.5
"Post scheduled trip end time",1507,1530,23,4020.5
"Post scheduled trip end time",1547,1555,8,4020.5
"Post scheduled trip end time",2287,2327,40,4020.5
"Post scheduled trip end time",26,204,178,4020.5
"Post scheduled trip end time",-13,38,51,4020.5
"Post scheduled trip end time",367,388,21,4020.5
"Post scheduled trip end time",427,448,21,4020.5
"Post scheduled trip end time",-20,-6,14,4020.5
"Post scheduled trip end time",8,24,16,4020.5
"Post scheduled trip end time",29,39,10,4020.5
"Post scheduled trip end time",1647,1668,21,4020.5
"Post scheduled trip end time",2347,2358,11,4020.5
"Post scheduled trip end time",17,481,464,4020.5
"Post scheduled trip end time",17,55,38,4020.5
"Post scheduled trip end time",18,1558,1540,4020.5
"Post scheduled trip end time",-15,14,29,4020.5
"Post scheduled trip end time",-14,19,33,4020.5
"Post scheduled trip end time",26,29,3,4020.5
"Post scheduled trip end time",26,604,578,4020.5
"Post scheduled trip end time",627,649,22,4020.5
"Post scheduled trip end time",647,649,2,4020.5
"Post scheduled trip end time",1907,1929,22,4020.5
"Post scheduled trip end time",2467,2498,31,4020.5
"Post scheduled trip end time",26,171,145,4020.5
"Post scheduled trip end time",-16,14,30,4020.5
"Post scheduled trip end time",-22,2,24,4020.5
"Post scheduled trip end time",-15,10,25,4020.5
"Post scheduled trip end time",-20,-3,17,4020.5
"Post scheduled trip end time",22,34,12,4020.5
"Post scheduled trip end time",607,647,40,4020.5
"Post scheduled trip end time",1287,1308,21,4020.5
"Post scheduled trip end time",1727,1758,31,4020.5
"Post scheduled trip end time",2227,2250,23,4020.5
"Post scheduled trip end time",2307,2338,31,4020.5
"Post scheduled trip end time",19,324,305,4020.5
"Post scheduled trip end time",26,72,46,4020.5
"Post scheduled trip end time",16,346,330,4020.5
"Post scheduled trip end time",8,738,730,4020.5
"Post scheduled trip end time",21,610,589,4020.5
"Post scheduled trip end time",-30,-24,6,4020.5
"Post scheduled trip end time",8,27,19,4020.5
"Post scheduled trip end time",267,269,2,4020.5
"Post scheduled trip end time",1227,1249,22,4020.5
"Post scheduled trip end time",2147,2169,22,4020.5
"Post scheduled trip end time",2287,2298,11,4020.5
"Post scheduled trip end time",2387,2407,20,4020.5
"Post scheduled trip end time",2547,2564,17,4020.5
"Post scheduled trip end time",22,88,66,4020.5
"Post scheduled trip end time",22,82,60,4020.5
"Post scheduled trip end time",-22,0,22,4020.5
"Post scheduled trip end time",-27,-16,11,4020.5
"Post scheduled trip end time",18,33,15,4020.5
"Post scheduled trip end time",18,38,20,4020.5
"Post scheduled trip end time",-13,21,34,4020.5
"Post scheduled trip end time",67,87,20,4020.5
"Post scheduled trip end time",587,608,21,4020.5
"Post scheduled trip end time",2007,2021,14,4020.5
"Post scheduled trip end time",2027,2035,8,4020.5
"Post scheduled trip end time",2507,2538,31,4020.5
"Post scheduled trip end time",16,54,38,4020.5
"Post scheduled trip end time",19,76,57,4020.5
"Post scheduled trip end time",19,92,73,4020.5
"Post scheduled trip end time",-14,14,28,4020.5
"Post scheduled trip end time",-29,-6,23,4020.5
"Post scheduled trip end time",-28,12,40,4020.5
"Post scheduled trip end time",-26,4,30,4020.5
"Post scheduled trip end time",-20,10,30,4020.5
"Post scheduled trip end time",127,141,14,4020.5
"Post scheduled trip end time",1267,1281,14,4020.5
"Post scheduled trip end time",17,75,58,4020.5
"Post scheduled trip end time",87,108,21,4020.5
"Post scheduled trip end time",1287,1298,11,4020.5
"Post scheduled trip end time",26,64,38,4020.5
"Post scheduled trip end time",18,505,487,4020.5
"Post scheduled trip end time",-13,9626,9639,4020.5
"Post scheduled trip end time",17,58,41,4020.5
"Post scheduled trip end time",22,48,26,4020.5
"Post scheduled trip end time",18,41,23,4020.5
"Post scheduled trip end time",207,209,2,4020.5
"Post scheduled trip end time",1387,1415,28,4020.5
"Post scheduled trip end time",2407,2415,8,4020.5
"Post scheduled trip end time",19,58,39,4020.5
"Post scheduled trip end time",22,490,468,4020.5
"Post scheduled trip end time",18,30,12,4020.5
"Post scheduled trip end time",17,20,3,4020.5
"Post scheduled trip end time",16,43,27,4020.5
"Post scheduled trip end time",687,707,20,4020.5
"Post scheduled trip end time",807,809,2,4020.5
"Post scheduled trip end time",1127,1148,21,4020.5
"Post scheduled trip end time",2687,2715,28,4020.5
"Post scheduled trip end time",26,88,62,4020.5
"Post scheduled trip end time",-23,-8,15,4020.5
"Post scheduled trip end time",-14,NA,NA,4020.5
"Post scheduled trip end time",1407,1421,14,4020.5
"Post scheduled trip end time",1687,1710,23,4020.5
"Post scheduled trip end time",2127,2147,20,4020.5
"Post scheduled trip end time",26,165,139,4020.5
"Post scheduled trip end time",19,478,459,4020.5
"Post scheduled trip end time",22,106,84,4020.5
"Post scheduled trip end time",26,215,189,4020.5
"Post scheduled trip end time",-13,-5,8,4020.5
"Post scheduled trip end time",8,41,33,4020.5
"Post scheduled trip end time",827,847,20,4020.5
"Post scheduled trip end time",1627,1641,14,4020.5
"Post scheduled trip end time",1747,1763,16,4020.5
"Post scheduled trip end time",2127,2141,14,4020.5
"Post scheduled trip end time",2147,2170,23,4020.5
"Post scheduled trip end time",16,226,210,4020.5
"Post scheduled trip end time",17,84,67,4020.5
"Post scheduled trip end time",29,85,56,4020.5
"Post scheduled trip end time",-30,-9,21,4020.5
"Post scheduled trip end time",17,48,31,4020.5
"Post scheduled trip end time",41,25557,25516,4020.5
"Post scheduled trip end time",227,242,15,4020.5
"Post scheduled trip end time",29,79,50,4020.5
"Post scheduled trip end time",-13,15068,15081,4020.5
"Post scheduled trip end time",-13,14,27,4020.5
"Post scheduled trip end time",627,641,14,4020.5
"Post scheduled trip end time",1107,1124,17,4020.5
"Post scheduled trip end time",1487,1515,28,4020.5
"Post scheduled trip end time",1947,1955,8,4020.5
"Post scheduled trip end time",2447,2478,31,4020.5
"Post scheduled trip end time",2807,2823,16,4020.5
"Post scheduled trip end time",28,65,37,4020.5
"Post scheduled trip end time",16,105,89,4020.5
"Post scheduled trip end time",8,100,92,4020.5
"Post scheduled trip end time",29,38,9,4020.5
"Post scheduled trip end time",19,31,12,4020.5
"Post scheduled trip end time",1247,1287,40,4020.5
"Post scheduled trip end time",2767,2769,2,4020.5
"Post scheduled trip end time",2787,2808,21,4020.5
"Post scheduled trip end time",8,585,577,4020.5
"Post scheduled trip end time",-13,3861,3874,4020.5
"Post scheduled trip end time",-30,3,33,4020.5
"Post scheduled trip end time",-13,19,32,4020.5
"Post scheduled trip end time",1087,1103,16,4020.5
"Post scheduled trip end time",1867,1881,14,4020.5
"Post scheduled trip end time",1927,1948,21,4020.5
"Post scheduled trip end time",2207,2218,11,4020.5
"Post scheduled trip end time",2527,2544,17,4020.5
"Post scheduled trip end time",2567,2584,17,4020.5
"Post scheduled trip end time",18,305,287,4020.5
"Post scheduled trip end time",-15,6,21,4020.5
"Post scheduled trip end time",-15,36,51,4020.5
"Post scheduled trip end time",28,45,17,4020.5
"Post scheduled trip end time",227,247,20,4020.5
"Post scheduled trip end time",1007,1029,22,4020.5
"Post scheduled trip end time",1487,1504,17,4020.5
"Post scheduled trip end time",1567,1583,16,4020.5
"Post scheduled trip end time",2167,2195,28,4020.5
"Post scheduled trip end time",2547,2575,28,4020.5
"Post scheduled trip end time",22,340,318,4020.5
"Post scheduled trip end time",8,378,370,4020.5
"Post scheduled trip end time",16,297,281,4020.5
"Post scheduled trip end time",-15,42,57,4020.5
"Post scheduled trip end time",507,527,20,4020.5
"Post scheduled trip end time",-20,-9,11,4020.5
"Post scheduled trip end time",27,68,41,4020.5
"Post scheduled trip end time",1207,1235,28,4020.5
"Post scheduled trip end time",1847,1864,17,4020.5
"Post scheduled trip end time",1967,1982,15,4020.5
"Post scheduled trip end time",2007,2015,8,4020.5
"Post scheduled trip end time",2187,2204,17,4020.5
"Post scheduled trip end time",2527,2534,7,4020.5
"Post scheduled trip end time",2707,2708,1,4020.5
"Post scheduled trip end time",2827,2848,21,4020.5
"Post scheduled trip end time",29,114,85,4020.5
"Post scheduled trip end time",16,86,70,4020.5
"Post scheduled trip end time",18,56,38,4020.5
"Post scheduled trip end time",-20,3,23,4020.5
"Post scheduled trip end time",22,26,4,4020.5
"Post scheduled trip end time",19,49,30,4020.5
"Post scheduled trip end time",18,44,26,4020.5
"Post scheduled trip end time",307,327,20,4020.5
"Post scheduled trip end time",887,904,17,4020.5
"Post scheduled trip end time",1207,1223,16,4020.5
"Post scheduled trip end time",1667,1674,7,4020.5
"Post scheduled trip end time",2387,2398,11,4020.5
"Post scheduled trip end time",2687,2708,21,4020.5
"Post scheduled trip end time",2847,2875,28,4020.5
"Post scheduled trip end time",27,221,194,4020.5
"Post scheduled trip end time",22,74,52,4020.5
"Post scheduled trip end time",27,66,39,4020.5
"Post scheduled trip end time",16,97,81,4020.5
"Post scheduled trip end time",367,369,2,4020.5
"Post scheduled trip end time",827,842,15,4020.5
"Post scheduled trip end time",867,888,21,4020.5
"Post scheduled trip end time",1747,1748,1,4020.5
"Post scheduled trip end time",2007,2014,7,4020.5
"Post scheduled trip end time",2247,2262,15,4020.5
"Post scheduled trip end time",647,687,40,4020.5
"Post scheduled trip end time",987,1027,40,4020.5
"Post scheduled trip end time",1407,1409,2,4020.5
"Post scheduled trip end time",1747,1755,8,4020.5
"Post scheduled trip end time",2447,2470,23,4020.5
"Post scheduled trip end time",2607,2621,14,4020.5
"Post scheduled trip end time",22,112,90,4020.5
"Post scheduled trip end time",21,66,45,4020.5
"Post scheduled trip end time",-15,27,42,4020.5
"Post scheduled trip end time",-30,-12,18,4020.5
"Post scheduled trip end time",8,142,134,4020.5
"Post scheduled trip end time",1187,1215,28,4020.5
"Post scheduled trip end time",1887,1888,1,4020.5
"Post scheduled trip end time",2827,2843,16,4020.5
"Post scheduled trip end time",2847,2855,8,4020.5
"Post scheduled trip end time",-17,43,60,4020.5
"Post scheduled trip end time",-20,9,29,4020.5
"Post scheduled trip end time",21,23,2,4020.5
"Post scheduled trip end time",17,69,52,4020.5
"Post scheduled trip end time",107,127,20,4020.5
"Post scheduled trip end time",1027,1067,40,4020.5
"Post scheduled trip end time",26,63,37,4020.5
"Post scheduled trip end time",21,113,92,4020.5
"Post scheduled trip end time",17,65,48,4020.5
"Post scheduled trip end time",18,94,76,4020.5
"Post scheduled trip end time",-25,-20,5,4020.5
"Post scheduled trip end time",-13,24,37,4020.5
"Post scheduled trip end time",-13,4741,4754,4020.5
"Post scheduled trip end time",18,18,0,4020.5
"Post scheduled trip end time",307,324,17,4020.5
"Post scheduled trip end time",1207,1228,21,4020.5
"Post scheduled trip end time",-15,-3,12,4020.5
"Post scheduled trip end time",567,581,14,4020.5
"Post scheduled trip end time",1387,1398,11,4020.5
"Post scheduled trip end time",1507,1522,15,4020.5
"Post scheduled trip end time",1847,1849,2,4020.5
"Post scheduled trip end time",2747,2758,11,4020.5
"Post scheduled trip end time",19,358,339,4020.5
"Post scheduled trip end time",-21,16,37,4020.5
"Post scheduled trip end time",19,84,65,4020.5
"Post scheduled trip end time",21,186,165,4020.5
"Post scheduled trip end time",1827,1834,7,4020.5
"Post scheduled trip end time",1847,1878,31,4020.5
"Post scheduled trip end time",2407,2430,23,4020.5
"Post scheduled trip end time",28,564,536,4020.5
"Post scheduled trip end time",8,144,136,4020.5
"Post scheduled trip end time",-15,13666,13681,4020.5
"Post scheduled trip end time",29,54,25,4020.5
"Post scheduled trip end time",907,930,23,4020.5
"Post scheduled trip end time",1127,1135,8,4020.5
"Post scheduled trip end time",2767,2784,17,4020.5
"Post scheduled trip end time",22,58,36,4020.5
"Post scheduled trip end time",29,458,429,4020.5
"Post scheduled trip end time",-16,NA,NA,4020.5
"Post scheduled trip end time",1747,1767,20,4020.5
"Post scheduled trip end time",28,285,257,4020.5
"Post scheduled trip end time",26,62,36,4020.5
"Post scheduled trip end time",18,81,63,4020.5
"Post scheduled trip end time",8,171,163,4020.5
"Post scheduled trip end time",1167,1207,40,4020.5
"Post scheduled trip end time",1227,1248,21,4020.5
"Post scheduled trip end time",2087,2108,21,4020.5
"Post scheduled trip end time",8,204,196,4020.5
"Post scheduled trip end time",-16,0,16,4020.5
"Post scheduled trip end time",-25,2,27,4020.5
"Post scheduled trip end time",2327,2347,20,4020.5
"Post scheduled trip end time",2387,2409,22,4020.5
"Post scheduled trip end time",2627,2655,28,4020.5
"Post scheduled trip end time",2887,2889,2,4020.5
"Post scheduled trip end time",21,99,78,4020.5
"Post scheduled trip end time",8,253,245,4020.5
"Post scheduled trip end time",1967,1981,14,4020.5
"Post scheduled trip end time",18,524,506,4020.5
"Post scheduled trip end time",27,88,61,4020.5
"Post scheduled trip end time",19,255,236,4020.5
"Post scheduled trip end time",-26,-7,19,4020.5
"Post scheduled trip end time",-26,-4,22,4020.5
"Post scheduled trip end time",19,323,304,4020.5
"Post scheduled trip end time",887,909,22,4020.5
"Post scheduled trip end time",1867,1878,11,4020.5
"Post scheduled trip end time",-14,539648,539662,4020.5
"Post scheduled trip end time",-17,7041,7058,4020.5
"Post scheduled trip end time",28,48,20,4020.5
"Post scheduled trip end time",29,49,20,4020.5
"Post scheduled trip end time",1467,1507,40,4020.5
"Post scheduled trip end time",1867,1890,23,4020.5
"Post scheduled trip end time",2407,2438,31,4020.5
"Post scheduled trip end time",2567,2574,7,4020.5
"Post scheduled trip end time",2787,2827,40,4020.5
"Post scheduled trip end time",26,453,427,4020.5
"Post scheduled trip end time",16,53,37,4020.5
"Post scheduled trip end time",19,47,28,4020.5
"Post scheduled trip end time",26,56,30,4020.5
"Post scheduled trip end time",29,586,557,4020.5
"Post scheduled trip end time",587,609,22,4020.5
"Post scheduled trip end time",727,742,15,4020.5
"Post scheduled trip end time",1087,1101,14,4020.5
"Post scheduled trip end time",1887,1918,31,4020.5
"Post scheduled trip end time",1907,1922,15,4020.5
"Post scheduled trip end time",2707,2715,8,4020.5
"Post scheduled trip end time",21,580,559,4020.5
"Post scheduled trip end time",-15,37,52,4020.5
"Before scheduled trip start time",0,581,581,8038
"Before scheduled trip start time",0,13774,13774,8038
"Before scheduled trip start time",0,507428,507428,8038
"Before scheduled trip start time",0,29903,29903,8038
"Before scheduled trip start time",0,25376,25376,8038
"Before scheduled trip start time",0,37647,37647,8038
"Before scheduled trip start time",0,387,387,8038
"Before scheduled trip start time",0,63699,63699,8038
"Before scheduled trip start time",0,27576,27576,8038
"Before scheduled trip start time",0,73467,73467,8038
"Before scheduled trip start time",0,349,349,8038
"Before scheduled trip start time",0,409,409,8038
"Before scheduled trip start time",0,380,380,8038
"Before scheduled trip start time",0,6014,6014,8038
"Before scheduled trip start time",0,561,561,8038
"Before scheduled trip start time",0,26,26,8038
"Before scheduled trip start time",0,676020,676020,8038
"Before scheduled trip start time",0,24854,24854,8038
"Before scheduled trip start time",0,1173,1173,8038
"Before scheduled trip start time",0,106,106,8038
"Before scheduled trip start time",0,24563,24563,8038
"Before scheduled trip start time",0,65307,65307,8038
"Before scheduled trip start time",0,260,260,8038
"Before scheduled trip start time",0,264,264,8038
"Before scheduled trip start time",0,149,149,8038
"Before scheduled trip start time",0,267,267,8038
"Before scheduled trip start time",0,490,490,8038
"Before scheduled trip start time",0,562,562,8038
"Before scheduled trip start time",0,32016,32016,8038
"Before scheduled trip start time",0,75607,75607,8038
"Before scheduled trip start time",0,959,959,8038
"Before scheduled trip start time",0,140,140,8038
"Before scheduled trip start time",0,39296,39296,8038
"Before scheduled trip start time",0,-3,-3,8038
"Before scheduled trip start time",0,419,419,8038
"Before scheduled trip start time",0,500728,500728,8038
"Before scheduled trip start time",0,89,89,8038
"Before scheduled trip start time",0,9374,9374,8038
"Before scheduled trip start time",0,1015,1015,8038
"Before scheduled trip start time",0,512,512,8038
"Before scheduled trip start time",0,47159,47159,8038
"Before scheduled trip start time",0,37156,37156,8038
"Before scheduled trip start time",0,51559,51559,8038
"Before scheduled trip start time",0,56127,56127,8038
"Before scheduled trip start time",0,27823,27823,8038
"Before scheduled trip start time",0,265,265,8038
"Before scheduled trip start time",0,13318,13318,8038
"Before scheduled trip start time",0,3575,3575,8038
"Before scheduled trip start time",0,2255,2255,8038
"Before scheduled trip start time",0,653,653,8038
"Before scheduled trip start time",0,548,548,8038
"Before scheduled trip start time",0,169,169,8038
"Before scheduled trip start time",0,382,382,8038
"Before scheduled trip start time",0,512688,512688,8038
"Before scheduled trip start time",0,3414,3414,8038
"Before scheduled trip start time",0,37836,37836,8038
"Before scheduled trip start time",0,198,198,8038
"Before scheduled trip start time",0,3994,3994,8038
"Before scheduled trip start time",0,255,255,8038
"Before scheduled trip start time",0,23958,23958,8038
"Before scheduled trip start time",0,108,108,8038
"Before scheduled trip start time",0,20554,20554,8038
"Before scheduled trip start time",0,502248,502248,8038
"Before scheduled trip start time",0,68207,68207,8038
"Before scheduled trip start time",0,27218,27218,8038
"Before scheduled trip start time",0,171,171,8038
"Before scheduled trip start time",0,284,284,8038
"Before scheduled trip start time",0,702,702,8038
"Before scheduled trip start time",0,112,112,8038
"Before scheduled trip start time",0,2155,2155,8038
"Before scheduled trip start time",0,340,340,8038
"Before scheduled trip start time",0,49487,49487,8038
"Before scheduled trip start time",0,57879,57879,8038
"Before scheduled trip start time",0,660780,660780,8038
"Before scheduled trip start time",0,60019,60019,8038
"Before scheduled trip start time",0,4499,4499,8038
"Before scheduled trip start time",0,30476,30476,8038
"Before scheduled trip start time",0,2654,2654,8038
"Before scheduled trip start time",0,676640,676640,8038
"Before scheduled trip start time",0,73,73,8038
"Before scheduled trip start time",0,670220,670220,8038
"Before scheduled trip start time",0,226,226,8038
"Before scheduled trip start time",0,2395,2395,8038
"Before scheduled trip start time",0,40007,40007,8038
"Before scheduled trip start time",0,31696,31696,8038
"Before scheduled trip start time",0,505028,505028,8038
"Before scheduled trip start time",0,560,560,8038
"Before scheduled trip start time",0,70719,70719,8038
"Before scheduled trip start time",0,401,401,8038
"Before scheduled trip start time",0,66179,66179,8038
"Before scheduled trip start time",0,496368,496368,8038
"Before scheduled trip start time",0,20183,20183,8038
"Before scheduled trip start time",0,501428,501428,8038
"Before scheduled trip start time",0,38647,38647,8038
"Before scheduled trip start time",0,25534,25534,8038
"Before scheduled trip start time",0,20894,20894,8038
"Before scheduled trip start time",0,518,518,8038
"Before scheduled trip start time",0,537,537,8038
"Before scheduled trip start time",0,31936,31936,8038
"Before scheduled trip start time",0,589,589,8038
"Before scheduled trip start time",0,38576,38576,8038
"Before scheduled trip start time",0,42,42,8038
"Before scheduled trip start time",0,268,268,8038
"Before scheduled trip start time",0,195,195,8038
"Before scheduled trip start time",0,47027,47027,8038
"Before scheduled trip start time",0,1248,1248,8038
"Before scheduled trip start time",0,4099,4099,8038
"Before scheduled trip start time",0,25583,25583,8038
"Before scheduled trip start time",0,21638,21638,8038
"Before scheduled trip start time",0,5754,5754,8038
"Before scheduled trip start time",0,676440,676440,8038
"Before scheduled trip start time",0,33996,33996,8038
"Before scheduled trip start time",0,309,309,8038
"Before scheduled trip start time",0,576,576,8038
"Before scheduled trip start time",0,43959,43959,8038
"Before scheduled trip start time",0,46667,46667,8038
"Before scheduled trip start time",0,73547,73547,8038
"Before scheduled trip start time",0,641,641,8038
"Before scheduled trip start time",0,572,572,8038
"Before scheduled trip start time",0,955,955,8038
"Before scheduled trip start time",0,10198,10198,8038
"Before scheduled trip start time",0,40,40,8038
"Before scheduled trip start time",0,847,847,8038
"Before scheduled trip start time",0,175,175,8038
"Before scheduled trip start time",0,43,43,8038
"Before scheduled trip start time",0,233,233,8038
"Before scheduled trip start time",0,750,750,8038
"Before scheduled trip start time",0,68899,68899,8038
"Before scheduled trip start time",0,672660,672660,8038
"Before scheduled trip start time",0,516,516,8038
"Before scheduled trip start time",0,57,57,8038
"Before scheduled trip start time",0,35036,35036,8038
"Before scheduled trip start time",0,26654,26654,8038
"Before scheduled trip start time",0,73087,73087,8038
"Before scheduled trip start time",0,10652,10652,8038
"Before scheduled trip start time",0,510028,510028,8038
"Before scheduled trip start time",0,27416,27416,8038
"Before scheduled trip start time",0,1108,1108,8038
"Before scheduled trip start time",0,37936,37936,8038
"Before scheduled trip start time",0,62,62,8038
"Before scheduled trip start time",0,25794,25794,8038
"Before scheduled trip start time",0,343,343,8038
"Before scheduled trip start time",0,33023,33023,8038
"Before scheduled trip start time",0,497428,497428,8038
"Before scheduled trip start time",0,40247,40247,8038
"Before scheduled trip start time",0,40756,40756,8038
"Before scheduled trip start time",0,34476,34476,8038
"Before scheduled trip start time",0,451,451,8038
"Before scheduled trip start time",0,70007,70007,8038
"Before scheduled trip start time",0,307,307,8038
"Before scheduled trip start time",0,227,227,8038
"Before scheduled trip start time",0,31203,31203,8038
"Before scheduled trip start time",0,62887,62887,8038
"Before scheduled trip start time",0,477,477,8038
"Before scheduled trip start time",0,388,388,8038
"Before scheduled trip start time",0,56,56,8038
"Before scheduled trip start time",0,418,418,8038
"Before scheduled trip start time",0,658980,658980,8038
"Before scheduled trip start time",0,360,360,8038
"Before scheduled trip start time",0,2714,2714,8038
"Before scheduled trip start time",0,480,480,8038
"Before scheduled trip start time",0,129,129,8038
"Before scheduled trip start time",0,170,170,8038
"Before scheduled trip start time",0,152,152,8038
"Before scheduled trip start time",0,44227,44227,8038
"Before scheduled trip start time",0,501948,501948,8038
"Before scheduled trip start time",0,76427,76427,8038
"Before scheduled trip start time",0,341,341,8038
"Before scheduled trip start time",0,416,416,8038
"Before scheduled trip start time",0,661,661,8038
"Before scheduled trip start time",0,659700,659700,8038
"Before scheduled trip start time",0,667760,667760,8038
"Before scheduled trip start time",0,629,629,8038
"Before scheduled trip start time",0,2312,2312,8038
"Before scheduled trip start time",0,15434,15434,8038
"Before scheduled trip start time",0,1160,1160,8038
"Before scheduled trip start time",0,182,182,8038
"Before scheduled trip start time",0,505,505,8038
"Before scheduled trip start time",0,990,990,8038
"Before scheduled trip start time",0,79719,79719,8038
"Before scheduled trip start time",0,522,522,8038
"Before scheduled trip start time",0,3854,3854,8038
"Before scheduled trip start time",0,51239,51239,8038
"Before scheduled trip start time",0,28396,28396,8038
"Before scheduled trip start time",0,20318,20318,8038
"Before scheduled trip start time",0,563,563,8038
"Before scheduled trip start time",0,310,310,8038
"Before scheduled trip start time",0,71559,71559,8038
"Before scheduled trip start time",0,447,447,8038
"Before scheduled trip start time",0,32383,32383,8038
"Before scheduled trip start time",0,26716,26716,8038
"Before scheduled trip start time",0,55907,55907,8038
"Before scheduled trip start time",0,35427,35427,8038
"Before scheduled trip start time",0,617,617,8038
"Before scheduled trip start time",0,64879,64879,8038
"Before scheduled trip start time",0,544,544,8038
"Before scheduled trip start time",0,1474,1474,8038
"Before scheduled trip start time",0,31596,31596,8038
"Before scheduled trip start time",0,2300,2300,8038
"Before scheduled trip start time",0,37336,37336,8038
"Before scheduled trip start time",0,493088,493088,8038
"Before scheduled trip start time",0,502608,502608,8038
"Before scheduled trip start time",0,30883,30883,8038
"Before scheduled trip start time",0,685560,685560,8038
"Before scheduled trip start time",0,173,173,8038
"Before scheduled trip start time",0,805,805,8038
"Before scheduled trip start time",0,28998,28998,8038
"Before scheduled trip start time",0,1074,1074,8038
"Before scheduled trip start time",0,17598,17598,8038
"Before scheduled trip start time",0,666540,666540,8038
"Before scheduled trip start time",0,711,711,8038
"Before scheduled trip start time",0,5655,5655,8038
"Before scheduled trip start time",0,4674,4674,8038
"Before scheduled trip start time",0,137,137,8038
"Before scheduled trip start time",0,437,437,8038
"Before scheduled trip start time",0,298,298,8038
"Before scheduled trip start time",0,688860,688860,8038
"Before scheduled trip start time",0,237,237,8038
"Before scheduled trip start time",0,328,328,8038
"Before scheduled trip start time",0,528,528,8038
"Before scheduled trip start time",0,445,445,8038
"Before scheduled trip start time",0,1388,1388,8038
"Before scheduled trip start time",0,556,556,8038
"Before scheduled trip start time",0,502148,502148,8038
"Before scheduled trip start time",0,16963,16963,8038
"Before scheduled trip start time",0,180,180,8038
"Before scheduled trip start time",0,669620,669620,8038
"Before scheduled trip start time",0,664000,664000,8038
"Before scheduled trip start time",0,1230,1230,8038
"Before scheduled trip start time",0,2448,2448,8038
"Before scheduled trip start time",0,15514,15514,8038
"Before scheduled trip start time",0,73767,73767,8038
"Before scheduled trip start time",0,670440,670440,8038
"Before scheduled trip start time",0,1165,1165,8038
"Before scheduled trip start time",0,655,655,8038
"Before scheduled trip start time",0,33038,33038,8038
"Before scheduled trip start time",0,10494,10494,8038
"Before scheduled trip start time",0,494668,494668,8038
"Before scheduled trip start time",0,558,558,8038
"Before scheduled trip start time",0,18663,18663,8038
"Before scheduled trip start time",0,7194,7194,8038
"Before scheduled trip start time",0,674180,674180,8038
"Before scheduled trip start time",0,73387,73387,8038
"Before scheduled trip start time",0,666900,666900,8038
"Before scheduled trip start time",0,675,675,8038
"Before scheduled trip start time",0,12838,12838,8038
"Before scheduled trip start time",0,29723,29723,8038
"Before scheduled trip start time",0,28016,28016,8038
"Before scheduled trip start time",0,660500,660500,8038
"Before scheduled trip start time",0,1320,1320,8038
"Before scheduled trip start time",0,61507,61507,8038
"Before scheduled trip start time",0,35947,35947,8038
"Before scheduled trip start time",0,665300,665300,8038
"Before scheduled trip start time",0,71499,71499,8038
"Before scheduled trip start time",0,661600,661600,8038
"Before scheduled trip start time",0,661800,661800,8038
"Before scheduled trip start time",0,174,174,8038
"Before scheduled trip start time",0,2070,2070,8038
"Before scheduled trip start time",0,662140,662140,8038
"Before scheduled trip start time",0,58667,58667,8038
"Before scheduled trip start time",0,27134,27134,8038
"Before scheduled trip start time",0,50879,50879,8038
"Before scheduled trip start time",0,58199,58199,8038
"Before scheduled trip start time",0,315,315,8038
"Before scheduled trip start time",0,675540,675540,8038
"Before scheduled trip start time",0,27323,27323,8038
"Before scheduled trip start time",0,684580,684580,8038
"Before scheduled trip start time",0,303,303,8038
"Before scheduled trip start time",0,73747,73747,8038
"Before scheduled trip start time",0,1112,1112,8038
"Before scheduled trip start time",0,21494,21494,8038
"Before scheduled trip start time",0,65959,65959,8038
"Before scheduled trip start time",0,5374,5374,8038
"Before scheduled trip start time",0,57679,57679,8038
"Before scheduled trip start time",0,667660,667660,8038
"Before scheduled trip start time",0,479,479,8038
"Before scheduled trip start time",0,18478,18478,8038
"Before scheduled trip start time",0,27698,27698,8038
"Before scheduled trip start time",0,45163,45163,8038
"Before scheduled trip start time",0,432,432,8038
"Before scheduled trip start time",0,23994,23994,8038
"Before scheduled trip start time",0,28694,28694,8038
"Before scheduled trip start time",0,17314,17314,8038
"Before scheduled trip start time",0,421,421,8038
"Before scheduled trip start time",0,515588,515588,8038
"Before scheduled trip start time",0,2574,2574,8038
"Before scheduled trip start time",0,11,11,8038
"Before scheduled trip start time",0,679260,679260,8038
"Before scheduled trip start time",0,1307,1307,8038
"Before scheduled trip start time",0,21414,21414,8038
"Before scheduled trip start time",0,587,587,8038
"Before scheduled trip start time",0,19,19,8038
"Before scheduled trip start time",0,299,299,8038
"Before scheduled trip start time",0,471,471,8038
"Before scheduled trip start time",0,2992,2992,8038
"Before scheduled trip start time",0,8837,8837,8038
"Before scheduled trip start time",0,143,143,8038
"Before scheduled trip start time",0,9092,9092,8038
"Before scheduled trip start time",0,53019,53019,8038
"Before scheduled trip start time",0,25034,25034,8038
"Before scheduled trip start time",0,381,381,8038
"Before scheduled trip start time",0,1099,1099,8038
"Before scheduled trip start time",0,565,565,8038
"Before scheduled trip start time",0,777,777,8038
"Before scheduled trip start time",0,50019,50019,8038
"Before scheduled trip start time",0,501288,501288,8038
"Before scheduled trip start time",0,575,575,8038
"Before scheduled trip start time",0,7134,7134,8038
"Before scheduled trip start time",0,35716,35716,8038
"Before scheduled trip start time",0,102,102,8038
"Before scheduled trip start time",0,57519,57519,8038
"Before scheduled trip start time",0,52867,52867,8038
"Before scheduled trip start time",0,513,513,8038
"Before scheduled trip start time",0,8675,8675,8038
"Before scheduled trip start time",0,196,196,8038
"Before scheduled trip start time",0,76647,76647,8038
"Before scheduled trip start time",0,690,690,8038
"Before scheduled trip start time",0,33534,33534,8038
"Before scheduled trip start time",0,396,396,8038
"Before scheduled trip start time",0,452,452,8038
"Before scheduled trip start time",0,542,542,8038
"Before scheduled trip start time",0,378,378,8038
"Before scheduled trip start time",0,4739,4739,8038
"Before scheduled trip start time",0,478,478,8038
"Before scheduled trip start time",0,946,946,8038
"Before scheduled trip start time",0,366,366,8038
"Before scheduled trip start time",0,190,190,8038
"Before scheduled trip start time",0,26618,26618,8038
"Before scheduled trip start time",0,13298,13298,8038
"Before scheduled trip start time",0,670200,670200,8038
"Before scheduled trip start time",0,557,557,8038
"Before scheduled trip start time",0,5677,5677,8038
"Before scheduled trip start time",0,669340,669340,8038
"Before scheduled trip start time",0,160,160,8038
"Before scheduled trip start time",0,4817,4817,8038
"Before scheduled trip start time",0,33398,33398,8038
"Before scheduled trip start time",0,72767,72767,8038
"Before scheduled trip start time",0,87,87,8038
"Before scheduled trip start time",0,498608,498608,8038
"Before scheduled trip start time",0,505428,505428,8038
"Before scheduled trip start time",0,72847,72847,8038
"Before scheduled trip start time",0,667560,667560,8038
"Before scheduled trip start time",0,666060,666060,8038
"Before scheduled trip start time",0,43867,43867,8038
"Before scheduled trip start time",0,436,436,8038
"Before scheduled trip start time",0,144,144,8038
"Before scheduled trip start time",0,863,863,8038
"Before scheduled trip start time",0,985,985,8038
"Before scheduled trip start time",0,484,484,8038
"Before scheduled trip start time",0,29216,29216,8038
"Before scheduled trip start time",0,834,834,8038
"Before scheduled trip start time",0,16418,16418,8038
"Before scheduled trip start time",0,1360,1360,8038
"Before scheduled trip start time",0,687120,687120,8038
"Before scheduled trip start time",0,1011,1011,8038
"Before scheduled trip start time",0,3497,3497,8038
"Before scheduled trip start time",0,757,757,8038
"Before scheduled trip start time",0,52447,52447,8038
"Before scheduled trip start time",0,128,128,8038
"Before scheduled trip start time",0,286,286,8038
"Before scheduled trip start time",0,748,748,8038
"Before scheduled trip start time",0,592,592,8038
"Before scheduled trip start time",0,139,139,8038
"Before scheduled trip start time",0,9215,9215,8038
"Before scheduled trip start time",0,3435,3435,8038
"Before scheduled trip start time",0,66187,66187,8038
"Before scheduled trip start time",0,16574,16574,8038
"Before scheduled trip start time",0,425,425,8038
"Before scheduled trip start time",0,476,476,8038
"Before scheduled trip start time",0,654,654,8038
"Before scheduled trip start time",0,23578,23578,8038
"Before scheduled trip start time",0,159,159,8038
"Before scheduled trip start time",0,450,450,8038
"Before scheduled trip start time",0,41327,41327,8038
"Before scheduled trip start time",0,658100,658100,8038
"Before scheduled trip start time",0,41767,41767,8038
"Before scheduled trip start time",0,586,586,8038
"Before scheduled trip start time",0,122,122,8038
"Before scheduled trip start time",0,48907,48907,8038
"Before scheduled trip start time",0,74207,74207,8038
"Before scheduled trip start time",0,840,840,8038
"Before scheduled trip start time",0,33058,33058,8038
"Before scheduled trip start time",0,689600,689600,8038
"Before scheduled trip start time",0,20903,20903,8038
"Before scheduled trip start time",0,167,167,8038
"Before scheduled trip start time",0,75827,75827,8038
"Before scheduled trip start time",0,1931,1931,8038
"Before scheduled trip start time",0,324,324,8038
"Before scheduled trip start time",0,28034,28034,8038
"Before scheduled trip start time",0,395,395,8038
"Before scheduled trip start time",0,2979,2979,8038
"Before scheduled trip start time",0,553,553,8038
"Before scheduled trip start time",0,1332,1332,8038
"Before scheduled trip start time",0,504,504,8038
"Before scheduled trip start time",0,507768,507768,8038
"Before scheduled trip start time",0,64447,64447,8038
"Before scheduled trip start time",0,38107,38107,8038
"Before scheduled trip start time",0,639,639,8038
"Before scheduled trip start time",0,989,989,8038
"Before scheduled trip start time",0,104,104,8038
"Before scheduled trip start time",0,42379,42379,8038
"Before scheduled trip start time",0,19958,19958,8038
"Before scheduled trip start time",0,664780,664780,8038
"Before scheduled trip start time",0,498,498,8038
"Before scheduled trip start time",0,332,332,8038
"Before scheduled trip start time",0,11838,11838,8038
"Before scheduled trip start time",0,52299,52299,8038
"Before scheduled trip start time",0,63247,63247,8038
"Before scheduled trip start time",0,33816,33816,8038
"Before scheduled trip start time",0,35416,35416,8038
"Before scheduled trip start time",0,1637,1637,8038
"Before scheduled trip start time",0,23023,23023,8038
"Before scheduled trip start time",0,72539,72539,8038
"Before scheduled trip start time",0,2452,2452,8038
"Before scheduled trip start time",0,669540,669540,8038
"Before scheduled trip start time",0,9135,9135,8038
"Before scheduled trip start time",0,377,377,8038
"Before scheduled trip start time",0,444,444,8038
"Before scheduled trip start time",0,4692,4692,8038
"Before scheduled trip start time",0,500,500,8038
"Before scheduled trip start time",0,14954,14954,8038
"Before scheduled trip start time",0,212,212,8038
"Before scheduled trip start time",0,17034,17034,8038
"Before scheduled trip start time",0,70579,70579,8038
"Before scheduled trip start time",0,62579,62579,8038
"Before scheduled trip start time",0,8,8,8038
"Before scheduled trip start time",0,306,306,8038
"Before scheduled trip start time",0,37827,37827,8038
"Before scheduled trip start time",0,668920,668920,8038
"Before scheduled trip start time",0,367,367,8038
"Before scheduled trip start time",0,70147,70147,8038
"Before scheduled trip start time",0,657080,657080,8038
"Before scheduled trip start time",0,-14,-14,8038
"Before scheduled trip start time",0,677,677,8038
"Before scheduled trip start time",0,49179,49179,8038
"Before scheduled trip start time",0,737,737,8038
"Before scheduled trip start time",0,763,763,8038
"Before scheduled trip start time",0,353,353,8038
"Before scheduled trip start time",0,10838,10838,8038
"Before scheduled trip start time",0,131,131,8038
"Before scheduled trip start time",0,671580,671580,8038
"Before scheduled trip start time",0,31536,31536,8038
"Before scheduled trip start time",0,61907,61907,8038
"Before scheduled trip start time",0,11495,11495,8038
"Before scheduled trip start time",0,3959,3959,8038
"Before scheduled trip start time",0,580,580,8038
"Before scheduled trip start time",0,497868,497868,8038
"Before scheduled trip start time",0,27556,27556,8038
"Before scheduled trip start time",0,685840,685840,8038
"Before scheduled trip start time",0,117,117,8038
"Before scheduled trip start time",0,92,92,8038
"Before scheduled trip start time",0,38267,38267,8038
"Before scheduled trip start time",0,3074,3074,8038
"Before scheduled trip start time",0,12498,12498,8038
"Before scheduled trip start time",0,29196,29196,8038
"Before scheduled trip start time",0,29616,29616,8038
"Before scheduled trip start time",0,44247,44247,8038
"Before scheduled trip start time",0,658620,658620,8038
"Before scheduled trip start time",0,27,27,8038
"Before scheduled trip start time",0,37,37,8038
"Before scheduled trip start time",0,-15,-15,8038
"Before scheduled trip start time",0,375,375,8038
"Before scheduled trip start time",0,1170,1170,8038
"Before scheduled trip start time",0,118,118,8038
"Before scheduled trip start time",0,45707,45707,8038
"Before scheduled trip start time",0,430,430,8038
"Before scheduled trip start time",0,28718,28718,8038
"Before scheduled trip start time",0,20534,20534,8038
"Before scheduled trip start time",0,250,250,8038
"Before scheduled trip start time",0,515,515,8038
"Before scheduled trip start time",0,590,590,8038
"Before scheduled trip start time",0,6632,6632,8038
"Before scheduled trip start time",0,10058,10058,8038
"Before scheduled trip start time",0,533,533,8038
"Before scheduled trip start time",0,687040,687040,8038
"Before scheduled trip start time",0,338,338,8038
"Before scheduled trip start time",0,44899,44899,8038
"Before scheduled trip start time",0,583,583,8038
"Before scheduled trip start time",0,61987,61987,8038
"Before scheduled trip start time",0,69047,69047,8038
"Before scheduled trip start time",0,364,364,8038
"Before scheduled trip start time",0,7492,7492,8038
"Before scheduled trip start time",0,38796,38796,8038
"Before scheduled trip start time",0,687980,687980,8038
"Before scheduled trip start time",0,2271,2271,8038
"Before scheduled trip start time",0,72227,72227,8038
"Before scheduled trip start time",0,20283,20283,8038
"Before scheduled trip start time",0,30983,30983,8038
"Before scheduled trip start time",0,663,663,8038
"Before scheduled trip start time",0,37207,37207,8038
"Before scheduled trip start time",0,346,346,8038
"Before scheduled trip start time",0,51507,51507,8038
"Before scheduled trip start time",0,213,213,8038
"Before scheduled trip start time",0,218,218,8038
"Before scheduled trip start time",0,678500,678500,8038
"Before scheduled trip start time",0,17903,17903,8038
"Before scheduled trip start time",0,817,817,8038
"Before scheduled trip start time",0,20038,20038,8038
"Before scheduled trip start time",0,243,243,8038
"Before scheduled trip start time",0,3772,3772,8038
"Before scheduled trip start time",0,263,263,8038
"Before scheduled trip start time",0,8194,8194,8038
"Before scheduled trip start time",0,508088,508088,8038
"Before scheduled trip start time",0,45,45,8038
"Before scheduled trip start time",0,71687,71687,8038
"Before scheduled trip start time",0,1023,1023,8038
"Before scheduled trip start time",0,153,153,8038
"Before scheduled trip start time",0,308,308,8038
"Before scheduled trip start time",0,1957,1957,8038
"Before scheduled trip start time",0,578,578,8038
"Before scheduled trip start time",0,634,634,8038
"Before scheduled trip start time",0,15383,15383,8038
"Before scheduled trip start time",0,188,188,8038
"Before scheduled trip start time",0,540,540,8038
"Before scheduled trip start time",0,231,231,8038
"Before scheduled trip start time",0,33174,33174,8038
"Before scheduled trip start time",0,47439,47439,8038
"Before scheduled trip start time",0,225,225,8038
"Before scheduled trip start time",0,9872,9872,8038
"Before scheduled trip start time",0,277,277,8038
"Before scheduled trip start time",0,376,376,8038
"Before scheduled trip start time",0,49067,49067,8038
"Before scheduled trip start time",0,13838,13838,8038
"Before scheduled trip start time",0,186,186,8038
"Before scheduled trip start time",0,16394,16394,8038
"Before scheduled trip start time",0,7015,7015,8038
"Before scheduled trip start time",0,515288,515288,8038
"Before scheduled trip start time",0,64367,64367,8038
"Before scheduled trip start time",0,14378,14378,8038
"Before scheduled trip start time",0,5812,5812,8038
"Before scheduled trip start time",0,77039,77039,8038
"Before scheduled trip start time",0,217,217,8038
"Before scheduled trip start time",0,681340,681340,8038
"Before scheduled trip start time",0,206,206,8038
"Before scheduled trip start time",0,121,121,8038
"Before scheduled trip start time",0,906,906,8038
"Before scheduled trip start time",0,573,573,8038
"Before scheduled trip start time",0,2054,2054,8038
"Before scheduled trip start time",0,49287,49287,8038
"Before scheduled trip start time",0,41,41,8038
"Before scheduled trip start time",0,172,172,8038
"Before scheduled trip start time",0,0,0,8038
"Before scheduled trip start time",0,133,133,8038
"Before scheduled trip start time",0,2114,2114,8038
"Before scheduled trip start time",0,663840,663840,8038
"Before scheduled trip start time",0,53779,53779,8038
"Before scheduled trip start time",0,32956,32956,8038
"Before scheduled trip start time",0,97,97,8038
"Before scheduled trip start time",0,656300,656300,8038
"Before scheduled trip start time",0,110,110,8038
"Before scheduled trip start time",0,593,593,8038
"Before scheduled trip start time",0,74419,74419,8038
"Before scheduled trip start time",0,492,492,8038
"Before scheduled trip start time",0,351,351,8038
"Before scheduled trip start time",0,29194,29194,8038
"Before scheduled trip start time",0,668560,668560,8038
"Before scheduled trip start time",0,446,446,8038
"Before scheduled trip start time",0,1619,1619,8038
"Before scheduled trip start time",0,38896,38896,8038
"Before scheduled trip start time",0,283,283,8038
"Before scheduled trip start time",0,296,296,8038
"Before scheduled trip start time",0,276,276,8038
"Before scheduled trip start time",0,669060,669060,8038
"Before scheduled trip start time",0,28,28,8038
"Before scheduled trip start time",0,25314,25314,8038
"Before scheduled trip start time",0,54464,54464,8038
"Before scheduled trip start time",0,15,15,8038
"Before scheduled trip start time",0,662420,662420,8038
"Before scheduled trip start time",0,31958,31958,8038
"Before scheduled trip start time",0,878,878,8038
"Before scheduled trip start time",0,1135,1135,8038
"Before scheduled trip start time",0,914,914,8038
"Before scheduled trip start time",0,30683,30683,8038
"Before scheduled trip start time",0,71007,71007,8038
"Before scheduled trip start time",0,311,311,8038
"Before scheduled trip start time",0,660,660,8038
"Before scheduled trip start time",0,659880,659880,8038
"Before scheduled trip start time",0,72987,72987,8038
"Before scheduled trip start time",0,113,113,8038
"Before scheduled trip start time",0,26798,26798,8038
"Before scheduled trip start time",0,434,434,8038
"Before scheduled trip start time",0,455,455,8038
"Before scheduled trip start time",0,73987,73987,8038
"Before scheduled trip start time",0,1086,1086,8038
"Before scheduled trip start time",0,116,116,8038
"Before scheduled trip start time",0,20054,20054,8038
"Before scheduled trip start time",0,75667,75667,8038
"Before scheduled trip start time",0,4054,4054,8038
"Before scheduled trip start time",0,14438,14438,8038
"Before scheduled trip start time",0,410,410,8038
"Before scheduled trip start time",0,6532,6532,8038
"Before scheduled trip start time",0,614,614,8038
"Before scheduled trip start time",0,45339,45339,8038
"Before scheduled trip start time",0,34827,34827,8038
"Before scheduled trip start time",0,529,529,8038
"Before scheduled trip start time",0,313,313,8038
"Before scheduled trip start time",0,7074,7074,8038
"Before scheduled trip start time",0,681,681,8038
"Before scheduled trip start time",0,13,13,8038
"Before scheduled trip start time",0,46,46,8038
"Before scheduled trip start time",0,205,205,8038
"Before scheduled trip start time",0,443,443,8038
"Before scheduled trip start time",0,NA,NA,8038
"Before scheduled trip start time",0,52,52,8038
"Before scheduled trip start time",0,184,184,8038
"Before scheduled trip start time",0,223,223,8038
"Before scheduled trip start time",0,738,738,8038
"Before scheduled trip start time",0,4995,4995,8038
"Before scheduled trip start time",0,64667,64667,8038
"Before scheduled trip start time",0,16863,16863,8038
"Before scheduled trip start time",0,301,301,8038
"Before scheduled trip start time",0,5554,5554,8038
"Before scheduled trip start time",0,68,68,8038
"Before scheduled trip start time",0,57727,57727,8038
"Before scheduled trip start time",0,6597,6597,8038
"Before scheduled trip start time",0,46719,46719,8038
"Before scheduled trip start time",0,246,246,8038
"Before scheduled trip start time",0,675560,675560,8038
"Before scheduled trip start time",0,275,275,8038
"Before scheduled trip start time",0,673020,673020,8038
"Before scheduled trip start time",0,132,132,8038
"Before scheduled trip start time",0,683680,683680,8038
"Before scheduled trip start time",0,59319,59319,8038
"Before scheduled trip start time",0,686120,686120,8038
"Before scheduled trip start time",0,247,247,8038
"Before scheduled trip start time",0,26554,26554,8038
"Before scheduled trip start time",0,18314,18314,8038
"Before scheduled trip start time",0,44887,44887,8038
"Before scheduled trip start time",0,1401,1401,8038
"Before scheduled trip start time",0,6414,6414,8038
"Before scheduled trip start time",0,664460,664460,8038
"Before scheduled trip start time",0,501,501,8038
"Before scheduled trip start time",0,12478,12478,8038
"Before scheduled trip start time",0,38036,38036,8038
"Before scheduled trip start time",0,146,146,8038
"Before scheduled trip start time",0,408,408,8038
"Before scheduled trip start time",0,47799,47799,8038
"Before scheduled trip start time",0,752,752,8038
"Before scheduled trip start time",0,99,99,8038
"Before scheduled trip start time",0,57667,57667,8038
"Before scheduled trip start time",0,44787,44787,8038
"Before scheduled trip start time",0,472,472,8038
"Before scheduled trip start time",0,-2,-2,8038
"Before scheduled trip start time",0,45259,45259,8038
"Before scheduled trip start time",0,798,798,8038
"Before scheduled trip start time",0,1689,1689,8038
"Before scheduled trip start time",0,12918,12918,8038
"Before scheduled trip start time",0,30358,30358,8038
"Before scheduled trip start time",0,31963,31963,8038
"Before scheduled trip start time",0,538,538,8038
"Before scheduled trip start time",0,684780,684780,8038
"Before scheduled trip start time",0,193,193,8038
"Before scheduled trip start time",0,526,526,8038
"Before scheduled trip start time",0,394,394,8038
"Before scheduled trip start time",0,3737,3737,8038
"Before scheduled trip start time",0,65279,65279,8038
"Before scheduled trip start time",0,499888,499888,8038
"Before scheduled trip start time",0,2120,2120,8038
"Before scheduled trip start time",0,15818,15818,8038
"Before scheduled trip start time",0,40947,40947,8038
"Before scheduled trip start time",0,10375,10375,8038
"Before scheduled trip start time",0,8474,8474,8038
"Before scheduled trip start time",0,17958,17958,8038
"Before scheduled trip start time",0,506,506,8038
"Before scheduled trip start time",0,189,189,8038
"Before scheduled trip start time",0,7995,7995,8038
"Before scheduled trip start time",0,15414,15414,8038
"Before scheduled trip start time",0,62107,62107,8038
"Before scheduled trip start time",0,274,274,8038
"Before scheduled trip start time",0,55959,55959,8038
"Before scheduled trip start time",0,77,77,8038
"Before scheduled trip start time",0,488,488,8038
"Before scheduled trip start time",0,156,156,8038
"Before scheduled trip start time",0,392,392,8038
"Before scheduled trip start time",0,5312,5312,8038
"Before scheduled trip start time",0,469,469,8038
"Before scheduled trip start time",0,53767,53767,8038
"Before scheduled trip start time",0,564,564,8038
"Before scheduled trip start time",0,513648,513648,8038
"Before scheduled trip start time",0,1019,1019,8038
"Before scheduled trip start time",0,667080,667080,8038
"Before scheduled trip start time",0,431,431,8038
"Before scheduled trip start time",0,456,456,8038
"Before scheduled trip start time",0,24443,24443,8038
"Before scheduled trip start time",0,47527,47527,8038
"Before scheduled trip start time",0,12952,12952,8038
"Before scheduled trip start time",0,63907,63907,8038
"Before scheduled trip start time",0,588,588,8038
"Before scheduled trip start time",0,2757,2757,8038
"Before scheduled trip start time",0,12018,12018,8038
"Before scheduled trip start time",0,357,357,8038
"Before scheduled trip start time",0,28963,28963,8038
"Before scheduled trip start time",0,67087,67087,8038
"Before scheduled trip start time",0,499,499,8038
"Before scheduled trip start time",0,597,597,8038
"Before scheduled trip start time",0,1288,1288,8038
"Before scheduled trip start time",0,33294,33294,8038
"Before scheduled trip start time",0,12,12,8038
"Before scheduled trip start time",0,503008,503008,8038
"Before scheduled trip start time",0,342,342,8038
"Before scheduled trip start time",0,38476,38476,8038
"Before scheduled trip start time",0,17198,17198,8038
"Before scheduled trip start time",0,285,285,8038
"Before scheduled trip start time",0,496,496,8038
"Before scheduled trip start time",0,661700,661700,8038
"Before scheduled trip start time",0,70667,70667,8038
"Before scheduled trip start time",0,46247,46247,8038
"Before scheduled trip start time",0,339,339,8038
"Before scheduled trip start time",0,625,625,8038
"Before scheduled trip start time",0,406,406,8038
"Before scheduled trip start time",0,485,485,8038
"Before scheduled trip start time",0,677760,677760,8038
"Before scheduled trip start time",0,55827,55827,8038
"Before scheduled trip start time",0,30016,30016,8038
"Before scheduled trip start time",0,291,291,8038
"Before scheduled trip start time",0,76567,76567,8038
"Before scheduled trip start time",0,32634,32634,8038
"Before scheduled trip start time",0,1380,1380,8038
"Before scheduled trip start time",0,34407,34407,8038
"Before scheduled trip start time",0,305,305,8038
"Before scheduled trip start time",0,30414,30414,8038
"Before scheduled trip start time",0,513288,513288,8038
"Before scheduled trip start time",0,426,426,8038
"Before scheduled trip start time",0,483,483,8038
"Before scheduled trip start time",0,59379,59379,8038
"Before scheduled trip start time",0,95,95,8038
"Before scheduled trip start time",0,813,813,8038
"Before scheduled trip start time",0,3677,3677,8038
"Before scheduled trip start time",0,35,35,8038
"Before scheduled trip start time",0,30543,30543,8038
"Before scheduled trip start time",0,666920,666920,8038
"Before scheduled trip start time",0,1154,1154,8038
"Before scheduled trip start time",0,865,865,8038
"Before scheduled trip start time",0,84,84,8038
"Before scheduled trip start time",0,43859,43859,8038
"Before scheduled trip start time",0,54719,54719,8038
"Before scheduled trip start time",0,347,347,8038
"Before scheduled trip start time",0,47267,47267,8038
"Before scheduled trip start time",0,69287,69287,8038
"Before scheduled trip start time",0,531,531,8038
"Before scheduled trip start time",0,75619,75619,8038
"Before scheduled trip start time",0,933,933,8038
"Before scheduled trip start time",0,46947,46947,8038
"Before scheduled trip start time",0,459,459,8038
"Before scheduled trip start time",0,1079,1079,8038
"Before scheduled trip start time",0,1191,1191,8038
"Before scheduled trip start time",0,33796,33796,8038
"Before scheduled trip start time",0,239,239,8038
"Before scheduled trip start time",0,662240,662240,8038
"Before scheduled trip start time",0,74067,74067,8038
"Before scheduled trip start time",0,29734,29734,8038
"Before scheduled trip start time",0,1252,1252,8038
"Before scheduled trip start time",0,515988,515988,8038
"Before scheduled trip start time",0,88,88,8038
"Before scheduled trip start time",0,547,547,8038
"Before scheduled trip start time",0,423,423,8038
"Before scheduled trip start time",0,674080,674080,8038
"Before scheduled trip start time",0,675700,675700,8038
"Before scheduled trip start time",0,28558,28558,8038
"Before scheduled trip start time",0,1692,1692,8038
"Before scheduled trip start time",0,38916,38916,8038
"Before scheduled trip start time",0,32654,32654,8038
"Before scheduled trip start time",0,15854,15854,8038
"Before scheduled trip start time",0,281,281,8038
"Before scheduled trip start time",0,669700,669700,8038
"Before scheduled trip start time",0,767,767,8038
"Before scheduled trip start time",0,570,570,8038
"Before scheduled trip start time",0,2617,2617,8038
"Before scheduled trip start time",0,86,86,8038
"Before scheduled trip start time",0,18263,18263,8038
"Before scheduled trip start time",0,215,215,8038
"Before scheduled trip start time",0,470,470,8038
"Before scheduled trip start time",0,439,439,8038
"Before scheduled trip start time",0,665700,665700,8038
"Before scheduled trip start time",0,65519,65519,8038
"Before scheduled trip start time",0,4954,4954,8038
"Before scheduled trip start time",0,12378,12378,8038
"Before scheduled trip start time",0,18343,18343,8038
"Before scheduled trip start time",0,120,120,8038
"Before scheduled trip start time",0,1954,1954,8038
"Before scheduled trip start time",0,68999,68999,8038
"Before scheduled trip start time",0,675620,675620,8038
"Before scheduled trip start time",0,7517,7517,8038
"Before scheduled trip start time",0,262,262,8038
"Before scheduled trip start time",0,101,101,8038
"Before scheduled trip start time",0,37027,37027,8038
"Before scheduled trip start time",0,76,76,8038
"Before scheduled trip start time",0,36867,36867,8038
"Before scheduled trip start time",0,297,297,8038
"Before scheduled trip start time",0,40816,40816,8038
"Before scheduled trip start time",0,413,413,8038
"Before scheduled trip start time",0,5,5,8038
"Before scheduled trip start time",0,24,24,8038
"Before scheduled trip start time",0,67747,67747,8038
"Before scheduled trip start time",0,497888,497888,8038
"Before scheduled trip start time",0,25176,25176,8038
"Before scheduled trip start time",0,75,75,8038
"Before scheduled trip start time",0,29816,29816,8038
"Before scheduled trip start time",0,36067,36067,8038
"Before scheduled trip start time",0,7792,7792,8038
"Before scheduled trip start time",0,78,78,8038
"Before scheduled trip start time",0,753,753,8038
"Before scheduled trip start time",0,334,334,8038
"Before scheduled trip start time",0,1174,1174,8038
"Before scheduled trip start time",0,51,51,8038
"Before scheduled trip start time",0,508688,508688,8038
"Before scheduled trip start time",0,135,135,8038
"Before scheduled trip start time",0,465,465,8038
"Before scheduled trip start time",0,67167,67167,8038
"Before scheduled trip start time",0,1929,1929,8038
"Before scheduled trip start time",0,32323,32323,8038
"Before scheduled trip start time",0,50167,50167,8038
"Before scheduled trip start time",0,689760,689760,8038
"Before scheduled trip start time",0,385,385,8038
"Before scheduled trip start time",0,16263,16263,8038
"Before scheduled trip start time",0,47107,47107,8038
"Before scheduled trip start time",0,559,559,8038
"Before scheduled trip start time",0,30598,30598,8038
"Before scheduled trip start time",0,51539,51539,8038
"Before scheduled trip start time",0,25856,25856,8038
"Before scheduled trip start time",0,157,157,8038
"Before scheduled trip start time",0,507748,507748,8038
"Before scheduled trip start time",0,678800,678800,8038
"Before scheduled trip start time",0,70199,70199,8038
"Before scheduled trip start time",0,545,545,8038
"Before scheduled trip start time",0,25663,25663,8038
"Before scheduled trip start time",0,39807,39807,8038
"Before scheduled trip start time",0,30614,30614,8038
"Before scheduled trip start time",0,141,141,8038
"Before scheduled trip start time",0,58,58,8038
"Before scheduled trip start time",0,145,145,8038
"Before scheduled trip start time",0,29474,29474,8038
"Before scheduled trip start time",0,508,508,8038
"Before scheduled trip start time",0,1795,1795,8038
"Before scheduled trip start time",0,1470,1470,8038
"Before scheduled trip start time",0,974,974,8038
"Before scheduled trip start time",0,1045,1045,8038
"Before scheduled trip start time",0,62939,62939,8038
"Before scheduled trip start time",0,8454,8454,8038
"Before scheduled trip start time",0,39467,39467,8038
"Before scheduled trip start time",0,40736,40736,8038
"Before scheduled trip start time",0,27756,27756,8038
"Before scheduled trip start time",0,54227,54227,8038
"Before scheduled trip start time",0,288,288,8038
"Before scheduled trip start time",0,241,241,8038
"Before scheduled trip start time",0,29698,29698,8038
"Before scheduled trip start time",0,10995,10995,8038
"Before scheduled trip start time",0,11972,11972,8038
"Before scheduled trip start time",0,138,138,8038
"Before scheduled trip start time",0,510728,510728,8038
"Before scheduled trip start time",0,15774,15774,8038
"Before scheduled trip start time",0,79,79,8038
"Before scheduled trip start time",0,34376,34376,8038
"Before scheduled trip start time",0,1528,1528,8038
"Before scheduled trip start time",0,20163,20163,8038
"Before scheduled trip start time",0,68907,68907,8038
"Before scheduled trip start time",0,1717,1717,8038
"Before scheduled trip start time",0,64739,64739,8038
"Before scheduled trip start time",0,676900,676900,8038
"Before scheduled trip start time",0,236,236,8038
"Before scheduled trip start time",0,71607,71607,8038
"Before scheduled trip start time",0,1187,1187,8038
"Before scheduled trip start time",0,687340,687340,8038
"Before scheduled trip start time",0,512988,512988,8038
"Before scheduled trip start time",0,3532,3532,8038
"Before scheduled trip start time",0,773,773,8038
"Before scheduled trip start time",0,30383,30383,8038
"Before scheduled trip start time",0,454,454,8038
"Before scheduled trip start time",0,98,98,8038
"Before scheduled trip start time",0,667680,667680,8038
"Before scheduled trip start time",0,669940,669940,8038
"Before scheduled trip start time",0,33216,33216,8038
"Before scheduled trip start time",0,468,468,8038
"Before scheduled trip start time",0,675940,675940,8038
"Before scheduled trip start time",0,76899,76899,8038
"Before scheduled trip start time",0,18,18,8038
"Before scheduled trip start time",0,3299,3299,8038
"Before scheduled trip start time",0,440,440,8038
"Before scheduled trip start time",0,591,591,8038
"Before scheduled trip start time",0,498148,498148,8038
"Before scheduled trip start time",0,211,211,8038
"Before scheduled trip start time",0,74,74,8038
"Before scheduled trip start time",0,53347,53347,8038
"Before scheduled trip start time",0,158,158,8038
"Before scheduled trip start time",0,51407,51407,8038
"Before scheduled trip start time",0,495068,495068,8038
"Before scheduled trip start time",0,509,509,8038
"Before scheduled trip start time",0,185,185,8038
"Before scheduled trip start time",0,39076,39076,8038
"Before scheduled trip start time",0,507608,507608,8038
"Before scheduled trip start time",0,493968,493968,8038
"Before scheduled trip start time",0,505528,505528,8038
"Before scheduled trip start time",0,7674,7674,8038
"Before scheduled trip start time",0,527,527,8038
"Before scheduled trip start time",0,32463,32463,8038
"Before scheduled trip start time",0,679880,679880,8038
"Before scheduled trip start time",0,662060,662060,8038
"Before scheduled trip start time",0,689420,689420,8038
"Before scheduled trip start time",0,14372,14372,8038
"Before scheduled trip start time",0,1047,1047,8038
"Before scheduled trip start time",0,692,692,8038
"Before scheduled trip start time",0,851,851,8038
"Before scheduled trip start time",0,81,81,8038
"Before scheduled trip start time",0,684700,684700,8038
"Before scheduled trip start time",0,282,282,8038
"Before scheduled trip start time",0,7277,7277,8038
"Before scheduled trip start time",0,35667,35667,8038
"Before scheduled trip start time",0,31618,31618,8038
"Before scheduled trip start time",0,240,240,8038
"Before scheduled trip start time",0,319,319,8038
"Before scheduled trip start time",0,386,386,8038
"Before scheduled trip start time",0,503,503,8038
"Before scheduled trip start time",0,1244,1244,8038
"Before scheduled trip start time",0,12315,12315,8038
"Before scheduled trip start time",0,5194,5194,8038
"Before scheduled trip start time",0,7,7,8038
"Before scheduled trip start time",0,51439,51439,8038
"Before scheduled trip start time",0,510168,510168,8038
"Before scheduled trip start time",0,30456,30456,8038
"Before scheduled trip start time",0,467,467,8038
"Before scheduled trip start time",0,8057,8057,8038
"Before scheduled trip start time",0,549,549,8038
"Before scheduled trip start time",0,123,123,8038
"Before scheduled trip start time",0,37467,37467,8038
"Before scheduled trip start time",0,684180,684180,8038
"Before scheduled trip start time",0,289,289,8038
"Before scheduled trip start time",0,514408,514408,8038
"Before scheduled trip start time",0,48,48,8038
"Before scheduled trip start time",0,420,420,8038
"Before scheduled trip start time",0,26023,26023,8038
"Before scheduled trip start time",0,194,194,8038
"Before scheduled trip start time",0,21918,21918,8038
"Before scheduled trip start time",0,228,228,8038
"Before scheduled trip start time",0,19498,19498,8038
"Before scheduled trip start time",0,668380,668380,8038
"Before scheduled trip start time",0,76807,76807,8038
"Before scheduled trip start time",0,1979,1979,8038
"Before scheduled trip start time",0,3,3,8038
"Before scheduled trip start time",0,13134,13134,8038
"Before scheduled trip start time",0,2491,2491,8038
"Before scheduled trip start time",0,1857,1857,8038
"Before scheduled trip start time",0,1419,1419,8038
"Before scheduled trip start time",0,50,50,8038
"Before scheduled trip start time",0,1907,1907,8038
"Before scheduled trip start time",0,257,257,8038
"Before scheduled trip start time",0,151,151,8038
"Before scheduled trip start time",0,32416,32416,8038
"Before scheduled trip start time",0,32936,32936,8038
"Before scheduled trip start time",0,29554,29554,8038
"Before scheduled trip start time",0,13638,13638,8038
"Before scheduled trip start time",0,599,599,8038
"Before scheduled trip start time",0,20443,20443,8038
"Before scheduled trip start time",0,585,585,8038
"Before scheduled trip start time",0,33674,33674,8038
"Before scheduled trip start time",0,481,481,8038
"Before scheduled trip start time",0,56719,56719,8038
"Before scheduled trip start time",0,495608,495608,8038
"Before scheduled trip start time",0,41716,41716,8038
"Before scheduled trip start time",0,407,407,8038
"Before scheduled trip start time",0,79119,79119,8038
"Before scheduled trip start time",0,13274,13274,8038
"Before scheduled trip start time",0,36216,36216,8038
"Before scheduled trip start time",0,22,22,8038
"Before scheduled trip start time",0,417,417,8038
"Before scheduled trip start time",0,658340,658340,8038
"Before scheduled trip start time",0,664440,664440,8038
"Before scheduled trip start time",0,5897,5897,8038
"Before scheduled trip start time",0,62967,62967,8038
"Before scheduled trip start time",0,39747,39747,8038
"Before scheduled trip start time",0,28676,28676,8038
"Before scheduled trip start time",0,27254,27254,8038
"Before scheduled trip start time",0,765,765,8038
"Before scheduled trip start time",0,148,148,8038
"Before scheduled trip start time",0,261,261,8038
"Before scheduled trip start time",0,224,224,8038
"Before scheduled trip start time",0,50719,50719,8038
"Before scheduled trip start time",0,371,371,8038
"Before scheduled trip start time",0,389,389,8038
"Before scheduled trip start time",0,429,429,8038
"Before scheduled trip start time",0,344,344,8038
"Before scheduled trip start time",0,30238,30238,8038
"Before scheduled trip start time",0,1054,1054,8038
"Before scheduled trip start time",0,680340,680340,8038
"Before scheduled trip start time",0,37747,37747,8038
"Before scheduled trip start time",0,369,369,8038
"Before scheduled trip start time",0,507,507,8038
"Before scheduled trip start time",0,466,466,8038
"Before scheduled trip start time",0,14,14,8038
"Before scheduled trip start time",0,32856,32856,8038
"Before scheduled trip start time",0,203,203,8038
"Before scheduled trip start time",0,422,422,8038
"Before scheduled trip start time",0,54999,54999,8038
"Before scheduled trip start time",0,489,489,8038
"Before scheduled trip start time",0,41967,41967,8038
"Before scheduled trip start time",0,43027,43027,8038
"Before scheduled trip start time",0,12215,12215,8038
"Before scheduled trip start time",0,37256,37256,8038
"Before scheduled trip start time",0,515008,515008,8038
"Before scheduled trip start time",0,292,292,8038
"Before scheduled trip start time",0,316,316,8038
"Before scheduled trip start time",0,616,616,8038
"Before scheduled trip start time",0,355,355,8038
"Before scheduled trip start time",0,775,775,8038
"Before scheduled trip start time",0,609,609,8038
"Before scheduled trip start time",0,49987,49987,8038
"Before scheduled trip start time",0,373,373,8038
"Before scheduled trip start time",0,519,519,8038
"Before scheduled trip start time",0,511688,511688,8038
"Before scheduled trip start time",0,672160,672160,8038
"Before scheduled trip start time",0,57047,57047,8038
"Before scheduled trip start time",0,49,49,8038
"Before scheduled trip start time",0,26783,26783,8038
"Before scheduled trip start time",0,37656,37656,8038
"Before scheduled trip start time",0,207,207,8038
"Before scheduled trip start time",0,165,165,8038
"Before scheduled trip start time",0,688620,688620,8038
"Before scheduled trip start time",0,78519,78519,8038
"Before scheduled trip start time",0,66339,66339,8038
"Before scheduled trip start time",0,662920,662920,8038
"Before scheduled trip start time",0,242,242,8038
"Before scheduled trip start time",0,27634,27634,8038
"Before scheduled trip start time",0,35867,35867,8038
"Before scheduled trip start time",0,72039,72039,8038
"Before scheduled trip start time",0,56767,56767,8038
"Before scheduled trip start time",0,322,322,8038
"Before scheduled trip start time",0,30063,30063,8038
"Before scheduled trip start time",0,504488,504488,8038
"Before scheduled trip start time",0,675420,675420,8038
"Before scheduled trip start time",0,71707,71707,8038
"Before scheduled trip start time",0,667360,667360,8038
"Before scheduled trip start time",0,995,995,8038
"Before scheduled trip start time",0,2214,2214,8038
"Before scheduled trip start time",0,679720,679720,8038
"Before scheduled trip start time",0,52747,52747,8038
"Before scheduled trip start time",0,100,100,8038
"Before scheduled trip start time",0,16078,16078,8038
"Before scheduled trip start time",0,7712,7712,8038
"Before scheduled trip start time",0,44819,44819,8038
"Before scheduled trip start time",0,22434,22434,8038
"Before scheduled trip start time",0,46847,46847,8038
"Before scheduled trip start time",0,663620,663620,8038
"Before scheduled trip start time",0,27678,27678,8038
"Before scheduled trip start time",0,686580,686580,8038
"Before scheduled trip start time",0,1374,1374,8038
"Before scheduled trip start time",0,400,400,8038
"Before scheduled trip start time",0,2,2,8038
"Before scheduled trip start time",0,402,402,8038
"Before scheduled trip start time",0,39387,39387,8038
"Before scheduled trip start time",0,210,210,8038
"Before scheduled trip start time",0,554,554,8038
"Before scheduled trip start time",0,31934,31934,8038
"Before scheduled trip start time",0,6994,6994,8038
"Before scheduled trip start time",0,52579,52579,8038
"Before scheduled trip start time",0,685920,685920,8038
"Before scheduled trip start time",0,166,166,8038
"Before scheduled trip start time",0,496048,496048,8038
"Before scheduled trip start time",0,16,16,8038
"Before scheduled trip start time",0,69,69,8038
"Before scheduled trip start time",0,70119,70119,8038
"Before scheduled trip start time",0,764,764,8038
"Before scheduled trip start time",0,30043,30043,8038
"Before scheduled trip start time",0,659540,659540,8038
"Before scheduled trip start time",0,384,384,8038
"Before scheduled trip start time",0,45887,45887,8038
"Before scheduled trip start time",0,46867,46867,8038
"Before scheduled trip start time",0,734,734,8038
"Before scheduled trip start time",0,511,511,8038
"Before scheduled trip start time",0,70747,70747,8038
"Before scheduled trip start time",0,668980,668980,8038
"Before scheduled trip start time",0,9994,9994,8038
"Before scheduled trip start time",0,37176,37176,8038
"Before scheduled trip start time",0,234,234,8038
"Before scheduled trip start time",0,192,192,8038
"Before scheduled trip start time",0,623,623,8038
"Before scheduled trip start time",0,337,337,8038
"Before scheduled trip start time",0,551,551,8038
"Before scheduled trip start time",0,71787,71787,8038
"Before scheduled trip start time",0,457,457,8038
"Before scheduled trip start time",0,27714,27714,8038
"Before scheduled trip start time",0,669440,669440,8038
"Before scheduled trip start time",0,521,521,8038
"Before scheduled trip start time",0,46407,46407,8038
"Before scheduled trip start time",0,368,368,8038
"Before scheduled trip start time",0,473,473,8038
"Before scheduled trip start time",0,72088,72088,8038
"Before scheduled trip start time",0,294,294,8038
"Before scheduled trip start time",0,80479,80479,8038
"Before scheduled trip start time",0,534,534,8038
"Before scheduled trip start time",0,6594,6594,8038
"Before scheduled trip start time",0,68699,68699,8038
"Before scheduled trip start time",0,59459,59459,8038
"Before scheduled trip start time",0,17,17,8038
"Before scheduled trip start time",0,411,411,8038
"Before scheduled trip start time",0,1434,1434,8038
"Before scheduled trip start time",0,462,462,8038
"Before scheduled trip start time",0,72687,72687,8038
"Before scheduled trip start time",0,517,517,8038
"Before scheduled trip start time",0,1494,1494,8038
"Before scheduled trip start time",0,327,327,8038
"Before scheduled trip start time",0,508908,508908,8038
"Before scheduled trip start time",0,871,871,8038
"Before scheduled trip start time",0,68567,68567,8038
"Before scheduled trip start time",0,136,136,8038
"Before scheduled trip start time",0,669780,669780,8038
"Before scheduled trip start time",0,453,453,8038
"Before scheduled trip start time",0,5055,5055,8038
"Before scheduled trip start time",0,2392,2392,8038
"Before scheduled trip start time",0,26258,26258,8038
"Before scheduled trip start time",0,300,300,8038
"Before scheduled trip start time",0,42107,42107,8038
"Before scheduled trip start time",0,438,438,8038
"Before scheduled trip start time",0,25,25,8038
"Before scheduled trip start time",0,13458,13458,8038
"Before scheduled trip start time",0,329,329,8038
"Before scheduled trip start time",0,30738,30738,8038
"Before scheduled trip start time",0,336,336,8038
"Before scheduled trip start time",0,13672,13672,8038
"Before scheduled trip start time",0,790,790,8038
"Before scheduled trip start time",0,51899,51899,8038
"Before scheduled trip start time",0,17823,17823,8038
"Before scheduled trip start time",0,-8,-8,8038
"Before scheduled trip start time",0,323,323,8038
"Before scheduled trip start time",0,219,219,8038
"Before scheduled trip start time",0,127,127,8038
"Before scheduled trip start time",0,677540,677540,8038
"Before scheduled trip start time",0,505708,505708,8038
"Before scheduled trip start time",0,287,287,8038
"Before scheduled trip start time",0,76247,76247,8038
"Before scheduled trip start time",0,678,678,8038
"Before scheduled trip start time",0,67059,67059,8038
"Before scheduled trip start time",0,39,39,8038
"Before scheduled trip start time",0,163,163,8038
"Before scheduled trip start time",0,648,648,8038
"Before scheduled trip start time",0,91,91,8038
"Before scheduled trip start time",0,29289,29289,8038
"Before scheduled trip start time",0,1147,1147,8038
"Before scheduled trip start time",0,93,93,8038
"Before scheduled trip start time",0,115,115,8038
"Before scheduled trip start time",0,73919,73919,8038
"Before scheduled trip start time",0,50927,50927,8038
"Before scheduled trip start time",0,72,72,8038
"Before scheduled trip start time",0,177,177,8038
"Before scheduled trip start time",0,209,209,8038
"Before scheduled trip start time",0,3452,3452,8038
"Before scheduled trip start time",0,326,326,8038
"Before scheduled trip start time",0,24778,24778,8038
"Before scheduled trip start time",0,40636,40636,8038
"Before scheduled trip start time",0,2875,2875,8038
"Before scheduled trip start time",0,28576,28576,8038
"Before scheduled trip start time",0,32296,32296,8038
"Before scheduled trip start time",0,32536,32536,8038
"Before scheduled trip start time",0,74307,74307,8038
"Before scheduled trip start time",0,333,333,8038
"Before scheduled trip start time",0,674,674,8038
"Before scheduled trip start time",0,11792,11792,8038
"Before scheduled trip start time",0,662680,662680,8038
"Before scheduled trip start time",0,494568,494568,8038
"Before scheduled trip start time",0,37676,37676,8038
"Before scheduled trip start time",0,23718,23718,8038
"Before scheduled trip start time",0,142,142,8038
"Before scheduled trip start time",0,46767,46767,8038
"Before scheduled trip start time",0,41787,41787,8038
"Before scheduled trip start time",0,4654,4654,8038
"Before scheduled trip start time",0,8075,8075,8038
"Before scheduled trip start time",0,25516,25516,8038
"Before scheduled trip start time",0,314,314,8038
"Before scheduled trip start time",0,555,555,8038
"Before scheduled trip start time",0,23363,23363,8038
"Before scheduled trip start time",0,63,63,8038
"Before scheduled trip start time",0,20134,20134,8038
"Before scheduled trip start time",0,16774,16774,8038
"Before scheduled trip start time",0,442,442,8038
"Before scheduled trip start time",0,53967,53967,8038
"Before scheduled trip start time",0,36307,36307,8038
"Before scheduled trip start time",0,13192,13192,8038
"Before scheduled trip start time",0,70,70,8038
"Before scheduled trip start time",0,181,181,8038
"Before scheduled trip start time",0,64299,64299,8038
"Before scheduled trip start time",0,399,399,8038
"Before scheduled trip start time",0,680160,680160,8038
"Before scheduled trip start time",0,82,82,8038
"Before scheduled trip start time",0,905,905,8038
"Before scheduled trip start time",0,20803,20803,8038
"Before scheduled trip start time",0,53027,53027,8038
"Before scheduled trip start time",0,47767,47767,8038
"Before scheduled trip start time",0,670980,670980,8038
"Before scheduled trip start time",0,21058,21058,8038
"Before scheduled trip start time",0,-13,-13,8038
"Before scheduled trip start time",0,130,130,8038
"Before scheduled trip start time",0,441,441,8038
"Before scheduled trip start time",0,15314,15314,8038
"Before scheduled trip start time",0,632,632,8038
"Before scheduled trip start time",0,39127,39127,8038
"Before scheduled trip start time",0,66927,66927,8038
"Before scheduled trip start time",0,503728,503728,8038
"Before scheduled trip start time",0,514,514,8038
"Before scheduled trip start time",0,503368,503368,8038
"Before scheduled trip start time",0,536,536,8038
"Before scheduled trip start time",0,356,356,8038
"Before scheduled trip start time",0,703,703,8038
"Before scheduled trip start time",0,65819,65819,8038
"Before scheduled trip start time",0,361,361,8038
"Before scheduled trip start time",0,56347,56347,8038
"Before scheduled trip start time",0,745,745,8038
"Before scheduled trip start time",0,359,359,8038
"Before scheduled trip start time",0,41756,41756,8038
"Before scheduled trip start time",0,29329,29329,8038
"Before scheduled trip start time",0,506668,506668,8038
"Before scheduled trip start time",0,119,119,8038
"Before scheduled trip start time",0,16494,16494,8038
"Before scheduled trip start time",0,638,638,8038
"Before scheduled trip start time",0,318,318,8038
"Before scheduled trip start time",0,8134,8134,8038
"Before scheduled trip start time",0,47899,47899,8038
"Before scheduled trip start time",0,22598,22598,8038
"Before scheduled trip start time",0,168,168,8038
"Before scheduled trip start time",0,42627,42627,8038
"Before scheduled trip start time",0,669520,669520,8038
"Before scheduled trip start time",0,6,6,8038
"Before scheduled trip start time",0,302,302,8038
"Before scheduled trip start time",0,5057,5057,8038
"Before scheduled trip start time",0,3014,3014,8038
"Before scheduled trip start time",0,31016,31016,8038
"Before scheduled trip start time",0,358,358,8038
"Before scheduled trip start time",0,20878,20878,8038
"Before scheduled trip start time",0,258,258,8038
"Before scheduled trip start time",0,428,428,8038
"Before scheduled trip start time",0,362,362,8038
"Before scheduled trip start time",0,24378,24378,8038
"Before scheduled trip start time",0,449,449,8038
"Before scheduled trip start time",0,686900,686900,8038
"Before scheduled trip start time",0,17618,17618,8038
"Before scheduled trip start time",0,17854,17854,8038
"Before scheduled trip start time",0,1185,1185,8038
"Before scheduled trip start time",0,199,199,8038
"Before scheduled trip start time",0,31794,31794,8038
"Before scheduled trip start time",0,1472,1472,8038
"Before scheduled trip start time",0,34,34,8038
"Before scheduled trip start time",0,31356,31356,8038
"Before scheduled trip start time",0,354,354,8038
"Before scheduled trip start time",0,678580,678580,8038
"Before scheduled trip start time",0,-9,-9,8038
"Before scheduled trip start time",0,16854,16854,8038
"Before scheduled trip start time",0,19354,19354,8038
"Before scheduled trip start time",0,539,539,8038
"Before scheduled trip start time",0,1177,1177,8038
"Before scheduled trip start time",0,494,494,8038
"Before scheduled trip start time",0,12994,12994,8038
"Before scheduled trip start time",0,31456,31456,8038
"Before scheduled trip start time",0,673,673,8038
"Before scheduled trip start time",0,30523,30523,8038
"Before scheduled trip start time",0,829,829,8038
"Before scheduled trip start time",0,463,463,8038
"Before scheduled trip start time",0,80619,80619,8038
"Before scheduled trip start time",0,66,66,8038
"Before scheduled trip start time",0,19658,19658,8038
"Before scheduled trip start time",0,403,403,8038
"Before scheduled trip start time",0,501068,501068,8038
"Before scheduled trip start time",0,2834,2834,8038
"Before scheduled trip start time",0,55,55,8038
"Before scheduled trip start time",0,56587,56587,8038
"Before scheduled trip start time",0,33056,33056,8038
"Before scheduled trip start time",0,45907,45907,8038
"Before scheduled trip start time",0,66667,66667,8038
"Before scheduled trip start time",0,524,524,8038
"Before scheduled trip start time",0,497,497,8038
"Before scheduled trip start time",0,515448,515448,8038
"Before scheduled trip start time",0,5977,5977,8038
"Before scheduled trip start time",0,20,20,8038
"Before scheduled trip start time",0,66747,66747,8038
"Before scheduled trip start time",0,658780,658780,8038
"Before scheduled trip start time",0,270,270,8038
"Before scheduled trip start time",0,552,552,8038
"Before scheduled trip start time",0,6154,6154,8038
"Before scheduled trip start time",0,32616,32616,8038
"Before scheduled trip start time",0,657,657,8038
"Before scheduled trip start time",0,460,460,8038
"Before scheduled trip start time",0,669080,669080,8038
"Before scheduled trip start time",0,523,523,8038
"Before scheduled trip start time",0,58959,58959,8038
"Before scheduled trip start time",0,661320,661320,8038
"Before scheduled trip start time",0,1020,1020,8038
"Before scheduled trip start time",0,69459,69459,8038
"Before scheduled trip start time",0,63887,63887,8038
"Before scheduled trip start time",0,204,204,8038
"Before scheduled trip start time",0,2799,2799,8038
"Before scheduled trip start time",0,2249,2249,8038
"Before scheduled trip start time",0,374,374,8038
"Before scheduled trip start time",0,1767,1767,8038
"Before scheduled trip start time",0,238,238,8038
"Before scheduled trip start time",0,125,125,8038
"Before scheduled trip start time",0,683060,683060,8038
"Before scheduled trip start time",0,220,220,8038
"Before scheduled trip start time",0,546,546,8038
"Before scheduled trip start time",0,567,567,8038
"Before scheduled trip start time",0,52659,52659,8038
"Before scheduled trip start time",0,60067,60067,8038
"Before scheduled trip start time",0,290,290,8038
"Before scheduled trip start time",0,717,717,8038
"Before scheduled trip start time",0,716,716,8038
"Before scheduled trip start time",0,30838,30838,8038
"Before scheduled trip start time",0,693,693,8038
"Before scheduled trip start time",0,57207,57207,8038
"Before scheduled trip start time",0,630,630,8038
"Before scheduled trip start time",0,345,345,8038
"Before scheduled trip start time",0,33178,33178,8038
"Before scheduled trip start time",0,568,568,8038
"Before scheduled trip start time",0,686960,686960,8038
"Before scheduled trip start time",0,671960,671960,8038
"Before scheduled trip start time",0,676580,676580,8038
"Before scheduled trip start time",0,30096,30096,8038
"Before scheduled trip start time",0,197,197,8038
"Before scheduled trip start time",0,1544,1544,8038
"Before scheduled trip start time",0,221,221,8038
"Before scheduled trip start time",0,22183,22183,8038
"Before scheduled trip start time",0,503288,503288,8038
"Before scheduled trip start time",0,49667,49667,8038
"Before scheduled trip start time",0,687,687,8038
"Before scheduled trip start time",0,594,594,8038
"Before scheduled trip start time",0,1739,1739,8038
"Before scheduled trip start time",0,582,582,8038
"Before scheduled trip start time",0,15174,15174,8038
"Before scheduled trip start time",0,278,278,8038
"Before scheduled trip start time",0,39567,39567,8038
"Before scheduled trip start time",0,4717,4717,8038
"Before scheduled trip start time",0,61979,61979,8038
"Before scheduled trip start time",0,73627,73627,8038
"Before scheduled trip start time",0,15298,15298,8038
"Before scheduled trip start time",0,668880,668880,8038
"Before scheduled trip start time",0,78459,78459,8038
"Before scheduled trip start time",0,9977,9977,8038
"Before scheduled trip start time",0,660940,660940,8038
"Before scheduled trip start time",0,424,424,8038
"Before scheduled trip start time",0,30634,30634,8038
"Before scheduled trip start time",0,1754,1754,8038
"Before scheduled trip start time",0,50347,50347,8038
"Before scheduled trip start time",0,660320,660320,8038
"Before scheduled trip start time",0,251,251,8038
"Before scheduled trip start time",0,45007,45007,8038
"Before scheduled trip start time",0,52887,52887,8038
"Before scheduled trip start time",0,18234,18234,8038
"Before scheduled trip start time",0,363,363,8038
"Before scheduled trip start time",0,53907,53907,8038
"Before scheduled trip start time",0,54819,54819,8038
"Before scheduled trip start time",0,22098,22098,8038
"Before scheduled trip start time",0,69547,69547,8038
"Before scheduled trip start time",0,520,520,8038
"Before scheduled trip start time",0,579,579,8038
"Before scheduled trip start time",0,919,919,8038
"Before scheduled trip start time",0,497988,497988,8038
"Before scheduled trip start time",0,67,67,8038
"Before scheduled trip start time",0,33,33,8038
"Before scheduled trip start time",0,26696,26696,8038
"Before scheduled trip start time",0,28156,28156,8038
"Before scheduled trip start time",0,61007,61007,8038
"Before scheduled trip start time",0,691,691,8038
"Before scheduled trip start time",0,7155,7155,8038
"Before scheduled trip start time",0,19723,19723,8038
"Before scheduled trip start time",0,155,155,8038
"Before scheduled trip start time",0,40136,40136,8038
"Before scheduled trip start time",0,803,803,8038
"Before scheduled trip start time",0,458,458,8038
"Before scheduled trip start time",0,63167,63167,8038
"Before scheduled trip start time",0,32,32,8038
"Before scheduled trip start time",0,200,200,8038
"Before scheduled trip start time",0,36107,36107,8038
"Before scheduled trip start time",0,10338,10338,8038
"Before scheduled trip start time",0,636,636,8038
"Before scheduled trip start time",0,249,249,8038
"Before scheduled trip start time",0,32638,32638,8038
"Before scheduled trip start time",0,2434,2434,8038
"Before scheduled trip start time",0,4094,4094,8038
"Before scheduled trip start time",0,1607,1607,8038
"Before scheduled trip start time",0,23,23,8038
"Before scheduled trip start time",0,1991,1991,8038
"Before scheduled trip start time",0,187,187,8038
"Before scheduled trip start time",0,30656,30656,8038
"Before scheduled trip start time",0,331,331,8038
"Before scheduled trip start time",0,11214,11214,8038
"Before scheduled trip start time",0,35216,35216,8038
"Before scheduled trip start time",0,8214,8214,8038
"Before scheduled trip start time",0,31960,31960,8038
"Before scheduled trip start time",0,25216,25216,8038
"Before scheduled trip start time",0,73299,73299,8038
"Before scheduled trip start time",0,46519,46519,8038
"Before scheduled trip start time",0,12578,12578,8038
"Before scheduled trip start time",0,491,491,8038
"Before scheduled trip start time",0,161,161,8038
"Before scheduled trip start time",0,63447,63447,8038
"Before scheduled trip start time",0,43387,43387,8038
"Before scheduled trip start time",0,901,901,8038
"Before scheduled trip start time",0,46307,46307,8038
"Before scheduled trip start time",0,325,325,8038
"Before scheduled trip start time",0,664640,664640,8038
"Before scheduled trip start time",0,508248,508248,8038
"Before scheduled trip start time",0,672760,672760,8038
"Before scheduled trip start time",0,41116,41116,8038
"Before scheduled trip start time",0,62279,62279,8038
"Before scheduled trip start time",0,370,370,8038
"Before scheduled trip start time",0,1987,1987,8038
"Before scheduled trip start time",0,1880,1880,8038
"Before scheduled trip start time",0,107,107,8038
"Before scheduled trip start time",0,65947,65947,8038
"Before scheduled trip start time",0,27478,27478,8038
"Before scheduled trip start time",0,3119,3119,8038
"Before scheduled trip start time",0,541,541,8038
"Before scheduled trip start time",0,54319,54319,8038
"Before scheduled trip start time",0,208,208,8038
"Before scheduled trip start time",0,19198,19198,8038
"Before scheduled trip start time",0,398,398,8038
"Before scheduled trip start time",0,3597,3597,8038
"Before scheduled trip start time",0,10738,10738,8038
"Before scheduled trip start time",0,23583,23583,8038
"Before scheduled trip start time",0,1447,1447,8038
"Before scheduled trip start time",0,1293,1293,8038
"Before scheduled trip start time",0,508388,508388,8038
"Before scheduled trip start time",0,59,59,8038
"Before scheduled trip start time",0,54467,54467,8038
"Before scheduled trip start time",0,660420,660420,8038
"Before scheduled trip start time",0,10492,10492,8038
"Before scheduled trip start time",0,266,266,8038
"Before scheduled trip start time",0,54867,54867,8038
"Before scheduled trip start time",0,22894,22894,8038
"Before scheduled trip start time",0,731,731,8038
"Before scheduled trip start time",0,57487,57487,8038
"Before scheduled trip start time",0,248,248,8038
"Before scheduled trip start time",0,16378,16378,8038
"Before scheduled trip start time",0,68987,68987,8038
"Before scheduled trip start time",0,254,254,8038
"Before scheduled trip start time",0,498508,498508,8038
"Before scheduled trip start time",0,508228,508228,8038
"Before scheduled trip start time",0,383,383,8038
"Before scheduled trip start time",0,30154,30154,8038
"Before scheduled trip start time",0,435,435,8038
"Before scheduled trip start time",0,550,550,8038
"Before scheduled trip start time",0,24543,24543,8038
"Before scheduled trip start time",0,27916,27916,8038
"Before scheduled trip start time",0,1226,1226,8038
"Before scheduled trip start time",0,569,569,8038
"Before scheduled trip start time",0,48827,48827,8038
"Before scheduled trip start time",0,50087,50087,8038
"Before scheduled trip start time",0,679440,679440,8038
"Before scheduled trip start time",0,30,30,8038
"Before scheduled trip start time",0,29,29,8038
"Before scheduled trip start time",0,16234,16234,8038
"Before scheduled trip start time",0,44987,44987,8038
"Before scheduled trip start time",0,317,317,8038
"Before scheduled trip start time",0,28858,28858,8038
"Before scheduled trip start time",0,2219,2219,8038
"Before scheduled trip start time",0,448,448,8038
"Before scheduled trip start time",0,433,433,8038
"Before scheduled trip start time",0,671740,671740,8038
"Before scheduled trip start time",0,154,154,8038
"Before scheduled trip start time",0,372,372,8038
"Before scheduled trip start time",0,3997,3997,8038
"Before scheduled trip start time",0,8677,8677,8038
"Before scheduled trip start time",0,635,635,8038
"Before scheduled trip start time",0,38296,38296,8038
"Before scheduled trip start time",0,56899,56899,8038
"Before scheduled trip start time",0,686560,686560,8038
"Before scheduled trip start time",0,30636,30636,8038
"Before scheduled trip start time",0,103,103,8038
"Before scheduled trip start time",0,295,295,8038
"Before scheduled trip start time",0,19314,19314,8038
"Before scheduled trip start time",0,25303,25303,8038
"Before scheduled trip start time",0,1391,1391,8038
"Before scheduled trip start time",0,105,105,8038
"Before scheduled trip start time",0,321,321,8038
"Before scheduled trip start time",0,26514,26514,8038
"Before scheduled trip start time",0,2194,2194,8038
"Before scheduled trip start time",0,14098,14098,8038
"Before scheduled trip start time",0,76987,76987,8038
"Before scheduled trip start time",0,675340,675340,8038
"Before scheduled trip start time",0,662480,662480,8038
"Before scheduled trip start time",0,44687,44687,8038
"Before scheduled trip start time",0,46207,46207,8038
"Before scheduled trip start time",0,244,244,8038
"Before scheduled trip start time",0,837,837,8038
"Before scheduled trip start time",0,77179,77179,8038
"Before scheduled trip start time",0,134,134,8038
"Before scheduled trip start time",0,4334,4334,8038
"Before scheduled trip start time",0,26776,26776,8038
"Before scheduled trip start time",0,52667,52667,8038
"Before scheduled trip start time",0,17118,17118,8038
"Before scheduled trip start time",0,-10,-10,8038
"Before scheduled trip start time",0,24698,24698,8038
"Before scheduled trip start time",0,510,510,8038
"Before scheduled trip start time",0,365,365,8038
"Before scheduled trip start time",0,23723,23723,8038
"Before scheduled trip start time",0,675120,675120,8038
"Before scheduled trip start time",0,45087,45087,8038
"Before scheduled trip start time",0,598,598,8038
"Before scheduled trip start time",0,19523,19523,8038
"Before scheduled trip start time",0,53,53,8038
"Before scheduled trip start time",0,55087,55087,8038
"Before scheduled trip start time",0,271,271,8038
"Before scheduled trip start time",0,31494,31494,8038
"Before scheduled trip start time",0,62027,62027,8038
"Before scheduled trip start time",0,44407,44407,8038
"Before scheduled trip start time",0,390,390,8038
"Before scheduled trip start time",0,4,4,8038
"Before scheduled trip start time",0,57039,57039,8038
"Before scheduled trip start time",0,26096,26096,8038
"Before scheduled trip start time",0,114,114,8038
"Before scheduled trip start time",0,96,96,8038
"Before scheduled trip start time",0,665020,665020,8038
"Before scheduled trip start time",0,673600,673600,8038
"Before scheduled trip start time",0,427,427,8038
"Before scheduled trip start time",0,42127,42127,8038
"Before scheduled trip start time",0,46387,46387,8038
"Before scheduled trip start time",0,6059,6059,8038
"Before scheduled trip start time",0,685640,685640,8038
"Before scheduled trip start time",0,80,80,8038
"Before scheduled trip start time",0,689340,689340,8038
"Before scheduled trip start time",0,1691,1691,8038
"Before scheduled trip start time",0,9455,9455,8038
"Before scheduled trip start time",0,29718,29718,8038
"Before scheduled trip start time",0,495968,495968,8038
"Before scheduled trip start time",0,245,245,8038
"Before scheduled trip start time",0,26538,26538,8038
"Before scheduled trip start time",0,42347,42347,8038
"Before scheduled trip start time",0,823,823,8038
"Before scheduled trip start time",0,74447,74447,8038
"Before scheduled trip start time",0,178,178,8038
"Before scheduled trip start time",0,64579,64579,8038
"Before scheduled trip start time",0,571,571,8038
"Before scheduled trip start time",0,7914,7914,8038
"Before scheduled trip start time",0,252,252,8038
"Before scheduled trip start time",0,71,71,8038
"Before scheduled trip start time",0,22974,22974,8038
"Before scheduled trip start time",0,33627,33627,8038
"Before scheduled trip start time",0,5779,5779,8038
"Before scheduled trip start time",0,7339,7339,8038
"Before scheduled trip start time",0,27656,27656,8038
"Before scheduled trip start time",0,379,379,8038
"Before scheduled trip start time",0,162,162,8038
"Before scheduled trip start time",0,183,183,8038
"Before scheduled trip start time",0,658740,658740,8038
"Before scheduled trip start time",0,1110,1110,8038
"Before scheduled trip start time",0,45659,45659,8038
"Before scheduled trip start time",0,508588,508588,8038
"Before scheduled trip start time",0,789,789,8038
"Before scheduled trip start time",0,75867,75867,8038
"Before scheduled trip start time",0,352,352,8038
"Before scheduled trip start time",0,9,9,8038
"Before scheduled trip start time",0,293,293,8038
"Before scheduled trip start time",0,273,273,8038
"Before scheduled trip start time",0,83,83,8038
"Before scheduled trip start time",0,668580,668580,8038
"Before scheduled trip start time",0,2877,2877,8038
"Before scheduled trip start time",0,1394,1394,8038
"Before scheduled trip start time",0,972,972,8038
"Before scheduled trip start time",0,38,38,8038
"Before scheduled trip start time",0,679800,679800,8038
"Before scheduled trip start time",0,90,90,8038
"Before scheduled trip start time",0,664800,664800,8038
"Before scheduled trip start time",0,109,109,8038
"Before scheduled trip start time",0,330,330,8038
"Before scheduled trip start time",0,532,532,8038
"Before scheduled trip start time",0,4737,4737,8038
"Before scheduled trip start time",0,2179,2179,8038
"Before scheduled trip start time",0,65527,65527,8038
"Before scheduled trip start time",0,60979,60979,8038
"Before scheduled trip start time",0,2169,2169,8038
"Before scheduled trip start time",0,535,535,8038
"Before scheduled trip start time",0,510088,510088,8038
"Before scheduled trip start time",0,147,147,8038
"Before scheduled trip start time",0,667460,667460,8038
"Before scheduled trip start time",0,320,320,8038
"Before scheduled trip start time",0,-7,-7,8038
"Before scheduled trip start time",0,4039,4039,8038
"Before scheduled trip start time",0,350,350,8038
"Before scheduled trip start time",0,312,312,8038
"Before scheduled trip start time",0,24903,24903,8038
"Before scheduled trip start time",0,57379,57379,8038
"Before scheduled trip start time",0,75627,75627,8038
"Before scheduled trip start time",0,19014,19014,8038
"Before scheduled trip start time",0,543,543,8038
"Before scheduled trip start time",0,596,596,8038
"Before scheduled trip start time",0,14774,14774,8038
"Before scheduled trip start time",0,48307,48307,8038
"Before scheduled trip start time",0,495528,495528,8038
"Before scheduled trip start time",0,1254,1254,8038
"Before scheduled trip start time",0,126,126,8038
"Before scheduled trip start time",0,28003,28003,8038
"Before scheduled trip start time",0,22378,22378,8038
"Before scheduled trip start time",0,76827,76827,8038
"Before scheduled trip start time",0,1257,1257,8038
"Before scheduled trip start time",0,497228,497228,8038
"Before scheduled trip start time",0,22858,22858,8038
"Before scheduled trip start time",0,689840,689840,8038
"Before scheduled trip start time",0,73907,73907,8038
"Before scheduled trip start time",0,50579,50579,8038
"Before scheduled trip start time",0,672340,672340,8038
"Before scheduled trip start time",0,60,60,8038
"Before scheduled trip start time",0,229,229,8038
"Before scheduled trip start time",0,191,191,8038
"Before scheduled trip start time",0,269,269,8038
"Before scheduled trip start time",0,53267,53267,8038
"Before scheduled trip start time",0,235,235,8038
"Before scheduled trip start time",0,335,335,8038
"Before scheduled trip start time",0,3715,3715,8038
"Before scheduled trip start time",0,2172,2172,8038
"Before scheduled trip start time",0,47,47,8038
"Before scheduled trip start time",0,24574,24574,8038
"Before scheduled trip start time",0,1331,1331,8038
"Before scheduled trip start time",0,94,94,8038
"Before scheduled trip start time",0,-12,-12,8038
"Before scheduled trip start time",0,947,947,8038
"Before scheduled trip start time",0,584,584,8038
"Before scheduled trip start time",0,1181,1181,8038
"Before scheduled trip start time",0,68487,68487,8038
"Before scheduled trip start time",0,69147,69147,8038
"Before scheduled trip start time",0,202,202,8038
"Before scheduled trip start time",0,124,124,8038
"Before scheduled trip start time",0,672840,672840,8038
"Before scheduled trip start time",0,43259,43259,8038
"Before scheduled trip start time",0,4277,4277,8038
"Before scheduled trip start time",0,9332,9332,8038
"Before scheduled trip start time",0,680400,680400,8038
"Before scheduled trip start time",0,15278,15278,8038
"Before scheduled trip start time",0,595,595,8038
"Before scheduled trip start time",0,54,54,8038
"Before scheduled trip start time",0,24243,24243,8038
"Before scheduled trip start time",0,502268,502268,8038
"Before scheduled trip start time",0,415,415,8038
"Before scheduled trip start time",0,2134,2134,8038
"Before scheduled trip start time",0,164,164,8038
"Before scheduled trip start time",0,1411,1411,8038
"Before scheduled trip start time",0,502,502,8038
"Before scheduled trip start time",0,61,61,8038
"Before scheduled trip start time",0,643,643,8038
"Before scheduled trip start time",0,7399,7399,8038
"Before scheduled trip start time",0,10157,10157,8038
"Before scheduled trip start time",0,47179,47179,8038
"Before scheduled trip start time",0,25456,25456,8038
"Before scheduled trip start time",0,1631,1631,8038
"Before scheduled trip start time",0,23254,23254,8038
"Before scheduled trip start time",0,74507,74507,8038
"Before scheduled trip start time",0,65,65,8038
"Before scheduled trip start time",0,495,495,8038
"Before scheduled trip start time",0,31654,31654,8038
"Before scheduled trip start time",0,6255,6255,8038
"Before scheduled trip start time",0,216,216,8038
"Before scheduled trip start time",0,832,832,8038
"Before scheduled trip start time",0,47279,47279,8038
"Before scheduled trip start time",0,179,179,8038
"Before scheduled trip start time",0,493,493,8038
"Before scheduled trip start time",0,640,640,8038
"Before scheduled trip start time",0,21,21,8038
"Before scheduled trip start time",0,64287,64287,8038
"Before scheduled trip start time",0,17363,17363,8038
"Before scheduled trip start time",0,14918,14918,8038
"Before scheduled trip start time",0,11314,11314,8038
"Before scheduled trip start time",0,15378,15378,8038
"Before scheduled trip start time",0,1208,1208,8038
"Before scheduled trip start time",0,232,232,8038
"Before scheduled trip start time",0,201,201,8038
"Before scheduled trip start time",0,304,304,8038
"Before scheduled trip start time",0,39027,39027,8038
"Before scheduled trip start time",0,35296,35296,8038
"Before scheduled trip start time",0,26894,26894,8038
"Before scheduled trip start time",0,348,348,8038
"Before scheduled trip start time",0,808,808,8038
"Before scheduled trip start time",0,47547,47547,8038
"Before scheduled trip start time",0,1373,1373,8038
"Before scheduled trip start time",0,688200,688200,8038
"Before scheduled trip start time",0,272,272,8038
"Before scheduled trip start time",0,682740,682740,8038
"Before scheduled trip start time",0,24198,24198,8038
"Before scheduled trip start time",0,393,393,8038
"Before scheduled trip start time",0,5919,5919,8038
"Before scheduled trip start time",0,1251,1251,8038
"Before scheduled trip start time",0,36,36,8038
"Before scheduled trip start time",0,27378,27378,8038
"Before scheduled trip start time",0,230,230,8038
"Before scheduled trip start time",0,404,404,8038
"Before scheduled trip start time",0,525,525,8038
"Before scheduled trip start time",0,530,530,8038
"Before scheduled trip start time",0,36896,36896,8038
"Before scheduled trip start time",0,1553,1553,8038
"Before scheduled trip start time",0,64227,64227,8038
"Before scheduled trip start time",0,397,397,8038
"Before scheduled trip start time",0,176,176,8038
"Before scheduled trip start time",0,405,405,8038
"Before scheduled trip start time",0,574,574,8038
"Before scheduled trip start time",0,461,461,8038
"Before scheduled trip start time",0,1140,1140,8038
"Before scheduled trip start time",0,486,486,8038
"Before scheduled trip start time",0,31,31,8038
"Before scheduled trip start time",0,13674,13674,8038
"Before scheduled trip start time",0,37756,37756,8038
"Before scheduled trip start time",0,60387,60387,8038
"Before scheduled trip start time",0,256,256,8038
"Before scheduled trip start time",0,657500,657500,8038
"Before scheduled trip start time",0,253,253,8038
"Before scheduled trip start time",0,664,664,8038
"Before scheduled trip start time",0,637,637,8038
"Before scheduled trip start time",0,27723,27723,8038
"Before scheduled trip start time",0,22594,22594,8038
"Before scheduled trip start time",0,613,613,8038
"Before scheduled trip start time",0,85,85,8038
"Before scheduled trip start time",0,658540,658540,8038
"Before scheduled trip start time",0,925,925,8038
"Before scheduled trip start time",0,391,391,8038
"Before scheduled trip start time",0,23883,23883,8038
"Before scheduled trip start time",0,70167,70167,8038
"Before scheduled trip start time",0,280,280,8038
"Before scheduled trip start time",0,279,279,8038
"Before scheduled trip start time",0,475,475,8038
"Before scheduled trip start time",0,7999,7999,8038
"Before scheduled trip start time",0,487,487,8038
"Before scheduled trip start time",0,57539,57539,8038
"Before scheduled trip start time",0,150,150,8038
"Before scheduled trip start time",0,16254,16254,8038
"Before scheduled trip start time",0,482,482,8038
"Before scheduled trip start time",0,4274,4274,8038
"Before scheduled trip start time",0,44,44,8038
"Before scheduled trip start time",0,214,214,8038
"Before scheduled trip start time",0,18754,18754,8038
"Before scheduled trip start time",0,10,10,8038
"Before scheduled trip start time",0,1,1,8038
"Before scheduled trip start time",0,671500,671500,8038
"Before scheduled trip start time",0,679020,679020,8038
"Before scheduled trip start time",0,57127,57127,8038
"Before scheduled trip start time",0,32776,32776,8038
"Before scheduled trip start time",0,18558,18558,8038
"Before scheduled trip start time",0,684660,684660,8038
"Before scheduled trip start time",0,76507,76507,8038
"Before scheduled trip start time",0,75859,75859,8038
"Before scheduled trip start time",0,1001,1001,8038
"Before scheduled trip start time",0,45727,45727,8038
"Before scheduled trip start time",0,69379,69379,8038
"Before scheduled trip start time",0,464,464,8038
"Before scheduled trip start time",0,8412,8412,8038
"Before scheduled trip start time",0,38927,38927,8038
"Before scheduled trip start time",0,577,577,8038
"Before scheduled trip start time",0,23618,23618,8038
"Before scheduled trip start time",0,18214,18214,8038
"Before scheduled trip start time",0,69959,69959,8038
"Before scheduled trip start time",0,44359,44359,8038
"Before scheduled trip start time",0,32518,32518,8038
"Before scheduled trip start time",0,501588,501588,8038
"Before scheduled trip start time",0,27314,27314,8038
"Before scheduled trip start time",0,1006,1006,8038
"Before scheduled trip start time",0,474,474,8038
"Before scheduled trip start time",0,29416,29416,8038
"Before scheduled trip start time",0,25098,25098,8038
"Before scheduled trip start time",0,668400,668400,8038
"Before scheduled trip start time",0,67279,67279,8038
"Before scheduled trip start time",0,8135,8135,8038
"Before scheduled trip start time",0,660140,660140,8038
"Before scheduled trip start time",0,41167,41167,8038
"Before scheduled trip start time",0,699,699,8038
"Before scheduled trip start time",0,7814,7814,8038
"Before scheduled trip start time",0,39556,39556,8038
"Before scheduled trip start time",0,259,259,8038
"Before scheduled trip start time",0,13918,13918,8038
"Before scheduled trip start time",0,414,414,8038
"Before scheduled trip start time",0,1495,1495,8038
"Before scheduled trip start time",0,1452,1452,8038
"Before scheduled trip start time",0,12238,12238,8038
"Before scheduled trip start time",0,222,222,8038
"Before scheduled trip start time",0,57979,57979,8038
"Before scheduled trip start time",0,2230,2230,8038
"Before scheduled trip start time",0,412,412,8038
"Before scheduled trip start time",0,71167,71167,8038
"Before scheduled trip start time",0,64,64,8038
"Before scheduled trip start time",0,52947,52947,8038
"Before scheduled trip start time",0,111,111,8038
"Before scheduled trip start time",0,23814,23814,8038
"Before scheduled trip start time",0,22134,22134,8038
"Before scheduled trip start time",0,24318,24318,8038
"Before scheduled trip start time",0,30314,30314,8038
"Before scheduled trip start time",0,13558,13558,8038
"Before scheduled trip start time",0,5254,5254,8038
"Before scheduled trip start time",0,50359,50359,8038
"Before scheduled trip start time",0,57059,57059,8038
"Before scheduled trip start time",0,677140,677140,8038
"Before scheduled trip start time",0,25758,25758,8038
"Before scheduled trip start time",0,17374,17374,8038
"Before scheduled trip start time",0,509668,509668,8038
"During scheduled trip",0,161,161,291
"During scheduled trip",0,2420,2420,291
"During scheduled trip",0,23,23,291
"During scheduled trip",0,765,765,291
"During scheduled trip",0,112,112,291
"During scheduled trip",0,-2,-2,291
"During scheduled trip",0,581,581,291
"During scheduled trip",0,798,798,291
"During scheduled trip",0,432,432,291
"During scheduled trip",0,406,406,291
"During scheduled trip",0,215,215,291
"During scheduled trip",0,1329,1329,291
"During scheduled trip",0,582,582,291
"During scheduled trip",0,2987,2987,291
"During scheduled trip",0,402,402,291
"During scheduled trip",0,1,1,291
"During scheduled trip",0,316,316,291
"During scheduled trip",0,3191,3191,291
"During scheduled trip",0,478,478,291
"During scheduled trip",0,117,117,291
"During scheduled trip",0,463,463,291
"During scheduled trip",0,441,441,291
"During scheduled trip",0,593,593,291
"During scheduled trip",0,78,78,291
"During scheduled trip",0,565,565,291
"During scheduled trip",0,1551,1551,291
"During scheduled trip",0,47,47,291
"During scheduled trip",0,596,596,291
"During scheduled trip",0,325,325,291
"During scheduled trip",0,7,7,291
"During scheduled trip",0,1654,1654,291
"During scheduled trip",0,6247,6247,291
"During scheduled trip",0,701,701,291
"During scheduled trip",0,279,279,291
"During scheduled trip",0,-1,-1,291
"During scheduled trip",0,227,227,291
"During scheduled trip",0,34,34,291
"During scheduled trip",0,148,148,291
"During scheduled trip",0,399,399,291
"During scheduled trip",0,457,457,291
"During scheduled trip",0,242,242,291
"During scheduled trip",0,436,436,291
"During scheduled trip",0,153,153,291
"During scheduled trip",0,1573,1573,291
"During scheduled trip",0,781,781,291
"During scheduled trip",0,704,704,291
"During scheduled trip",0,3307,3307,291
"During scheduled trip",0,264,264,291
"During scheduled trip",0,1809,1809,291
"During scheduled trip",0,24,24,291
"During scheduled trip",0,256,256,291
"During scheduled trip",0,317,317,291
"During scheduled trip",0,908,908,291
"During scheduled trip",0,1179,1179,291
"During scheduled trip",0,113,113,291
"During scheduled trip",0,199,199,291
"During scheduled trip",0,670,670,291
"During scheduled trip",0,538,538,291
"During scheduled trip",0,319,319,291
"During scheduled trip",0,595,595,291
"During scheduled trip",0,243,243,291
"During scheduled trip",0,850,850,291
"During scheduled trip",0,537,537,291
"During scheduled trip",0,313,313,291
"During scheduled trip",0,4611,4611,291
"During scheduled trip",0,445,445,291
"During scheduled trip",0,471,471,291
"During scheduled trip",0,522,522,291
"During scheduled trip",0,293,293,291
"During scheduled trip",0,38,38,291
"During scheduled trip",0,150,150,291
"During scheduled trip",0,130,130,291
"During scheduled trip",0,1980,1980,291
"During scheduled trip",0,3847,3847,291
"During scheduled trip",0,258,258,291
"During scheduled trip",0,251,251,291
"During scheduled trip",0,479,479,291
"During scheduled trip",0,283,283,291
"During scheduled trip",0,135,135,291
"During scheduled trip",0,338,338,291
"During scheduled trip",0,1211,1211,291
"During scheduled trip",0,1634,1634,291
"During scheduled trip",0,1105,1105,291
"During scheduled trip",0,369,369,291
"During scheduled trip",0,25,25,291
"During scheduled trip",0,290,290,291
"During scheduled trip",0,217,217,291
"During scheduled trip",0,833,833,291
"During scheduled trip",0,550,550,291
"During scheduled trip",0,966,966,291
"During scheduled trip",0,1832,1832,291
"During scheduled trip",0,651,651,291
"During scheduled trip",0,359,359,291
"During scheduled trip",0,464,464,291
"During scheduled trip",0,484,484,291
"During scheduled trip",0,1336,1336,291
"During scheduled trip",0,603,603,291
"During scheduled trip",0,1361,1361,291
"During scheduled trip",0,1168,1168,291
"During scheduled trip",0,292,292,291
"During scheduled trip",0,3811,3811,291
"During scheduled trip",0,767,767,291
"During scheduled trip",0,332,332,291
"During scheduled trip",0,548,548,291
"During scheduled trip",0,1008,1008,291
"During scheduled trip",0,115,115,291
"During scheduled trip",0,808,808,291
"During scheduled trip",0,3487,3487,291
"During scheduled trip",0,571,571,291
"During scheduled trip",0,547,547,291
"During scheduled trip",0,224,224,291
"During scheduled trip",0,570,570,291
"During scheduled trip",0,307,307,291
"During scheduled trip",0,724,724,291
"During scheduled trip",0,204,204,291
"During scheduled trip",0,883,883,291
"During scheduled trip",0,272,272,291
"During scheduled trip",0,943,943,291
"During scheduled trip",0,586,586,291
"During scheduled trip",0,249,249,291
"During scheduled trip",0,90,90,291
"During scheduled trip",0,438,438,291
"During scheduled trip",0,244,244,291
"During scheduled trip",0,461,461,291
"During scheduled trip",0,366,366,291
"During scheduled trip",0,3211,3211,291
"During scheduled trip",0,121,121,291
"During scheduled trip",0,213,213,291
"During scheduled trip",0,164,164,291
"During scheduled trip",0,1140,1140,291
"During scheduled trip",0,401,401,291
"During scheduled trip",0,1080,1080,291
"During scheduled trip",0,342,342,291
"During scheduled trip",0,551,551,291
"During scheduled trip",0,10,10,291
"During scheduled trip",0,1500,1500,291
"During scheduled trip",0,1350,1350,291
"During scheduled trip",0,180,180,291
"During scheduled trip",0,657,657,291
"During scheduled trip",0,411,411,291
"During scheduled trip",0,190,190,291
"During scheduled trip",0,825,825,291
"During scheduled trip",0,517048,517048,291
"During scheduled trip",0,641,641,291
"During scheduled trip",0,46,46,291
"During scheduled trip",0,255,255,291
"During scheduled trip",0,921,921,291
"During scheduled trip",0,516,516,291
"During scheduled trip",0,266,266,291
"During scheduled trip",0,260,260,291
"During scheduled trip",0,262,262,291
"During scheduled trip",0,2571,2571,291
"During scheduled trip",0,612,612,291
"During scheduled trip",0,14,14,291
"During scheduled trip",0,3327,3327,291
"During scheduled trip",0,171,171,291
"During scheduled trip",0,793,793,291
"During scheduled trip",0,84,84,291
"During scheduled trip",0,163,163,291
"During scheduled trip",0,1400,1400,291
"During scheduled trip",0,598,598,291
"During scheduled trip",0,535,535,291
"During scheduled trip",0,14612,14612,291
"During scheduled trip",0,630,630,291
"During scheduled trip",0,627,627,291
"During scheduled trip",0,328,328,291
"During scheduled trip",0,236,236,291
"During scheduled trip",0,509,509,291
"During scheduled trip",0,179,179,291
"During scheduled trip",0,856,856,291
"During scheduled trip",0,618,618,291
"During scheduled trip",0,881,881,291
"During scheduled trip",0,460,460,291
"During scheduled trip",0,137,137,291
"During scheduled trip",0,654,654,291
"During scheduled trip",0,3,3,291
"During scheduled trip",0,212,212,291
"During scheduled trip",0,979,979,291
"During scheduled trip",0,165,165,291
"During scheduled trip",0,42,42,291
"During scheduled trip",0,61,61,291
"During scheduled trip",0,708,708,291
"During scheduled trip",0,1039,1039,291
"During scheduled trip",0,335,335,291
"During scheduled trip",0,1633,1633,291
"During scheduled trip",0,409,409,291
"During scheduled trip",0,872,872,291
"During scheduled trip",0,17,17,291
"During scheduled trip",0,134,134,291
"During scheduled trip",0,629,629,291
"During scheduled trip",0,527,527,291
"During scheduled trip",0,322,322,291
"During scheduled trip",0,259,259,291
"During scheduled trip",0,592,592,291
"During scheduled trip",0,108,108,291
"During scheduled trip",0,178,178,291
"During scheduled trip",0,523,523,291
"During scheduled trip",0,337,337,291
"During scheduled trip",0,20,20,291
"During scheduled trip",0,395,395,291
"During scheduled trip",0,853,853,291
"During scheduled trip",0,364,364,291
"During scheduled trip",0,53,53,291
"During scheduled trip",0,973,973,291
"During scheduled trip",0,4647,4647,291
"During scheduled trip",0,1380,1380,291
"During scheduled trip",0,804,804,291
"During scheduled trip",0,191,191,291
"During scheduled trip",0,469,469,291
"During scheduled trip",0,207,207,291
"During scheduled trip",0,910,910,291
"During scheduled trip",0,2477,2477,291
"During scheduled trip",0,29,29,291
"During scheduled trip",0,12,12,291
"During scheduled trip",0,261,261,291
"During scheduled trip",0,758,758,291
"During scheduled trip",0,2220,2220,291
"During scheduled trip",0,524,524,291
"During scheduled trip",0,155,155,291
"During scheduled trip",0,555,555,291
"During scheduled trip",0,187,187,291
"During scheduled trip",0,391,391,291
"During scheduled trip",0,843,843,291
"During scheduled trip",0,1225,1225,291
"During scheduled trip",0,2711,2711,291
"During scheduled trip",0,97,97,291
"During scheduled trip",0,1611,1611,291
"During scheduled trip",0,15,15,291
"During scheduled trip",0,9,9,291
"During scheduled trip",0,380,380,291
"During scheduled trip",0,203,203,291
"During scheduled trip",0,309,309,291
"During scheduled trip",0,591,591,291
"During scheduled trip",0,726,726,291
"During scheduled trip",0,98,98,291
"During scheduled trip",0,5207,5207,291
"During scheduled trip",0,336,336,291
"During scheduled trip",0,318,318,291
"During scheduled trip",0,590,590,291
"During scheduled trip",0,1560,1560,291
"During scheduled trip",0,308,308,291
"During scheduled trip",0,512,512,291
"During scheduled trip",0,410,410,291
"During scheduled trip",0,813,813,291
"During scheduled trip",0,737,737,291
"During scheduled trip",0,440,440,291
"During scheduled trip",0,821,821,291
"During scheduled trip",0,800,800,291
"During scheduled trip",0,1481,1481,291
"During scheduled trip",0,291,291,291
"During scheduled trip",0,195,195,291
"During scheduled trip",0,116,116,291
"During scheduled trip",0,462,462,291
"During scheduled trip",0,668,668,291
"During scheduled trip",0,197,197,291
"During scheduled trip",0,-11,-11,291
"During scheduled trip",0,405,405,291
"During scheduled trip",0,703,703,291
"During scheduled trip",0,837,837,291
"During scheduled trip",0,185,185,291
"During scheduled trip",0,-15,-15,291
"During scheduled trip",0,400,400,291
"During scheduled trip",0,81,81,291
"During scheduled trip",0,232,232,291
"During scheduled trip",0,1445,1445,291
"During scheduled trip",0,350,350,291
"During scheduled trip",0,913,913,291
"During scheduled trip",0,1326,1326,291
"During scheduled trip",0,516528,516528,291
"During scheduled trip",0,442,442,291
"During scheduled trip",0,959,959,291
"During scheduled trip",0,525,525,291
"During scheduled trip",0,1205,1205,291
"During scheduled trip",0,1339,1339,291
"During scheduled trip",0,415,415,291
"During scheduled trip",0,2978,2978,291
"During scheduled trip",0,102,102,291
"During scheduled trip",0,80,80,291
"During scheduled trip",0,93,93,291
"During scheduled trip",0,699,699,291
"During scheduled trip",0,662,662,291
"During scheduled trip",0,1076,1076,291
"During scheduled trip",0,373,373,291
"During scheduled trip",0,1146,1146,291
"During scheduled trip",0,567,567,291
"During scheduled trip",0,151,151,291
"During scheduled trip",0,572,572,291
"During scheduled trip",0,2693,2693,291
"During scheduled trip",0,219,219,291
"During scheduled trip",0,683,683,291
"During scheduled trip",0,1508,1508,291
"During scheduled trip",0,60,60,291
"During scheduled trip",0,85,85,291
"During scheduled trip",0,584,584,291
"During scheduled trip",0,3087,3087,291
"During scheduled trip",0,1453,1453,291
"During scheduled trip",0,18,18,291
"During scheduled trip",0,233,233,291
"During scheduled trip",0,501,501,291
"During scheduled trip",0,210,210,291
"During scheduled trip",0,139,139,291
"During scheduled trip",0,920,920,291
"During scheduled trip",0,285,285,291
"During scheduled trip",0,250,250,291
"During scheduled trip",0,680,680,291
"During scheduled trip",0,1561,1561,291
"During scheduled trip",0,50,50,291
"During scheduled trip",0,1460,1460,291
"During scheduled trip",0,1005,1005,291
"During scheduled trip",0,5,5,291
"During scheduled trip",0,235,235,291
"During scheduled trip",0,1073,1073,291
"During scheduled trip",0,1520,1520,291
"During scheduled trip",0,1513,1513,291
"During scheduled trip",0,103,103,291
"During scheduled trip",0,435,435,291
"During scheduled trip",0,136,136,291
"During scheduled trip",0,1220,1220,291
"During scheduled trip",0,528,528,291
"During scheduled trip",0,599,599,291
"During scheduled trip",0,780,780,291
"During scheduled trip",0,72,72,291
"During scheduled trip",0,-7,-7,291
"During scheduled trip",0,2491,2491,291
"During scheduled trip",0,939,939,291
"During scheduled trip",0,146,146,291
"During scheduled trip",0,2710,2710,291
"During scheduled trip",0,269,269,291
"During scheduled trip",0,1740,1740,291
"During scheduled trip",0,564,564,291
"During scheduled trip",0,676,676,291
"During scheduled trip",0,533,533,291
"During scheduled trip",0,74,74,291
"During scheduled trip",0,14932,14932,291
"During scheduled trip",0,455,455,291
"During scheduled trip",0,1341,1341,291
"During scheduled trip",0,4867,4867,291
"During scheduled trip",0,472,472,291
"During scheduled trip",0,583,583,291
"During scheduled trip",0,558,558,291
"During scheduled trip",0,2490,2490,291
"During scheduled trip",0,-4,-4,291
"During scheduled trip",0,22,22,291
"During scheduled trip",0,500,500,291
"During scheduled trip",0,2120,2120,291
"During scheduled trip",0,3927,3927,291
"During scheduled trip",0,348,348,291
"During scheduled trip",0,1502,1502,291
"During scheduled trip",0,414,414,291
"During scheduled trip",0,546,546,291
"During scheduled trip",0,237,237,291
"During scheduled trip",0,748,748,291
"During scheduled trip",0,184,184,291
"During scheduled trip",0,57,57,291
"During scheduled trip",0,1966,1966,291
"During scheduled trip",0,119,119,291
"During scheduled trip",0,6087,6087,291
"During scheduled trip",0,2847,2847,291
"During scheduled trip",0,1200,1200,291
"During scheduled trip",0,810,810,291
"During scheduled trip",0,398,398,291
"During scheduled trip",0,1501,1501,291
"During scheduled trip",0,33,33,291
"During scheduled trip",0,604,604,291
"During scheduled trip",0,1912,1912,291
"During scheduled trip",0,275,275,291
"During scheduled trip",0,407,407,291
"During scheduled trip",0,870,870,291
"During scheduled trip",0,1322,1322,291
"During scheduled trip",0,1018,1018,291
"During scheduled trip",0,666,666,291
"During scheduled trip",0,1913,1913,291
"During scheduled trip",0,961,961,291
"During scheduled trip",0,1276,1276,291
"During scheduled trip",0,396,396,291
"During scheduled trip",0,196,196,291
"During scheduled trip",0,1045,1045,291
"During scheduled trip",0,449,449,291
"During scheduled trip",0,312,312,291
"During scheduled trip",0,888,888,291
"During scheduled trip",0,62,62,291
"During scheduled trip",0,732,732,291
"During scheduled trip",0,2531,2531,291
"During scheduled trip",0,474,474,291
"During scheduled trip",0,574,574,291
"During scheduled trip",0,772,772,291
"During scheduled trip",0,448,448,291
"During scheduled trip",0,700,700,291
"During scheduled trip",0,2507,2507,291
"During scheduled trip",0,349,349,291
"During scheduled trip",0,540,540,291
"During scheduled trip",0,840,840,291
"During scheduled trip",0,610,610,291
"During scheduled trip",0,2147,2147,291
"During scheduled trip",0,329,329,291
"During scheduled trip",0,75,75,291
"During scheduled trip",0,111,111,291
"During scheduled trip",0,211,211,291
"During scheduled trip",0,92,92,291
"During scheduled trip",0,1971,1971,291
"During scheduled trip",0,2371,2371,291
"During scheduled trip",0,434,434,291
"During scheduled trip",0,225,225,291
"During scheduled trip",0,507,507,291
"During scheduled trip",0,588,588,291
"During scheduled trip",0,126,126,291
"During scheduled trip",0,372,372,291
"During scheduled trip",0,1640,1640,291
"During scheduled trip",0,602,602,291
"During scheduled trip",0,1425,1425,291
"During scheduled trip",0,1100,1100,291
"During scheduled trip",0,692,692,291
"During scheduled trip",0,144,144,291
"During scheduled trip",0,321,321,291
"During scheduled trip",0,417,417,291
"During scheduled trip",0,521,521,291
"During scheduled trip",0,27,27,291
"During scheduled trip",0,492,492,291
"During scheduled trip",0,-10,-10,291
"During scheduled trip",0,271,271,291
"During scheduled trip",0,13,13,291
"During scheduled trip",0,712,712,291
"During scheduled trip",0,302,302,291
"During scheduled trip",0,1121,1121,291
"During scheduled trip",0,1112,1112,291
"During scheduled trip",0,100,100,291
"During scheduled trip",0,419,419,291
"During scheduled trip",0,594,594,291
"During scheduled trip",0,516888,516888,291
"During scheduled trip",0,41,41,291
"During scheduled trip",0,37,37,291
"During scheduled trip",0,2931,2931,291
"During scheduled trip",0,1164,1164,291
"During scheduled trip",0,1040,1040,291
"During scheduled trip",0,504,504,291
"During scheduled trip",0,58,58,291
"During scheduled trip",0,1273,1273,291
"During scheduled trip",0,4991,4991,291
"During scheduled trip",0,905,905,291
"During scheduled trip",0,644,644,291
"During scheduled trip",0,556,556,291
"During scheduled trip",0,722,722,291
"During scheduled trip",0,278,278,291
"During scheduled trip",0,710,710,291
"During scheduled trip",0,239,239,291
"During scheduled trip",0,334,334,291
"During scheduled trip",0,95,95,291
"During scheduled trip",0,360,360,291
"During scheduled trip",0,1891,1891,291
"During scheduled trip",0,2591,2591,291
"During scheduled trip",0,1114,1114,291
"During scheduled trip",0,3227,3227,291
"During scheduled trip",0,1442,1442,291
"During scheduled trip",0,354,354,291
"During scheduled trip",0,192,192,291
"During scheduled trip",0,857,857,291
"During scheduled trip",0,3251,3251,291
"During scheduled trip",0,36,36,291
"During scheduled trip",0,549,549,291
"During scheduled trip",0,554,554,291
"During scheduled trip",0,970,970,291
"During scheduled trip",0,1700,1700,291
"During scheduled trip",0,1216,1216,291
"During scheduled trip",0,643,643,291
"During scheduled trip",0,508,508,291
"During scheduled trip",0,879,879,291
"During scheduled trip",0,194,194,291
"During scheduled trip",0,1345,1345,291
"During scheduled trip",0,276,276,291
"During scheduled trip",0,1285,1285,291
"During scheduled trip",0,473,473,291
"During scheduled trip",0,288,288,291
"During scheduled trip",0,128,128,291
"During scheduled trip",0,200,200,291
"During scheduled trip",0,426,426,291
"During scheduled trip",0,3791,3791,291
"During scheduled trip",0,392,392,291
"During scheduled trip",0,480,480,291
"During scheduled trip",0,530,530,291
"During scheduled trip",0,1766,1766,291
"During scheduled trip",0,387,387,291
"During scheduled trip",0,420,420,291
"During scheduled trip",0,431,431,291
"During scheduled trip",0,1109,1109,291
"During scheduled trip",0,1262,1262,291
"During scheduled trip",0,728,728,291
"During scheduled trip",0,516668,516668,291
"During scheduled trip",0,1414,1414,291
"During scheduled trip",0,45,45,291
"During scheduled trip",0,569,569,291
"During scheduled trip",0,649,649,291
"During scheduled trip",0,1621,1621,291
"During scheduled trip",0,327,327,291
"During scheduled trip",0,353,353,291
"During scheduled trip",0,2973,2973,291
"During scheduled trip",0,750,750,291
"During scheduled trip",0,63,63,291
"During scheduled trip",0,160,160,291
"During scheduled trip",0,413,413,291
"During scheduled trip",0,51,51,291
"During scheduled trip",0,1025,1025,291
"During scheduled trip",0,664,664,291
"During scheduled trip",0,738,738,291
"During scheduled trip",0,1101,1101,291
"During scheduled trip",0,1803,1803,291
"During scheduled trip",0,1869,1869,291
"During scheduled trip",0,4571,4571,291
"During scheduled trip",0,295,295,291
"During scheduled trip",0,607,607,291
"During scheduled trip",0,393,393,291
"During scheduled trip",0,532,532,291
"During scheduled trip",0,467,467,291
"During scheduled trip",0,769,769,291
"During scheduled trip",0,1371,1371,291
"During scheduled trip",0,138,138,291
"During scheduled trip",0,566,566,291
"During scheduled trip",0,1321,1321,291
"During scheduled trip",0,-14,-14,291
"During scheduled trip",0,356,356,291
"During scheduled trip",0,519408,519408,291
"During scheduled trip",0,231,231,291
"During scheduled trip",0,389,389,291
"During scheduled trip",0,589,589,291
"During scheduled trip",0,4411,4411,291
"During scheduled trip",0,520,520,291
"During scheduled trip",0,849,849,291
"During scheduled trip",0,1145,1145,291
"During scheduled trip",0,88,88,291
"During scheduled trip",0,202,202,291
"During scheduled trip",0,470,470,291
"During scheduled trip",0,1731,1731,291
"During scheduled trip",0,1120,1120,291
"During scheduled trip",0,223,223,291
"During scheduled trip",0,534,534,291
"During scheduled trip",0,367,367,291
"During scheduled trip",0,1165,1165,291
"During scheduled trip",0,253,253,291
"During scheduled trip",0,1743,1743,291
"During scheduled trip",0,2611,2611,291
"During scheduled trip",0,3511,3511,291
"During scheduled trip",0,812,812,291
"During scheduled trip",0,-3,-3,291
"During scheduled trip",0,189,189,291
"During scheduled trip",0,545,545,291
"During scheduled trip",0,40,40,291
"During scheduled trip",0,118,118,291
"During scheduled trip",0,675,675,291
"During scheduled trip",0,238,238,291
"During scheduled trip",0,299,299,291
"During scheduled trip",0,439,439,291
"During scheduled trip",0,453,453,291
"During scheduled trip",0,1111,1111,291
"During scheduled trip",0,505,505,291
"During scheduled trip",0,245,245,291
"During scheduled trip",0,452,452,291
"During scheduled trip",0,142,142,291
"During scheduled trip",0,158,158,291
"During scheduled trip",0,1280,1280,291
"During scheduled trip",0,1505,1505,291
"During scheduled trip",0,917,917,291
"During scheduled trip",0,1711,1711,291
"During scheduled trip",0,1003,1003,291
"During scheduled trip",0,221,221,291
"During scheduled trip",0,1266,1266,291
"During scheduled trip",0,477,477,291
"During scheduled trip",0,390,390,291
"During scheduled trip",0,443,443,291
"During scheduled trip",0,344,344,291
"During scheduled trip",0,577,577,291
"During scheduled trip",0,573,573,291
"During scheduled trip",0,44,44,291
"During scheduled trip",0,362,362,291
"During scheduled trip",0,89,89,291
"During scheduled trip",0,384,384,291
"During scheduled trip",0,43,43,291
"During scheduled trip",0,216,216,291
"During scheduled trip",0,446,446,291
"During scheduled trip",0,282,282,291
"During scheduled trip",0,408,408,291
"During scheduled trip",0,756,756,291
"During scheduled trip",0,2334,2334,291
"During scheduled trip",0,423,423,291
"During scheduled trip",0,383,383,291
"During scheduled trip",0,300,300,291
"During scheduled trip",0,1320,1320,291
"During scheduled trip",0,561,561,291
"During scheduled trip",0,416,416,291
"During scheduled trip",0,306,306,291
"During scheduled trip",0,514,514,291
"During scheduled trip",0,606,606,291
"During scheduled trip",0,1033,1033,291
"During scheduled trip",0,4331,4331,291
"During scheduled trip",0,368,368,291
"During scheduled trip",0,2,2,291
"During scheduled trip",0,234,234,291
"During scheduled trip",0,363,363,291
"During scheduled trip",0,456,456,291
"During scheduled trip",0,0,0,291
"During scheduled trip",0,87,87,291
"During scheduled trip",0,673,673,291
"During scheduled trip",0,831,831,291
"During scheduled trip",0,2131,2131,291
"During scheduled trip",0,539,539,291
"During scheduled trip",0,559,559,291
"During scheduled trip",0,21,21,291
"During scheduled trip",0,475,475,291
"During scheduled trip",0,218,218,291
"During scheduled trip",0,650,650,291
"During scheduled trip",0,494,494,291
"During scheduled trip",0,491,491,291
"During scheduled trip",0,241,241,291
"During scheduled trip",0,385,385,291
"During scheduled trip",0,942,942,291
"During scheduled trip",0,6,6,291
"During scheduled trip",0,304,304,291
"During scheduled trip",0,35,35,291
"During scheduled trip",0,587,587,291
"During scheduled trip",0,127,127,291
"During scheduled trip",0,541,541,291
"During scheduled trip",0,529,529,291
"During scheduled trip",0,347,347,291
"During scheduled trip",0,993,993,291
"During scheduled trip",0,2986,2986,291
"During scheduled trip",0,214,214,291
"During scheduled trip",0,454,454,291
"During scheduled trip",0,-16,-16,291
"During scheduled trip",0,3071,3071,291
"During scheduled trip",0,54,54,291
"During scheduled trip",0,2261,2261,291
"During scheduled trip",0,865,865,291
"During scheduled trip",0,140,140,291
"During scheduled trip",0,96,96,291
"During scheduled trip",0,709,709,291
"During scheduled trip",0,2911,2911,291
"During scheduled trip",0,274,274,291
"During scheduled trip",0,1340,1340,291
"During scheduled trip",0,1580,1580,291
"During scheduled trip",0,498,498,291
"During scheduled trip",0,2000,2000,291
"During scheduled trip",0,76,76,291
"During scheduled trip",0,67,67,291
"During scheduled trip",0,761,761,291
"During scheduled trip",0,4947,4947,291
"During scheduled trip",0,515,515,291
"During scheduled trip",0,186,186,291
"During scheduled trip",0,358,358,291
"During scheduled trip",0,289,289,291
"During scheduled trip",0,205,205,291
"During scheduled trip",0,483,483,291
"During scheduled trip",0,143,143,291
"During scheduled trip",0,-13,-13,291
"During scheduled trip",0,1393,1393,291
"During scheduled trip",0,819,819,291
"During scheduled trip",0,503,503,291
"During scheduled trip",0,404,404,291
"During scheduled trip",0,69,69,291
"During scheduled trip",0,1166,1166,291
"During scheduled trip",0,1028,1028,291
"During scheduled trip",0,79,79,291
"During scheduled trip",0,-8,-8,291
"During scheduled trip",0,1160,1160,291
"During scheduled trip",0,NA,NA,291
"During scheduled trip",0,201,201,291
"During scheduled trip",0,267,267,291
"During scheduled trip",0,620,620,291
"During scheduled trip",0,422,422,291
"During scheduled trip",0,1440,1440,291
"During scheduled trip",0,132,132,291
"During scheduled trip",0,66,66,291
"During scheduled trip",0,169,169,291
"During scheduled trip",0,493,493,291
"During scheduled trip",0,172,172,291
"During scheduled trip",0,830,830,291
"During scheduled trip",0,343,343,291
"During scheduled trip",0,1981,1981,291
"During scheduled trip",0,652,652,291
"During scheduled trip",0,3411,3411,291
"During scheduled trip",0,4051,4051,291
"During scheduled trip",0,1528,1528,291
"During scheduled trip",0,110,110,291
"During scheduled trip",0,497,497,291
"During scheduled trip",0,345,345,291
"During scheduled trip",0,869,869,291
"During scheduled trip",0,70,70,291
"During scheduled trip",0,1202,1202,291
"During scheduled trip",0,1382,1382,291
"During scheduled trip",0,375,375,291
"During scheduled trip",0,848,848,291
"During scheduled trip",0,1619,1619,291
"During scheduled trip",0,8,8,291
"During scheduled trip",0,496,496,291
"During scheduled trip",0,1026,1026,291
"During scheduled trip",0,156,156,291
"During scheduled trip",0,4,4,291
"During scheduled trip",0,31,31,291
"During scheduled trip",0,71,71,291
"During scheduled trip",0,324,324,291
"During scheduled trip",0,487,487,291
"During scheduled trip",0,846,846,291
"During scheduled trip",0,1213,1213,291
"During scheduled trip",0,2480,2480,291
"During scheduled trip",0,1333,1333,291
"During scheduled trip",0,669,669,291
"During scheduled trip",0,733,733,291
"During scheduled trip",0,740,740,291
"During scheduled trip",0,246,246,291
"During scheduled trip",0,1680,1680,291
"During scheduled trip",0,125,125,291
"During scheduled trip",0,677,677,291
"During scheduled trip",0,2631,2631,291
"During scheduled trip",0,1153,1153,291
"During scheduled trip",0,543,543,291
"During scheduled trip",0,720,720,291
"During scheduled trip",0,1229,1229,291
"During scheduled trip",0,575,575,291
"During scheduled trip",0,1622,1622,291
"During scheduled trip",0,1085,1085,291
"During scheduled trip",0,1042,1042,291
"During scheduled trip",0,597,597,291
"During scheduled trip",0,16,16,291
"During scheduled trip",0,247,247,291
"During scheduled trip",0,624,624,291
"During scheduled trip",0,536,536,291
"During scheduled trip",0,2080,2080,291
"During scheduled trip",0,762,762,291
"During scheduled trip",0,352,352,291
"During scheduled trip",0,996,996,291
"During scheduled trip",0,19,19,291
"During scheduled trip",0,4407,4407,291
"During scheduled trip",0,107,107,291
"During scheduled trip",0,252,252,291
"During scheduled trip",0,6267,6267,291
"During scheduled trip",0,208,208,291
"During scheduled trip",0,333,333,291
"During scheduled trip",0,925,925,291
"During scheduled trip",0,860,860,291
"During scheduled trip",0,193,193,291
"During scheduled trip",0,1265,1265,291
"During scheduled trip",0,4131,4131,291
"During scheduled trip",0,3247,3247,291
"During scheduled trip",0,1783,1783,291
"During scheduled trip",0,425,425,291
"During scheduled trip",0,303,303,291
"During scheduled trip",0,147,147,291
"During scheduled trip",0,106,106,291
"During scheduled trip",0,513,513,291
"During scheduled trip",0,394,394,291
"During scheduled trip",0,331,331,291
"During scheduled trip",0,2593,2593,291
"During scheduled trip",0,378,378,291
"During scheduled trip",0,1009,1009,291
"During scheduled trip",0,3431,3431,291
"During scheduled trip",0,945,945,291
"During scheduled trip",0,488,488,291
"During scheduled trip",0,459,459,291
"During scheduled trip",0,1185,1185,291
"During scheduled trip",0,511,511,291
"During scheduled trip",0,636,636,291
"During scheduled trip",0,330,330,291
"During scheduled trip",0,1092,1092,291
"During scheduled trip",0,101,101,291
"During scheduled trip",0,777,777,291
"During scheduled trip",0,749,749,291
"During scheduled trip",0,30,30,291
"During scheduled trip",0,99,99,291
"During scheduled trip",0,377,377,291
"During scheduled trip",0,379,379,291
"During scheduled trip",0,430,430,291
"During scheduled trip",0,885,885,291
"During scheduled trip",0,173,173,291
"During scheduled trip",0,2231,2231,291
"During scheduled trip",0,370,370,291
"During scheduled trip",0,220,220,291
"During scheduled trip",0,388,388,291
"During scheduled trip",0,531,531,291
"During scheduled trip",0,77,77,291
"During scheduled trip",0,1386,1386,291
"During scheduled trip",0,1446,1446,291
"During scheduled trip",0,579,579,291
"During scheduled trip",0,614,614,291
"During scheduled trip",0,287,287,291
"During scheduled trip",0,427,427,291
"During scheduled trip",0,751,751,291
"During scheduled trip",0,1465,1465,291
"During scheduled trip",0,836,836,291
"During scheduled trip",0,11,11,291
"During scheduled trip",0,341,341,291
"During scheduled trip",0,2053,2053,291
"During scheduled trip",0,465,465,291
"During scheduled trip",0,323,323,291
"During scheduled trip",0,2307,2307,291
"During scheduled trip",0,281,281,291
"During scheduled trip",0,298,298,291
"During scheduled trip",0,809,809,291
"During scheduled trip",0,170,170,291
"During scheduled trip",0,109,109,291
"During scheduled trip",0,2751,2751,291
"During scheduled trip",0,65,65,291
"During scheduled trip",0,56,56,291
"During scheduled trip",0,346,346,291
"During scheduled trip",0,254,254,291
"During scheduled trip",0,560,560,291
"During scheduled trip",0,340,340,291
"During scheduled trip",0,495,495,291
"During scheduled trip",0,900,900,291
"During scheduled trip",0,1620,1620,291
"During scheduled trip",0,502,502,291
"During scheduled trip",0,517,517,291
"During scheduled trip",0,86,86,291
"During scheduled trip",0,6167,6167,291
"During scheduled trip",0,1753,1753,291
"During scheduled trip",0,1353,1353,291
"During scheduled trip",0,315,315,291
"During scheduled trip",0,447,447,291
"During scheduled trip",0,580,580,291
"During scheduled trip",0,2046,2046,291
"During scheduled trip",0,519,519,291
"During scheduled trip",0,175,175,291
"During scheduled trip",0,229,229,291
"During scheduled trip",0,1125,1125,291
"During scheduled trip",0,1048,1048,291
"During scheduled trip",0,489,489,291
"During scheduled trip",0,28,28,291
"During scheduled trip",0,794,794,291
"During scheduled trip",0,1650,1650,291
"During scheduled trip",0,177,177,291
"During scheduled trip",0,167,167,291
"During scheduled trip",0,1020,1020,291
"During scheduled trip",0,788,788,291
"During scheduled trip",0,296,296,291
"During scheduled trip",0,286,286,291
"During scheduled trip",0,-5,-5,291
"During scheduled trip",0,3300,3300,291
"During scheduled trip",0,542,542,291
"During scheduled trip",0,91,91,291
"During scheduled trip",0,183,183,291
"During scheduled trip",0,1668,1668,291
"During scheduled trip",0,682,682,291
"During scheduled trip",0,32,32,291
"During scheduled trip",0,1378,1378,291
"During scheduled trip",0,382,382,291
"During scheduled trip",0,1391,1391,291
"During scheduled trip",0,355,355,291
"During scheduled trip",0,444,444,291
"During scheduled trip",0,73,73,291
"During scheduled trip",0,230,230,291
"During scheduled trip",0,678,678,291
"During scheduled trip",0,424,424,291
"During scheduled trip",0,82,82,291
"During scheduled trip",0,1260,1260,291
"During scheduled trip",0,679,679,291
"During scheduled trip",0,1734,1734,291
"During scheduled trip",0,361,361,291
"During scheduled trip",0,1485,1485,291
"During scheduled trip",0,468,468,291
"During scheduled trip",0,1470,1470,291
"During scheduled trip",0,486,486,291
"During scheduled trip",0,94,94,291
"During scheduled trip",0,273,273,291
"During scheduled trip",0,104,104,291
"During scheduled trip",0,209,209,291
"During scheduled trip",0,-12,-12,291
"During scheduled trip",0,1578,1578,291
"During scheduled trip",0,277,277,291
"During scheduled trip",0,611,611,291
"During scheduled trip",0,714,714,291
"During scheduled trip",0,516228,516228,291
"During scheduled trip",0,152,152,291
"During scheduled trip",0,660,660,291
"During scheduled trip",0,1286,1286,291
"During scheduled trip",0,458,458,291
"During scheduled trip",0,174,174,291
"During scheduled trip",0,154,154,291
"During scheduled trip",0,517988,517988,291
"During scheduled trip",0,451,451,291
"During scheduled trip",0,294,294,291
"During scheduled trip",0,310,310,291
"During scheduled trip",0,576,576,291
"During scheduled trip",0,734,734,291
"During scheduled trip",0,476,476,291
"During scheduled trip",0,141,141,291
"During scheduled trip",0,1593,1593,291
"During scheduled trip",0,940,940,291
"During scheduled trip",0,656,656,291
"During scheduled trip",0,562,562,291
"During scheduled trip",0,284,284,291
"During scheduled trip",0,977,977,291
"During scheduled trip",0,403,403,291
"During scheduled trip",0,-6,-6,291
"During scheduled trip",0,608,608,291
"During scheduled trip",0,129,129,291
"During scheduled trip",0,450,450,291
"During scheduled trip",0,428,428,291
"During scheduled trip",0,124,124,291
"During scheduled trip",0,1900,1900,291
"During scheduled trip",0,645,645,291
"During scheduled trip",0,1051,1051,291
"During scheduled trip",0,2119,2119,291
"During scheduled trip",0,265,265,291
"During scheduled trip",0,786,786,291
"During scheduled trip",0,553,553,291
"During scheduled trip",0,578,578,291
"During scheduled trip",0,868,868,291
"During scheduled trip",0,123,123,291
"During scheduled trip",0,960,960,291
"During scheduled trip",0,268,268,291
"During scheduled trip",0,613,613,291
"During scheduled trip",0,397,397,291
"During scheduled trip",0,2311,2311,291
"During scheduled trip",0,39,39,291
"During scheduled trip",0,4191,4191,291
"During scheduled trip",0,544,544,291
"During scheduled trip",0,499,499,291
"During scheduled trip",0,198,198,291
"During scheduled trip",0,145,145,291
"During scheduled trip",0,600,600,291
"During scheduled trip",0,351,351,291
"During scheduled trip",0,518,518,291
"During scheduled trip",0,326,326,291
"During scheduled trip",0,2546,2546,291
"During scheduled trip",0,563,563,291
"During scheduled trip",0,1301,1301,291
"During scheduled trip",0,1110,1110,291
"During scheduled trip",0,162,162,291
"During scheduled trip",0,552,552,291
"During scheduled trip",0,805,805,291
"During scheduled trip",0,845,845,291
"During scheduled trip",0,797,797,291
"During scheduled trip",0,466,466,291
"During scheduled trip",0,59,59,291
"During scheduled trip",0,698,698,291
"During scheduled trip",0,823,823,291
"During scheduled trip",0,365,365,291
"During scheduled trip",0,965,965,291
"During scheduled trip",0,314,314,291
"During scheduled trip",0,206,206,291
"During scheduled trip",0,297,297,291
"During scheduled trip",0,1086,1086,291
"During scheduled trip",0,1437,1437,291
"During scheduled trip",0,1794,1794,291
"During scheduled trip",0,-9,-9,291
"During scheduled trip",0,257,257,291
"During scheduled trip",0,437,437,291
"During scheduled trip",0,320,320,291
"During scheduled trip",0,949,949,291
"During scheduled trip",0,55,55,291
"During scheduled trip",0,133,133,291
"During scheduled trip",0,4551,4551,291
"During scheduled trip",0,482,482,291
"During scheduled trip",0,526,526,291
"During scheduled trip",0,149,149,291
"During scheduled trip",0,131,131,291
"During scheduled trip",0,858,858,291
"During scheduled trip",0,490,490,291
"During scheduled trip",0,263,263,291
"During scheduled trip",0,228,228,291
"During scheduled trip",0,371,371,291
"During scheduled trip",0,1226,1226,291
"During scheduled trip",0,14852,14852,291
"During scheduled trip",0,944,944,291
"During scheduled trip",0,114,114,291
"During scheduled trip",0,381,381,291
"During scheduled trip",0,485,485,291
"During scheduled trip",0,878,878,291
"During scheduled trip",0,510,510,291
"During scheduled trip",0,876,876,291
"During scheduled trip",0,568,568,291
"During scheduled trip",0,226,226,291
"During scheduled trip",0,1421,1421,291
"During scheduled trip",0,785,785,291
"During scheduled trip",0,157,157,291
"During scheduled trip",0,1022,1022,291
"During scheduled trip",0,26,26,291
"During scheduled trip",0,339,339,291
"During scheduled trip",0,64,64,291
"During scheduled trip",0,68,68,291
"During scheduled trip",0,1562,1562,291
"During scheduled trip",0,829,829,291
"During scheduled trip",0,166,166,291
"During scheduled trip",0,1471,1471,291
"During scheduled trip",0,3451,3451,291
"During scheduled trip",0,412,412,291
"During scheduled trip",0,506,506,291
"During scheduled trip",0,280,280,291
"During scheduled trip",0,176,176,291
"During scheduled trip",0,311,311,291
"During scheduled trip",0,48,48,291
"During scheduled trip",0,433,433,291
"During scheduled trip",0,557,557,291
"During scheduled trip",0,270,270,291
"During scheduled trip",0,1206,1206,291
"During scheduled trip",0,991,991,291
"During scheduled trip",0,429,429,291
"During scheduled trip",0,4107,4107,291
"During scheduled trip",0,792,792,291
"During scheduled trip",0,2833,2833,291
"During scheduled trip",0,639,639,291
"During scheduled trip",0,632,632,291
"During scheduled trip",0,105,105,291
"During scheduled trip",0,301,301,291
"During scheduled trip",0,5067,5067,291
"During scheduled trip",0,188,188,291
"During scheduled trip",0,240,240,291
"During scheduled trip",0,3031,3031,291
"During scheduled trip",0,386,386,291
"During scheduled trip",0,52,52,291
"During scheduled trip",0,120,120,291
"During scheduled trip",0,222,222,291
"During scheduled trip",0,374,374,291
"During scheduled trip",0,305,305,291
"During scheduled trip",0,168,168,291
"During scheduled trip",0,2198,2198,291
"During scheduled trip",0,1365,1365,291
"During scheduled trip",0,83,83,291
"During scheduled trip",0,1863,1863,291
"During scheduled trip",0,743,743,291
"During scheduled trip",0,418,418,291
"During scheduled trip",0,421,421,291
"During scheduled trip",0,481,481,291
"During scheduled trip",0,357,357,291
"During scheduled trip",0,49,49,291
"During scheduled trip",0,122,122,291
"During scheduled trip",0,159,159,291
"During scheduled trip",0,181,181,291
"During scheduled trip",0,980,980,291
"During scheduled trip",0,585,585,291
"During scheduled trip",0,376,376,291
"During scheduled trip",0,918,918,291
"During scheduled trip",0,2314,2314,291
"During scheduled trip",0,248,248,291
"During scheduled trip",0,517768,517768,291
"During scheduled trip",0,182,182,291
"Post scheduled trip end time",0,3901,3901,4020.5
"Post scheduled trip end time",0,15186,15186,4020.5
"Post scheduled trip end time",0,15494,15494,4020.5
"Post scheduled trip end time",0,6771,6771,4020.5
"Post scheduled trip end time",0,1272,1272,4020.5
"Post scheduled trip end time",0,447,447,4020.5
"Post scheduled trip end time",0,9310,9310,4020.5
"Post scheduled trip end time",0,14098,14098,4020.5
"Post scheduled trip end time",0,4797,4797,4020.5
"Post scheduled trip end time",0,285,285,4020.5
"Post scheduled trip end time",0,531,531,4020.5
"Post scheduled trip end time",0,1698,1698,4020.5
"Post scheduled trip end time",0,5891,5891,4020.5
"Post scheduled trip end time",0,424,424,4020.5
"Post scheduled trip end time",0,540348,540348,4020.5
"Post scheduled trip end time",0,466,466,4020.5
"Post scheduled trip end time",0,5981,5981,4020.5
"Post scheduled trip end time",0,21110,21110,4020.5
"Post scheduled trip end time",0,12110,12110,4020.5
"Post scheduled trip end time",0,4272,4272,4020.5
"Post scheduled trip end time",0,13130,13130,4020.5
"Post scheduled trip end time",0,14790,14790,4020.5
"Post scheduled trip end time",0,16898,16898,4020.5
"Post scheduled trip end time",0,10458,10458,4020.5
"Post scheduled trip end time",0,4851,4851,4020.5
"Post scheduled trip end time",0,13531,13531,4020.5
"Post scheduled trip end time",0,16770,16770,4020.5
"Post scheduled trip end time",0,44,44,4020.5
"Post scheduled trip end time",0,244,244,4020.5
"Post scheduled trip end time",0,357,357,4020.5
"Post scheduled trip end time",0,5610,5610,4020.5
"Post scheduled trip end time",0,59,59,4020.5
"Post scheduled trip end time",0,957,957,4020.5
"Post scheduled trip end time",0,541828,541828,4020.5
"Post scheduled trip end time",0,434,434,4020.5
"Post scheduled trip end time",0,3550,3550,4020.5
"Post scheduled trip end time",0,361,361,4020.5
"Post scheduled trip end time",0,2089,2089,4020.5
"Post scheduled trip end time",0,18286,18286,4020.5
"Post scheduled trip end time",0,436,436,4020.5
"Post scheduled trip end time",0,9301,9301,4020.5
"Post scheduled trip end time",0,665,665,4020.5
"Post scheduled trip end time",0,2441,2441,4020.5
"Post scheduled trip end time",0,247,247,4020.5
"Post scheduled trip end time",0,4830,4830,4020.5
"Post scheduled trip end time",0,1058,1058,4020.5
"Post scheduled trip end time",0,1700,1700,4020.5
"Post scheduled trip end time",0,10052,10052,4020.5
"Post scheduled trip end time",0,8061,8061,4020.5
"Post scheduled trip end time",0,2774,2774,4020.5
"Post scheduled trip end time",0,462,462,4020.5
"Post scheduled trip end time",0,6773,6773,4020.5
"Post scheduled trip end time",0,6606,6606,4020.5
"Post scheduled trip end time",0,9091,9091,4020.5
"Post scheduled trip end time",0,214,214,4020.5
"Post scheduled trip end time",0,7590,7590,4020.5
"Post scheduled trip end time",0,4594,4594,4020.5
"Post scheduled trip end time",0,3149,3149,4020.5
"Post scheduled trip end time",0,4921,4921,4020.5
"Post scheduled trip end time",0,501,501,4020.5
"Post scheduled trip end time",0,190,190,4020.5
"Post scheduled trip end time",0,1149,1149,4020.5
"Post scheduled trip end time",0,14792,14792,4020.5
"Post scheduled trip end time",0,521288,521288,4020.5
"Post scheduled trip end time",0,3938,3938,4020.5
"Post scheduled trip end time",0,3510,3510,4020.5
"Post scheduled trip end time",0,3235,3235,4020.5
"Post scheduled trip end time",0,22072,22072,4020.5
"Post scheduled trip end time",0,218,218,4020.5
"Post scheduled trip end time",0,662,662,4020.5
"Post scheduled trip end time",0,2573,2573,4020.5
"Post scheduled trip end time",0,13826,13826,4020.5
"Post scheduled trip end time",0,4721,4721,4020.5
"Post scheduled trip end time",0,456,456,4020.5
"Post scheduled trip end time",0,764,764,4020.5
"Post scheduled trip end time",0,3678,3678,4020.5
"Post scheduled trip end time",0,7471,7471,4020.5
"Post scheduled trip end time",0,6617,6617,4020.5
"Post scheduled trip end time",0,13746,13746,4020.5
"Post scheduled trip end time",0,275,275,4020.5
"Post scheduled trip end time",0,2323,2323,4020.5
"Post scheduled trip end time",0,3894,3894,4020.5
"Post scheduled trip end time",0,392,392,4020.5
"Post scheduled trip end time",0,3660,3660,4020.5
"Post scheduled trip end time",0,1119,1119,4020.5
"Post scheduled trip end time",0,180,180,4020.5
"Post scheduled trip end time",0,9850,9850,4020.5
"Post scheduled trip end time",0,343,343,4020.5
"Post scheduled trip end time",0,539728,539728,4020.5
"Post scheduled trip end time",0,7957,7957,4020.5
"Post scheduled trip end time",0,8325,8325,4020.5
"Post scheduled trip end time",0,30324,30324,4020.5
"Post scheduled trip end time",0,487,487,4020.5
"Post scheduled trip end time",0,9510,9510,4020.5
"Post scheduled trip end time",0,9114,9114,4020.5
"Post scheduled trip end time",0,1217,1217,4020.5
"Post scheduled trip end time",0,340,340,4020.5
"Post scheduled trip end time",0,36,36,4020.5
"Post scheduled trip end time",0,2558,2558,4020.5
"Post scheduled trip end time",0,3018,3018,4020.5
"Post scheduled trip end time",0,16330,16330,4020.5
"Post scheduled trip end time",0,4611,4611,4020.5
"Post scheduled trip end time",0,17332,17332,4020.5
"Post scheduled trip end time",0,9137,9137,4020.5
"Post scheduled trip end time",0,123,123,4020.5
"Post scheduled trip end time",0,1954,1954,4020.5
"Post scheduled trip end time",0,2363,2363,4020.5
"Post scheduled trip end time",0,3774,3774,4020.5
"Post scheduled trip end time",0,9061,9061,4020.5
"Post scheduled trip end time",0,5006,5006,4020.5
"Post scheduled trip end time",0,538948,538948,4020.5
"Post scheduled trip end time",0,611,611,4020.5
"Post scheduled trip end time",0,4690,4690,4020.5
"Post scheduled trip end time",0,1662,1662,4020.5
"Post scheduled trip end time",0,6040,6040,4020.5
"Post scheduled trip end time",0,7771,7771,4020.5
"Post scheduled trip end time",0,20632,20632,4020.5
"Post scheduled trip end time",0,1018,1018,4020.5
"Post scheduled trip end time",0,3009,3009,4020.5
"Post scheduled trip end time",0,8766,8766,4020.5
"Post scheduled trip end time",0,10801,10801,4020.5
"Post scheduled trip end time",0,10161,10161,4020.5
"Post scheduled trip end time",0,11720,11720,4020.5
"Post scheduled trip end time",0,1406,1406,4020.5
"Post scheduled trip end time",0,530428,530428,4020.5
"Post scheduled trip end time",0,15041,15041,4020.5
"Post scheduled trip end time",0,221,221,4020.5
"Post scheduled trip end time",0,1605,1605,4020.5
"Post scheduled trip end time",0,23192,23192,4020.5
"Post scheduled trip end time",0,9691,9691,4020.5
"Post scheduled trip end time",0,234,234,4020.5
"Post scheduled trip end time",0,836,836,4020.5
"Post scheduled trip end time",0,859,859,4020.5
"Post scheduled trip end time",0,1059,1059,4020.5
"Post scheduled trip end time",0,161,161,4020.5
"Post scheduled trip end time",0,33670,33670,4020.5
"Post scheduled trip end time",0,425,425,4020.5
"Post scheduled trip end time",0,2115,2115,4020.5
"Post scheduled trip end time",0,448,448,4020.5
"Post scheduled trip end time",0,543048,543048,4020.5
"Post scheduled trip end time",0,9074,9074,4020.5
"Post scheduled trip end time",0,1174,1174,4020.5
"Post scheduled trip end time",0,-9,-9,4020.5
"Post scheduled trip end time",0,1714,1714,4020.5
"Post scheduled trip end time",0,21838,21838,4020.5
"Post scheduled trip end time",0,8581,8581,4020.5
"Post scheduled trip end time",0,7974,7974,4020.5
"Post scheduled trip end time",0,1432,1432,4020.5
"Post scheduled trip end time",0,29170,29170,4020.5
"Post scheduled trip end time",0,11230,11230,4020.5
"Post scheduled trip end time",0,3329,3329,4020.5
"Post scheduled trip end time",0,537568,537568,4020.5
"Post scheduled trip end time",0,38,38,4020.5
"Post scheduled trip end time",0,1949,1949,4020.5
"Post scheduled trip end time",0,2983,2983,4020.5
"Post scheduled trip end time",0,7460,7460,4020.5
"Post scheduled trip end time",0,2516,2516,4020.5
"Post scheduled trip end time",0,7326,7326,4020.5
"Post scheduled trip end time",0,29444,29444,4020.5
"Post scheduled trip end time",0,1107,1107,4020.5
"Post scheduled trip end time",0,328,328,4020.5
"Post scheduled trip end time",0,7121,7121,4020.5
"Post scheduled trip end time",0,16351,16351,4020.5
"Post scheduled trip end time",0,13306,13306,4020.5
"Post scheduled trip end time",0,1485,1485,4020.5
"Post scheduled trip end time",0,1685,1685,4020.5
"Post scheduled trip end time",0,10561,10561,4020.5
"Post scheduled trip end time",0,283,283,4020.5
"Post scheduled trip end time",0,10210,10210,4020.5
"Post scheduled trip end time",0,675,675,4020.5
"Post scheduled trip end time",0,196,196,4020.5
"Post scheduled trip end time",0,2456,2456,4020.5
"Post scheduled trip end time",0,19792,19792,4020.5
"Post scheduled trip end time",0,520828,520828,4020.5
"Post scheduled trip end time",0,6931,6931,4020.5
"Post scheduled trip end time",0,20392,20392,4020.5
"Post scheduled trip end time",0,111,111,4020.5
"Post scheduled trip end time",0,550,550,4020.5
"Post scheduled trip end time",0,262,262,4020.5
"Post scheduled trip end time",0,13078,13078,4020.5
"Post scheduled trip end time",0,19992,19992,4020.5
"Post scheduled trip end time",0,2881,2881,4020.5
"Post scheduled trip end time",0,49,49,4020.5
"Post scheduled trip end time",0,15606,15606,4020.5
"Post scheduled trip end time",0,15790,15790,4020.5
"Post scheduled trip end time",0,8072,8072,4020.5
"Post scheduled trip end time",0,6160,6160,4020.5
"Post scheduled trip end time",0,710,710,4020.5
"Post scheduled trip end time",0,4269,4269,4020.5
"Post scheduled trip end time",0,9220,9220,4020.5
"Post scheduled trip end time",0,787,787,4020.5
"Post scheduled trip end time",0,6310,6310,4020.5
"Post scheduled trip end time",0,1145,1145,4020.5
"Post scheduled trip end time",0,4754,4754,4020.5
"Post scheduled trip end time",0,7731,7731,4020.5
"Post scheduled trip end time",0,673,673,4020.5
"Post scheduled trip end time",0,708,708,4020.5
"Post scheduled trip end time",0,28910,28910,4020.5
"Post scheduled trip end time",0,4890,4890,4020.5
"Post scheduled trip end time",0,10686,10686,4020.5
"Post scheduled trip end time",0,16111,16111,4020.5
"Post scheduled trip end time",0,917,917,4020.5
"Post scheduled trip end time",0,15926,15926,4020.5
"Post scheduled trip end time",0,3930,3930,4020.5
"Post scheduled trip end time",0,31364,31364,4020.5
"Post scheduled trip end time",0,814,814,4020.5
"Post scheduled trip end time",0,11241,11241,4020.5
"Post scheduled trip end time",0,209,209,4020.5
"Post scheduled trip end time",0,13472,13472,4020.5
"Post scheduled trip end time",0,381,381,4020.5
"Post scheduled trip end time",0,998,998,4020.5
"Post scheduled trip end time",0,20918,20918,4020.5
"Post scheduled trip end time",0,23972,23972,4020.5
"Post scheduled trip end time",0,12877,12877,4020.5
"Post scheduled trip end time",0,9632,9632,4020.5
"Post scheduled trip end time",0,1203,1203,4020.5
"Post scheduled trip end time",0,5321,5321,4020.5
"Post scheduled trip end time",0,19978,19978,4020.5
"Post scheduled trip end time",0,4731,4731,4020.5
"Post scheduled trip end time",0,5550,5550,4020.5
"Post scheduled trip end time",0,3069,3069,4020.5
"Post scheduled trip end time",0,1418,1418,4020.5
"Post scheduled trip end time",0,744,744,4020.5
"Post scheduled trip end time",0,73,73,4020.5
"Post scheduled trip end time",0,16150,16150,4020.5
"Post scheduled trip end time",0,6153,6153,4020.5
"Post scheduled trip end time",0,595,595,4020.5
"Post scheduled trip end time",0,28832,28832,4020.5
"Post scheduled trip end time",0,5149,5149,4020.5
"Post scheduled trip end time",0,8025,8025,4020.5
"Post scheduled trip end time",0,223,223,4020.5
"Post scheduled trip end time",0,25332,25332,4020.5
"Post scheduled trip end time",0,19052,19052,4020.5
"Post scheduled trip end time",0,545,545,4020.5
"Post scheduled trip end time",0,1998,1998,4020.5
"Post scheduled trip end time",0,1044,1044,4020.5
"Post scheduled trip end time",0,26504,26504,4020.5
"Post scheduled trip end time",0,237,237,4020.5
"Post scheduled trip end time",0,5560,5560,4020.5
"Post scheduled trip end time",0,9797,9797,4020.5
"Post scheduled trip end time",0,807,807,4020.5
"Post scheduled trip end time",0,1410,1410,4020.5
"Post scheduled trip end time",0,25,25,4020.5
"Post scheduled trip end time",0,211,211,4020.5
"Post scheduled trip end time",0,298,298,4020.5
"Post scheduled trip end time",0,108,108,4020.5
"Post scheduled trip end time",0,89,89,4020.5
"Post scheduled trip end time",0,21512,21512,4020.5
"Post scheduled trip end time",0,14845,14845,4020.5
"Post scheduled trip end time",0,40,40,4020.5
"Post scheduled trip end time",0,12470,12470,4020.5
"Post scheduled trip end time",0,5414,5414,4020.5
"Post scheduled trip end time",0,7171,7171,4020.5
"Post scheduled trip end time",0,1665,1665,4020.5
"Post scheduled trip end time",0,27592,27592,4020.5
"Post scheduled trip end time",0,6581,6581,4020.5
"Post scheduled trip end time",0,4957,4957,4020.5
"Post scheduled trip end time",0,3994,3994,4020.5
"Post scheduled trip end time",0,26904,26904,4020.5
"Post scheduled trip end time",0,960,960,4020.5
"Post scheduled trip end time",0,3690,3690,4020.5
"Post scheduled trip end time",0,3091,3091,4020.5
"Post scheduled trip end time",0,1748,1748,4020.5
"Post scheduled trip end time",0,1757,1757,4020.5
"Post scheduled trip end time",0,284,284,4020.5
"Post scheduled trip end time",0,2030,2030,4020.5
"Post scheduled trip end time",0,663,663,4020.5
"Post scheduled trip end time",0,1569,1569,4020.5
"Post scheduled trip end time",0,3555,3555,4020.5
"Post scheduled trip end time",0,520668,520668,4020.5
"Post scheduled trip end time",0,20172,20172,4020.5
"Post scheduled trip end time",0,391,391,4020.5
"Post scheduled trip end time",0,688,688,4020.5
"Post scheduled trip end time",0,11670,11670,4020.5
"Post scheduled trip end time",0,533388,533388,4020.5
"Post scheduled trip end time",0,5060,5060,4020.5
"Post scheduled trip end time",0,6132,6132,4020.5
"Post scheduled trip end time",0,1670,1670,4020.5
"Post scheduled trip end time",0,1146,1146,4020.5
"Post scheduled trip end time",0,344,344,4020.5
"Post scheduled trip end time",0,2890,2890,4020.5
"Post scheduled trip end time",0,6827,6827,4020.5
"Post scheduled trip end time",0,151,151,4020.5
"Post scheduled trip end time",0,6,6,4020.5
"Post scheduled trip end time",0,1629,1629,4020.5
"Post scheduled trip end time",0,297,297,4020.5
"Post scheduled trip end time",0,12090,12090,4020.5
"Post scheduled trip end time",0,736,736,4020.5
"Post scheduled trip end time",0,126,126,4020.5
"Post scheduled trip end time",0,1169,1169,4020.5
"Post scheduled trip end time",0,1009,1009,4020.5
"Post scheduled trip end time",0,2678,2678,4020.5
"Post scheduled trip end time",0,1354,1354,4020.5
"Post scheduled trip end time",0,22930,22930,4020.5
"Post scheduled trip end time",0,6750,6750,4020.5
"Post scheduled trip end time",0,14241,14241,4020.5
"Post scheduled trip end time",0,2620,2620,4020.5
"Post scheduled trip end time",0,1374,1374,4020.5
"Post scheduled trip end time",0,3635,3635,4020.5
"Post scheduled trip end time",0,8341,8341,4020.5
"Post scheduled trip end time",0,2832,2832,4020.5
"Post scheduled trip end time",0,1789,1789,4020.5
"Post scheduled trip end time",0,6074,6074,4020.5
"Post scheduled trip end time",0,4589,4589,4020.5
"Post scheduled trip end time",0,634,634,4020.5
"Post scheduled trip end time",0,3240,3240,4020.5
"Post scheduled trip end time",0,3910,3910,4020.5
"Post scheduled trip end time",0,11071,11071,4020.5
"Post scheduled trip end time",0,428,428,4020.5
"Post scheduled trip end time",0,1311,1311,4020.5
"Post scheduled trip end time",0,2034,2034,4020.5
"Post scheduled trip end time",0,9450,9450,4020.5
"Post scheduled trip end time",0,21570,21570,4020.5
"Post scheduled trip end time",0,206,206,4020.5
"Post scheduled trip end time",0,592,592,4020.5
"Post scheduled trip end time",0,22617,22617,4020.5
"Post scheduled trip end time",0,10151,10151,4020.5
"Post scheduled trip end time",0,24510,24510,4020.5
"Post scheduled trip end time",0,17457,17457,4020.5
"Post scheduled trip end time",0,15092,15092,4020.5
"Post scheduled trip end time",0,13358,13358,4020.5
"Post scheduled trip end time",0,8317,8317,4020.5
"Post scheduled trip end time",0,14735,14735,4020.5
"Post scheduled trip end time",0,1358,1358,4020.5
"Post scheduled trip end time",0,113,113,4020.5
"Post scheduled trip end time",0,352,352,4020.5
"Post scheduled trip end time",0,416,416,4020.5
"Post scheduled trip end time",0,13428,13428,4020.5
"Post scheduled trip end time",0,395,395,4020.5
"Post scheduled trip end time",0,2534,2534,4020.5
"Post scheduled trip end time",0,19594,19594,4020.5
"Post scheduled trip end time",0,35252,35252,4020.5
"Post scheduled trip end time",0,29292,29292,4020.5
"Post scheduled trip end time",0,15897,15897,4020.5
"Post scheduled trip end time",0,365,365,4020.5
"Post scheduled trip end time",0,1157,1157,4020.5
"Post scheduled trip end time",0,11017,11017,4020.5
"Post scheduled trip end time",0,7332,7332,4020.5
"Post scheduled trip end time",0,130,130,4020.5
"Post scheduled trip end time",0,14606,14606,4020.5
"Post scheduled trip end time",0,5820,5820,4020.5
"Post scheduled trip end time",0,229,229,4020.5
"Post scheduled trip end time",0,379,379,4020.5
"Post scheduled trip end time",0,268,268,4020.5
"Post scheduled trip end time",0,3912,3912,4020.5
"Post scheduled trip end time",0,86,86,4020.5
"Post scheduled trip end time",0,5361,5361,4020.5
"Post scheduled trip end time",0,177,177,4020.5
"Post scheduled trip end time",0,47,47,4020.5
"Post scheduled trip end time",0,802,802,4020.5
"Post scheduled trip end time",0,3140,3140,4020.5
"Post scheduled trip end time",0,148,148,4020.5
"Post scheduled trip end time",0,25970,25970,4020.5
"Post scheduled trip end time",0,511,511,4020.5
"Post scheduled trip end time",0,520088,520088,4020.5
"Post scheduled trip end time",0,22490,22490,4020.5
"Post scheduled trip end time",0,519608,519608,4020.5
"Post scheduled trip end time",0,2409,2409,4020.5
"Post scheduled trip end time",0,19458,19458,4020.5
"Post scheduled trip end time",0,5429,5429,4020.5
"Post scheduled trip end time",0,6201,6201,4020.5
"Post scheduled trip end time",0,16290,16290,4020.5
"Post scheduled trip end time",0,24150,24150,4020.5
"Post scheduled trip end time",0,16517,16517,4020.5
"Post scheduled trip end time",0,5980,5980,4020.5
"Post scheduled trip end time",0,19406,19406,4020.5
"Post scheduled trip end time",0,12290,12290,4020.5
"Post scheduled trip end time",0,457,457,4020.5
"Post scheduled trip end time",0,18008,18008,4020.5
"Post scheduled trip end time",0,13546,13546,4020.5
"Post scheduled trip end time",0,1478,1478,4020.5
"Post scheduled trip end time",0,22592,22592,4020.5
"Post scheduled trip end time",0,24832,24832,4020.5
"Post scheduled trip end time",0,4691,4691,4020.5
"Post scheduled trip end time",0,3512,3512,4020.5
"Post scheduled trip end time",0,6810,6810,4020.5
"Post scheduled trip end time",0,97,97,4020.5
"Post scheduled trip end time",0,1601,1601,4020.5
"Post scheduled trip end time",0,12170,12170,4020.5
"Post scheduled trip end time",0,6151,6151,4020.5
"Post scheduled trip end time",0,608,608,4020.5
"Post scheduled trip end time",0,2040,2040,4020.5
"Post scheduled trip end time",0,2990,2990,4020.5
"Post scheduled trip end time",0,28230,28230,4020.5
"Post scheduled trip end time",0,2252,2252,4020.5
"Post scheduled trip end time",0,2512,2512,4020.5
"Post scheduled trip end time",0,407,407,4020.5
"Post scheduled trip end time",0,6071,6071,4020.5
"Post scheduled trip end time",0,217,217,4020.5
"Post scheduled trip end time",0,3828,3828,4020.5
"Post scheduled trip end time",0,620,620,4020.5
"Post scheduled trip end time",0,4281,4281,4020.5
"Post scheduled trip end time",0,2596,2596,4020.5
"Post scheduled trip end time",0,3813,3813,4020.5
"Post scheduled trip end time",0,30304,30304,4020.5
"Post scheduled trip end time",0,13725,13725,4020.5
"Post scheduled trip end time",0,806,806,4020.5
"Post scheduled trip end time",0,1192,1192,4020.5
"Post scheduled trip end time",0,17850,17850,4020.5
"Post scheduled trip end time",0,28624,28624,4020.5
"Post scheduled trip end time",0,420,420,4020.5
"Post scheduled trip end time",0,11577,11577,4020.5
"Post scheduled trip end time",0,17288,17288,4020.5
"Post scheduled trip end time",0,7094,7094,4020.5
"Post scheduled trip end time",0,19732,19732,4020.5
"Post scheduled trip end time",0,31090,31090,4020.5
"Post scheduled trip end time",0,279,279,4020.5
"Post scheduled trip end time",0,13997,13997,4020.5
"Post scheduled trip end time",0,2152,2152,4020.5
"Post scheduled trip end time",0,2361,2361,4020.5
"Post scheduled trip end time",0,19697,19697,4020.5
"Post scheduled trip end time",0,524008,524008,4020.5
"Post scheduled trip end time",0,5668,5668,4020.5
"Post scheduled trip end time",0,213,213,4020.5
"Post scheduled trip end time",0,5791,5791,4020.5
"Post scheduled trip end time",0,17446,17446,4020.5
"Post scheduled trip end time",0,1768,1768,4020.5
"Post scheduled trip end time",0,14134,14134,4020.5
"Post scheduled trip end time",0,17537,17537,4020.5
"Post scheduled trip end time",0,14861,14861,4020.5
"Post scheduled trip end time",0,12,12,4020.5
"Post scheduled trip end time",0,142,142,4020.5
"Post scheduled trip end time",0,70,70,4020.5
"Post scheduled trip end time",0,2389,2389,4020.5
"Post scheduled trip end time",0,491949,491949,4020.5
"Post scheduled trip end time",0,149,149,4020.5
"Post scheduled trip end time",0,2368,2368,4020.5
"Post scheduled trip end time",0,33832,33832,4020.5
"Post scheduled trip end time",0,6291,6291,4020.5
"Post scheduled trip end time",0,6781,6781,4020.5
"Post scheduled trip end time",0,7232,7232,4020.5
"Post scheduled trip end time",0,556,556,4020.5
"Post scheduled trip end time",0,5621,5621,4020.5
"Post scheduled trip end time",0,6191,6191,4020.5
"Post scheduled trip end time",0,17498,17498,4020.5
"Post scheduled trip end time",0,6868,6868,4020.5
"Post scheduled trip end time",0,541648,541648,4020.5
"Post scheduled trip end time",0,220,220,4020.5
"Post scheduled trip end time",0,21970,21970,4020.5
"Post scheduled trip end time",0,1333,1333,4020.5
"Post scheduled trip end time",0,300,300,4020.5
"Post scheduled trip end time",0,14401,14401,4020.5
"Post scheduled trip end time",0,5151,5151,4020.5
"Post scheduled trip end time",0,8590,8590,4020.5
"Post scheduled trip end time",0,6157,6157,4020.5
"Post scheduled trip end time",0,13671,13671,4020.5
"Post scheduled trip end time",0,14988,14988,4020.5
"Post scheduled trip end time",0,5090,5090,4020.5
"Post scheduled trip end time",0,26324,26324,4020.5
"Post scheduled trip end time",0,8610,8610,4020.5
"Post scheduled trip end time",0,1245,1245,4020.5
"Post scheduled trip end time",0,19317,19317,4020.5
"Post scheduled trip end time",0,19377,19377,4020.5
"Post scheduled trip end time",0,13577,13577,4020.5
"Post scheduled trip end time",0,6692,6692,4020.5
"Post scheduled trip end time",0,864,864,4020.5
"Post scheduled trip end time",0,12010,12010,4020.5
"Post scheduled trip end time",0,4850,4850,4020.5
"Post scheduled trip end time",0,6990,6990,4020.5
"Post scheduled trip end time",0,8671,8671,4020.5
"Post scheduled trip end time",0,9654,9654,4020.5
"Post scheduled trip end time",0,24532,24532,4020.5
"Post scheduled trip end time",0,9271,9271,4020.5
"Post scheduled trip end time",0,579,579,4020.5
"Post scheduled trip end time",0,1614,1614,4020.5
"Post scheduled trip end time",0,676,676,4020.5
"Post scheduled trip end time",0,56,56,4020.5
"Post scheduled trip end time",0,1661,1661,4020.5
"Post scheduled trip end time",0,5870,5870,4020.5
"Post scheduled trip end time",0,753,753,4020.5
"Post scheduled trip end time",0,11012,11012,4020.5
"Post scheduled trip end time",0,646,646,4020.5
"Post scheduled trip end time",0,1800,1800,4020.5
"Post scheduled trip end time",0,4554,4554,4020.5
"Post scheduled trip end time",0,2854,2854,4020.5
"Post scheduled trip end time",0,14178,14178,4020.5
"Post scheduled trip end time",0,4471,4471,4020.5
"Post scheduled trip end time",0,238,238,4020.5
"Post scheduled trip end time",0,3648,3648,4020.5
"Post scheduled trip end time",0,18491,18491,4020.5
"Post scheduled trip end time",0,1981,1981,4020.5
"Post scheduled trip end time",0,197,197,4020.5
"Post scheduled trip end time",0,2250,2250,4020.5
"Post scheduled trip end time",0,16378,16378,4020.5
"Post scheduled trip end time",0,3817,3817,4020.5
"Post scheduled trip end time",0,15292,15292,4020.5
"Post scheduled trip end time",0,621,621,4020.5
"Post scheduled trip end time",0,7972,7972,4020.5
"Post scheduled trip end time",0,337,337,4020.5
"Post scheduled trip end time",0,30810,30810,4020.5
"Post scheduled trip end time",0,641,641,4020.5
"Post scheduled trip end time",0,914,914,4020.5
"Post scheduled trip end time",0,5491,5491,4020.5
"Post scheduled trip end time",0,495,495,4020.5
"Post scheduled trip end time",0,3949,3949,4020.5
"Post scheduled trip end time",0,3929,3929,4020.5
"Post scheduled trip end time",0,386,386,4020.5
"Post scheduled trip end time",0,4280,4280,4020.5
"Post scheduled trip end time",0,208,208,4020.5
"Post scheduled trip end time",0,5280,5280,4020.5
"Post scheduled trip end time",0,19614,19614,4020.5
"Post scheduled trip end time",0,17317,17317,4020.5
"Post scheduled trip end time",0,527888,527888,4020.5
"Post scheduled trip end time",0,7490,7490,4020.5
"Post scheduled trip end time",0,8190,8190,4020.5
"Post scheduled trip end time",0,2630,2630,4020.5
"Post scheduled trip end time",0,186,186,4020.5
"Post scheduled trip end time",0,277,277,4020.5
"Post scheduled trip end time",0,5594,5594,4020.5
"Post scheduled trip end time",0,8171,8171,4020.5
"Post scheduled trip end time",0,575,575,4020.5
"Post scheduled trip end time",0,9931,9931,4020.5
"Post scheduled trip end time",0,226,226,4020.5
"Post scheduled trip end time",0,-13,-13,4020.5
"Post scheduled trip end time",0,8186,8186,4020.5
"Post scheduled trip end time",0,778,778,4020.5
"Post scheduled trip end time",0,437,437,4020.5
"Post scheduled trip end time",0,3377,3377,4020.5
"Post scheduled trip end time",0,11534,11534,4020.5
"Post scheduled trip end time",0,1155,1155,4020.5
"Post scheduled trip end time",0,508,508,4020.5
"Post scheduled trip end time",0,11,11,4020.5
"Post scheduled trip end time",0,396,396,4020.5
"Post scheduled trip end time",0,7430,7430,4020.5
"Post scheduled trip end time",0,11918,11918,4020.5
"Post scheduled trip end time",0,783,783,4020.5
"Post scheduled trip end time",0,6265,6265,4020.5
"Post scheduled trip end time",0,1106,1106,4020.5
"Post scheduled trip end time",0,3890,3890,4020.5
"Post scheduled trip end time",0,28924,28924,4020.5
"Post scheduled trip end time",0,14,14,4020.5
"Post scheduled trip end time",0,11630,11630,4020.5
"Post scheduled trip end time",0,868,868,4020.5
"Post scheduled trip end time",0,3513,3513,4020.5
"Post scheduled trip end time",0,15501,15501,4020.5
"Post scheduled trip end time",0,4474,4474,4020.5
"Post scheduled trip end time",0,3409,3409,4020.5
"Post scheduled trip end time",0,6985,6985,4020.5
"Post scheduled trip end time",0,1976,1976,4020.5
"Post scheduled trip end time",0,185,185,4020.5
"Post scheduled trip end time",0,14410,14410,4020.5
"Post scheduled trip end time",0,17954,17954,4020.5
"Post scheduled trip end time",0,30104,30104,4020.5
"Post scheduled trip end time",0,26612,26612,4020.5
"Post scheduled trip end time",0,1320,1320,4020.5
"Post scheduled trip end time",0,2574,2574,4020.5
"Post scheduled trip end time",0,410,410,4020.5
"Post scheduled trip end time",0,607,607,4020.5
"Post scheduled trip end time",0,28032,28032,4020.5
"Post scheduled trip end time",0,10294,10294,4020.5
"Post scheduled trip end time",0,121,121,4020.5
"Post scheduled trip end time",0,16030,16030,4020.5
"Post scheduled trip end time",0,1415,1415,4020.5
"Post scheduled trip end time",0,171,171,4020.5
"Post scheduled trip end time",0,874,874,4020.5
"Post scheduled trip end time",0,10111,10111,4020.5
"Post scheduled trip end time",0,21237,21237,4020.5
"Post scheduled trip end time",0,9451,9451,4020.5
"Post scheduled trip end time",0,599,599,4020.5
"Post scheduled trip end time",0,1650,1650,4020.5
"Post scheduled trip end time",0,9530,9530,4020.5
"Post scheduled trip end time",0,4200,4200,4020.5
"Post scheduled trip end time",0,5618,5618,4020.5
"Post scheduled trip end time",0,777,777,4020.5
"Post scheduled trip end time",0,77,77,4020.5
"Post scheduled trip end time",0,311,311,4020.5
"Post scheduled trip end time",0,1576,1576,4020.5
"Post scheduled trip end time",0,650,650,4020.5
"Post scheduled trip end time",0,168,168,4020.5
"Post scheduled trip end time",0,61,61,4020.5
"Post scheduled trip end time",0,2796,2796,4020.5
"Post scheduled trip end time",0,8431,8431,4020.5
"Post scheduled trip end time",0,2330,2330,4020.5
"Post scheduled trip end time",0,30624,30624,4020.5
"Post scheduled trip end time",0,356,356,4020.5
"Post scheduled trip end time",0,10148,10148,4020.5
"Post scheduled trip end time",0,11846,11846,4020.5
"Post scheduled trip end time",0,483,483,4020.5
"Post scheduled trip end time",0,170,170,4020.5
"Post scheduled trip end time",0,2547,2547,4020.5
"Post scheduled trip end time",0,16470,16470,4020.5
"Post scheduled trip end time",0,6431,6431,4020.5
"Post scheduled trip end time",0,5,5,4020.5
"Post scheduled trip end time",0,13410,13410,4020.5
"Post scheduled trip end time",0,20746,20746,4020.5
"Post scheduled trip end time",0,301,301,4020.5
"Post scheduled trip end time",0,1286,1286,4020.5
"Post scheduled trip end time",0,2334,2334,4020.5
"Post scheduled trip end time",0,16558,16558,4020.5
"Post scheduled trip end time",0,18772,18772,4020.5
"Post scheduled trip end time",0,4911,4911,4020.5
"Post scheduled trip end time",0,532,532,4020.5
"Post scheduled trip end time",0,2461,2461,4020.5
"Post scheduled trip end time",0,1772,1772,4020.5
"Post scheduled trip end time",0,5369,5369,4020.5
"Post scheduled trip end time",0,8574,8574,4020.5
"Post scheduled trip end time",0,11801,11801,4020.5
"Post scheduled trip end time",0,9665,9665,4020.5
"Post scheduled trip end time",0,1521,1521,4020.5
"Post scheduled trip end time",0,7981,7981,4020.5
"Post scheduled trip end time",0,1244,1244,4020.5
"Post scheduled trip end time",0,1654,1654,4020.5
"Post scheduled trip end time",0,1190,1190,4020.5
"Post scheduled trip end time",0,1577,1577,4020.5
"Post scheduled trip end time",0,4389,4389,4020.5
"Post scheduled trip end time",0,746,746,4020.5
"Post scheduled trip end time",0,31192,31192,4020.5
"Post scheduled trip end time",0,5778,5778,4020.5
"Post scheduled trip end time",0,444,444,4020.5
"Post scheduled trip end time",0,358,358,4020.5
"Post scheduled trip end time",0,767,767,4020.5
"Post scheduled trip end time",0,1091,1091,4020.5
"Post scheduled trip end time",0,8838,8838,4020.5
"Post scheduled trip end time",0,5938,5938,4020.5
"Post scheduled trip end time",0,12566,12566,4020.5
"Post scheduled trip end time",0,6686,6686,4020.5
"Post scheduled trip end time",0,6905,6905,4020.5
"Post scheduled trip end time",0,8601,8601,4020.5
"Post scheduled trip end time",0,15721,15721,4020.5
"Post scheduled trip end time",0,10911,10911,4020.5
"Post scheduled trip end time",0,12672,12672,4020.5
"Post scheduled trip end time",0,350,350,4020.5
"Post scheduled trip end time",0,155,155,4020.5
"Post scheduled trip end time",0,7154,7154,4020.5
"Post scheduled trip end time",0,6180,6180,4020.5
"Post scheduled trip end time",0,28292,28292,4020.5
"Post scheduled trip end time",0,9791,9791,4020.5
"Post scheduled trip end time",0,355,355,4020.5
"Post scheduled trip end time",0,19892,19892,4020.5
"Post scheduled trip end time",0,2198,2198,4020.5
"Post scheduled trip end time",0,3986,3986,4020.5
"Post scheduled trip end time",0,6974,6974,4020.5
"Post scheduled trip end time",0,414,414,4020.5
"Post scheduled trip end time",0,3157,3157,4020.5
"Post scheduled trip end time",0,10757,10757,4020.5
"Post scheduled trip end time",0,1206,1206,4020.5
"Post scheduled trip end time",0,377,377,4020.5
"Post scheduled trip end time",0,8871,8871,4020.5
"Post scheduled trip end time",0,4877,4877,4020.5
"Post scheduled trip end time",0,523248,523248,4020.5
"Post scheduled trip end time",0,10425,10425,4020.5
"Post scheduled trip end time",0,1508,1508,4020.5
"Post scheduled trip end time",0,1664,1664,4020.5
"Post scheduled trip end time",0,181,181,4020.5
"Post scheduled trip end time",0,6032,6032,4020.5
"Post scheduled trip end time",0,6386,6386,4020.5
"Post scheduled trip end time",0,9217,9217,4020.5
"Post scheduled trip end time",0,1295,1295,4020.5
"Post scheduled trip end time",0,517,517,4020.5
"Post scheduled trip end time",0,900,900,4020.5
"Post scheduled trip end time",0,7050,7050,4020.5
"Post scheduled trip end time",0,11052,11052,4020.5
"Post scheduled trip end time",0,564,564,4020.5
"Post scheduled trip end time",0,10001,10001,4020.5
"Post scheduled trip end time",0,7561,7561,4020.5
"Post scheduled trip end time",0,543,543,4020.5
"Post scheduled trip end time",0,17570,17570,4020.5
"Post scheduled trip end time",0,13574,13574,4020.5
"Post scheduled trip end time",0,1730,1730,4020.5
"Post scheduled trip end time",0,175,175,4020.5
"Post scheduled trip end time",0,119,119,4020.5
"Post scheduled trip end time",0,3395,3395,4020.5
"Post scheduled trip end time",0,372,372,4020.5
"Post scheduled trip end time",0,28670,28670,4020.5
"Post scheduled trip end time",0,209915,209915,4020.5
"Post scheduled trip end time",0,19714,19714,4020.5
"Post scheduled trip end time",0,62,62,4020.5
"Post scheduled trip end time",0,246,246,4020.5
"Post scheduled trip end time",0,10614,10614,4020.5
"Post scheduled trip end time",0,497,497,4020.5
"Post scheduled trip end time",0,8331,8331,4020.5
"Post scheduled trip end time",0,7281,7281,4020.5
"Post scheduled trip end time",0,132,132,4020.5
"Post scheduled trip end time",0,2290,2290,4020.5
"Post scheduled trip end time",0,805,805,4020.5
"Post scheduled trip end time",0,16390,16390,4020.5
"Post scheduled trip end time",0,455,455,4020.5
"Post scheduled trip end time",0,12626,12626,4020.5
"Post scheduled trip end time",0,26044,26044,4020.5
"Post scheduled trip end time",0,31470,31470,4020.5
"Post scheduled trip end time",0,5511,5511,4020.5
"Post scheduled trip end time",0,2501,2501,4020.5
"Post scheduled trip end time",0,55,55,4020.5
"Post scheduled trip end time",0,498,498,4020.5
"Post scheduled trip end time",0,7314,7314,4020.5
"Post scheduled trip end time",0,32892,32892,4020.5
"Post scheduled trip end time",0,12490,12490,4020.5
"Post scheduled trip end time",0,8077,8077,4020.5
"Post scheduled trip end time",0,29330,29330,4020.5
"Post scheduled trip end time",0,521428,521428,4020.5
"Post scheduled trip end time",0,369,369,4020.5
"Post scheduled trip end time",0,4330,4330,4020.5
"Post scheduled trip end time",0,1474,1474,4020.5
"Post scheduled trip end time",0,4710,4710,4020.5
"Post scheduled trip end time",0,20466,20466,4020.5
"Post scheduled trip end time",0,166,166,4020.5
"Post scheduled trip end time",0,265,265,4020.5
"Post scheduled trip end time",0,6021,6021,4020.5
"Post scheduled trip end time",0,5494,5494,4020.5
"Post scheduled trip end time",0,9270,9270,4020.5
"Post scheduled trip end time",0,2439,2439,4020.5
"Post scheduled trip end time",0,2138,2138,4020.5
"Post scheduled trip end time",0,1014,1014,4020.5
"Post scheduled trip end time",0,829,829,4020.5
"Post scheduled trip end time",0,502,502,4020.5
"Post scheduled trip end time",0,26130,26130,4020.5
"Post scheduled trip end time",0,9590,9590,4020.5
"Post scheduled trip end time",0,22832,22832,4020.5
"Post scheduled trip end time",0,13117,13117,4020.5
"Post scheduled trip end time",0,594,594,4020.5
"Post scheduled trip end time",0,28544,28544,4020.5
"Post scheduled trip end time",0,4889,4889,4020.5
"Post scheduled trip end time",0,16878,16878,4020.5
"Post scheduled trip end time",0,1346,1346,4020.5
"Post scheduled trip end time",0,6940,6940,4020.5
"Post scheduled trip end time",0,3088,3088,4020.5
"Post scheduled trip end time",0,862,862,4020.5
"Post scheduled trip end time",0,54,54,4020.5
"Post scheduled trip end time",0,1029,1029,4020.5
"Post scheduled trip end time",0,422,422,4020.5
"Post scheduled trip end time",0,11540,11540,4020.5
"Post scheduled trip end time",0,18512,18512,4020.5
"Post scheduled trip end time",0,707,707,4020.5
"Post scheduled trip end time",0,116,116,4020.5
"Post scheduled trip end time",0,847,847,4020.5
"Post scheduled trip end time",0,8460,8460,4020.5
"Post scheduled trip end time",0,535668,535668,4020.5
"Post scheduled trip end time",0,540,540,4020.5
"Post scheduled trip end time",0,3480,3480,4020.5
"Post scheduled trip end time",0,6928,6928,4020.5
"Post scheduled trip end time",0,16425,16425,4020.5
"Post scheduled trip end time",0,7560,7560,4020.5
"Post scheduled trip end time",0,20394,20394,4020.5
"Post scheduled trip end time",0,276,276,4020.5
"Post scheduled trip end time",0,16006,16006,4020.5
"Post scheduled trip end time",0,230,230,4020.5
"Post scheduled trip end time",0,28550,28550,4020.5
"Post scheduled trip end time",0,514,514,4020.5
"Post scheduled trip end time",0,18852,18852,4020.5
"Post scheduled trip end time",0,9712,9712,4020.5
"Post scheduled trip end time",0,204,204,4020.5
"Post scheduled trip end time",0,288,288,4020.5
"Post scheduled trip end time",0,7557,7557,4020.5
"Post scheduled trip end time",0,889,889,4020.5
"Post scheduled trip end time",0,4840,4840,4020.5
"Post scheduled trip end time",0,4901,4901,4020.5
"Post scheduled trip end time",0,292,292,4020.5
"Post scheduled trip end time",0,560,560,4020.5
"Post scheduled trip end time",0,34432,34432,4020.5
"Post scheduled trip end time",0,669,669,4020.5
"Post scheduled trip end time",0,334,334,4020.5
"Post scheduled trip end time",0,1688,1688,4020.5
"Post scheduled trip end time",0,5551,5551,4020.5
"Post scheduled trip end time",0,2578,2578,4020.5
"Post scheduled trip end time",0,6901,6901,4020.5
"Post scheduled trip end time",0,724,724,4020.5
"Post scheduled trip end time",0,13134,13134,4020.5
"Post scheduled trip end time",0,4417,4417,4020.5
"Post scheduled trip end time",0,14150,14150,4020.5
"Post scheduled trip end time",0,-6,-6,4020.5
"Post scheduled trip end time",0,17997,17997,4020.5
"Post scheduled trip end time",0,18997,18997,4020.5
"Post scheduled trip end time",0,18532,18532,4020.5
"Post scheduled trip end time",0,583,583,4020.5
"Post scheduled trip end time",0,1168,1168,4020.5
"Post scheduled trip end time",0,25084,25084,4020.5
"Post scheduled trip end time",0,725,725,4020.5
"Post scheduled trip end time",0,8650,8650,4020.5
"Post scheduled trip end time",0,5160,5160,4020.5
"Post scheduled trip end time",0,12312,12312,4020.5
"Post scheduled trip end time",0,145,145,4020.5
"Post scheduled trip end time",0,1541,1541,4020.5
"Post scheduled trip end time",0,15150,15150,4020.5
"Post scheduled trip end time",0,32292,32292,4020.5
"Post scheduled trip end time",0,2440,2440,4020.5
"Post scheduled trip end time",0,958,958,4020.5
"Post scheduled trip end time",0,335,335,4020.5
"Post scheduled trip end time",0,529228,529228,4020.5
"Post scheduled trip end time",0,2094,2094,4020.5
"Post scheduled trip end time",0,13668,13668,4020.5
"Post scheduled trip end time",0,3934,3934,4020.5
"Post scheduled trip end time",0,4092,4092,4020.5
"Post scheduled trip end time",0,27,27,4020.5
"Post scheduled trip end time",0,1278,1278,4020.5
"Post scheduled trip end time",0,330,330,4020.5
"Post scheduled trip end time",0,212,212,4020.5
"Post scheduled trip end time",0,17405,17405,4020.5
"Post scheduled trip end time",0,959,959,4020.5
"Post scheduled trip end time",0,325,325,4020.5
"Post scheduled trip end time",0,12366,12366,4020.5
"Post scheduled trip end time",0,8511,8511,4020.5
"Post scheduled trip end time",0,240,240,4020.5
"Post scheduled trip end time",0,8252,8252,4020.5
"Post scheduled trip end time",0,14261,14261,4020.5
"Post scheduled trip end time",0,4003,4003,4020.5
"Post scheduled trip end time",0,18674,18674,4020.5
"Post scheduled trip end time",0,34972,34972,4020.5
"Post scheduled trip end time",0,913,913,4020.5
"Post scheduled trip end time",0,167,167,4020.5
"Post scheduled trip end time",0,11201,11201,4020.5
"Post scheduled trip end time",0,3460,3460,4020.5
"Post scheduled trip end time",0,413,413,4020.5
"Post scheduled trip end time",0,9961,9961,4020.5
"Post scheduled trip end time",0,7217,7217,4020.5
"Post scheduled trip end time",0,7078,7078,4020.5
"Post scheduled trip end time",0,5688,5688,4020.5
"Post scheduled trip end time",0,2378,2378,4020.5
"Post scheduled trip end time",0,618,618,4020.5
"Post scheduled trip end time",0,15250,15250,4020.5
"Post scheduled trip end time",0,18690,18690,4020.5
"Post scheduled trip end time",0,12631,12631,4020.5
"Post scheduled trip end time",0,554,554,4020.5
"Post scheduled trip end time",0,7570,7570,4020.5
"Post scheduled trip end time",0,1950,1950,4020.5
"Post scheduled trip end time",0,1733,1733,4020.5
"Post scheduled trip end time",0,32250,32250,4020.5
"Post scheduled trip end time",0,15977,15977,4020.5
"Post scheduled trip end time",0,4161,4161,4020.5
"Post scheduled trip end time",0,5808,5808,4020.5
"Post scheduled trip end time",0,1399,1399,4020.5
"Post scheduled trip end time",0,21612,21612,4020.5
"Post scheduled trip end time",0,794,794,4020.5
"Post scheduled trip end time",0,19912,19912,4020.5
"Post scheduled trip end time",0,697,697,4020.5
"Post scheduled trip end time",0,649,649,4020.5
"Post scheduled trip end time",0,446,446,4020.5
"Post scheduled trip end time",0,303,303,4020.5
"Post scheduled trip end time",0,1621,1621,4020.5
"Post scheduled trip end time",0,977,977,4020.5
"Post scheduled trip end time",0,1618,1618,4020.5
"Post scheduled trip end time",0,8531,8531,4020.5
"Post scheduled trip end time",0,267,267,4020.5
"Post scheduled trip end time",0,10810,10810,4020.5
"Post scheduled trip end time",0,31332,31332,4020.5
"Post scheduled trip end time",0,3274,3274,4020.5
"Post scheduled trip end time",0,536488,536488,4020.5
"Post scheduled trip end time",0,183,183,4020.5
"Post scheduled trip end time",0,87,87,4020.5
"Post scheduled trip end time",0,15570,15570,4020.5
"Post scheduled trip end time",0,157,157,4020.5
"Post scheduled trip end time",0,7361,7361,4020.5
"Post scheduled trip end time",0,7986,7986,4020.5
"Post scheduled trip end time",0,950,950,4020.5
"Post scheduled trip end time",0,21732,21732,4020.5
"Post scheduled trip end time",0,367,367,4020.5
"Post scheduled trip end time",0,454,454,4020.5
"Post scheduled trip end time",0,339,339,4020.5
"Post scheduled trip end time",0,1055,1055,4020.5
"Post scheduled trip end time",0,644,644,4020.5
"Post scheduled trip end time",0,19566,19566,4020.5
"Post scheduled trip end time",0,25330,25330,4020.5
"Post scheduled trip end time",0,21752,21752,4020.5
"Post scheduled trip end time",0,29,29,4020.5
"Post scheduled trip end time",0,450,450,4020.5
"Post scheduled trip end time",0,5730,5730,4020.5
"Post scheduled trip end time",0,1723,1723,4020.5
"Post scheduled trip end time",0,1677,1677,4020.5
"Post scheduled trip end time",0,199,199,4020.5
"Post scheduled trip end time",0,419,419,4020.5
"Post scheduled trip end time",0,11310,11310,4020.5
"Post scheduled trip end time",0,15845,15845,4020.5
"Post scheduled trip end time",0,892,892,4020.5
"Post scheduled trip end time",0,18497,18497,4020.5
"Post scheduled trip end time",0,322,322,4020.5
"Post scheduled trip end time",0,716,716,4020.5
"Post scheduled trip end time",0,8210,8210,4020.5
"Post scheduled trip end time",0,7211,7211,4020.5
"Post scheduled trip end time",0,22252,22252,4020.5
"Post scheduled trip end time",0,2549,2549,4020.5
"Post scheduled trip end time",0,12812,12812,4020.5
"Post scheduled trip end time",0,1338,1338,4020.5
"Post scheduled trip end time",0,21898,21898,4020.5
"Post scheduled trip end time",0,519708,519708,4020.5
"Post scheduled trip end time",0,877,877,4020.5
"Post scheduled trip end time",0,373,373,4020.5
"Post scheduled trip end time",0,4005,4005,4020.5
"Post scheduled trip end time",0,1548,1548,4020.5
"Post scheduled trip end time",0,163,163,4020.5
"Post scheduled trip end time",0,25152,25152,4020.5
"Post scheduled trip end time",0,1341,1341,4020.5
"Post scheduled trip end time",0,72,72,4020.5
"Post scheduled trip end time",0,342,342,4020.5
"Post scheduled trip end time",0,547,547,4020.5
"Post scheduled trip end time",0,5930,5930,4020.5
"Post scheduled trip end time",0,16581,16581,4020.5
"Post scheduled trip end time",0,232,232,4020.5
"Post scheduled trip end time",0,531188,531188,4020.5
"Post scheduled trip end time",0,616,616,4020.5
"Post scheduled trip end time",0,68,68,4020.5
"Post scheduled trip end time",0,104,104,4020.5
"Post scheduled trip end time",0,66,66,4020.5
"Post scheduled trip end time",0,11158,11158,4020.5
"Post scheduled trip end time",0,117,117,4020.5
"Post scheduled trip end time",0,13191,13191,4020.5
"Post scheduled trip end time",0,6978,6978,4020.5
"Post scheduled trip end time",0,114,114,4020.5
"Post scheduled trip end time",0,7527,7527,4020.5
"Post scheduled trip end time",0,5794,5794,4020.5
"Post scheduled trip end time",0,11148,11148,4020.5
"Post scheduled trip end time",0,558,558,4020.5
"Post scheduled trip end time",0,617,617,4020.5
"Post scheduled trip end time",0,17474,17474,4020.5
"Post scheduled trip end time",0,741,741,4020.5
"Post scheduled trip end time",0,23364,23364,4020.5
"Post scheduled trip end time",0,6550,6550,4020.5
"Post scheduled trip end time",0,84,84,4020.5
"Post scheduled trip end time",0,30052,30052,4020.5
"Post scheduled trip end time",0,5241,5241,4020.5
"Post scheduled trip end time",0,16550,16550,4020.5
"Post scheduled trip end time",0,11826,11826,4020.5
"Post scheduled trip end time",0,3321,3321,4020.5
"Post scheduled trip end time",0,3786,3786,4020.5
"Post scheduled trip end time",0,280,280,4020.5
"Post scheduled trip end time",0,1448,1448,4020.5
"Post scheduled trip end time",0,754,754,4020.5
"Post scheduled trip end time",0,15894,15894,4020.5
"Post scheduled trip end time",0,8818,8818,4020.5
"Post scheduled trip end time",0,24072,24072,4020.5
"Post scheduled trip end time",0,1219,1219,4020.5
"Post scheduled trip end time",0,32,32,4020.5
"Post scheduled trip end time",0,63,63,4020.5
"Post scheduled trip end time",0,3766,3766,4020.5
"Post scheduled trip end time",0,160,160,4020.5
"Post scheduled trip end time",0,259,259,4020.5
"Post scheduled trip end time",0,25064,25064,4020.5
"Post scheduled trip end time",0,1025,1025,4020.5
"Post scheduled trip end time",0,515,515,4020.5
"Post scheduled trip end time",0,1099,1099,4020.5
"Post scheduled trip end time",0,1097,1097,4020.5
"Post scheduled trip end time",0,718,718,4020.5
"Post scheduled trip end time",0,9234,9234,4020.5
"Post scheduled trip end time",0,6921,6921,4020.5
"Post scheduled trip end time",0,1283,1283,4020.5
"Post scheduled trip end time",0,1626,1626,4020.5
"Post scheduled trip end time",0,628,628,4020.5
"Post scheduled trip end time",0,316,316,4020.5
"Post scheduled trip end time",0,1648,1648,4020.5
"Post scheduled trip end time",0,13850,13850,4020.5
"Post scheduled trip end time",0,2897,2897,4020.5
"Post scheduled trip end time",0,9531,9531,4020.5
"Post scheduled trip end time",0,2050,2050,4020.5
"Post scheduled trip end time",0,5934,5934,4020.5
"Post scheduled trip end time",0,20214,20214,4020.5
"Post scheduled trip end time",0,153,153,4020.5
"Post scheduled trip end time",0,310,310,4020.5
"Post scheduled trip end time",0,17752,17752,4020.5
"Post scheduled trip end time",0,10172,10172,4020.5
"Post scheduled trip end time",0,3421,3421,4020.5
"Post scheduled trip end time",0,1218,1218,4020.5
"Post scheduled trip end time",0,1658,1658,4020.5
"Post scheduled trip end time",0,289,289,4020.5
"Post scheduled trip end time",0,989,989,4020.5
"Post scheduled trip end time",0,9332,9332,4020.5
"Post scheduled trip end time",0,6081,6081,4020.5
"Post scheduled trip end time",0,8630,8630,4020.5
"Post scheduled trip end time",0,823,823,4020.5
"Post scheduled trip end time",0,613,613,4020.5
"Post scheduled trip end time",0,7971,7971,4020.5
"Post scheduled trip end time",0,1449,1449,4020.5
"Post scheduled trip end time",0,565,565,4020.5
"Post scheduled trip end time",0,242,242,4020.5
"Post scheduled trip end time",0,894,894,4020.5
"Post scheduled trip end time",0,8110,8110,4020.5
"Post scheduled trip end time",0,14532,14532,4020.5
"Post scheduled trip end time",0,3700,3700,4020.5
"Post scheduled trip end time",0,8891,8891,4020.5
"Post scheduled trip end time",0,3821,3821,4020.5
"Post scheduled trip end time",0,3154,3154,4020.5
"Post scheduled trip end time",0,27690,27690,4020.5
"Post scheduled trip end time",0,16790,16790,4020.5
"Post scheduled trip end time",0,1545,1545,4020.5
"Post scheduled trip end time",0,16194,16194,4020.5
"Post scheduled trip end time",0,11932,11932,4020.5
"Post scheduled trip end time",0,5710,5710,4020.5
"Post scheduled trip end time",0,27924,27924,4020.5
"Post scheduled trip end time",0,7077,7077,4020.5
"Post scheduled trip end time",0,314,314,4020.5
"Post scheduled trip end time",0,272,272,4020.5
"Post scheduled trip end time",0,5169,5169,4020.5
"Post scheduled trip end time",0,10694,10694,4020.5
"Post scheduled trip end time",0,5557,5557,4020.5
"Post scheduled trip end time",0,3820,3820,4020.5
"Post scheduled trip end time",0,3921,3921,4020.5
"Post scheduled trip end time",0,962,962,4020.5
"Post scheduled trip end time",0,6553,6553,4020.5
"Post scheduled trip end time",0,29810,29810,4020.5
"Post scheduled trip end time",0,597,597,4020.5
"Post scheduled trip end time",0,7551,7551,4020.5
"Post scheduled trip end time",0,5181,5181,4020.5
"Post scheduled trip end time",0,4206,4206,4020.5
"Post scheduled trip end time",0,6532,6532,4020.5
"Post scheduled trip end time",0,4749,4749,4020.5
"Post scheduled trip end time",0,1104,1104,4020.5
"Post scheduled trip end time",0,4108,4108,4020.5
"Post scheduled trip end time",0,10831,10831,4020.5
"Post scheduled trip end time",0,18850,18850,4020.5
"Post scheduled trip end time",0,19370,19370,4020.5
"Post scheduled trip end time",0,657,657,4020.5
"Post scheduled trip end time",0,1997,1997,4020.5
"Post scheduled trip end time",0,580,580,4020.5
"Post scheduled trip end time",0,5935,5935,4020.5
"Post scheduled trip end time",0,7054,7054,4020.5
"Post scheduled trip end time",0,7794,7794,4020.5
"Post scheduled trip end time",0,14321,14321,4020.5
"Post scheduled trip end time",0,3708,3708,4020.5
"Post scheduled trip end time",0,13506,13506,4020.5
"Post scheduled trip end time",0,129,129,4020.5
"Post scheduled trip end time",0,13494,13494,4020.5
"Post scheduled trip end time",0,6614,6614,4020.5
"Post scheduled trip end time",0,5941,5941,4020.5
"Post scheduled trip end time",0,530,530,4020.5
"Post scheduled trip end time",0,4932,4932,4020.5
"Post scheduled trip end time",0,8030,8030,4020.5
"Post scheduled trip end time",0,26584,26584,4020.5
"Post scheduled trip end time",0,24230,24230,4020.5
"Post scheduled trip end time",0,1257,1257,4020.5
"Post scheduled trip end time",0,8941,8941,4020.5
"Post scheduled trip end time",0,3532,3532,4020.5
"Post scheduled trip end time",0,16837,16837,4020.5
"Post scheduled trip end time",0,6185,6185,4020.5
"Post scheduled trip end time",0,30730,30730,4020.5
"Post scheduled trip end time",0,25010,25010,4020.5
"Post scheduled trip end time",0,23550,23550,4020.5
"Post scheduled trip end time",0,3100,3100,4020.5
"Post scheduled trip end time",0,219,219,4020.5
"Post scheduled trip end time",0,16345,16345,4020.5
"Post scheduled trip end time",0,408,408,4020.5
"Post scheduled trip end time",0,1778,1778,4020.5
"Post scheduled trip end time",0,14761,14761,4020.5
"Post scheduled trip end time",0,9720,9720,4020.5
"Post scheduled trip end time",0,875,875,4020.5
"Post scheduled trip end time",0,3092,3092,4020.5
"Post scheduled trip end time",0,17385,17385,4020.5
"Post scheduled trip end time",0,1538,1538,4020.5
"Post scheduled trip end time",0,147,147,4020.5
"Post scheduled trip end time",0,22130,22130,4020.5
"Post scheduled trip end time",0,1594,1594,4020.5
"Post scheduled trip end time",0,3551,3551,4020.5
"Post scheduled trip end time",0,20510,20510,4020.5
"Post scheduled trip end time",0,8141,8141,4020.5
"Post scheduled trip end time",0,2105,2105,4020.5
"Post scheduled trip end time",0,9972,9972,4020.5
"Post scheduled trip end time",0,672,672,4020.5
"Post scheduled trip end time",0,103,103,4020.5
"Post scheduled trip end time",0,210,210,4020.5
"Post scheduled trip end time",0,1568,1568,4020.5
"Post scheduled trip end time",0,1095,1095,4020.5
"Post scheduled trip end time",0,2901,2901,4020.5
"Post scheduled trip end time",0,16671,16671,4020.5
"Post scheduled trip end time",0,304,304,4020.5
"Post scheduled trip end time",0,475,475,4020.5
"Post scheduled trip end time",0,988,988,4020.5
"Post scheduled trip end time",0,1414,1414,4020.5
"Post scheduled trip end time",0,368,368,4020.5
"Post scheduled trip end time",0,12374,12374,4020.5
"Post scheduled trip end time",0,529168,529168,4020.5
"Post scheduled trip end time",0,586,586,4020.5
"Post scheduled trip end time",0,18514,18514,4020.5
"Post scheduled trip end time",0,2809,2809,4020.5
"Post scheduled trip end time",0,176,176,4020.5
"Post scheduled trip end time",0,770,770,4020.5
"Post scheduled trip end time",0,22472,22472,4020.5
"Post scheduled trip end time",0,7630,7630,4020.5
"Post scheduled trip end time",0,15770,15770,4020.5
"Post scheduled trip end time",0,4631,4631,4020.5
"Post scheduled trip end time",0,496,496,4020.5
"Post scheduled trip end time",0,12792,12792,4020.5
"Post scheduled trip end time",0,480,480,4020.5
"Post scheduled trip end time",0,15230,15230,4020.5
"Post scheduled trip end time",0,29824,29824,4020.5
"Post scheduled trip end time",0,15477,15477,4020.5
"Post scheduled trip end time",0,15890,15890,4020.5
"Post scheduled trip end time",0,144,144,4020.5
"Post scheduled trip end time",0,15410,15410,4020.5
"Post scheduled trip end time",0,354,354,4020.5
"Post scheduled trip end time",0,20250,20250,4020.5
"Post scheduled trip end time",0,10360,10360,4020.5
"Post scheduled trip end time",0,16712,16712,4020.5
"Post scheduled trip end time",0,520168,520168,4020.5
"Post scheduled trip end time",0,7317,7317,4020.5
"Post scheduled trip end time",0,14632,14632,4020.5
"Post scheduled trip end time",0,2078,2078,4020.5
"Post scheduled trip end time",0,1269,1269,4020.5
"Post scheduled trip end time",0,10990,10990,4020.5
"Post scheduled trip end time",0,11390,11390,4020.5
"Post scheduled trip end time",0,14255,14255,4020.5
"Post scheduled trip end time",0,1718,1718,4020.5
"Post scheduled trip end time",0,4378,4378,4020.5
"Post scheduled trip end time",0,15452,15452,4020.5
"Post scheduled trip end time",0,4312,4312,4020.5
"Post scheduled trip end time",0,27684,27684,4020.5
"Post scheduled trip end time",0,-10,-10,4020.5
"Post scheduled trip end time",0,13201,13201,4020.5
"Post scheduled trip end time",0,12654,12654,4020.5
"Post scheduled trip end time",0,6272,6272,4020.5
"Post scheduled trip end time",0,566,566,4020.5
"Post scheduled trip end time",0,693,693,4020.5
"Post scheduled trip end time",0,2521,2521,4020.5
"Post scheduled trip end time",0,85,85,4020.5
"Post scheduled trip end time",0,30,30,4020.5
"Post scheduled trip end time",0,11170,11170,4020.5
"Post scheduled trip end time",0,2109,2109,4020.5
"Post scheduled trip end time",0,5740,5740,4020.5
"Post scheduled trip end time",0,128,128,4020.5
"Post scheduled trip end time",0,13752,13752,4020.5
"Post scheduled trip end time",0,2961,2961,4020.5
"Post scheduled trip end time",0,5841,5841,4020.5
"Post scheduled trip end time",0,64,64,4020.5
"Post scheduled trip end time",0,25264,25264,4020.5
"Post scheduled trip end time",0,3475,3475,4020.5
"Post scheduled trip end time",0,12214,12214,4020.5
"Post scheduled trip end time",0,589,589,4020.5
"Post scheduled trip end time",0,11001,11001,4020.5
"Post scheduled trip end time",0,10845,10845,4020.5
"Post scheduled trip end time",0,1210,1210,4020.5
"Post scheduled trip end time",0,5873,5873,4020.5
"Post scheduled trip end time",0,4739,4739,4020.5
"Post scheduled trip end time",0,576,576,4020.5
"Post scheduled trip end time",0,4285,4285,4020.5
"Post scheduled trip end time",0,7510,7510,4020.5
"Post scheduled trip end time",0,29484,29484,4020.5
"Post scheduled trip end time",0,1042,1042,4020.5
"Post scheduled trip end time",0,10285,10285,4020.5
"Post scheduled trip end time",0,840,840,4020.5
"Post scheduled trip end time",0,25324,25324,4020.5
"Post scheduled trip end time",0,1746,1746,4020.5
"Post scheduled trip end time",0,29792,29792,4020.5
"Post scheduled trip end time",0,9398,9398,4020.5
"Post scheduled trip end time",0,5440,5440,4020.5
"Post scheduled trip end time",0,1369,1369,4020.5
"Post scheduled trip end time",0,4561,4561,4020.5
"Post scheduled trip end time",0,3990,3990,4020.5
"Post scheduled trip end time",0,12748,12748,4020.5
"Post scheduled trip end time",0,7225,7225,4020.5
"Post scheduled trip end time",0,15565,15565,4020.5
"Post scheduled trip end time",0,10932,10932,4020.5
"Post scheduled trip end time",0,2414,2414,4020.5
"Post scheduled trip end time",0,224,224,4020.5
"Post scheduled trip end time",0,1214,1214,4020.5
"Post scheduled trip end time",0,1037,1037,4020.5
"Post scheduled trip end time",0,14906,14906,4020.5
"Post scheduled trip end time",0,6837,6837,4020.5
"Post scheduled trip end time",0,2730,2730,4020.5
"Post scheduled trip end time",0,366,366,4020.5
"Post scheduled trip end time",0,10874,10874,4020.5
"Post scheduled trip end time",0,4858,4858,4020.5
"Post scheduled trip end time",0,4958,4958,4020.5
"Post scheduled trip end time",0,20437,20437,4020.5
"Post scheduled trip end time",0,1246,1246,4020.5
"Post scheduled trip end time",0,11250,11250,4020.5
"Post scheduled trip end time",0,27570,27570,4020.5
"Post scheduled trip end time",0,2649,2649,4020.5
"Post scheduled trip end time",0,32270,32270,4020.5
"Post scheduled trip end time",0,7431,7431,4020.5
"Post scheduled trip end time",0,3577,3577,4020.5
"Post scheduled trip end time",0,46,46,4020.5
"Post scheduled trip end time",0,1767,1767,4020.5
"Post scheduled trip end time",0,12181,12181,4020.5
"Post scheduled trip end time",0,518,518,4020.5
"Post scheduled trip end time",0,923,923,4020.5
"Post scheduled trip end time",0,677,677,4020.5
"Post scheduled trip end time",0,549,549,4020.5
"Post scheduled trip end time",0,1188,1188,4020.5
"Post scheduled trip end time",0,19094,19094,4020.5
"Post scheduled trip end time",0,13294,13294,4020.5
"Post scheduled trip end time",0,205,205,4020.5
"Post scheduled trip end time",0,10771,10771,4020.5
"Post scheduled trip end time",0,703,703,4020.5
"Post scheduled trip end time",0,5100,5100,4020.5
"Post scheduled trip end time",0,6410,6410,4020.5
"Post scheduled trip end time",0,14554,14554,4020.5
"Post scheduled trip end time",0,12951,12951,4020.5
"Post scheduled trip end time",0,7474,7474,4020.5
"Post scheduled trip end time",0,4834,4834,4020.5
"Post scheduled trip end time",0,2535,2535,4020.5
"Post scheduled trip end time",0,2581,2581,4020.5
"Post scheduled trip end time",0,13552,13552,4020.5
"Post scheduled trip end time",0,290,290,4020.5
"Post scheduled trip end time",0,1349,1349,4020.5
"Post scheduled trip end time",0,8751,8751,4020.5
"Post scheduled trip end time",0,3574,3574,4020.5
"Post scheduled trip end time",0,2803,2803,4020.5
"Post scheduled trip end time",0,9130,9130,4020.5
"Post scheduled trip end time",0,412,412,4020.5
"Post scheduled trip end time",0,451,451,4020.5
"Post scheduled trip end time",0,34812,34812,4020.5
"Post scheduled trip end time",0,19837,19837,4020.5
"Post scheduled trip end time",0,8000,8000,4020.5
"Post scheduled trip end time",0,6238,6238,4020.5
"Post scheduled trip end time",0,519,519,4020.5
"Post scheduled trip end time",0,459,459,4020.5
"Post scheduled trip end time",0,8668,8668,4020.5
"Post scheduled trip end time",0,538268,538268,4020.5
"Post scheduled trip end time",0,15985,15985,4020.5
"Post scheduled trip end time",0,810,810,4020.5
"Post scheduled trip end time",0,403,403,4020.5
"Post scheduled trip end time",0,5686,5686,4020.5
"Post scheduled trip end time",0,10101,10101,4020.5
"Post scheduled trip end time",0,10594,10594,4020.5
"Post scheduled trip end time",0,10230,10230,4020.5
"Post scheduled trip end time",0,14810,14810,4020.5
"Post scheduled trip end time",0,1268,1268,4020.5
"Post scheduled trip end time",0,17414,17414,4020.5
"Post scheduled trip end time",0,15821,15821,4020.5
"Post scheduled trip end time",0,8374,8374,4020.5
"Post scheduled trip end time",0,4951,4951,4020.5
"Post scheduled trip end time",0,236,236,4020.5
"Post scheduled trip end time",0,885,885,4020.5
"Post scheduled trip end time",0,570,570,4020.5
"Post scheduled trip end time",0,18692,18692,4020.5
"Post scheduled trip end time",0,2228,2228,4020.5
"Post scheduled trip end time",0,13032,13032,4020.5
"Post scheduled trip end time",0,31024,31024,4020.5
"Post scheduled trip end time",0,319,319,4020.5
"Post scheduled trip end time",0,654,654,4020.5
"Post scheduled trip end time",0,482,482,4020.5
"Post scheduled trip end time",0,27172,27172,4020.5
"Post scheduled trip end time",0,11394,11394,4020.5
"Post scheduled trip end time",0,1118,1118,4020.5
"Post scheduled trip end time",0,509,509,4020.5
"Post scheduled trip end time",0,1330,1330,4020.5
"Post scheduled trip end time",0,295,295,4020.5
"Post scheduled trip end time",0,1628,1628,4020.5
"Post scheduled trip end time",0,5340,5340,4020.5
"Post scheduled trip end time",0,165,165,4020.5
"Post scheduled trip end time",0,1125,1125,4020.5
"Post scheduled trip end time",0,136,136,4020.5
"Post scheduled trip end time",0,19952,19952,4020.5
"Post scheduled trip end time",0,1884,1884,4020.5
"Post scheduled trip end time",0,15701,15701,4020.5
"Post scheduled trip end time",0,137,137,4020.5
"Post scheduled trip end time",0,2426,2426,4020.5
"Post scheduled trip end time",0,5812,5812,4020.5
"Post scheduled trip end time",0,11401,11401,4020.5
"Post scheduled trip end time",0,935,935,4020.5
"Post scheduled trip end time",0,291,291,4020.5
"Post scheduled trip end time",0,8771,8771,4020.5
"Post scheduled trip end time",0,431,431,4020.5
"Post scheduled trip end time",0,12937,12937,4020.5
"Post scheduled trip end time",0,1350,1350,4020.5
"Post scheduled trip end time",0,2963,2963,4020.5
"Post scheduled trip end time",0,10090,10090,4020.5
"Post scheduled trip end time",0,31970,31970,4020.5
"Post scheduled trip end time",0,1438,1438,4020.5
"Post scheduled trip end time",0,2978,2978,4020.5
"Post scheduled trip end time",0,9474,9474,4020.5
"Post scheduled trip end time",0,4294,4294,4020.5
"Post scheduled trip end time",0,57,57,4020.5
"Post scheduled trip end time",0,100,100,4020.5
"Post scheduled trip end time",0,402,402,4020.5
"Post scheduled trip end time",0,596,596,4020.5
"Post scheduled trip end time",0,3540,3540,4020.5
"Post scheduled trip end time",0,404,404,4020.5
"Post scheduled trip end time",0,146,146,4020.5
"Post scheduled trip end time",0,245,245,4020.5
"Post scheduled trip end time",0,4275,4275,4020.5
"Post scheduled trip end time",0,11877,11877,4020.5
"Post scheduled trip end time",0,5921,5921,4020.5
"Post scheduled trip end time",0,9028,9028,4020.5
"Post scheduled trip end time",0,13385,13385,4020.5
"Post scheduled trip end time",0,3670,3670,4020.5
"Post scheduled trip end time",0,15574,15574,4020.5
"Post scheduled trip end time",0,10157,10157,4020.5
"Post scheduled trip end time",0,6737,6737,4020.5
"Post scheduled trip end time",0,3585,3585,4020.5
"Post scheduled trip end time",0,9872,9872,4020.5
"Post scheduled trip end time",0,536,536,4020.5
"Post scheduled trip end time",0,468,468,4020.5
"Post scheduled trip end time",0,19550,19550,4020.5
"Post scheduled trip end time",0,4300,4300,4020.5
"Post scheduled trip end time",0,24564,24564,4020.5
"Post scheduled trip end time",0,1285,1285,4020.5
"Post scheduled trip end time",0,3137,3137,4020.5
"Post scheduled trip end time",0,1481,1481,4020.5
"Post scheduled trip end time",0,8091,8091,4020.5
"Post scheduled trip end time",0,31130,31130,4020.5
"Post scheduled trip end time",0,14512,14512,4020.5
"Post scheduled trip end time",0,4311,4311,4020.5
"Post scheduled trip end time",0,96,96,4020.5
"Post scheduled trip end time",0,2387,2387,4020.5
"Post scheduled trip end time",0,27212,27212,4020.5
"Post scheduled trip end time",0,1066,1066,4020.5
"Post scheduled trip end time",0,23552,23552,4020.5
"Post scheduled trip end time",0,1065,1065,4020.5
"Post scheduled trip end time",0,10501,10501,4020.5
"Post scheduled trip end time",0,182,182,4020.5
"Post scheduled trip end time",0,174,174,4020.5
"Post scheduled trip end time",0,1725,1725,4020.5
"Post scheduled trip end time",0,8980,8980,4020.5
"Post scheduled trip end time",0,7781,7781,4020.5
"Post scheduled trip end time",0,1187,1187,4020.5
"Post scheduled trip end time",0,465,465,4020.5
"Post scheduled trip end time",0,16,16,4020.5
"Post scheduled trip end time",0,29164,29164,4020.5
"Post scheduled trip end time",0,17466,17466,4020.5
"Post scheduled trip end time",0,15650,15650,4020.5
"Post scheduled trip end time",0,694,694,4020.5
"Post scheduled trip end time",0,10500,10500,4020.5
"Post scheduled trip end time",0,4657,4657,4020.5
"Post scheduled trip end time",0,4549,4549,4020.5
"Post scheduled trip end time",0,8058,8058,4020.5
"Post scheduled trip end time",0,225,225,4020.5
"Post scheduled trip end time",0,92,92,4020.5
"Post scheduled trip end time",0,6100,6100,4020.5
"Post scheduled trip end time",0,400,400,4020.5
"Post scheduled trip end time",0,1528,1528,4020.5
"Post scheduled trip end time",0,529,529,4020.5
"Post scheduled trip end time",0,18851,18851,4020.5
"Post scheduled trip end time",0,13941,13941,4020.5
"Post scheduled trip end time",0,1490,1490,4020.5
"Post scheduled trip end time",0,5991,5991,4020.5
"Post scheduled trip end time",0,20617,20617,4020.5
"Post scheduled trip end time",0,16365,16365,4020.5
"Post scheduled trip end time",0,748,748,4020.5
"Post scheduled trip end time",0,7866,7866,4020.5
"Post scheduled trip end time",0,3869,3869,4020.5
"Post scheduled trip end time",0,5049,5049,4020.5
"Post scheduled trip end time",0,587,587,4020.5
"Post scheduled trip end time",0,2729,2729,4020.5
"Post scheduled trip end time",0,1387,1387,4020.5
"Post scheduled trip end time",0,11570,11570,4020.5
"Post scheduled trip end time",0,19066,19066,4020.5
"Post scheduled trip end time",0,660,660,4020.5
"Post scheduled trip end time",0,1140,1140,4020.5
"Post scheduled trip end time",0,18708,18708,4020.5
"Post scheduled trip end time",0,13732,13732,4020.5
"Post scheduled trip end time",0,13250,13250,4020.5
"Post scheduled trip end time",0,32552,32552,4020.5
"Post scheduled trip end time",0,194,194,4020.5
"Post scheduled trip end time",0,10150,10150,4020.5
"Post scheduled trip end time",0,14717,14717,4020.5
"Post scheduled trip end time",0,9950,9950,4020.5
"Post scheduled trip end time",0,16308,16308,4020.5
"Post scheduled trip end time",0,12545,12545,4020.5
"Post scheduled trip end time",0,471,471,4020.5
"Post scheduled trip end time",0,429,429,4020.5
"Post scheduled trip end time",0,24484,24484,4020.5
"Post scheduled trip end time",0,4706,4706,4020.5
"Post scheduled trip end time",0,16591,16591,4020.5
"Post scheduled trip end time",0,11828,11828,4020.5
"Post scheduled trip end time",0,737,737,4020.5
"Post scheduled trip end time",0,28410,28410,4020.5
"Post scheduled trip end time",0,11460,11460,4020.5
"Post scheduled trip end time",0,16332,16332,4020.5
"Post scheduled trip end time",0,269,269,4020.5
"Post scheduled trip end time",0,4050,4050,4020.5
"Post scheduled trip end time",0,1428,1428,4020.5
"Post scheduled trip end time",0,-3,-3,4020.5
"Post scheduled trip end time",0,-15,-15,4020.5
"Post scheduled trip end time",0,27092,27092,4020.5
"Post scheduled trip end time",0,6260,6260,4020.5
"Post scheduled trip end time",0,NA,NA,4020.5
"Post scheduled trip end time",0,74,74,4020.5
"Post scheduled trip end time",0,6510,6510,4020.5
"Post scheduled trip end time",0,4314,4314,4020.5
"Post scheduled trip end time",0,19911,19911,4020.5
"Post scheduled trip end time",0,1736,1736,4020.5
"Post scheduled trip end time",0,26152,26152,4020.5
"Post scheduled trip end time",0,14377,14377,4020.5
"Post scheduled trip end time",0,3639,3639,4020.5
"Post scheduled trip end time",0,4812,4812,4020.5
"Post scheduled trip end time",0,5650,5650,4020.5
"Post scheduled trip end time",0,135,135,4020.5
"Post scheduled trip end time",0,9626,9626,4020.5
"Post scheduled trip end time",0,7631,7631,4020.5
"Post scheduled trip end time",0,2540,2540,4020.5
"Post scheduled trip end time",0,32644,32644,4020.5
"Post scheduled trip end time",0,387,387,4020.5
"Post scheduled trip end time",0,532248,532248,4020.5
"Post scheduled trip end time",0,2081,2081,4020.5
"Post scheduled trip end time",0,2801,2801,4020.5
"Post scheduled trip end time",0,4201,4201,4020.5
"Post scheduled trip end time",0,486,486,4020.5
"Post scheduled trip end time",0,286,286,4020.5
"Post scheduled trip end time",0,382,382,4020.5
"Post scheduled trip end time",0,11810,11810,4020.5
"Post scheduled trip end time",0,7900,7900,4020.5
"Post scheduled trip end time",0,294,294,4020.5
"Post scheduled trip end time",0,67,67,4020.5
"Post scheduled trip end time",0,7850,7850,4020.5
"Post scheduled trip end time",0,1142,1142,4020.5
"Post scheduled trip end time",0,614,614,4020.5
"Post scheduled trip end time",0,9386,9386,4020.5
"Post scheduled trip end time",0,13711,13711,4020.5
"Post scheduled trip end time",0,571,571,4020.5
"Post scheduled trip end time",0,42,42,4020.5
"Post scheduled trip end time",0,25672,25672,4020.5
"Post scheduled trip end time",0,27752,27752,4020.5
"Post scheduled trip end time",0,13017,13017,4020.5
"Post scheduled trip end time",0,7306,7306,4020.5
"Post scheduled trip end time",0,933,933,4020.5
"Post scheduled trip end time",0,1045,1045,4020.5
"Post scheduled trip end time",0,24,24,4020.5
"Post scheduled trip end time",0,1500,1500,4020.5
"Post scheduled trip end time",0,8850,8850,4020.5
"Post scheduled trip end time",0,26772,26772,4020.5
"Post scheduled trip end time",0,2346,2346,4020.5
"Post scheduled trip end time",0,1779,1779,4020.5
"Post scheduled trip end time",0,346,346,4020.5
"Post scheduled trip end time",0,19157,19157,4020.5
"Post scheduled trip end time",0,14931,14931,4020.5
"Post scheduled trip end time",0,4381,4381,4020.5
"Post scheduled trip end time",0,10772,10772,4020.5
"Post scheduled trip end time",0,16246,16246,4020.5
"Post scheduled trip end time",0,721,721,4020.5
"Post scheduled trip end time",0,5732,5732,4020.5
"Post scheduled trip end time",0,2116,2116,4020.5
"Post scheduled trip end time",0,10861,10861,4020.5
"Post scheduled trip end time",0,1817,1817,4020.5
"Post scheduled trip end time",0,15095,15095,4020.5
"Post scheduled trip end time",0,388,388,4020.5
"Post scheduled trip end time",0,5520,5520,4020.5
"Post scheduled trip end time",0,65,65,4020.5
"Post scheduled trip end time",0,26210,26210,4020.5
"Post scheduled trip end time",0,26970,26970,4020.5
"Post scheduled trip end time",0,23932,23932,4020.5
"Post scheduled trip end time",0,3830,3830,4020.5
"Post scheduled trip end time",0,1672,1672,4020.5
"Post scheduled trip end time",0,26,26,4020.5
"Post scheduled trip end time",0,172,172,4020.5
"Post scheduled trip end time",0,14250,14250,4020.5
"Post scheduled trip end time",0,152,152,4020.5
"Post scheduled trip end time",0,191,191,4020.5
"Post scheduled trip end time",0,568,568,4020.5
"Post scheduled trip end time",0,33010,33010,4020.5
"Post scheduled trip end time",0,626,626,4020.5
"Post scheduled trip end time",0,6998,6998,4020.5
"Post scheduled trip end time",0,16521,16521,4020.5
"Post scheduled trip end time",0,19610,19610,4020.5
"Post scheduled trip end time",0,375,375,4020.5
"Post scheduled trip end time",0,1551,1551,4020.5
"Post scheduled trip end time",0,21590,21590,4020.5
"Post scheduled trip end time",0,293,293,4020.5
"Post scheduled trip end time",0,1050,1050,4020.5
"Post scheduled trip end time",0,5272,5272,4020.5
"Post scheduled trip end time",0,7730,7730,4020.5
"Post scheduled trip end time",0,14930,14930,4020.5
"Post scheduled trip end time",0,6177,6177,4020.5
"Post scheduled trip end time",0,531328,531328,4020.5
"Post scheduled trip end time",0,6788,6788,4020.5
"Post scheduled trip end time",0,79,79,4020.5
"Post scheduled trip end time",0,1020,1020,4020.5
"Post scheduled trip end time",0,16972,16972,4020.5
"Post scheduled trip end time",0,4,4,4020.5
"Post scheduled trip end time",0,83,83,4020.5
"Post scheduled trip end time",0,50,50,4020.5
"Post scheduled trip end time",0,76,76,4020.5
"Post scheduled trip end time",0,1335,1335,4020.5
"Post scheduled trip end time",0,52,52,4020.5
"Post scheduled trip end time",0,1008,1008,4020.5
"Post scheduled trip end time",0,952,952,4020.5
"Post scheduled trip end time",0,12754,12754,4020.5
"Post scheduled trip end time",0,22058,22058,4020.5
"Post scheduled trip end time",0,19237,19237,4020.5
"Post scheduled trip end time",0,8134,8134,4020.5
"Post scheduled trip end time",0,9960,9960,4020.5
"Post scheduled trip end time",0,6520,6520,4020.5
"Post scheduled trip end time",0,4512,4512,4020.5
"Post scheduled trip end time",0,5766,5766,4020.5
"Post scheduled trip end time",0,5311,5311,4020.5
"Post scheduled trip end time",0,525,525,4020.5
"Post scheduled trip end time",0,534,534,4020.5
"Post scheduled trip end time",0,20850,20850,4020.5
"Post scheduled trip end time",0,12021,12021,4020.5
"Post scheduled trip end time",0,5320,5320,4020.5
"Post scheduled trip end time",0,1148,1148,4020.5
"Post scheduled trip end time",0,12417,12417,4020.5
"Post scheduled trip end time",0,857,857,4020.5
"Post scheduled trip end time",0,828,828,4020.5
"Post scheduled trip end time",0,107,107,4020.5
"Post scheduled trip end time",0,3150,3150,4020.5
"Post scheduled trip end time",0,4446,4446,4020.5
"Post scheduled trip end time",0,8591,8591,4020.5
"Post scheduled trip end time",0,939,939,4020.5
"Post scheduled trip end time",0,12154,12154,4020.5
"Post scheduled trip end time",0,642,642,4020.5
"Post scheduled trip end time",0,5911,5911,4020.5
"Post scheduled trip end time",0,15455,15455,4020.5
"Post scheduled trip end time",0,2329,2329,4020.5
"Post scheduled trip end time",0,911,911,4020.5
"Post scheduled trip end time",0,1035,1035,4020.5
"Post scheduled trip end time",0,12128,12128,4020.5
"Post scheduled trip end time",0,6752,6752,4020.5
"Post scheduled trip end time",0,5066,5066,4020.5
"Post scheduled trip end time",0,17030,17030,4020.5
"Post scheduled trip end time",0,22572,22572,4020.5
"Post scheduled trip end time",0,9251,9251,4020.5
"Post scheduled trip end time",0,9437,9437,4020.5
"Post scheduled trip end time",0,10388,10388,4020.5
"Post scheduled trip end time",0,10241,10241,4020.5
"Post scheduled trip end time",0,394,394,4020.5
"Post scheduled trip end time",0,2721,2721,4020.5
"Post scheduled trip end time",0,3946,3946,4020.5
"Post scheduled trip end time",0,4010,4010,4020.5
"Post scheduled trip end time",0,9231,9231,4020.5
"Post scheduled trip end time",0,13894,13894,4020.5
"Post scheduled trip end time",0,15654,15654,4020.5
"Post scheduled trip end time",0,16128,16128,4020.5
"Post scheduled trip end time",0,2,2,4020.5
"Post scheduled trip end time",0,588,588,4020.5
"Post scheduled trip end time",0,808,808,4020.5
"Post scheduled trip end time",0,1331,1331,4020.5
"Post scheduled trip end time",0,10638,10638,4020.5
"Post scheduled trip end time",0,5334,5334,4020.5
"Post scheduled trip end time",0,15057,15057,4020.5
"Post scheduled trip end time",0,533,533,4020.5
"Post scheduled trip end time",0,13252,13252,4020.5
"Post scheduled trip end time",0,11725,11725,4020.5
"Post scheduled trip end time",0,16761,16761,4020.5
"Post scheduled trip end time",0,159,159,4020.5
"Post scheduled trip end time",0,4320,4320,4020.5
"Post scheduled trip end time",0,32464,32464,4020.5
"Post scheduled trip end time",0,11431,11431,4020.5
"Post scheduled trip end time",0,296,296,4020.5
"Post scheduled trip end time",0,603,603,4020.5
"Post scheduled trip end time",0,3706,3706,4020.5
"Post scheduled trip end time",0,29890,29890,4020.5
"Post scheduled trip end time",0,22012,22012,4020.5
"Post scheduled trip end time",0,536388,536388,4020.5
"Post scheduled trip end time",0,539188,539188,4020.5
"Post scheduled trip end time",0,4965,4965,4020.5
"Post scheduled trip end time",0,786,786,4020.5
"Post scheduled trip end time",0,12892,12892,4020.5
"Post scheduled trip end time",0,11065,11065,4020.5
"Post scheduled trip end time",0,2952,2952,4020.5
"Post scheduled trip end time",0,2390,2390,4020.5
"Post scheduled trip end time",0,30792,30792,4020.5
"Post scheduled trip end time",0,140,140,4020.5
"Post scheduled trip end time",0,312,312,4020.5
"Post scheduled trip end time",0,4770,4770,4020.5
"Post scheduled trip end time",0,31490,31490,4020.5
"Post scheduled trip end time",0,22312,22312,4020.5
"Post scheduled trip end time",0,574,574,4020.5
"Post scheduled trip end time",0,338,338,4020.5
"Post scheduled trip end time",0,826,826,4020.5
"Post scheduled trip end time",0,2271,2271,4020.5
"Post scheduled trip end time",0,1720,1720,4020.5
"Post scheduled trip end time",0,11018,11018,4020.5
"Post scheduled trip end time",0,380,380,4020.5
"Post scheduled trip end time",0,3249,3249,4020.5
"Post scheduled trip end time",0,2921,2921,4020.5
"Post scheduled trip end time",0,2750,2750,4020.5
"Post scheduled trip end time",0,17306,17306,4020.5
"Post scheduled trip end time",0,21078,21078,4020.5
"Post scheduled trip end time",0,26910,26910,4020.5
"Post scheduled trip end time",0,169,169,4020.5
"Post scheduled trip end time",0,9098,9098,4020.5
"Post scheduled trip end time",0,4380,4380,4020.5
"Post scheduled trip end time",0,5271,5271,4020.5
"Post scheduled trip end time",0,500,500,4020.5
"Post scheduled trip end time",0,1117,1117,4020.5
"Post scheduled trip end time",0,41,41,4020.5
"Post scheduled trip end time",0,16850,16850,4020.5
"Post scheduled trip end time",0,20478,20478,4020.5
"Post scheduled trip end time",0,15378,15378,4020.5
"Post scheduled trip end time",0,1328,1328,4020.5
"Post scheduled trip end time",0,12777,12777,4020.5
"Post scheduled trip end time",0,485,485,4020.5
"Post scheduled trip end time",0,526568,526568,4020.5
"Post scheduled trip end time",0,970,970,4020.5
"Post scheduled trip end time",0,26730,26730,4020.5
"Post scheduled trip end time",0,306,306,4020.5
"Post scheduled trip end time",0,522208,522208,4020.5
"Post scheduled trip end time",0,4234,4234,4020.5
"Post scheduled trip end time",0,26764,26764,4020.5
"Post scheduled trip end time",0,12474,12474,4020.5
"Post scheduled trip end time",0,18252,18252,4020.5
"Post scheduled trip end time",0,10072,10072,4020.5
"Post scheduled trip end time",0,5352,5352,4020.5
"Post scheduled trip end time",0,13030,13030,4020.5
"Post scheduled trip end time",0,21518,21518,4020.5
"Post scheduled trip end time",0,8960,8960,4020.5
"Post scheduled trip end time",0,10750,10750,4020.5
"Post scheduled trip end time",0,6373,6373,4020.5
"Post scheduled trip end time",0,14754,14754,4020.5
"Post scheduled trip end time",0,10552,10552,4020.5
"Post scheduled trip end time",0,10452,10452,4020.5
"Post scheduled trip end time",0,544,544,4020.5
"Post scheduled trip end time",0,69,69,4020.5
"Post scheduled trip end time",0,16306,16306,4020.5
"Post scheduled trip end time",0,195,195,4020.5
"Post scheduled trip end time",0,4120,4120,4020.5
"Post scheduled trip end time",0,13121,13121,4020.5
"Post scheduled trip end time",0,13492,13492,4020.5
"Post scheduled trip end time",0,10570,10570,4020.5
"Post scheduled trip end time",0,4694,4694,4020.5
"Post scheduled trip end time",0,1810,1810,4020.5
"Post scheduled trip end time",0,5630,5630,4020.5
"Post scheduled trip end time",0,12006,12006,4020.5
"Post scheduled trip end time",0,9171,9171,4020.5
"Post scheduled trip end time",0,8957,8957,4020.5
"Post scheduled trip end time",0,353,353,4020.5
"Post scheduled trip end time",0,10130,10130,4020.5
"Post scheduled trip end time",0,14990,14990,4020.5
"Post scheduled trip end time",0,3694,3694,4020.5
"Post scheduled trip end time",0,14826,14826,4020.5
"Post scheduled trip end time",0,333,333,4020.5
"Post scheduled trip end time",0,309,309,4020.5
"Post scheduled trip end time",0,13837,13837,4020.5
"Post scheduled trip end time",0,4428,4428,4020.5
"Post scheduled trip end time",0,2468,2468,4020.5
"Post scheduled trip end time",0,187,187,4020.5
"Post scheduled trip end time",0,674,674,4020.5
"Post scheduled trip end time",0,1424,1424,4020.5
"Post scheduled trip end time",0,39,39,4020.5
"Post scheduled trip end time",0,16674,16674,4020.5
"Post scheduled trip end time",0,9514,9514,4020.5
"Post scheduled trip end time",0,20472,20472,4020.5
"Post scheduled trip end time",0,3314,3314,4020.5
"Post scheduled trip end time",0,5441,5441,4020.5
"Post scheduled trip end time",0,1475,1475,4020.5
"Post scheduled trip end time",0,15918,15918,4020.5
"Post scheduled trip end time",0,9172,9172,4020.5
"Post scheduled trip end time",0,552,552,4020.5
"Post scheduled trip end time",0,1238,1238,4020.5
"Post scheduled trip end time",0,2849,2849,4020.5
"Post scheduled trip end time",0,10732,10732,4020.5
"Post scheduled trip end time",0,433,433,4020.5
"Post scheduled trip end time",0,623,623,4020.5
"Post scheduled trip end time",0,94,94,4020.5
"Post scheduled trip end time",0,14526,14526,4020.5
"Post scheduled trip end time",0,3370,3370,4020.5
"Post scheduled trip end time",0,18097,18097,4020.5
"Post scheduled trip end time",0,60,60,4020.5
"Post scheduled trip end time",0,5317,5317,4020.5
"Post scheduled trip end time",0,13970,13970,4020.5
"Post scheduled trip end time",0,28070,28070,4020.5
"Post scheduled trip end time",0,15252,15252,4020.5
"Post scheduled trip end time",0,11611,11611,4020.5
"Post scheduled trip end time",0,1801,1801,4020.5
"Post scheduled trip end time",0,7720,7720,4020.5
"Post scheduled trip end time",0,3954,3954,4020.5
"Post scheduled trip end time",0,4393,4393,4020.5
"Post scheduled trip end time",0,925,925,4020.5
"Post scheduled trip end time",0,14258,14258,4020.5
"Post scheduled trip end time",0,3997,3997,4020.5
"Post scheduled trip end time",0,2910,2910,4020.5
"Post scheduled trip end time",0,9150,9150,4020.5
"Post scheduled trip end time",0,17770,17770,4020.5
"Post scheduled trip end time",0,6821,6821,4020.5
"Post scheduled trip end time",0,11426,11426,4020.5
"Post scheduled trip end time",0,1314,1314,4020.5
"Post scheduled trip end time",0,625,625,4020.5
"Post scheduled trip end time",0,1288,1288,4020.5
"Post scheduled trip end time",0,7810,7810,4020.5
"Post scheduled trip end time",0,31150,31150,4020.5
"Post scheduled trip end time",0,11714,11714,4020.5
"Post scheduled trip end time",0,449,449,4020.5
"Post scheduled trip end time",0,605,605,4020.5
"Post scheduled trip end time",0,15155,15155,4020.5
"Post scheduled trip end time",0,20,20,4020.5
"Post scheduled trip end time",0,6613,6613,4020.5
"Post scheduled trip end time",0,23470,23470,4020.5
"Post scheduled trip end time",0,307,307,4020.5
"Post scheduled trip end time",0,8281,8281,4020.5
"Post scheduled trip end time",0,22137,22137,4020.5
"Post scheduled trip end time",0,9314,9314,4020.5
"Post scheduled trip end time",0,7,7,4020.5
"Post scheduled trip end time",0,1409,1409,4020.5
"Post scheduled trip end time",0,2249,2249,4020.5
"Post scheduled trip end time",0,538,538,4020.5
"Post scheduled trip end time",0,26172,26172,4020.5
"Post scheduled trip end time",0,23572,23572,4020.5
"Post scheduled trip end time",0,1134,1134,4020.5
"Post scheduled trip end time",0,15717,15717,4020.5
"Post scheduled trip end time",0,3586,3586,4020.5
"Post scheduled trip end time",0,1403,1403,4020.5
"Post scheduled trip end time",0,1151,1151,4020.5
"Post scheduled trip end time",0,4270,4270,4020.5
"Post scheduled trip end time",0,4140,4140,4020.5
"Post scheduled trip end time",0,13010,13010,4020.5
"Post scheduled trip end time",0,1434,1434,4020.5
"Post scheduled trip end time",0,7450,7450,4020.5
"Post scheduled trip end time",0,714,714,4020.5
"Post scheduled trip end time",0,5800,5800,4020.5
"Post scheduled trip end time",0,632,632,4020.5
"Post scheduled trip end time",0,12086,12086,4020.5
"Post scheduled trip end time",0,11054,11054,4020.5
"Post scheduled trip end time",0,2679,2679,4020.5
"Post scheduled trip end time",0,4290,4290,4020.5
"Post scheduled trip end time",0,4183,4183,4020.5
"Post scheduled trip end time",0,13390,13390,4020.5
"Post scheduled trip end time",0,8611,8611,4020.5
"Post scheduled trip end time",0,4191,4191,4020.5
"Post scheduled trip end time",0,16152,16152,4020.5
"Post scheduled trip end time",0,1027,1027,4020.5
"Post scheduled trip end time",0,2289,2289,4020.5
"Post scheduled trip end time",0,4908,4908,4020.5
"Post scheduled trip end time",0,7621,7621,4020.5
"Post scheduled trip end time",0,6281,6281,4020.5
"Post scheduled trip end time",0,263,263,4020.5
"Post scheduled trip end time",0,1482,1482,4020.5
"Post scheduled trip end time",0,2709,2709,4020.5
"Post scheduled trip end time",0,10121,10121,4020.5
"Post scheduled trip end time",0,8371,8371,4020.5
"Post scheduled trip end time",0,852,852,4020.5
"Post scheduled trip end time",0,585,585,4020.5
"Post scheduled trip end time",0,15,15,4020.5
"Post scheduled trip end time",0,91,91,4020.5
"Post scheduled trip end time",0,253,253,4020.5
"Post scheduled trip end time",0,11892,11892,4020.5
"Post scheduled trip end time",0,7392,7392,4020.5
"Post scheduled trip end time",0,784,784,4020.5
"Post scheduled trip end time",0,1208,1208,4020.5
"Post scheduled trip end time",0,797,797,4020.5
"Post scheduled trip end time",0,27970,27970,4020.5
"Post scheduled trip end time",0,16166,16166,4020.5
"Post scheduled trip end time",0,3474,3474,4020.5
"Post scheduled trip end time",0,1696,1696,4020.5
"Post scheduled trip end time",0,270,270,4020.5
"Post scheduled trip end time",0,257,257,4020.5
"Post scheduled trip end time",0,363,363,4020.5
"Post scheduled trip end time",0,362,362,4020.5
"Post scheduled trip end time",0,14165,14165,4020.5
"Post scheduled trip end time",0,6791,6791,4020.5
"Post scheduled trip end time",0,19537,19537,4020.5
"Post scheduled trip end time",0,8874,8874,4020.5
"Post scheduled trip end time",0,4000,4000,4020.5
"Post scheduled trip end time",0,10981,10981,4020.5
"Post scheduled trip end time",0,8477,8477,4020.5
"Post scheduled trip end time",0,11111,11111,4020.5
"Post scheduled trip end time",0,3832,3832,4020.5
"Post scheduled trip end time",0,2460,2460,4020.5
"Post scheduled trip end time",0,2149,2149,4020.5
"Post scheduled trip end time",0,2229,2229,4020.5
"Post scheduled trip end time",0,3806,3806,4020.5
"Post scheduled trip end time",0,3590,3590,4020.5
"Post scheduled trip end time",0,30552,30552,4020.5
"Post scheduled trip end time",0,17312,17312,4020.5
"Post scheduled trip end time",0,5331,5331,4020.5
"Post scheduled trip end time",0,6077,6077,4020.5
"Post scheduled trip end time",0,510,510,4020.5
"Post scheduled trip end time",0,8261,8261,4020.5
"Post scheduled trip end time",0,3561,3561,4020.5
"Post scheduled trip end time",0,256,256,4020.5
"Post scheduled trip end time",0,124,124,4020.5
"Post scheduled trip end time",0,178,178,4020.5
"Post scheduled trip end time",0,18186,18186,4020.5
"Post scheduled trip end time",0,567,567,4020.5
"Post scheduled trip end time",0,30412,30412,4020.5
"Post scheduled trip end time",0,22552,22552,4020.5
"Post scheduled trip end time",0,2607,2607,4020.5
"Post scheduled trip end time",0,28164,28164,4020.5
"Post scheduled trip end time",0,1265,1265,4020.5
"Post scheduled trip end time",0,188,188,4020.5
"Post scheduled trip end time",0,2112,2112,4020.5
"Post scheduled trip end time",0,853,853,4020.5
"Post scheduled trip end time",0,581,581,4020.5
"Post scheduled trip end time",0,27524,27524,4020.5
"Post scheduled trip end time",0,29504,29504,4020.5
"Post scheduled trip end time",0,825,825,4020.5
"Post scheduled trip end time",0,4175,4175,4020.5
"Post scheduled trip end time",0,526328,526328,4020.5
"Post scheduled trip end time",0,5372,5372,4020.5
"Post scheduled trip end time",0,1207,1207,4020.5
"Post scheduled trip end time",0,16930,16930,4020.5
"Post scheduled trip end time",0,1365,1365,4020.5
"Post scheduled trip end time",0,460,460,4020.5
"Post scheduled trip end time",0,3452,3452,4020.5
"Post scheduled trip end time",0,0,0,4020.5
"Post scheduled trip end time",0,612,612,4020.5
"Post scheduled trip end time",0,2623,2623,4020.5
"Post scheduled trip end time",0,45,45,4020.5
"Post scheduled trip end time",0,29084,29084,4020.5
"Post scheduled trip end time",0,260,260,4020.5
"Post scheduled trip end time",0,32670,32670,4020.5
"Post scheduled trip end time",0,4259,4259,4020.5
"Post scheduled trip end time",0,533628,533628,4020.5
"Post scheduled trip end time",0,569,569,4020.5
"Post scheduled trip end time",0,1158,1158,4020.5
"Post scheduled trip end time",0,698,698,4020.5
"Post scheduled trip end time",0,920,920,4020.5
"Post scheduled trip end time",0,10358,10358,4020.5
"Post scheduled trip end time",0,21757,21757,4020.5
"Post scheduled trip end time",0,532168,532168,4020.5
"Post scheduled trip end time",0,17,17,4020.5
"Post scheduled trip end time",0,768,768,4020.5
"Post scheduled trip end time",0,13530,13530,4020.5
"Post scheduled trip end time",0,527,527,4020.5
"Post scheduled trip end time",0,9894,9894,4020.5
"Post scheduled trip end time",0,11121,11121,4020.5
"Post scheduled trip end time",0,88,88,4020.5
"Post scheduled trip end time",0,266,266,4020.5
"Post scheduled trip end time",0,3290,3290,4020.5
"Post scheduled trip end time",0,945,945,4020.5
"Post scheduled trip end time",0,9197,9197,4020.5
"Post scheduled trip end time",0,17292,17292,4020.5
"Post scheduled trip end time",0,537648,537648,4020.5
"Post scheduled trip end time",0,14545,14545,4020.5
"Post scheduled trip end time",0,12465,12465,4020.5
"Post scheduled trip end time",0,1395,1395,4020.5
"Post scheduled trip end time",0,624,624,4020.5
"Post scheduled trip end time",0,2169,2169,4020.5
"Post scheduled trip end time",0,101,101,4020.5
"Post scheduled trip end time",0,2735,2735,4020.5
"Post scheduled trip end time",0,542,542,4020.5
"Post scheduled trip end time",0,19132,19132,4020.5
"Post scheduled trip end time",0,351,351,4020.5
"Post scheduled trip end time",0,274,274,4020.5
"Post scheduled trip end time",0,7354,7354,4020.5
"Post scheduled trip end time",0,3392,3392,4020.5
"Post scheduled trip end time",0,430,430,4020.5
"Post scheduled trip end time",0,7910,7910,4020.5
"Post scheduled trip end time",0,13431,13431,4020.5
"Post scheduled trip end time",0,452,452,4020.5
"Post scheduled trip end time",0,3620,3620,4020.5
"Post scheduled trip end time",0,739,739,4020.5
"Post scheduled trip end time",0,1,1,4020.5
"Post scheduled trip end time",0,548,548,4020.5
"Post scheduled trip end time",0,546,546,4020.5
"Post scheduled trip end time",0,13150,13150,4020.5
"Post scheduled trip end time",0,3534,3534,4020.5
"Post scheduled trip end time",0,5092,5092,4020.5
"Post scheduled trip end time",0,5061,5061,4020.5
"Post scheduled trip end time",0,241,241,4020.5
"Post scheduled trip end time",0,15630,15630,4020.5
"Post scheduled trip end time",0,401,401,4020.5
"Post scheduled trip end time",0,33470,33470,4020.5
"Post scheduled trip end time",0,25072,25072,4020.5
"Post scheduled trip end time",0,14415,14415,4020.5
"Post scheduled trip end time",0,3272,3272,4020.5
"Post scheduled trip end time",0,10961,10961,4020.5
"Post scheduled trip end time",0,522,522,4020.5
"Post scheduled trip end time",0,1109,1109,4020.5
"Post scheduled trip end time",0,14970,14970,4020.5
"Post scheduled trip end time",0,6340,6340,4020.5
"Post scheduled trip end time",0,5711,5711,4020.5
"Post scheduled trip end time",0,10141,10141,4020.5
"Post scheduled trip end time",0,14821,14821,4020.5
"Post scheduled trip end time",0,12785,12785,4020.5
"Post scheduled trip end time",0,3127,3127,4020.5
"Post scheduled trip end time",0,1294,1294,4020.5
"Post scheduled trip end time",0,7051,7051,4020.5
"Post scheduled trip end time",0,14591,14591,4020.5
"Post scheduled trip end time",0,6221,6221,4020.5
"Post scheduled trip end time",0,51,51,4020.5
"Post scheduled trip end time",0,15254,15254,4020.5
"Post scheduled trip end time",0,13238,13238,4020.5
"Post scheduled trip end time",0,1087,1087,4020.5
"Post scheduled trip end time",0,29250,29250,4020.5
"Post scheduled trip end time",0,16386,16386,4020.5
"Post scheduled trip end time",0,9750,9750,4020.5
"Post scheduled trip end time",0,9990,9990,4020.5
"Post scheduled trip end time",0,1160,1160,4020.5
"Post scheduled trip end time",0,526,526,4020.5
"Post scheduled trip end time",0,11745,11745,4020.5
"Post scheduled trip end time",0,23,23,4020.5
"Post scheduled trip end time",0,13370,13370,4020.5
"Post scheduled trip end time",0,5453,5453,4020.5
"Post scheduled trip end time",0,28150,28150,4020.5
"Post scheduled trip end time",0,4051,4051,4020.5
"Post scheduled trip end time",0,1085,1085,4020.5
"Post scheduled trip end time",0,524628,524628,4020.5
"Post scheduled trip end time",0,6741,6741,4020.5
"Post scheduled trip end time",0,1451,1451,4020.5
"Post scheduled trip end time",0,8114,8114,4020.5
"Post scheduled trip end time",0,478,478,4020.5
"Post scheduled trip end time",0,1609,1609,4020.5
"Post scheduled trip end time",0,969,969,4020.5
"Post scheduled trip end time",0,9006,9006,4020.5
"Post scheduled trip end time",0,461,461,4020.5
"Post scheduled trip end time",0,994,994,4020.5
"Post scheduled trip end time",0,2029,2029,4020.5
"Post scheduled trip end time",0,12231,12231,4020.5
"Post scheduled trip end time",0,7145,7145,4020.5
"Post scheduled trip end time",0,98,98,4020.5
"Post scheduled trip end time",0,6014,6014,4020.5
"Post scheduled trip end time",0,6793,6793,4020.5
"Post scheduled trip end time",0,327,327,4020.5
"Post scheduled trip end time",0,10221,10221,4020.5
"Post scheduled trip end time",0,5174,5174,4020.5
"Post scheduled trip end time",0,10921,10921,4020.5
"Post scheduled trip end time",0,2845,2845,4020.5
"Post scheduled trip end time",0,3601,3601,4020.5
"Post scheduled trip end time",0,563,563,4020.5
"Post scheduled trip end time",0,18930,18930,4020.5
"Post scheduled trip end time",0,3438,3438,4020.5
"Post scheduled trip end time",0,9190,9190,4020.5
"Post scheduled trip end time",0,4810,4810,4020.5
"Post scheduled trip end time",0,5971,5971,4020.5
"Post scheduled trip end time",0,30270,30270,4020.5
"Post scheduled trip end time",0,27012,27012,4020.5
"Post scheduled trip end time",0,7857,7857,4020.5
"Post scheduled trip end time",0,882,882,4020.5
"Post scheduled trip end time",0,3232,3232,4020.5
"Post scheduled trip end time",0,378,378,4020.5
"Post scheduled trip end time",0,3737,3737,4020.5
"Post scheduled trip end time",0,6600,6600,4020.5
"Post scheduled trip end time",0,19326,19326,4020.5
"Post scheduled trip end time",0,25924,25924,4020.5
"Post scheduled trip end time",0,189,189,4020.5
"Post scheduled trip end time",0,522748,522748,4020.5
"Post scheduled trip end time",0,231,231,4020.5
"Post scheduled trip end time",0,12606,12606,4020.5
"Post scheduled trip end time",0,2254,2254,4020.5
"Post scheduled trip end time",0,12191,12191,4020.5
"Post scheduled trip end time",0,590,590,4020.5
"Post scheduled trip end time",0,4134,4134,4020.5
"Post scheduled trip end time",0,17412,17412,4020.5
"Post scheduled trip end time",0,15411,15411,4020.5
"Post scheduled trip end time",0,82,82,4020.5
"Post scheduled trip end time",0,399,399,4020.5
"Post scheduled trip end time",0,999,999,4020.5
"Post scheduled trip end time",0,4655,4655,4020.5
"Post scheduled trip end time",0,2154,2154,4020.5
"Post scheduled trip end time",0,10910,10910,4020.5
"Post scheduled trip end time",0,8226,8226,4020.5
"Post scheduled trip end time",0,648,648,4020.5
"Post scheduled trip end time",0,133,133,4020.5
"Post scheduled trip end time",0,821,821,4020.5
"Post scheduled trip end time",0,8031,8031,4020.5
"Post scheduled trip end time",0,415,415,4020.5
"Post scheduled trip end time",0,513,513,4020.5
"Post scheduled trip end time",0,6070,6070,4020.5
"Post scheduled trip end time",0,99,99,4020.5
"Post scheduled trip end time",0,26424,26424,4020.5
"Post scheduled trip end time",0,1560,1560,4020.5
"Post scheduled trip end time",0,19014,19014,4020.5
"Post scheduled trip end time",0,3645,3645,4020.5
"Post scheduled trip end time",0,561,561,4020.5
"Post scheduled trip end time",0,426,426,4020.5
"Post scheduled trip end time",0,28244,28244,4020.5
"Post scheduled trip end time",0,1368,1368,4020.5
"Post scheduled trip end time",0,5395,5395,4020.5
"Post scheduled trip end time",0,13331,13331,4020.5
"Post scheduled trip end time",0,2088,2088,4020.5
"Post scheduled trip end time",0,6425,6425,4020.5
"Post scheduled trip end time",0,2561,2561,4020.5
"Post scheduled trip end time",0,8050,8050,4020.5
"Post scheduled trip end time",0,23372,23372,4020.5
"Post scheduled trip end time",0,278,278,4020.5
"Post scheduled trip end time",0,7210,7210,4020.5
"Post scheduled trip end time",0,125,125,4020.5
"Post scheduled trip end time",0,15090,15090,4020.5
"Post scheduled trip end time",0,32372,32372,4020.5
"Post scheduled trip end time",0,2548,2548,4020.5
"Post scheduled trip end time",0,4997,4997,4020.5
"Post scheduled trip end time",0,18632,18632,4020.5
"Post scheduled trip end time",0,11210,11210,4020.5
"Post scheduled trip end time",0,529828,529828,4020.5
"Post scheduled trip end time",0,7132,7132,4020.5
"Post scheduled trip end time",0,1668,1668,4020.5
"Post scheduled trip end time",0,23272,23272,4020.5
"Post scheduled trip end time",0,4212,4212,4020.5
"Post scheduled trip end time",0,1094,1094,4020.5
"Post scheduled trip end time",0,1425,1425,4020.5
"Post scheduled trip end time",0,8041,8041,4020.5
"Post scheduled trip end time",0,5250,5250,4020.5
"Post scheduled trip end time",0,112,112,4020.5
"Post scheduled trip end time",0,421,421,4020.5
"Post scheduled trip end time",0,110,110,4020.5
"Post scheduled trip end time",0,411,411,4020.5
"Post scheduled trip end time",0,11870,11870,4020.5
"Post scheduled trip end time",0,7825,7825,4020.5
"Post scheduled trip end time",0,255,255,4020.5
"Post scheduled trip end time",0,521,521,4020.5
"Post scheduled trip end time",0,3661,3661,4020.5
"Post scheduled trip end time",0,507,507,4020.5
"Post scheduled trip end time",0,598,598,4020.5
"Post scheduled trip end time",0,216,216,4020.5
"Post scheduled trip end time",0,9648,9648,4020.5
"Post scheduled trip end time",0,4350,4350,4020.5
"Post scheduled trip end time",0,1645,1645,4020.5
"Post scheduled trip end time",0,14017,14017,4020.5
"Post scheduled trip end time",0,909,909,4020.5
"Post scheduled trip end time",0,1678,1678,4020.5
"Post scheduled trip end time",0,34752,34752,4020.5
"Post scheduled trip end time",0,11472,11472,4020.5
"Post scheduled trip end time",0,15445,15445,4020.5
"Post scheduled trip end time",0,95,95,4020.5
"Post scheduled trip end time",0,1226,1226,4020.5
"Post scheduled trip end time",0,48,48,4020.5
"Post scheduled trip end time",0,10866,10866,4020.5
"Post scheduled trip end time",0,5086,5086,4020.5
"Post scheduled trip end time",0,385,385,4020.5
"Post scheduled trip end time",0,7113,7113,4020.5
"Post scheduled trip end time",0,6690,6690,4020.5
"Post scheduled trip end time",0,1546,1546,4020.5
"Post scheduled trip end time",0,1362,1362,4020.5
"Post scheduled trip end time",0,2660,2660,4020.5
"Post scheduled trip end time",0,8901,8901,4020.5
"Post scheduled trip end time",0,1139,1139,4020.5
"Post scheduled trip end time",0,5130,5130,4020.5
"Post scheduled trip end time",0,23684,23684,4020.5
"Post scheduled trip end time",0,4640,4640,4020.5
"Post scheduled trip end time",0,683,683,4020.5
"Post scheduled trip end time",0,7013,7013,4020.5
"Post scheduled trip end time",0,32024,32024,4020.5
"Post scheduled trip end time",0,12298,12298,4020.5
"Post scheduled trip end time",0,8790,8790,4020.5
"Post scheduled trip end time",0,12952,12952,4020.5
"Post scheduled trip end time",0,2279,2279,4020.5
"Post scheduled trip end time",0,884,884,4020.5
"Post scheduled trip end time",0,16081,16081,4020.5
"Post scheduled trip end time",0,6371,6371,4020.5
"Post scheduled trip end time",0,2489,2489,4020.5
"Post scheduled trip end time",0,5191,5191,4020.5
"Post scheduled trip end time",0,506,506,4020.5
"Post scheduled trip end time",0,5481,5481,4020.5
"Post scheduled trip end time",0,332,332,4020.5
"Post scheduled trip end time",0,3,3,4020.5
"Post scheduled trip end time",0,8450,8450,4020.5
"Post scheduled trip end time",0,4313,4313,4020.5
"Post scheduled trip end time",0,33392,33392,4020.5
"Post scheduled trip end time",0,10930,10930,4020.5
"Post scheduled trip end time",0,17612,17612,4020.5
"Post scheduled trip end time",0,435,435,4020.5
"Post scheduled trip end time",0,17305,17305,4020.5
"Post scheduled trip end time",0,5970,5970,4020.5
"Post scheduled trip end time",0,13174,13174,4020.5
"Post scheduled trip end time",0,34,34,4020.5
"Post scheduled trip end time",0,8320,8320,4020.5
"Post scheduled trip end time",0,30190,30190,4020.5
"Post scheduled trip end time",0,14090,14090,4020.5
"Post scheduled trip end time",0,14650,14650,4020.5
"Post scheduled trip end time",0,1831,1831,4020.5
"Post scheduled trip end time",0,10868,10868,4020.5
"Post scheduled trip end time",0,11501,11501,4020.5
"Post scheduled trip end time",0,273,273,4020.5
"Post scheduled trip end time",0,243,243,4020.5
"Post scheduled trip end time",0,5613,5613,4020.5
"Post scheduled trip end time",0,134,134,4020.5
"Post scheduled trip end time",0,21257,21257,4020.5
"Post scheduled trip end time",0,1903,1903,4020.5
"Post scheduled trip end time",0,348,348,4020.5
"Post scheduled trip end time",0,5529,5529,4020.5
"Post scheduled trip end time",0,18278,18278,4020.5
"Post scheduled trip end time",0,6751,6751,4020.5
"Post scheduled trip end time",0,492,492,4020.5
"Post scheduled trip end time",0,5197,5197,4020.5
"Post scheduled trip end time",0,5861,5861,4020.5
"Post scheduled trip end time",0,2752,2752,4020.5
"Post scheduled trip end time",0,818,818,4020.5
"Post scheduled trip end time",0,336,336,4020.5
"Post scheduled trip end time",0,11070,11070,4020.5
"Post scheduled trip end time",0,8640,8640,4020.5
"Post scheduled trip end time",0,10652,10652,4020.5
"Post scheduled trip end time",0,207,207,4020.5
"Post scheduled trip end time",0,788,788,4020.5
"Post scheduled trip end time",0,1457,1457,4020.5
"Post scheduled trip end time",0,20306,20306,4020.5
"Post scheduled trip end time",0,32184,32184,4020.5
"Post scheduled trip end time",0,6591,6591,4020.5
"Post scheduled trip end time",0,4881,4881,4020.5
"Post scheduled trip end time",0,202,202,4020.5
"Post scheduled trip end time",0,7540,7540,4020.5
"Post scheduled trip end time",0,804,804,4020.5
"Post scheduled trip end time",0,23010,23010,4020.5
"Post scheduled trip end time",0,3799,3799,4020.5
"Post scheduled trip end time",0,21557,21557,4020.5
"Post scheduled trip end time",0,376,376,4020.5
"Post scheduled trip end time",0,18948,18948,4020.5
"Post scheduled trip end time",0,3530,3530,4020.5
"Post scheduled trip end time",0,3406,3406,4020.5
"Post scheduled trip end time",0,1250,1250,4020.5
"Post scheduled trip end time",0,31750,31750,4020.5
"Post scheduled trip end time",0,6110,6110,4020.5
"Post scheduled trip end time",0,10265,10265,4020.5
"Post scheduled trip end time",0,143,143,4020.5
"Post scheduled trip end time",0,7686,7686,4020.5
"Post scheduled trip end time",0,1380,1380,4020.5
"Post scheduled trip end time",0,21350,21350,4020.5
"Post scheduled trip end time",0,17992,17992,4020.5
"Post scheduled trip end time",0,261,261,4020.5
"Post scheduled trip end time",0,527608,527608,4020.5
"Post scheduled trip end time",0,16705,16705,4020.5
"Post scheduled trip end time",0,71,71,4020.5
"Post scheduled trip end time",0,902,902,4020.5
"Post scheduled trip end time",0,1967,1967,4020.5
"Post scheduled trip end time",0,33992,33992,4020.5
"Post scheduled trip end time",0,4599,4599,4020.5
"Post scheduled trip end time",0,271,271,4020.5
"Post scheduled trip end time",0,8057,8057,4020.5
"Post scheduled trip end time",0,12272,12272,4020.5
"Post scheduled trip end time",0,9,9,4020.5
"Post scheduled trip end time",0,5270,5270,4020.5
"Post scheduled trip end time",0,118,118,4020.5
"Post scheduled trip end time",0,15266,15266,4020.5
"Post scheduled trip end time",0,341,341,4020.5
"Post scheduled trip end time",0,5581,5581,4020.5
"Post scheduled trip end time",0,19,19,4020.5
"Post scheduled trip end time",0,14390,14390,4020.5
"Post scheduled trip end time",0,3178,3178,4020.5
"Post scheduled trip end time",0,524,524,4020.5
"Post scheduled trip end time",0,2666,2666,4020.5
"Post scheduled trip end time",0,2519,2519,4020.5
"Post scheduled trip end time",0,7525,7525,4020.5
"Post scheduled trip end time",0,6772,6772,4020.5
"Post scheduled trip end time",0,2570,2570,4020.5
"Post scheduled trip end time",0,9550,9550,4020.5
"Post scheduled trip end time",0,758,758,4020.5
"Post scheduled trip end time",0,20314,20314,4020.5
"Post scheduled trip end time",0,347,347,4020.5
"Post scheduled trip end time",0,1480,1480,4020.5
"Post scheduled trip end time",0,1734,1734,4020.5
"Post scheduled trip end time",0,320,320,4020.5
"Post scheduled trip end time",0,17772,17772,4020.5
"Post scheduled trip end time",0,1869,1869,4020.5
"Post scheduled trip end time",0,8917,8917,4020.5
"Post scheduled trip end time",0,105,105,4020.5
"Post scheduled trip end time",0,15066,15066,4020.5
"Post scheduled trip end time",0,10517,10517,4020.5
"Post scheduled trip end time",0,10401,10401,4020.5
"Post scheduled trip end time",0,1028,1028,4020.5
"Post scheduled trip end time",0,938,938,4020.5
"Post scheduled trip end time",0,16294,16294,4020.5
"Post scheduled trip end time",0,9117,9117,4020.5
"Post scheduled trip end time",0,709,709,4020.5
"Post scheduled trip end time",0,9154,9154,4020.5
"Post scheduled trip end time",0,606,606,4020.5
"Post scheduled trip end time",0,1708,1708,4020.5
"Post scheduled trip end time",0,29570,29570,4020.5
"Post scheduled trip end time",0,29844,29844,4020.5
"Post scheduled trip end time",0,31824,31824,4020.5
"Post scheduled trip end time",0,5249,5249,4020.5
"Post scheduled trip end time",0,8501,8501,4020.5
"Post scheduled trip end time",0,2245,2245,4020.5
"Post scheduled trip end time",0,154,154,4020.5
"Post scheduled trip end time",0,201,201,4020.5
"Post scheduled trip end time",0,11618,11618,4020.5
"Post scheduled trip end time",0,13266,13266,4020.5
"Post scheduled trip end time",0,14732,14732,4020.5
"Post scheduled trip end time",0,179,179,4020.5
"Post scheduled trip end time",0,6911,6911,4020.5
"Post scheduled trip end time",0,582,582,4020.5
"Post scheduled trip end time",0,326,326,4020.5
"Post scheduled trip end time",0,2980,2980,4020.5
"Post scheduled trip end time",0,9580,9580,4020.5
"Post scheduled trip end time",0,13357,13357,4020.5
"Post scheduled trip end time",0,769,769,4020.5
"Post scheduled trip end time",0,323,323,4020.5
"Post scheduled trip end time",0,5212,5212,4020.5
"Post scheduled trip end time",0,1123,1123,4020.5
"Post scheduled trip end time",0,390,390,4020.5
"Post scheduled trip end time",0,11746,11746,4020.5
"Post scheduled trip end time",0,6786,6786,4020.5
"Post scheduled trip end time",0,9030,9030,4020.5
"Post scheduled trip end time",0,7761,7761,4020.5
"Post scheduled trip end time",0,20391,20391,4020.5
"Post scheduled trip end time",0,17765,17765,4020.5
"Post scheduled trip end time",0,6050,6050,4020.5
"Post scheduled trip end time",0,3874,3874,4020.5
"Post scheduled trip end time",0,33830,33830,4020.5
"Post scheduled trip end time",0,16437,16437,4020.5
"Post scheduled trip end time",0,12301,12301,4020.5
"Post scheduled trip end time",0,1088,1088,4020.5
"Post scheduled trip end time",0,9792,9792,4020.5
"Post scheduled trip end time",0,5426,5426,4020.5
"Post scheduled trip end time",0,239,239,4020.5
"Post scheduled trip end time",0,11470,11470,4020.5
"Post scheduled trip end time",0,689,689,4020.5
"Post scheduled trip end time",0,139,139,4020.5
"Post scheduled trip end time",0,19292,19292,4020.5
"Post scheduled trip end time",0,6890,6890,4020.5
"Post scheduled trip end time",0,1952,1952,4020.5
"Post scheduled trip end time",0,851,851,4020.5
"Post scheduled trip end time",0,248,248,4020.5
"Post scheduled trip end time",0,948,948,4020.5
"Post scheduled trip end time",0,18025,18025,4020.5
"Post scheduled trip end time",0,23410,23410,4020.5
"Post scheduled trip end time",0,23332,23332,4020.5
"Post scheduled trip end time",0,25212,25212,4020.5
"Post scheduled trip end time",0,1397,1397,4020.5
"Post scheduled trip end time",0,691,691,4020.5
"Post scheduled trip end time",0,2838,2838,4020.5
"Post scheduled trip end time",0,15321,15321,4020.5
"Post scheduled trip end time",0,1874,1874,4020.5
"Post scheduled trip end time",0,10,10,4020.5
"Post scheduled trip end time",0,5713,5713,4020.5
"Post scheduled trip end time",0,6970,6970,4020.5
"Post scheduled trip end time",0,6825,6825,4020.5
"Post scheduled trip end time",0,5712,5712,4020.5
"Post scheduled trip end time",0,18257,18257,4020.5
"Post scheduled trip end time",0,16052,16052,4020.5
"Post scheduled trip end time",0,6517,6517,4020.5
"Post scheduled trip end time",0,3499,3499,4020.5
"Post scheduled trip end time",0,313,313,4020.5
"Post scheduled trip end time",0,1510,1510,4020.5
"Post scheduled trip end time",0,1378,1378,4020.5
"Post scheduled trip end time",0,19638,19638,4020.5
"Post scheduled trip end time",0,26710,26710,4020.5
"Post scheduled trip end time",0,10657,10657,4020.5
"Post scheduled trip end time",0,7328,7328,4020.5
"Post scheduled trip end time",0,1886,1886,4020.5
"Post scheduled trip end time",0,203,203,4020.5
"Post scheduled trip end time",0,5526,5526,4020.5
"Post scheduled trip end time",0,122,122,4020.5
"Post scheduled trip end time",0,789,789,4020.5
"Post scheduled trip end time",0,1129,1129,4020.5
"Post scheduled trip end time",0,7614,7614,4020.5
"Post scheduled trip end time",0,520908,520908,4020.5
"Post scheduled trip end time",0,6277,6277,4020.5
"Post scheduled trip end time",0,2777,2777,4020.5
"Post scheduled trip end time",0,4289,4289,4020.5
"Post scheduled trip end time",0,11312,11312,4020.5
"Post scheduled trip end time",0,7258,7258,4020.5
"Post scheduled trip end time",0,5901,5901,4020.5
"Post scheduled trip end time",0,2470,2470,4020.5
"Post scheduled trip end time",0,1760,1760,4020.5
"Post scheduled trip end time",0,4391,4391,4020.5
"Post scheduled trip end time",0,6312,6312,4020.5
"Post scheduled trip end time",0,12001,12001,4020.5
"Post scheduled trip end time",0,3252,3252,4020.5
"Post scheduled trip end time",0,622,622,4020.5
"Post scheduled trip end time",0,18418,18418,4020.5
"Post scheduled trip end time",0,3801,3801,4020.5
"Post scheduled trip end time",0,532848,532848,4020.5
"Post scheduled trip end time",0,503,503,4020.5
"Post scheduled trip end time",0,4020,4020,4020.5
"Post scheduled trip end time",0,12048,12048,4020.5
"Post scheduled trip end time",0,6072,6072,4020.5
"Post scheduled trip end time",0,652,652,4020.5
"Post scheduled trip end time",0,1729,1729,4020.5
"Post scheduled trip end time",0,9581,9581,4020.5
"Post scheduled trip end time",0,14177,14177,4020.5
"Post scheduled trip end time",0,551,551,4020.5
"Post scheduled trip end time",0,655,655,4020.5
"Post scheduled trip end time",0,3501,3501,4020.5
"Post scheduled trip end time",0,4981,4981,4020.5
"Post scheduled trip end time",0,584,584,4020.5
"Post scheduled trip end time",0,5961,5961,4020.5
"Post scheduled trip end time",0,1348,1348,4020.5
"Post scheduled trip end time",0,1464,1464,4020.5
"Post scheduled trip end time",0,658,658,4020.5
"Post scheduled trip end time",0,34290,34290,4020.5
"Post scheduled trip end time",0,2394,2394,4020.5
"Post scheduled trip end time",0,21,21,4020.5
"Post scheduled trip end time",0,1039,1039,4020.5
"Post scheduled trip end time",0,27264,27264,4020.5
"Post scheduled trip end time",0,7950,7950,4020.5
"Post scheduled trip end time",0,3354,3354,4020.5
"Post scheduled trip end time",0,11671,11671,4020.5
"Post scheduled trip end time",0,21997,21997,4020.5
"Post scheduled trip end time",0,712,712,4020.5
"Post scheduled trip end time",0,10768,10768,4020.5
"Post scheduled trip end time",0,2114,2114,4020.5
"Post scheduled trip end time",0,2009,2009,4020.5
"Post scheduled trip end time",0,8300,8300,4020.5
"Post scheduled trip end time",0,5234,5234,4020.5
"Post scheduled trip end time",0,397,397,4020.5
"Post scheduled trip end time",0,7831,7831,4020.5
"Post scheduled trip end time",0,1468,1468,4020.5
"Post scheduled trip end time",0,28732,28732,4020.5
"Post scheduled trip end time",0,8734,8734,4020.5
"Post scheduled trip end time",0,14191,14191,4020.5
"Post scheduled trip end time",0,1209,1209,4020.5
"Post scheduled trip end time",0,458,458,4020.5
"Post scheduled trip end time",0,6174,6174,4020.5
"Post scheduled trip end time",0,17865,17865,4020.5
"Post scheduled trip end time",0,251,251,4020.5
"Post scheduled trip end time",0,20232,20232,4020.5
"Post scheduled trip end time",0,636,636,4020.5
"Post scheduled trip end time",0,90,90,4020.5
"Post scheduled trip end time",0,1040,1040,4020.5
"Post scheduled trip end time",0,120,120,4020.5
"Post scheduled trip end time",0,423,423,4020.5
"Post scheduled trip end time",0,6332,6332,4020.5
"Post scheduled trip end time",0,17012,17012,4020.5
"Post scheduled trip end time",0,3041,3041,4020.5
"Post scheduled trip end time",0,2490,2490,4020.5
"Post scheduled trip end time",0,774,774,4020.5
"Post scheduled trip end time",0,6051,6051,4020.5
"Post scheduled trip end time",0,17186,17186,4020.5
"Post scheduled trip end time",0,1566,1566,4020.5
"Post scheduled trip end time",0,19872,19872,4020.5
"Post scheduled trip end time",0,21072,21072,4020.5
"Post scheduled trip end time",0,2909,2909,4020.5
"Post scheduled trip end time",0,562,562,4020.5
"Post scheduled trip end time",0,15210,15210,4020.5
"Post scheduled trip end time",0,3709,3709,4020.5
"Post scheduled trip end time",0,17528,17528,4020.5
"Post scheduled trip end time",0,491,491,4020.5
"Post scheduled trip end time",0,2367,2367,4020.5
"Post scheduled trip end time",0,3194,3194,4020.5
"Post scheduled trip end time",0,5814,5814,4020.5
"Post scheduled trip end time",0,4121,4121,4020.5
"Post scheduled trip end time",0,1334,1334,4020.5
"Post scheduled trip end time",0,17138,17138,4020.5
"Post scheduled trip end time",0,17638,17638,4020.5
"Post scheduled trip end time",0,432,432,4020.5
"Post scheduled trip end time",0,867,867,4020.5
"Post scheduled trip end time",0,6041,6041,4020.5
"Post scheduled trip end time",0,1865,1865,4020.5
"Post scheduled trip end time",0,9512,9512,4020.5
"Post scheduled trip end time",0,1531,1531,4020.5
"Post scheduled trip end time",0,222,222,4020.5
"Post scheduled trip end time",0,33,33,4020.5
"Post scheduled trip end time",0,258,258,4020.5
"Post scheduled trip end time",0,10406,10406,4020.5
"Post scheduled trip end time",0,32564,32564,4020.5
"Post scheduled trip end time",0,12060,12060,4020.5
"Post scheduled trip end time",0,445,445,4020.5
"Post scheduled trip end time",0,17937,17937,4020.5
"Post scheduled trip end time",0,1845,1845,4020.5
"Post scheduled trip end time",0,7237,7237,4020.5
"Post scheduled trip end time",0,14208,14208,4020.5
"Post scheduled trip end time",0,5792,5792,4020.5
"Post scheduled trip end time",0,35,35,4020.5
"Post scheduled trip end time",0,18717,18717,4020.5
"Post scheduled trip end time",0,609,609,4020.5
"Post scheduled trip end time",0,12250,12250,4020.5
"Post scheduled trip end time",0,3903,3903,4020.5
"Post scheduled trip end time",0,838,838,4020.5
"Post scheduled trip end time",0,22338,22338,4020.5
"Post scheduled trip end time",0,389,389,4020.5
"Post scheduled trip end time",0,532308,532308,4020.5
"Post scheduled trip end time",0,14472,14472,4020.5
"Post scheduled trip end time",0,1310,1310,4020.5
"Post scheduled trip end time",0,631,631,4020.5
"Post scheduled trip end time",0,24952,24952,4020.5
"Post scheduled trip end time",0,7001,7001,4020.5
"Post scheduled trip end time",0,3428,3428,4020.5
"Post scheduled trip end time",0,15946,15946,4020.5
"Post scheduled trip end time",0,102,102,4020.5
"Post scheduled trip end time",0,58,58,4020.5
"Post scheduled trip end time",0,1549,1549,4020.5
"Post scheduled trip end time",0,15730,15730,4020.5
"Post scheduled trip end time",0,3693,3693,4020.5
"Post scheduled trip end time",0,9690,9690,4020.5
"Post scheduled trip end time",0,329,329,4020.5
"Post scheduled trip end time",0,9546,9546,4020.5
"Post scheduled trip end time",0,138,138,4020.5
"Post scheduled trip end time",0,417,417,4020.5
"Post scheduled trip end time",0,3099,3099,4020.5
"Post scheduled trip end time",0,3549,3549,4020.5
"Post scheduled trip end time",0,2314,2314,4020.5
"Post scheduled trip end time",0,17325,17325,4020.5
"Post scheduled trip end time",0,264,264,4020.5
"Post scheduled trip end time",0,383,383,4020.5
"Post scheduled trip end time",0,150,150,4020.5
"Post scheduled trip end time",0,20986,20986,4020.5
"Post scheduled trip end time",0,1870,1870,4020.5
"Post scheduled trip end time",0,30604,30604,4020.5
"Post scheduled trip end time",0,13074,13074,4020.5
"Post scheduled trip end time",0,686,686,4020.5
"Post scheduled trip end time",0,10881,10881,4020.5
"Post scheduled trip end time",0,9965,9965,4020.5
"Post scheduled trip end time",0,31,31,4020.5
"Post scheduled trip end time",0,968,968,4020.5
"Post scheduled trip end time",0,8848,8848,4020.5
"Post scheduled trip end time",0,370,370,4020.5
"Post scheduled trip end time",0,1738,1738,4020.5
"Post scheduled trip end time",0,539,539,4020.5
"Post scheduled trip end time",0,21046,21046,4020.5
"Post scheduled trip end time",0,15332,15332,4020.5
"Post scheduled trip end time",0,525128,525128,4020.5
"Post scheduled trip end time",0,10330,10330,4020.5
"Post scheduled trip end time",0,1202,1202,4020.5
"Post scheduled trip end time",0,28384,28384,4020.5
"Post scheduled trip end time",0,27532,27532,4020.5
"Post scheduled trip end time",0,1376,1376,4020.5
"Post scheduled trip end time",0,24324,24324,4020.5
"Post scheduled trip end time",0,12772,12772,4020.5
"Post scheduled trip end time",0,537348,537348,4020.5
"Post scheduled trip end time",0,15905,15905,4020.5
"Post scheduled trip end time",0,438,438,4020.5
"Post scheduled trip end time",0,331,331,4020.5
"Post scheduled trip end time",0,878,878,4020.5
"Post scheduled trip end time",0,5510,5510,4020.5
"Post scheduled trip end time",0,31264,31264,4020.5
"Post scheduled trip end time",0,1585,1585,4020.5
"Post scheduled trip end time",0,20972,20972,4020.5
"Post scheduled trip end time",0,1108,1108,4020.5
"Post scheduled trip end time",0,4940,4940,4020.5
"Post scheduled trip end time",0,4170,4170,4020.5
"Post scheduled trip end time",0,1296,1296,4020.5
"Post scheduled trip end time",0,726,726,4020.5
"Post scheduled trip end time",0,18577,18577,4020.5
"Post scheduled trip end time",0,15818,15818,4020.5
"Post scheduled trip end time",0,12357,12357,4020.5
"Post scheduled trip end time",0,10110,10110,4020.5
"Post scheduled trip end time",0,537,537,4020.5
"Post scheduled trip end time",0,440,440,4020.5
"Post scheduled trip end time",0,6672,6672,4020.5
"Post scheduled trip end time",0,30030,30030,4020.5
"Post scheduled trip end time",0,1686,1686,4020.5
"Post scheduled trip end time",0,474,474,4020.5
"Post scheduled trip end time",0,2350,2350,4020.5
"Post scheduled trip end time",0,6271,6271,4020.5
"Post scheduled trip end time",0,16441,16441,4020.5
"Post scheduled trip end time",0,24112,24112,4020.5
"Post scheduled trip end time",0,527748,527748,4020.5
"Post scheduled trip end time",0,751,751,4020.5
"Post scheduled trip end time",0,2929,2929,4020.5
"Post scheduled trip end time",0,31410,31410,4020.5
"Post scheduled trip end time",0,109,109,4020.5
"Post scheduled trip end time",0,106,106,4020.5
"Post scheduled trip end time",0,23970,23970,4020.5
"Post scheduled trip end time",0,359,359,4020.5
"Post scheduled trip end time",0,12394,12394,4020.5
"Post scheduled trip end time",0,19152,19152,4020.5
"Post scheduled trip end time",0,2359,2359,4020.5
"Post scheduled trip end time",0,15950,15950,4020.5
"Post scheduled trip end time",0,249,249,4020.5
"Post scheduled trip end time",0,10228,10228,4020.5
"Post scheduled trip end time",0,9672,9672,4020.5
"Post scheduled trip end time",0,494,494,4020.5
"Post scheduled trip end time",0,11770,11770,4020.5
"Post scheduled trip end time",0,6728,6728,4020.5
"Post scheduled trip end time",0,555,555,4020.5
"Post scheduled trip end time",0,164,164,4020.5
"Post scheduled trip end time",0,16450,16450,4020.5
"Post scheduled trip end time",0,2492,2492,4020.5
"Post scheduled trip end time",0,19671,19671,4020.5
"Post scheduled trip end time",0,13641,13641,4020.5
"Post scheduled trip end time",0,162,162,4020.5
"Post scheduled trip end time",0,200,200,4020.5
"Post scheduled trip end time",0,981,981,4020.5
"Post scheduled trip end time",0,5574,5574,4020.5
"Post scheduled trip end time",0,11214,11214,4020.5
"Post scheduled trip end time",0,12314,12314,4020.5
"Post scheduled trip end time",0,8271,8271,4020.5
"Post scheduled trip end time",0,8330,8330,4020.5
"Post scheduled trip end time",0,12271,12271,4020.5
"Post scheduled trip end time",0,11632,11632,4020.5
"Post scheduled trip end time",0,318,318,4020.5
"Post scheduled trip end time",0,349,349,4020.5
"Post scheduled trip end time",0,470,470,4020.5
"Post scheduled trip end time",0,2135,2135,4020.5
"Post scheduled trip end time",0,78,78,4020.5
"Post scheduled trip end time",0,738,738,4020.5
"Post scheduled trip end time",0,1694,1694,4020.5
"Post scheduled trip end time",0,17750,17750,4020.5
"Post scheduled trip end time",0,15414,15414,4020.5
"Post scheduled trip end time",0,3875,3875,4020.5
"Post scheduled trip end time",0,17872,17872,4020.5
"Post scheduled trip end time",0,11248,11248,4020.5
"Post scheduled trip end time",0,9092,9092,4020.5
"Post scheduled trip end time",0,520,520,4020.5
"Post scheduled trip end time",0,9491,9491,4020.5
"Post scheduled trip end time",0,533308,533308,4020.5
"Post scheduled trip end time",0,21037,21037,4020.5
"Post scheduled trip end time",0,469,469,4020.5
"Post scheduled trip end time",0,7110,7110,4020.5
"Post scheduled trip end time",0,93,93,4020.5
"Post scheduled trip end time",0,409,409,4020.5
"Post scheduled trip end time",0,18446,18446,4020.5
"Post scheduled trip end time",0,21206,21206,4020.5
"Post scheduled trip end time",0,8470,8470,4020.5
"Post scheduled trip end time",0,1185,1185,4020.5
"Post scheduled trip end time",0,12731,12731,4020.5
"Post scheduled trip end time",0,1965,1965,4020.5
"Post scheduled trip end time",0,512,512,4020.5
"Post scheduled trip end time",0,250,250,4020.5
"Post scheduled trip end time",0,18106,18106,4020.5
"Post scheduled trip end time",0,604,604,4020.5
"Post scheduled trip end time",0,17157,17157,4020.5
"Post scheduled trip end time",0,75,75,4020.5
"Post scheduled trip end time",0,11437,11437,4020.5
"Post scheduled trip end time",0,8108,8108,4020.5
"Post scheduled trip end time",0,18170,18170,4020.5
"Post scheduled trip end time",0,1144,1144,4020.5
"Post scheduled trip end time",0,745,745,4020.5
"Post scheduled trip end time",0,10214,10214,4020.5
"Post scheduled trip end time",0,305,305,4020.5
"Post scheduled trip end time",0,15646,15646,4020.5
"Post scheduled trip end time",0,4098,4098,4020.5
"Post scheduled trip end time",0,730,730,4020.5
"Post scheduled trip end time",0,315,315,4020.5
"Post scheduled trip end time",0,6951,6951,4020.5
"Post scheduled trip end time",0,2889,2889,4020.5
"Post scheduled trip end time",0,535168,535168,4020.5
"Post scheduled trip end time",0,81,81,4020.5
"Post scheduled trip end time",0,488,488,4020.5
"Post scheduled trip end time",0,254,254,4020.5
"Post scheduled trip end time",0,6411,6411,4020.5
"Post scheduled trip end time",0,9558,9558,4020.5
"Post scheduled trip end time",0,2757,2757,4020.5
"Post scheduled trip end time",0,53,53,4020.5
"Post scheduled trip end time",0,1318,1318,4020.5
"Post scheduled trip end time",0,1047,1047,4020.5
"Post scheduled trip end time",0,317,317,4020.5
"Post scheduled trip end time",0,27604,27604,4020.5
"Post scheduled trip end time",0,364,364,4020.5
"Post scheduled trip end time",0,2640,2640,4020.5
"Post scheduled trip end time",0,3579,3579,4020.5
"Post scheduled trip end time",0,484,484,4020.5
"Post scheduled trip end time",0,903,903,4020.5
"Post scheduled trip end time",0,418,418,4020.5
"Post scheduled trip end time",0,3677,3677,4020.5
"Post scheduled trip end time",0,7788,7788,4020.5
"Post scheduled trip end time",0,2238,2238,4020.5
"Post scheduled trip end time",0,360,360,4020.5
"Post scheduled trip end time",0,1228,1228,4020.5
"Post scheduled trip end time",0,3493,3493,4020.5
"Post scheduled trip end time",0,141,141,4020.5
"Post scheduled trip end time",0,749,749,4020.5
"Post scheduled trip end time",0,282,282,4020.5
"Post scheduled trip end time",0,671,671,4020.5
"Post scheduled trip end time",0,1429,1429,4020.5
"Post scheduled trip end time",0,1402,1402,4020.5
"Post scheduled trip end time",0,156,156,4020.5
"Post scheduled trip end time",0,37,37,4020.5
"Post scheduled trip end time",0,308,308,4020.5
"Post scheduled trip end time",0,131,131,4020.5
"Post scheduled trip end time",0,9401,9401,4020.5
"Post scheduled trip end time",0,6648,6648,4020.5
"Post scheduled trip end time",0,591,591,4020.5
"Post scheduled trip end time",0,10968,10968,4020.5
"Post scheduled trip end time",0,3681,3681,4020.5
"Post scheduled trip end time",0,5801,5801,4020.5
"Post scheduled trip end time",0,17066,17066,4020.5
"Post scheduled trip end time",0,4409,4409,4020.5
"Post scheduled trip end time",0,653,653,4020.5
"Post scheduled trip end time",0,235,235,4020.5
"Post scheduled trip end time",0,11106,11106,4020.5
"Post scheduled trip end time",0,30570,30570,4020.5
"Post scheduled trip end time",0,1721,1721,4020.5
"Post scheduled trip end time",0,441,441,4020.5
"Post scheduled trip end time",0,3991,3991,4020.5
"Post scheduled trip end time",0,10070,10070,4020.5
"Post scheduled trip end time",0,13971,13971,4020.5
"Post scheduled trip end time",0,1809,1809,4020.5
"Post scheduled trip end time",0,15117,15117,4020.5
"Post scheduled trip end time",0,13,13,4020.5
"Post scheduled trip end time",0,7700,7700,4020.5
"Post scheduled trip end time",0,227,227,4020.5
"Post scheduled trip end time",0,2653,2653,4020.5
"Post scheduled trip end time",0,12692,12692,4020.5
"Post scheduled trip end time",0,776,776,4020.5
"Post scheduled trip end time",0,559,559,4020.5
"Post scheduled trip end time",0,43,43,4020.5
"Post scheduled trip end time",0,1019,1019,4020.5
"Post scheduled trip end time",0,19494,19494,4020.5
"Post scheduled trip end time",0,127,127,4020.5
"Post scheduled trip end time",0,14495,14495,4020.5
"Post scheduled trip end time",0,192,192,4020.5
"Post scheduled trip end time",0,6117,6117,4020.5
"Post scheduled trip end time",0,3877,3877,4020.5
"Post scheduled trip end time",0,5390,5390,4020.5
"Post scheduled trip end time",0,405,405,4020.5
"Post scheduled trip end time",0,7454,7454,4020.5
"Post scheduled trip end time",0,10830,10830,4020.5
"Post scheduled trip end time",0,15841,15841,4020.5
"Post scheduled trip end time",0,26272,26272,4020.5
"Post scheduled trip end time",0,13041,13041,4020.5
"Post scheduled trip end time",0,8,8,4020.5
"Post scheduled trip end time",0,1061,1061,4020.5
"Post scheduled trip end time",0,493,493,4020.5
"Post scheduled trip end time",0,21270,21270,4020.5
"Post scheduled trip end time",0,534548,534548,4020.5
"Post scheduled trip end time",0,522268,522268,4020.5
"Post scheduled trip end time",0,228,228,4020.5
"Post scheduled trip end time",0,16005,16005,4020.5
"Post scheduled trip end time",0,720,720,4020.5
"Post scheduled trip end time",0,1875,1875,4020.5
"Post scheduled trip end time",0,29472,29472,4020.5
"Post scheduled trip end time",0,16852,16852,4020.5
"Post scheduled trip end time",0,3419,3419,4020.5
"Post scheduled trip end time",0,22,22,4020.5
"Post scheduled trip end time",0,15910,15910,4020.5
"Post scheduled trip end time",0,9910,9910,4020.5
"Post scheduled trip end time",0,25992,25992,4020.5
"Post scheduled trip end time",0,18932,18932,4020.5
"Post scheduled trip end time",0,15221,15221,4020.5
"Post scheduled trip end time",0,324,324,4020.5
"Post scheduled trip end time",0,184,184,4020.5
"Post scheduled trip end time",0,14230,14230,4020.5
"Post scheduled trip end time",0,4790,4790,4020.5
"Post scheduled trip end time",0,27024,27024,4020.5
"Post scheduled trip end time",0,15870,15870,4020.5
"Post scheduled trip end time",0,14431,14431,4020.5
"Post scheduled trip end time",0,28,28,4020.5
"Post scheduled trip end time",0,18,18,4020.5
"Post scheduled trip end time",0,6530,6530,4020.5
"Post scheduled trip end time",0,4291,4291,4020.5
"Post scheduled trip end time",0,3743,3743,4020.5
"Post scheduled trip end time",0,1458,1458,4020.5
"Post scheduled trip end time",0,29764,29764,4020.5
"Post scheduled trip end time",0,34210,34210,4020.5
"Post scheduled trip end time",0,635,635,4020.5
"Post scheduled trip end time",0,7041,7041,4020.5
"Post scheduled trip end time",0,14828,14828,4020.5
"Post scheduled trip end time",0,3920,3920,4020.5
"Post scheduled trip end time",0,371,371,4020.5
"Post scheduled trip end time",0,898,898,4020.5
"Post scheduled trip end time",0,516,516,4020.5
"Post scheduled trip end time",0,299,299,4020.5
"Post scheduled trip end time",0,178738,178738,4020.5
"Post scheduled trip end time",0,5774,5774,4020.5
"Post scheduled trip end time",0,505,505,4020.5
"Post scheduled trip end time",0,193,193,4020.5
"Post scheduled trip end time",0,5751,5751,4020.5
"Post scheduled trip end time",0,15912,15912,4020.5
"Post scheduled trip end time",0,252,252,4020.5
"Post scheduled trip end time",0,2410,2410,4020.5
"Post scheduled trip end time",0,5455,5455,4020.5
"Post scheduled trip end time",0,1640,1640,4020.5
"Post scheduled trip end time",0,18791,18791,4020.5
"Post scheduled trip end time",0,9790,9790,4020.5
"Post scheduled trip end time",0,287,287,4020.5
"Post scheduled trip end time",0,6726,6726,4020.5
"Post scheduled trip end time",0,540508,540508,4020.5
"Post scheduled trip end time",0,6254,6254,4020.5
"Post scheduled trip end time",0,2010,2010,4020.5
"Post scheduled trip end time",0,17732,17732,4020.5
"Post scheduled trip end time",0,10668,10668,4020.5
"Post scheduled trip end time",0,14932,14932,4020.5
"Post scheduled trip end time",0,3741,3741,4020.5
"Post scheduled trip end time",0,16906,16906,4020.5
"Post scheduled trip end time",0,1274,1274,4020.5
"Post scheduled trip end time",0,4992,4992,4020.5
"Post scheduled trip end time",0,11245,11245,4020.5
"Post scheduled trip end time",0,173,173,4020.5
"Post scheduled trip end time",0,80,80,4020.5
"Post scheduled trip end time",0,406,406,4020.5
"Post scheduled trip end time",0,34110,34110,4020.5
"Post scheduled trip end time",0,1388,1388,4020.5
"Post scheduled trip end time",0,947,947,4020.5
"Post scheduled trip end time",0,22477,22477,4020.5
"Post scheduled trip end time",0,578,578,4020.5
"Post scheduled trip end time",0,4969,4969,4020.5
"Post scheduled trip end time",0,12291,12291,4020.5
"Post scheduled trip end time",0,573,573,4020.5
"Post scheduled trip end time",0,15472,15472,4020.5
"Post scheduled trip end time",0,535,535,4020.5
"Post scheduled trip end time",0,1048,1048,4020.5
"Post scheduled trip end time",0,19378,19378,4020.5
"Post scheduled trip end time",0,4820,4820,4020.5
"Post scheduled trip end time",0,4478,4478,4020.5
"Post scheduled trip end time",0,3114,3114,4020.5
"Post scheduled trip end time",0,10670,10670,4020.5
"Post scheduled trip end time",0,8990,8990,4020.5
"Post scheduled trip end time",0,2720,2720,4020.5
"Post scheduled trip end time",0,6594,6594,4020.5
"Post scheduled trip end time",0,639,639,4020.5
"Post scheduled trip end time",0,5674,5674,4020.5
"Post scheduled trip end time",0,1522,1522,4020.5
"Post scheduled trip end time",0,1113,1113,4020.5
"Post scheduled trip end time",0,215,215,4020.5
"Post scheduled trip end time",0,986,986,4020.5
"Post scheduled trip end time",0,17270,17270,4020.5
"Post scheduled trip end time",0,31950,31950,4020.5
"Post scheduled trip end time",0,2741,2741,4020.5
"Post scheduled trip end time",0,281,281,4020.5
"Post scheduled trip end time",0,2900,2900,4020.5
"Post scheduled trip end time",0,233,233,4020.5
"Post scheduled trip end time",0,398,398,4020.5
"Post scheduled trip end time",0,14691,14691,4020.5
"Post scheduled trip end time",0,6710,6710,4020.5
"Post scheduled trip end time",0,158,158,4020.5
"Post scheduled trip end time",0,10390,10390,4020.5
"Post scheduled trip end time",0,557,557,4020.5
"Post scheduled trip end time",0,5420,5420,4020.5
"Post scheduled trip end time",0,16746,16746,4020.5
"Post scheduled trip end time",0,12550,12550,4020.5
"Post scheduled trip end time",0,-7,-7,4020.5
"Post scheduled trip end time",0,115,115,4020.5
"Post scheduled trip end time",0,12391,12391,4020.5
"Post scheduled trip end time",0,198,198,4020.5
"Post scheduled trip end time",0,1872,1872,4020.5
"Post scheduled trip end time",0,1858,1858,4020.5
"Post scheduled trip end time",0,9837,9837,4020.5
"Post scheduled trip end time",0,32910,32910,4020.5
"Post scheduled trip end time",0,17878,17878,4020.5
"Post scheduled trip end time",0,1180,1180,4020.5
"Post scheduled trip end time",0,12038,12038,4020.5
"Post scheduled trip end time",0,4308,4308,4020.5
"Post scheduled trip end time",0,2708,2708,4020.5
"Post scheduled trip end time",0,17392,17392,4020.5
"Post scheduled trip end time",0,2021,2021,4020.5
"Post scheduled trip end time",0,637,637,4020.5
"Post scheduled trip end time",0,16590,16590,4020.5
"Post scheduled trip end time",0,2687,2687,4020.5
"Post scheduled trip end time",0,28644,28644,4020.5
"Post scheduled trip end time",0,9857,9857,4020.5
"Post scheduled trip end time",0,20312,20312,4020.5
"Post scheduled trip end time",0,2920,2920,4020.5
"Post scheduled trip end time",0,638,638,4020.5
"Post scheduled trip end time",0,11906,11906,4020.5
"Post scheduled trip end time",0,30290,30290,4020.5
"Post scheduled trip end time",0,10430,10430,4020.5
"Post scheduled trip end time",0,846,846,4020.5
"Post scheduled trip end time",0,9638,9638,4020.5
"Post scheduled trip end time",0,542808,542808,4020.5
"Post scheduled trip end time",0,2579,2579,4020.5
"Post scheduled trip end time",0,798,798,4020.5
"Post scheduled trip end time",0,1674,1674,4020.5
"Post scheduled trip end time",0,427,427,4020.5
"Post scheduled trip end time",0,20086,20086,4020.5
"Post scheduled trip end time",0,22770,22770,4020.5
"Post scheduled trip end time",0,7868,7868,4020.5
"Post scheduled trip end time",0,29812,29812,4020.5
"Post scheduled trip end time",0,5210,5210,4020.5
"Before scheduled trip start time",1,474,473,8038
"Before scheduled trip start time",1,480,479,8038
"Before scheduled trip start time",1,426,425,8038
"Before scheduled trip start time",1,391,390,8038
"Before scheduled trip start time",1,133,132,8038
"Before scheduled trip start time",1,372,371,8038
"Before scheduled trip start time",1,406,405,8038
"Before scheduled trip start time",1,74,73,8038
"Before scheduled trip start time",1,240,239,8038
"Before scheduled trip start time",1,318,317,8038
"Before scheduled trip start time",1,129,128,8038
"Before scheduled trip start time",1,121,120,8038
"Before scheduled trip start time",1,530,529,8038
"Before scheduled trip start time",1,435,434,8038
"Before scheduled trip start time",1,356,355,8038
"Before scheduled trip start time",1,566,565,8038
"Before scheduled trip start time",1,65,64,8038
"Before scheduled trip start time",1,30,29,8038
"Before scheduled trip start time",1,374,373,8038
"Before scheduled trip start time",1,491,490,8038
"Before scheduled trip start time",1,584,583,8038
"Before scheduled trip start time",1,66,65,8038
"Before scheduled trip start time",1,256,255,8038
"Before scheduled trip start time",1,212,211,8038
"Before scheduled trip start time",1,184,183,8038
"Before scheduled trip start time",1,187,186,8038
"Before scheduled trip start time",1,238,237,8038
"Before scheduled trip start time",1,562,561,8038
"Before scheduled trip start time",1,588,587,8038
"Before scheduled trip start time",1,334,333,8038
"Before scheduled trip start time",1,55,54,8038
"Before scheduled trip start time",1,147,146,8038
"Before scheduled trip start time",1,515,514,8038
"Before scheduled trip start time",1,373,372,8038
"Before scheduled trip start time",1,322,321,8038
"Before scheduled trip start time",1,547,546,8038
"Before scheduled trip start time",1,451,450,8038
"Before scheduled trip start time",1,448,447,8038
"Before scheduled trip start time",1,407,406,8038
"Before scheduled trip start time",1,-14,-15,8038
"Before scheduled trip start time",1,108,107,8038
"Before scheduled trip start time",1,92,91,8038
"Before scheduled trip start time",1,131,130,8038
"Before scheduled trip start time",1,385,384,8038
"Before scheduled trip start time",1,536,535,8038
"Before scheduled trip start time",1,43,42,8038
"Before scheduled trip start time",1,260,259,8038
"Before scheduled trip start time",1,243,242,8038
"Before scheduled trip start time",1,228,227,8038
"Before scheduled trip start time",1,-2,-3,8038
"Before scheduled trip start time",1,360,359,8038
"Before scheduled trip start time",1,61,60,8038
"Before scheduled trip start time",1,259,258,8038
"Before scheduled trip start time",1,-15,-16,8038
"Before scheduled trip start time",1,394,393,8038
"Before scheduled trip start time",1,587,586,8038
"Before scheduled trip start time",1,126,125,8038
"Before scheduled trip start time",1,548,547,8038
"Before scheduled trip start time",1,483,482,8038
"Before scheduled trip start time",1,354,353,8038
"Before scheduled trip start time",1,159,158,8038
"Before scheduled trip start time",1,489,488,8038
"Before scheduled trip start time",1,469,468,8038
"Before scheduled trip start time",1,528,527,8038
"Before scheduled trip start time",1,425,424,8038
"Before scheduled trip start time",1,546,545,8038
"Before scheduled trip start time",1,60,59,8038
"Before scheduled trip start time",1,207,206,8038
"Before scheduled trip start time",1,98,97,8038
"Before scheduled trip start time",1,79,78,8038
"Before scheduled trip start time",1,58,57,8038
"Before scheduled trip start time",1,277,276,8038
"Before scheduled trip start time",1,544,543,8038
"Before scheduled trip start time",1,272,271,8038
"Before scheduled trip start time",1,339,338,8038
"Before scheduled trip start time",1,76,75,8038
"Before scheduled trip start time",1,35,34,8038
"Before scheduled trip start time",1,371,370,8038
"Before scheduled trip start time",1,343,342,8038
"Before scheduled trip start time",1,397,396,8038
"Before scheduled trip start time",1,14,13,8038
"Before scheduled trip start time",1,471,470,8038
"Before scheduled trip start time",1,48,47,8038
"Before scheduled trip start time",1,440,439,8038
"Before scheduled trip start time",1,293,292,8038
"Before scheduled trip start time",1,561,560,8038
"Before scheduled trip start time",1,153,152,8038
"Before scheduled trip start time",1,361,360,8038
"Before scheduled trip start time",1,326,325,8038
"Before scheduled trip start time",1,139,138,8038
"Before scheduled trip start time",1,146,145,8038
"Before scheduled trip start time",1,224,223,8038
"Before scheduled trip start time",1,183,182,8038
"Before scheduled trip start time",1,401,400,8038
"Before scheduled trip start time",1,437,436,8038
"Before scheduled trip start time",1,582,581,8038
"Before scheduled trip start time",1,64,63,8038
"Before scheduled trip start time",1,151,150,8038
"Before scheduled trip start time",1,369,368,8038
"Before scheduled trip start time",1,359,358,8038
"Before scheduled trip start time",1,193,192,8038
"Before scheduled trip start time",1,312,311,8038
"Before scheduled trip start time",1,208,207,8038
"Before scheduled trip start time",1,219,218,8038
"Before scheduled trip start time",1,362,361,8038
"Before scheduled trip start time",1,324,323,8038
"Before scheduled trip start time",1,258,257,8038
"Before scheduled trip start time",1,230,229,8038
"Before scheduled trip start time",1,525,524,8038
"Before scheduled trip start time",1,535,534,8038
"Before scheduled trip start time",1,191,190,8038
"Before scheduled trip start time",1,206,205,8038
"Before scheduled trip start time",1,464,463,8038
"Before scheduled trip start time",1,550,549,8038
"Before scheduled trip start time",1,377,376,8038
"Before scheduled trip start time",1,524,523,8038
"Before scheduled trip start time",1,481,480,8038
"Before scheduled trip start time",1,104,103,8038
"Before scheduled trip start time",1,331,330,8038
"Before scheduled trip start time",1,541,540,8038
"Before scheduled trip start time",1,417,416,8038
"Before scheduled trip start time",1,431,430,8038
"Before scheduled trip start time",1,509,508,8038
"Before scheduled trip start time",1,196,195,8038
"Before scheduled trip start time",1,506,505,8038
"Before scheduled trip start time",1,12,11,8038
"Before scheduled trip start time",1,555,554,8038
"Before scheduled trip start time",1,89,88,8038
"Before scheduled trip start time",1,130,129,8038
"Before scheduled trip start time",1,249,248,8038
"Before scheduled trip start time",1,33,32,8038
"Before scheduled trip start time",1,527,526,8038
"Before scheduled trip start time",1,352,351,8038
"Before scheduled trip start time",1,200,199,8038
"Before scheduled trip start time",1,214,213,8038
"Before scheduled trip start time",1,57,56,8038
"Before scheduled trip start time",1,457,456,8038
"Before scheduled trip start time",1,271,270,8038
"Before scheduled trip start time",1,379,378,8038
"Before scheduled trip start time",1,142,141,8038
"Before scheduled trip start time",1,203,202,8038
"Before scheduled trip start time",1,141,140,8038
"Before scheduled trip start time",1,558,557,8038
"Before scheduled trip start time",1,552,551,8038
"Before scheduled trip start time",1,381,380,8038
"Before scheduled trip start time",1,590,589,8038
"Before scheduled trip start time",1,19,18,8038
"Before scheduled trip start time",1,531,530,8038
"Before scheduled trip start time",1,157,156,8038
"Before scheduled trip start time",1,460,459,8038
"Before scheduled trip start time",1,73,72,8038
"Before scheduled trip start time",1,245,244,8038
"Before scheduled trip start time",1,189,188,8038
"Before scheduled trip start time",1,27,26,8038
"Before scheduled trip start time",1,-8,-9,8038
"Before scheduled trip start time",1,453,452,8038
"Before scheduled trip start time",1,583,582,8038
"Before scheduled trip start time",1,105,104,8038
"Before scheduled trip start time",1,303,302,8038
"Before scheduled trip start time",1,275,274,8038
"Before scheduled trip start time",1,436,435,8038
"Before scheduled trip start time",1,77,76,8038
"Before scheduled trip start time",1,286,285,8038
"Before scheduled trip start time",1,59,58,8038
"Before scheduled trip start time",1,365,364,8038
"Before scheduled trip start time",1,398,397,8038
"Before scheduled trip start time",1,233,232,8038
"Before scheduled trip start time",1,594,593,8038
"Before scheduled trip start time",1,75,74,8038
"Before scheduled trip start time",1,32,31,8038
"Before scheduled trip start time",1,262,261,8038
"Before scheduled trip start time",1,18,17,8038
"Before scheduled trip start time",1,300,299,8038
"Before scheduled trip start time",1,470,469,8038
"Before scheduled trip start time",1,519,518,8038
"Before scheduled trip start time",1,559,558,8038
"Before scheduled trip start time",1,87,86,8038
"Before scheduled trip start time",1,301,300,8038
"Before scheduled trip start time",1,167,166,8038
"Before scheduled trip start time",1,543,542,8038
"Before scheduled trip start time",1,534,533,8038
"Before scheduled trip start time",1,-12,-13,8038
"Before scheduled trip start time",1,317,316,8038
"Before scheduled trip start time",1,314,313,8038
"Before scheduled trip start time",1,199,198,8038
"Before scheduled trip start time",1,36,35,8038
"Before scheduled trip start time",1,475,474,8038
"Before scheduled trip start time",1,350,349,8038
"Before scheduled trip start time",1,274,273,8038
"Before scheduled trip start time",1,124,123,8038
"Before scheduled trip start time",1,458,457,8038
"Before scheduled trip start time",1,591,590,8038
"Before scheduled trip start time",1,83,82,8038
"Before scheduled trip start time",1,175,174,8038
"Before scheduled trip start time",1,553,552,8038
"Before scheduled trip start time",1,329,328,8038
"Before scheduled trip start time",1,554,553,8038
"Before scheduled trip start time",1,320,319,8038
"Before scheduled trip start time",1,178,177,8038
"Before scheduled trip start time",1,311,310,8038
"Before scheduled trip start time",1,498,497,8038
"Before scheduled trip start time",1,315,314,8038
"Before scheduled trip start time",1,410,409,8038
"Before scheduled trip start time",1,411,410,8038
"Before scheduled trip start time",1,1,0,8038
"Before scheduled trip start time",1,287,286,8038
"Before scheduled trip start time",1,565,564,8038
"Before scheduled trip start time",1,31,30,8038
"Before scheduled trip start time",1,82,81,8038
"Before scheduled trip start time",1,294,293,8038
"Before scheduled trip start time",1,551,550,8038
"Before scheduled trip start time",1,592,591,8038
"Before scheduled trip start time",1,71,70,8038
"Before scheduled trip start time",1,400,399,8038
"Before scheduled trip start time",1,169,168,8038
"Before scheduled trip start time",1,185,184,8038
"Before scheduled trip start time",1,545,544,8038
"Before scheduled trip start time",1,321,320,8038
"Before scheduled trip start time",1,2,1,8038
"Before scheduled trip start time",1,456,455,8038
"Before scheduled trip start time",1,282,281,8038
"Before scheduled trip start time",1,387,386,8038
"Before scheduled trip start time",1,567,566,8038
"Before scheduled trip start time",1,576,575,8038
"Before scheduled trip start time",1,137,136,8038
"Before scheduled trip start time",1,218,217,8038
"Before scheduled trip start time",1,402,401,8038
"Before scheduled trip start time",1,492,491,8038
"Before scheduled trip start time",1,164,163,8038
"Before scheduled trip start time",1,310,309,8038
"Before scheduled trip start time",1,84,83,8038
"Before scheduled trip start time",1,338,337,8038
"Before scheduled trip start time",1,578,577,8038
"Before scheduled trip start time",1,41,40,8038
"Before scheduled trip start time",1,257,256,8038
"Before scheduled trip start time",1,511,510,8038
"Before scheduled trip start time",1,72,71,8038
"Before scheduled trip start time",1,264,263,8038
"Before scheduled trip start time",1,364,363,8038
"Before scheduled trip start time",1,486,485,8038
"Before scheduled trip start time",1,49,48,8038
"Before scheduled trip start time",1,514,513,8038
"Before scheduled trip start time",1,323,322,8038
"Before scheduled trip start time",1,51,50,8038
"Before scheduled trip start time",1,289,288,8038
"Before scheduled trip start time",1,508,507,8038
"Before scheduled trip start time",1,449,448,8038
"Before scheduled trip start time",1,341,340,8038
"Before scheduled trip start time",1,20,19,8038
"Before scheduled trip start time",1,444,443,8038
"Before scheduled trip start time",1,37,36,8038
"Before scheduled trip start time",1,148,147,8038
"Before scheduled trip start time",1,330,329,8038
"Before scheduled trip start time",1,390,389,8038
"Before scheduled trip start time",1,283,282,8038
"Before scheduled trip start time",1,403,402,8038
"Before scheduled trip start time",1,244,243,8038
"Before scheduled trip start time",1,494,493,8038
"Before scheduled trip start time",1,446,445,8038
"Before scheduled trip start time",1,80,79,8038
"Before scheduled trip start time",1,162,161,8038
"Before scheduled trip start time",1,180,179,8038
"Before scheduled trip start time",1,221,220,8038
"Before scheduled trip start time",1,13,12,8038
"Before scheduled trip start time",1,7,6,8038
"Before scheduled trip start time",1,229,228,8038
"Before scheduled trip start time",1,22,21,8038
"Before scheduled trip start time",1,404,403,8038
"Before scheduled trip start time",1,521,520,8038
"Before scheduled trip start time",1,143,142,8038
"Before scheduled trip start time",1,291,290,8038
"Before scheduled trip start time",1,413,412,8038
"Before scheduled trip start time",1,171,170,8038
"Before scheduled trip start time",1,357,356,8038
"Before scheduled trip start time",1,125,124,8038
"Before scheduled trip start time",1,116,115,8038
"Before scheduled trip start time",1,493,492,8038
"Before scheduled trip start time",1,186,185,8038
"Before scheduled trip start time",1,4,3,8038
"Before scheduled trip start time",1,557,556,8038
"Before scheduled trip start time",1,522,521,8038
"Before scheduled trip start time",1,495,494,8038
"Before scheduled trip start time",1,405,404,8038
"Before scheduled trip start time",1,414,413,8038
"Before scheduled trip start time",1,346,345,8038
"Before scheduled trip start time",1,452,451,8038
"Before scheduled trip start time",1,482,481,8038
"Before scheduled trip start time",1,313,312,8038
"Before scheduled trip start time",1,94,93,8038
"Before scheduled trip start time",1,166,165,8038
"Before scheduled trip start time",1,424,423,8038
"Before scheduled trip start time",1,484,483,8038
"Before scheduled trip start time",1,88,87,8038
"Before scheduled trip start time",1,213,212,8038
"Before scheduled trip start time",1,145,144,8038
"Before scheduled trip start time",1,179,178,8038
"Before scheduled trip start time",1,242,241,8038
"Before scheduled trip start time",1,23,22,8038
"Before scheduled trip start time",1,333,332,8038
"Before scheduled trip start time",1,176,175,8038
"Before scheduled trip start time",1,585,584,8038
"Before scheduled trip start time",1,158,157,8038
"Before scheduled trip start time",1,45,44,8038
"Before scheduled trip start time",1,276,275,8038
"Before scheduled trip start time",1,113,112,8038
"Before scheduled trip start time",1,382,381,8038
"Before scheduled trip start time",1,140,139,8038
"Before scheduled trip start time",1,211,210,8038
"Before scheduled trip start time",1,250,249,8038
"Before scheduled trip start time",1,223,222,8038
"Before scheduled trip start time",1,526,525,8038
"Before scheduled trip start time",1,9,8,8038
"Before scheduled trip start time",1,370,369,8038
"Before scheduled trip start time",1,422,421,8038
"Before scheduled trip start time",1,336,335,8038
"Before scheduled trip start time",1,85,84,8038
"Before scheduled trip start time",1,345,344,8038
"Before scheduled trip start time",1,571,570,8038
"Before scheduled trip start time",1,537,536,8038
"Before scheduled trip start time",1,149,148,8038
"Before scheduled trip start time",1,172,171,8038
"Before scheduled trip start time",1,378,377,8038
"Before scheduled trip start time",1,455,454,8038
"Before scheduled trip start time",1,542,541,8038
"Before scheduled trip start time",1,477,476,8038
"Before scheduled trip start time",1,279,278,8038
"Before scheduled trip start time",1,156,155,8038
"Before scheduled trip start time",1,155,154,8038
"Before scheduled trip start time",1,569,568,8038
"Before scheduled trip start time",1,325,324,8038
"Before scheduled trip start time",1,396,395,8038
"Before scheduled trip start time",1,428,427,8038
"Before scheduled trip start time",1,-3,-4,8038
"Before scheduled trip start time",1,342,341,8038
"Before scheduled trip start time",1,513,512,8038
"Before scheduled trip start time",1,91,90,8038
"Before scheduled trip start time",1,63,62,8038
"Before scheduled trip start time",1,267,266,8038
"Before scheduled trip start time",1,132,131,8038
"Before scheduled trip start time",1,135,134,8038
"Before scheduled trip start time",1,308,307,8038
"Before scheduled trip start time",1,600,599,8038
"Before scheduled trip start time",1,507,506,8038
"Before scheduled trip start time",1,95,94,8038
"Before scheduled trip start time",1,54,53,8038
"Before scheduled trip start time",1,502,501,8038
"Before scheduled trip start time",1,538,537,8038
"Before scheduled trip start time",1,234,233,8038
"Before scheduled trip start time",1,181,180,8038
"Before scheduled trip start time",1,337,336,8038
"Before scheduled trip start time",1,24,23,8038
"Before scheduled trip start time",1,539,538,8038
"Before scheduled trip start time",1,-7,-8,8038
"Before scheduled trip start time",1,479,478,8038
"Before scheduled trip start time",1,263,262,8038
"Before scheduled trip start time",1,328,327,8038
"Before scheduled trip start time",1,307,306,8038
"Before scheduled trip start time",1,430,429,8038
"Before scheduled trip start time",1,112,111,8038
"Before scheduled trip start time",1,586,585,8038
"Before scheduled trip start time",1,136,135,8038
"Before scheduled trip start time",1,268,267,8038
"Before scheduled trip start time",1,441,440,8038
"Before scheduled trip start time",1,467,466,8038
"Before scheduled trip start time",1,8,7,8038
"Before scheduled trip start time",1,138,137,8038
"Before scheduled trip start time",1,386,385,8038
"Before scheduled trip start time",1,168,167,8038
"Before scheduled trip start time",1,195,194,8038
"Before scheduled trip start time",1,412,411,8038
"Before scheduled trip start time",1,194,193,8038
"Before scheduled trip start time",1,358,357,8038
"Before scheduled trip start time",1,235,234,8038
"Before scheduled trip start time",1,516,515,8038
"Before scheduled trip start time",1,540,539,8038
"Before scheduled trip start time",1,500,499,8038
"Before scheduled trip start time",1,517,516,8038
"Before scheduled trip start time",1,355,354,8038
"Before scheduled trip start time",1,252,251,8038
"Before scheduled trip start time",1,3,2,8038
"Before scheduled trip start time",1,265,264,8038
"Before scheduled trip start time",1,290,289,8038
"Before scheduled trip start time",1,505,504,8038
"Before scheduled trip start time",1,549,548,8038
"Before scheduled trip start time",1,209,208,8038
"Before scheduled trip start time",1,197,196,8038
"Before scheduled trip start time",1,518,517,8038
"Before scheduled trip start time",1,11,10,8038
"Before scheduled trip start time",1,160,159,8038
"Before scheduled trip start time",1,366,365,8038
"Before scheduled trip start time",1,173,172,8038
"Before scheduled trip start time",1,21,20,8038
"Before scheduled trip start time",1,512,511,8038
"Before scheduled trip start time",1,497,496,8038
"Before scheduled trip start time",1,579,578,8038
"Before scheduled trip start time",1,152,151,8038
"Before scheduled trip start time",1,485,484,8038
"Before scheduled trip start time",1,433,432,8038
"Before scheduled trip start time",1,255,254,8038
"Before scheduled trip start time",1,438,437,8038
"Before scheduled trip start time",1,596,595,8038
"Before scheduled trip start time",1,432,431,8038
"Before scheduled trip start time",1,17,16,8038
"Before scheduled trip start time",1,443,442,8038
"Before scheduled trip start time",1,266,265,8038
"Before scheduled trip start time",1,316,315,8038
"Before scheduled trip start time",1,420,419,8038
"Before scheduled trip start time",1,226,225,8038
"Before scheduled trip start time",1,423,422,8038
"Before scheduled trip start time",1,503,502,8038
"Before scheduled trip start time",1,573,572,8038
"Before scheduled trip start time",1,220,219,8038
"Before scheduled trip start time",1,450,449,8038
"Before scheduled trip start time",1,529,528,8038
"Before scheduled trip start time",1,501,500,8038
"Before scheduled trip start time",1,348,347,8038
"Before scheduled trip start time",1,16,15,8038
"Before scheduled trip start time",1,110,109,8038
"Before scheduled trip start time",1,204,203,8038
"Before scheduled trip start time",1,563,562,8038
"Before scheduled trip start time",1,581,580,8038
"Before scheduled trip start time",1,188,187,8038
"Before scheduled trip start time",1,304,303,8038
"Before scheduled trip start time",1,595,594,8038
"Before scheduled trip start time",1,261,260,8038
"Before scheduled trip start time",1,122,121,8038
"Before scheduled trip start time",1,297,296,8038
"Before scheduled trip start time",1,44,43,8038
"Before scheduled trip start time",1,376,375,8038
"Before scheduled trip start time",1,296,295,8038
"Before scheduled trip start time",1,349,348,8038
"Before scheduled trip start time",1,239,238,8038
"Before scheduled trip start time",1,445,444,8038
"Before scheduled trip start time",1,154,153,8038
"Before scheduled trip start time",1,39,38,8038
"Before scheduled trip start time",1,222,221,8038
"Before scheduled trip start time",1,393,392,8038
"Before scheduled trip start time",1,123,122,8038
"Before scheduled trip start time",1,427,426,8038
"Before scheduled trip start time",1,299,298,8038
"Before scheduled trip start time",1,284,283,8038
"Before scheduled trip start time",1,389,388,8038
"Before scheduled trip start time",1,335,334,8038
"Before scheduled trip start time",1,247,246,8038
"Before scheduled trip start time",1,231,230,8038
"Before scheduled trip start time",1,568,567,8038
"Before scheduled trip start time",1,42,41,8038
"Before scheduled trip start time",1,429,428,8038
"Before scheduled trip start time",1,237,236,8038
"Before scheduled trip start time",1,388,387,8038
"Before scheduled trip start time",1,269,268,8038
"Before scheduled trip start time",1,270,269,8038
"Before scheduled trip start time",1,375,374,8038
"Before scheduled trip start time",1,418,417,8038
"Before scheduled trip start time",1,556,555,8038
"Before scheduled trip start time",1,499,498,8038
"Before scheduled trip start time",1,560,559,8038
"Before scheduled trip start time",1,419,418,8038
"Before scheduled trip start time",1,47,46,8038
"Before scheduled trip start time",1,170,169,8038
"Before scheduled trip start time",1,177,176,8038
"Before scheduled trip start time",1,109,108,8038
"Before scheduled trip start time",1,421,420,8038
"Before scheduled trip start time",1,353,352,8038
"Before scheduled trip start time",1,487,486,8038
"Before scheduled trip start time",1,251,250,8038
"Before scheduled trip start time",1,368,367,8038
"Before scheduled trip start time",1,462,461,8038
"Before scheduled trip start time",1,227,226,8038
"Before scheduled trip start time",1,217,216,8038
"Before scheduled trip start time",1,174,173,8038
"Before scheduled trip start time",1,363,362,8038
"Before scheduled trip start time",1,107,106,8038
"Before scheduled trip start time",1,305,304,8038
"Before scheduled trip start time",1,69,68,8038
"Before scheduled trip start time",1,101,100,8038
"Before scheduled trip start time",1,593,592,8038
"Before scheduled trip start time",1,478,477,8038
"Before scheduled trip start time",1,599,598,8038
"Before scheduled trip start time",1,295,294,8038
"Before scheduled trip start time",1,520,519,8038
"Before scheduled trip start time",1,127,126,8038
"Before scheduled trip start time",1,347,346,8038
"Before scheduled trip start time",1,442,441,8038
"Before scheduled trip start time",1,447,446,8038
"Before scheduled trip start time",1,50,49,8038
"Before scheduled trip start time",1,210,209,8038
"Before scheduled trip start time",1,439,438,8038
"Before scheduled trip start time",1,97,96,8038
"Before scheduled trip start time",1,434,433,8038
"Before scheduled trip start time",1,62,61,8038
"Before scheduled trip start time",1,198,197,8038
"Before scheduled trip start time",1,598,597,8038
"Before scheduled trip start time",1,115,114,8038
"Before scheduled trip start time",1,190,189,8038
"Before scheduled trip start time",1,128,127,8038
"Before scheduled trip start time",1,70,69,8038
"Before scheduled trip start time",1,510,509,8038
"Before scheduled trip start time",1,53,52,8038
"Before scheduled trip start time",1,119,118,8038
"Before scheduled trip start time",1,473,472,8038
"Before scheduled trip start time",1,114,113,8038
"Before scheduled trip start time",1,225,224,8038
"Before scheduled trip start time",1,-9,-10,8038
"Before scheduled trip start time",1,205,204,8038
"Before scheduled trip start time",1,306,305,8038
"Before scheduled trip start time",1,574,573,8038
"Before scheduled trip start time",1,99,98,8038
"Before scheduled trip start time",1,86,85,8038
"Before scheduled trip start time",1,288,287,8038
"Before scheduled trip start time",1,504,503,8038
"Before scheduled trip start time",1,6,5,8038
"Before scheduled trip start time",1,383,382,8038
"Before scheduled trip start time",1,165,164,8038
"Before scheduled trip start time",1,241,240,8038
"Before scheduled trip start time",1,580,579,8038
"Before scheduled trip start time",1,15,14,8038
"Before scheduled trip start time",1,248,247,8038
"Before scheduled trip start time",1,118,117,8038
"Before scheduled trip start time",1,564,563,8038
"Before scheduled trip start time",1,192,191,8038
"Before scheduled trip start time",1,150,149,8038
"Before scheduled trip start time",1,236,235,8038
"Before scheduled trip start time",1,466,465,8038
"Before scheduled trip start time",1,351,350,8038
"Before scheduled trip start time",1,575,574,8038
"Before scheduled trip start time",1,10,9,8038
"Before scheduled trip start time",1,106,105,8038
"Before scheduled trip start time",1,399,398,8038
"Before scheduled trip start time",1,254,253,8038
"Before scheduled trip start time",1,281,280,8038
"Before scheduled trip start time",1,572,571,8038
"Before scheduled trip start time",1,40,39,8038
"Before scheduled trip start time",1,28,27,8038
"Before scheduled trip start time",1,161,160,8038
"Before scheduled trip start time",1,100,99,8038
"Before scheduled trip start time",1,327,326,8038
"Before scheduled trip start time",1,415,414,8038
"Before scheduled trip start time",1,67,66,8038
"Before scheduled trip start time",1,202,201,8038
"Before scheduled trip start time",1,589,588,8038
"Before scheduled trip start time",1,111,110,8038
"Before scheduled trip start time",1,280,279,8038
"Before scheduled trip start time",1,367,366,8038
"Before scheduled trip start time",1,472,471,8038
"Before scheduled trip start time",1,29,28,8038
"Before scheduled trip start time",1,523,522,8038
"Before scheduled trip start time",1,302,301,8038
"Before scheduled trip start time",1,253,252,8038
"Before scheduled trip start time",1,144,143,8038
"Before scheduled trip start time",1,216,215,8038
"Before scheduled trip start time",1,344,343,8038
"Before scheduled trip start time",1,103,102,8038
"Before scheduled trip start time",1,380,379,8038
"Before scheduled trip start time",1,476,475,8038
"Before scheduled trip start time",1,319,318,8038
"Before scheduled trip start time",1,409,408,8038
"Before scheduled trip start time",1,278,277,8038
"Before scheduled trip start time",1,577,576,8038
"Before scheduled trip start time",1,134,133,8038
"Before scheduled trip start time",1,96,95,8038
"Before scheduled trip start time",1,163,162,8038
"Before scheduled trip start time",1,38,37,8038
"Before scheduled trip start time",1,201,200,8038
"Before scheduled trip start time",1,215,214,8038
"Before scheduled trip start time",1,25,24,8038
"Before scheduled trip start time",1,332,331,8038
"Before scheduled trip start time",1,309,308,8038
"Before scheduled trip start time",1,461,460,8038
"Before scheduled trip start time",1,93,92,8038
"Before scheduled trip start time",1,384,383,8038
"Before scheduled trip start time",1,496,495,8038
"Before scheduled trip start time",1,-10,-11,8038
"Before scheduled trip start time",1,465,464,8038
"Before scheduled trip start time",1,395,394,8038
"Before scheduled trip start time",1,340,339,8038
"Before scheduled trip start time",1,52,51,8038
"Before scheduled trip start time",1,68,67,8038
"Before scheduled trip start time",1,532,531,8038
"Before scheduled trip start time",1,597,596,8038
"Before scheduled trip start time",1,46,45,8038
"Before scheduled trip start time",1,90,89,8038
"Before scheduled trip start time",1,533,532,8038
"Before scheduled trip start time",1,273,272,8038
"Before scheduled trip start time",1,292,291,8038
"Before scheduled trip start time",1,182,181,8038
"Before scheduled trip start time",1,392,391,8038
"Before scheduled trip start time",1,34,33,8038
"Before scheduled trip start time",1,488,487,8038
"Before scheduled trip start time",1,232,231,8038
"Before scheduled trip start time",1,102,101,8038
"Before scheduled trip start time",1,454,453,8038
"Before scheduled trip start time",1,120,119,8038
"Before scheduled trip start time",1,117,116,8038
"Before scheduled trip start time",1,463,462,8038
"Before scheduled trip start time",1,298,297,8038
"Before scheduled trip start time",1,490,489,8038
"Before scheduled trip start time",1,416,415,8038
"Before scheduled trip start time",1,459,458,8038
"Before scheduled trip start time",1,26,25,8038
"Before scheduled trip start time",1,570,569,8038
"Before scheduled trip start time",1,408,407,8038
"Before scheduled trip start time",1,78,77,8038
"Before scheduled trip start time",1,81,80,8038
"Before scheduled trip start time",1,468,467,8038
"Before scheduled trip start time",1,56,55,8038
"Before scheduled trip start time",1,246,245,8038
"Before scheduled trip start time",1,5,4,8038
"Before scheduled trip start time",1,285,284,8038
"During scheduled trip",1,521,520,291
"During scheduled trip",1,5,4,291
"During scheduled trip",1,60,59,291
"During scheduled trip",1,216,215,291
"During scheduled trip",1,131,130,291
"During scheduled trip",1,382,381,291
"During scheduled trip",1,557,556,291
"During scheduled trip",1,16,15,291
"During scheduled trip",1,45,44,291
"During scheduled trip",1,27,26,291
"During scheduled trip",1,374,373,291
"During scheduled trip",1,-6,-7,291
"During scheduled trip",1,480,479,291
"During scheduled trip",1,311,310,291
"During scheduled trip",1,402,401,291
"During scheduled trip",1,95,94,291
"During scheduled trip",1,423,422,291
"During scheduled trip",1,343,342,291
"During scheduled trip",1,299,298,291
"During scheduled trip",1,558,557,291
"During scheduled trip",1,301,300,291
"During scheduled trip",1,93,92,291
"During scheduled trip",1,24,23,291
"During scheduled trip",1,34,33,291
"During scheduled trip",1,270,269,291
"During scheduled trip",1,47,46,291
"During scheduled trip",1,308,307,291
"During scheduled trip",1,186,185,291
"During scheduled trip",1,399,398,291
"During scheduled trip",1,488,487,291
"During scheduled trip",1,347,346,291
"During scheduled trip",1,179,178,291
"During scheduled trip",1,43,42,291
"During scheduled trip",1,390,389,291
"During scheduled trip",1,271,270,291
"During scheduled trip",1,524,523,291
"During scheduled trip",1,75,74,291
"During scheduled trip",1,258,257,291
"During scheduled trip",1,358,357,291
"During scheduled trip",1,445,444,291
"During scheduled trip",1,184,183,291
"During scheduled trip",1,148,147,291
"During scheduled trip",1,406,405,291
"During scheduled trip",1,360,359,291
"During scheduled trip",1,199,198,291
"During scheduled trip",1,313,312,291
"During scheduled trip",1,107,106,291
"During scheduled trip",1,455,454,291
"During scheduled trip",1,36,35,291
"During scheduled trip",1,12,11,291
"During scheduled trip",1,104,103,291
"During scheduled trip",1,391,390,291
"During scheduled trip",1,516,515,291
"During scheduled trip",1,44,43,291
"During scheduled trip",1,341,340,291
"During scheduled trip",1,459,458,291
"During scheduled trip",1,494,493,291
"During scheduled trip",1,465,464,291
"During scheduled trip",1,509,508,291
"During scheduled trip",1,239,238,291
"During scheduled trip",1,387,386,291
"During scheduled trip",1,500,499,291
"During scheduled trip",1,59,58,291
"During scheduled trip",1,444,443,291
"During scheduled trip",1,2,1,291
"During scheduled trip",1,416,415,291
"During scheduled trip",1,291,290,291
"During scheduled trip",1,231,230,291
"During scheduled trip",1,197,196,291
"During scheduled trip",1,219,218,291
"During scheduled trip",1,302,301,291
"During scheduled trip",1,298,297,291
"During scheduled trip",1,244,243,291
"During scheduled trip",1,9,8,291
"During scheduled trip",1,156,155,291
"During scheduled trip",1,428,427,291
"During scheduled trip",1,163,162,291
"During scheduled trip",1,383,382,291
"During scheduled trip",1,103,102,291
"During scheduled trip",1,284,283,291
"During scheduled trip",1,48,47,291
"During scheduled trip",1,57,56,291
"During scheduled trip",1,173,172,291
"During scheduled trip",1,-10,-11,291
"During scheduled trip",1,523,522,291
"During scheduled trip",1,105,104,291
"During scheduled trip",1,533,532,291
"During scheduled trip",1,213,212,291
"During scheduled trip",1,395,394,291
"During scheduled trip",1,54,53,291
"During scheduled trip",1,388,387,291
"During scheduled trip",1,529,528,291
"During scheduled trip",1,378,377,291
"During scheduled trip",1,505,504,291
"During scheduled trip",1,165,164,291
"During scheduled trip",1,568,567,291
"During scheduled trip",1,398,397,291
"During scheduled trip",1,65,64,291
"During scheduled trip",1,202,201,291
"During scheduled trip",1,191,190,291
"During scheduled trip",1,334,333,291
"During scheduled trip",1,356,355,291
"During scheduled trip",1,307,306,291
"During scheduled trip",1,345,344,291
"During scheduled trip",1,531,530,291
"During scheduled trip",1,212,211,291
"During scheduled trip",1,413,412,291
"During scheduled trip",1,295,294,291
"During scheduled trip",1,96,95,291
"During scheduled trip",1,221,220,291
"During scheduled trip",1,535,534,291
"During scheduled trip",1,412,411,291
"During scheduled trip",1,31,30,291
"During scheduled trip",1,275,274,291
"During scheduled trip",1,705,704,291
"During scheduled trip",1,1385,1384,291
"During scheduled trip",1,11,10,291
"During scheduled trip",1,209,208,291
"During scheduled trip",1,149,148,291
"During scheduled trip",1,409,408,291
"During scheduled trip",1,162,161,291
"During scheduled trip",1,208,207,291
"During scheduled trip",1,373,372,291
"During scheduled trip",1,58,57,291
"During scheduled trip",1,22,21,291
"During scheduled trip",1,315,314,291
"During scheduled trip",1,172,171,291
"During scheduled trip",1,425,424,291
"During scheduled trip",1,520,519,291
"During scheduled trip",1,143,142,291
"During scheduled trip",1,102,101,291
"During scheduled trip",1,517,516,291
"During scheduled trip",1,135,134,291
"During scheduled trip",1,3,2,291
"During scheduled trip",1,98,97,291
"During scheduled trip",1,571,570,291
"During scheduled trip",1,158,157,291
"During scheduled trip",1,322,321,291
"During scheduled trip",1,577,576,291
"During scheduled trip",1,539,538,291
"During scheduled trip",1,203,202,291
"During scheduled trip",1,363,362,291
"During scheduled trip",1,386,385,291
"During scheduled trip",1,109,108,291
"During scheduled trip",1,499,498,291
"During scheduled trip",1,138,137,291
"During scheduled trip",1,133,132,291
"During scheduled trip",1,255,254,291
"During scheduled trip",1,548,547,291
"During scheduled trip",1,594,593,291
"During scheduled trip",1,441,440,291
"During scheduled trip",1,490,489,291
"During scheduled trip",1,389,388,291
"During scheduled trip",1,90,89,291
"During scheduled trip",1,411,410,291
"During scheduled trip",1,589,588,291
"During scheduled trip",1,115,114,291
"During scheduled trip",1,232,231,291
"During scheduled trip",1,362,361,291
"During scheduled trip",1,563,562,291
"During scheduled trip",1,545,544,291
"During scheduled trip",1,13,12,291
"During scheduled trip",1,127,126,291
"During scheduled trip",1,491,490,291
"During scheduled trip",1,592,591,291
"During scheduled trip",1,73,72,291
"During scheduled trip",1,120,119,291
"During scheduled trip",1,123,122,291
"During scheduled trip",1,430,429,291
"During scheduled trip",1,169,168,291
"During scheduled trip",1,220,219,291
"During scheduled trip",1,92,91,291
"During scheduled trip",1,229,228,291
"During scheduled trip",1,124,123,291
"During scheduled trip",1,266,265,291
"During scheduled trip",1,1,0,291
"During scheduled trip",1,206,205,291
"During scheduled trip",1,288,287,291
"During scheduled trip",1,280,279,291
"During scheduled trip",1,236,235,291
"During scheduled trip",1,346,345,291
"During scheduled trip",1,403,402,291
"During scheduled trip",1,452,451,291
"During scheduled trip",1,540,539,291
"During scheduled trip",1,204,203,291
"During scheduled trip",1,77,76,291
"During scheduled trip",1,272,271,291
"During scheduled trip",1,157,156,291
"During scheduled trip",1,392,391,291
"During scheduled trip",1,72,71,291
"During scheduled trip",1,83,82,291
"During scheduled trip",1,314,313,291
"During scheduled trip",1,241,240,291
"During scheduled trip",1,518,517,291
"During scheduled trip",1,21,20,291
"During scheduled trip",1,326,325,291
"During scheduled trip",1,119,118,291
"During scheduled trip",1,466,465,291
"During scheduled trip",1,19,18,291
"During scheduled trip",1,51,50,291
"During scheduled trip",1,259,258,291
"During scheduled trip",1,41,40,291
"During scheduled trip",1,112,111,291
"During scheduled trip",1,317,316,291
"During scheduled trip",1,350,349,291
"During scheduled trip",1,552,551,291
"During scheduled trip",1,321,320,291
"During scheduled trip",1,394,393,291
"During scheduled trip",1,293,292,291
"During scheduled trip",1,30,29,291
"During scheduled trip",1,498,497,291
"During scheduled trip",1,32,31,291
"During scheduled trip",1,-11,-12,291
"During scheduled trip",1,596,595,291
"During scheduled trip",1,249,248,291
"During scheduled trip",1,56,55,291
"During scheduled trip",1,454,453,291
"During scheduled trip",1,29,28,291
"During scheduled trip",1,26,25,291
"During scheduled trip",1,113,112,291
"During scheduled trip",1,223,222,291
"During scheduled trip",1,38,37,291
"During scheduled trip",1,-8,-9,291
"During scheduled trip",1,551,550,291
"During scheduled trip",1,453,452,291
"During scheduled trip",1,194,193,291
"During scheduled trip",1,528,527,291
"During scheduled trip",1,435,434,291
"During scheduled trip",1,110,109,291
"During scheduled trip",1,508,507,291
"During scheduled trip",1,745,744,291
"During scheduled trip",1,309,308,291
"During scheduled trip",1,147,146,291
"During scheduled trip",1,268,267,291
"During scheduled trip",1,303,302,291
"During scheduled trip",1,46,45,291
"During scheduled trip",1,144,143,291
"During scheduled trip",1,397,396,291
"During scheduled trip",1,586,585,291
"During scheduled trip",1,367,366,291
"During scheduled trip",1,429,428,291
"During scheduled trip",1,150,149,291
"During scheduled trip",1,87,86,291
"During scheduled trip",1,507,506,291
"During scheduled trip",1,422,421,291
"During scheduled trip",1,181,180,291
"During scheduled trip",1,437,436,291
"During scheduled trip",1,333,332,291
"During scheduled trip",1,265,264,291
"During scheduled trip",1,111,110,291
"During scheduled trip",1,125,124,291
"During scheduled trip",1,159,158,291
"During scheduled trip",1,300,299,291
"During scheduled trip",1,578,577,291
"During scheduled trip",1,544,543,291
"During scheduled trip",1,237,236,291
"During scheduled trip",1,576,575,291
"During scheduled trip",1,89,88,291
"During scheduled trip",1,224,223,291
"During scheduled trip",1,234,233,291
"During scheduled trip",1,318,317,291
"During scheduled trip",1,126,125,291
"During scheduled trip",1,85,84,291
"During scheduled trip",1,401,400,291
"During scheduled trip",1,585,584,291
"During scheduled trip",1,37,36,291
"During scheduled trip",1,582,581,291
"During scheduled trip",1,335,334,291
"During scheduled trip",1,502,501,291
"During scheduled trip",1,305,304,291
"During scheduled trip",1,296,295,291
"During scheduled trip",1,376,375,291
"During scheduled trip",1,277,276,291
"During scheduled trip",1,419,418,291
"During scheduled trip",1,286,285,291
"During scheduled trip",1,262,261,291
"During scheduled trip",1,532,531,291
"During scheduled trip",1,434,433,291
"During scheduled trip",1,261,260,291
"During scheduled trip",1,185,184,291
"During scheduled trip",1,-3,-4,291
"During scheduled trip",1,424,423,291
"During scheduled trip",1,581,580,291
"During scheduled trip",1,233,232,291
"During scheduled trip",1,254,253,291
"During scheduled trip",1,450,449,291
"During scheduled trip",1,553,552,291
"During scheduled trip",1,187,186,291
"During scheduled trip",1,66,65,291
"During scheduled trip",1,555,554,291
"During scheduled trip",1,564,563,291
"During scheduled trip",1,556,555,291
"During scheduled trip",1,106,105,291
"During scheduled trip",1,310,309,291
"During scheduled trip",1,79,78,291
"During scheduled trip",1,515,514,291
"During scheduled trip",1,292,291,291
"During scheduled trip",1,477,476,291
"During scheduled trip",1,457,456,291
"During scheduled trip",1,69,68,291
"During scheduled trip",1,269,268,291
"During scheduled trip",1,201,200,291
"During scheduled trip",1,50,49,291
"During scheduled trip",1,17,16,291
"During scheduled trip",1,153,152,291
"During scheduled trip",1,447,446,291
"During scheduled trip",1,426,425,291
"During scheduled trip",1,478,477,291
"During scheduled trip",1,493,492,291
"During scheduled trip",1,418,417,291
"During scheduled trip",1,139,138,291
"During scheduled trip",1,253,252,291
"During scheduled trip",1,214,213,291
"During scheduled trip",1,431,430,291
"During scheduled trip",1,371,370,291
"During scheduled trip",1,534,533,291
"During scheduled trip",1,590,589,291
"During scheduled trip",1,182,181,291
"During scheduled trip",1,289,288,291
"During scheduled trip",1,549,548,291
"During scheduled trip",1,487,486,291
"During scheduled trip",1,246,245,291
"During scheduled trip",1,503,502,291
"During scheduled trip",1,306,305,291
"During scheduled trip",1,86,85,291
"During scheduled trip",1,70,69,291
"During scheduled trip",1,595,594,291
"During scheduled trip",1,575,574,291
"During scheduled trip",1,492,491,291
"During scheduled trip",1,448,447,291
"During scheduled trip",1,97,96,291
"During scheduled trip",1,117,116,291
"During scheduled trip",1,458,457,291
"During scheduled trip",1,354,353,291
"During scheduled trip",1,55,54,291
"During scheduled trip",1,526,525,291
"During scheduled trip",1,190,189,291
"During scheduled trip",1,132,131,291
"During scheduled trip",1,359,358,291
"During scheduled trip",1,68,67,291
"During scheduled trip",1,10,9,291
"During scheduled trip",1,538,537,291
"During scheduled trip",1,7,6,291
"During scheduled trip",1,167,166,291
"During scheduled trip",1,-7,-8,291
"During scheduled trip",1,554,553,291
"During scheduled trip",1,160,159,291
"During scheduled trip",1,136,135,291
"During scheduled trip",1,337,336,291
"During scheduled trip",1,101,100,291
"During scheduled trip",1,192,191,291
"During scheduled trip",1,439,438,291
"During scheduled trip",1,405,404,291
"During scheduled trip",1,379,378,291
"During scheduled trip",1,154,153,291
"During scheduled trip",1,600,599,291
"During scheduled trip",1,353,352,291
"During scheduled trip",1,446,445,291
"During scheduled trip",1,134,133,291
"During scheduled trip",1,404,403,291
"During scheduled trip",1,384,383,291
"During scheduled trip",1,325,324,291
"During scheduled trip",1,80,79,291
"During scheduled trip",1,49,48,291
"During scheduled trip",1,94,93,291
"During scheduled trip",1,42,41,291
"During scheduled trip",1,463,462,291
"During scheduled trip",1,183,182,291
"During scheduled trip",1,432,431,291
"During scheduled trip",1,84,83,291
"During scheduled trip",1,282,281,291
"During scheduled trip",1,35,34,291
"During scheduled trip",1,472,471,291
"During scheduled trip",1,176,175,291
"During scheduled trip",1,228,227,291
"During scheduled trip",1,381,380,291
"During scheduled trip",1,99,98,291
"During scheduled trip",1,464,463,291
"During scheduled trip",1,82,81,291
"During scheduled trip",1,495,494,291
"During scheduled trip",1,-13,-14,291
"During scheduled trip",1,226,225,291
"During scheduled trip",1,245,244,291
"During scheduled trip",1,137,136,291
"During scheduled trip",1,320,319,291
"During scheduled trip",1,14,13,291
"During scheduled trip",1,372,371,291
"During scheduled trip",1,312,311,291
"During scheduled trip",1,146,145,291
"During scheduled trip",1,368,367,291
"During scheduled trip",1,238,237,291
"During scheduled trip",1,340,339,291
"During scheduled trip",1,468,467,291
"During scheduled trip",1,263,262,291
"During scheduled trip",1,161,160,291
"During scheduled trip",1,230,229,291
"During scheduled trip",1,527,526,291
"During scheduled trip",1,20,19,291
"During scheduled trip",1,-9,-10,291
"During scheduled trip",1,408,407,291
"During scheduled trip",1,336,335,291
"During scheduled trip",1,415,414,291
"During scheduled trip",1,28,27,291
"During scheduled trip",1,514,513,291
"During scheduled trip",1,177,176,291
"During scheduled trip",1,570,569,291
"During scheduled trip",1,108,107,291
"During scheduled trip",1,587,586,291
"During scheduled trip",1,178,177,291
"During scheduled trip",1,351,350,291
"During scheduled trip",1,23,22,291
"During scheduled trip",1,567,566,291
"During scheduled trip",1,475,474,291
"During scheduled trip",1,513,512,291
"During scheduled trip",1,456,455,291
"During scheduled trip",1,421,420,291
"During scheduled trip",1,210,209,291
"During scheduled trip",1,504,503,291
"During scheduled trip",1,470,469,291
"During scheduled trip",1,91,90,291
"During scheduled trip",1,543,542,291
"During scheduled trip",1,546,545,291
"During scheduled trip",1,328,327,291
"During scheduled trip",1,407,406,291
"During scheduled trip",1,355,354,291
"During scheduled trip",1,361,360,291
"During scheduled trip",1,414,413,291
"During scheduled trip",1,471,470,291
"During scheduled trip",1,129,128,291
"During scheduled trip",1,-12,-13,291
"During scheduled trip",1,180,179,291
"During scheduled trip",1,385,384,291
"During scheduled trip",1,64,63,291
"During scheduled trip",1,476,475,291
"During scheduled trip",1,597,596,291
"During scheduled trip",1,332,331,291
"During scheduled trip",1,118,117,291
"During scheduled trip",1,400,399,291
"During scheduled trip",1,141,140,291
"During scheduled trip",1,4,3,291
"During scheduled trip",1,598,597,291
"During scheduled trip",1,281,280,291
"During scheduled trip",1,198,197,291
"During scheduled trip",1,25,24,291
"During scheduled trip",1,438,437,291
"During scheduled trip",1,525,524,291
"During scheduled trip",1,130,129,291
"During scheduled trip",1,375,374,291
"During scheduled trip",1,290,289,291
"During scheduled trip",1,188,187,291
"During scheduled trip",1,152,151,291
"During scheduled trip",1,222,221,291
"During scheduled trip",1,331,330,291
"During scheduled trip",1,370,369,291
"During scheduled trip",1,53,52,291
"During scheduled trip",1,339,338,291
"During scheduled trip",1,449,448,291
"During scheduled trip",1,39,38,291
"During scheduled trip",1,559,558,291
"During scheduled trip",1,348,347,291
"During scheduled trip",1,442,441,291
"During scheduled trip",1,393,392,291
"During scheduled trip",1,365,364,291
"During scheduled trip",1,251,250,291
"During scheduled trip",1,327,326,291
"During scheduled trip",1,279,278,291
"During scheduled trip",1,-5,-6,291
"During scheduled trip",1,547,546,291
"During scheduled trip",1,338,337,291
"During scheduled trip",1,473,472,291
"During scheduled trip",1,489,488,291
"During scheduled trip",1,250,249,291
"During scheduled trip",1,-15,-16,291
"During scheduled trip",1,122,121,291
"During scheduled trip",1,63,62,291
"During scheduled trip",1,121,120,291
"During scheduled trip",1,519,518,291
"During scheduled trip",1,142,141,291
"During scheduled trip",1,420,419,291
"During scheduled trip",1,174,173,291
"During scheduled trip",1,0,-1,291
"During scheduled trip",1,486,485,291
"During scheduled trip",1,175,174,291
"During scheduled trip",1,483,482,291
"During scheduled trip",1,164,163,291
"During scheduled trip",1,171,170,291
"During scheduled trip",1,467,466,291
"During scheduled trip",1,227,226,291
"During scheduled trip",1,67,66,291
"During scheduled trip",1,396,395,291
"During scheduled trip",1,242,241,291
"During scheduled trip",1,436,435,291
"During scheduled trip",1,319,318,291
"During scheduled trip",1,599,598,291
"During scheduled trip",1,574,573,291
"During scheduled trip",1,100,99,291
"During scheduled trip",1,217,216,291
"During scheduled trip",1,566,565,291
"During scheduled trip",1,536,535,291
"During scheduled trip",1,530,529,291
"During scheduled trip",1,168,167,291
"During scheduled trip",1,479,478,291
"During scheduled trip",1,588,587,291
"During scheduled trip",1,225,224,291
"During scheduled trip",1,71,70,291
"During scheduled trip",1,128,127,291
"During scheduled trip",1,252,251,291
"During scheduled trip",1,323,322,291
"During scheduled trip",1,316,315,291
"During scheduled trip",1,283,282,291
"During scheduled trip",1,329,328,291
"During scheduled trip",1,155,154,291
"During scheduled trip",1,264,263,291
"During scheduled trip",1,278,277,291
"During scheduled trip",1,240,239,291
"During scheduled trip",1,247,246,291
"During scheduled trip",1,6,5,291
"During scheduled trip",1,294,293,291
"During scheduled trip",1,462,461,291
"During scheduled trip",1,170,169,291
"During scheduled trip",1,166,165,291
"During scheduled trip",1,145,144,291
"During scheduled trip",1,484,483,291
"During scheduled trip",1,257,256,291
"During scheduled trip",1,189,188,291
"During scheduled trip",1,76,75,291
"During scheduled trip",1,357,356,291
"During scheduled trip",1,195,194,291
"During scheduled trip",1,349,348,291
"During scheduled trip",1,218,217,291
"During scheduled trip",1,287,286,291
"During scheduled trip",1,497,496,291
"During scheduled trip",1,273,272,291
"During scheduled trip",1,330,329,291
"During scheduled trip",1,369,368,291
"During scheduled trip",1,410,409,291
"During scheduled trip",1,377,376,291
"During scheduled trip",1,235,234,291
"During scheduled trip",1,510,509,291
"During scheduled trip",1,482,481,291
"During scheduled trip",1,114,113,291
"During scheduled trip",1,215,214,291
"During scheduled trip",1,52,51,291
"During scheduled trip",1,685,684,291
"During scheduled trip",1,62,61,291
"During scheduled trip",1,572,571,291
"During scheduled trip",1,304,303,291
"During scheduled trip",1,342,341,291
"During scheduled trip",1,15,14,291
"During scheduled trip",1,344,343,291
"During scheduled trip",1,440,439,291
"During scheduled trip",1,267,266,291
"During scheduled trip",1,569,568,291
"During scheduled trip",1,725,724,291
"During scheduled trip",1,583,582,291
"During scheduled trip",1,460,459,291
"During scheduled trip",1,205,204,291
"During scheduled trip",1,496,495,291
"During scheduled trip",1,78,77,291
"During scheduled trip",1,461,460,291
"During scheduled trip",1,33,32,291
"During scheduled trip",1,511,510,291
"During scheduled trip",1,550,549,291
"During scheduled trip",1,579,578,291
"During scheduled trip",1,443,442,291
"During scheduled trip",1,352,351,291
"During scheduled trip",1,196,195,291
"During scheduled trip",1,81,80,291
"During scheduled trip",1,584,583,291
"During scheduled trip",1,276,275,291
"During scheduled trip",1,366,365,291
"During scheduled trip",1,560,559,291
"During scheduled trip",1,40,39,291
"During scheduled trip",1,256,255,291
"During scheduled trip",1,485,484,291
"During scheduled trip",1,207,206,291
"During scheduled trip",1,481,480,291
"During scheduled trip",1,248,247,291
"During scheduled trip",1,61,60,291
"During scheduled trip",1,501,500,291
"During scheduled trip",1,151,150,291
"During scheduled trip",1,580,579,291
"During scheduled trip",1,561,560,291
"During scheduled trip",1,8,7,291
"During scheduled trip",1,88,87,291
"During scheduled trip",1,200,199,291
"During scheduled trip",1,364,363,291
"During scheduled trip",1,297,296,291
"During scheduled trip",1,427,426,291
"During scheduled trip",1,541,540,291
"During scheduled trip",1,469,468,291
"During scheduled trip",1,260,259,291
"During scheduled trip",1,140,139,291
"During scheduled trip",1,74,73,291
"During scheduled trip",1,542,541,291
"During scheduled trip",1,512,511,291
"During scheduled trip",1,285,284,291
"During scheduled trip",1,-4,-5,291
"During scheduled trip",1,522,521,291
"During scheduled trip",1,-2,-3,291
"During scheduled trip",1,474,473,291
"During scheduled trip",1,417,416,291
"During scheduled trip",1,324,323,291
"During scheduled trip",1,18,17,291
"During scheduled trip",1,-14,-15,291
"During scheduled trip",1,274,273,291
"During scheduled trip",1,243,242,291
"During scheduled trip",1,116,115,291
"During scheduled trip",1,506,505,291
"During scheduled trip",1,562,561,291
"During scheduled trip",1,211,210,291
"During scheduled trip",1,380,379,291
"During scheduled trip",1,537,536,291
"During scheduled trip",1,193,192,291
"During scheduled trip",1,451,450,291
"During scheduled trip",1,1405,1404,291
"During scheduled trip",1,433,432,291
"Post scheduled trip end time",1,498,497,4020.5
"Post scheduled trip end time",1,405,404,4020.5
"Post scheduled trip end time",1,87,86,4020.5
"Post scheduled trip end time",1,534,533,4020.5
"Post scheduled trip end time",1,347,346,4020.5
"Post scheduled trip end time",1,1230,1229,4020.5
"Post scheduled trip end time",1,425,424,4020.5
"Post scheduled trip end time",1,191,190,4020.5
"Post scheduled trip end time",1,6,5,4020.5
"Post scheduled trip end time",1,376,375,4020.5
"Post scheduled trip end time",1,53,52,4020.5
"Post scheduled trip end time",1,1150,1149,4020.5
"Post scheduled trip end time",1,19,18,4020.5
"Post scheduled trip end time",1,355,354,4020.5
"Post scheduled trip end time",1,135,134,4020.5
"Post scheduled trip end time",1,988,987,4020.5
"Post scheduled trip end time",1,586,585,4020.5
"Post scheduled trip end time",1,1184,1183,4020.5
"Post scheduled trip end time",1,1098,1097,4020.5
"Post scheduled trip end time",1,842,841,4020.5
"Post scheduled trip end time",1,333,332,4020.5
"Post scheduled trip end time",1,710,709,4020.5
"Post scheduled trip end time",1,1684,1683,4020.5
"Post scheduled trip end time",1,397,396,4020.5
"Post scheduled trip end time",1,9,8,4020.5
"Post scheduled trip end time",1,435,434,4020.5
"Post scheduled trip end time",1,1168,1167,4020.5
"Post scheduled trip end time",1,83,82,4020.5
"Post scheduled trip end time",1,690,689,4020.5
"Post scheduled trip end time",1,160,159,4020.5
"Post scheduled trip end time",1,990,989,4020.5
"Post scheduled trip end time",1,147,146,4020.5
"Post scheduled trip end time",1,1090,1089,4020.5
"Post scheduled trip end time",1,199,198,4020.5
"Post scheduled trip end time",1,1108,1107,4020.5
"Post scheduled trip end time",1,1408,1407,4020.5
"Post scheduled trip end time",1,1289,1288,4020.5
"Post scheduled trip end time",1,165,164,4020.5
"Post scheduled trip end time",1,110,109,4020.5
"Post scheduled trip end time",1,24,23,4020.5
"Post scheduled trip end time",1,473,472,4020.5
"Post scheduled trip end time",1,452,451,4020.5
"Post scheduled trip end time",1,192,191,4020.5
"Post scheduled trip end time",1,220,219,4020.5
"Post scheduled trip end time",1,1270,1269,4020.5
"Post scheduled trip end time",1,1354,1353,4020.5
"Post scheduled trip end time",1,231,230,4020.5
"Post scheduled trip end time",1,361,360,4020.5
"Post scheduled trip end time",1,524,523,4020.5
"Post scheduled trip end time",1,670,669,4020.5
"Post scheduled trip end time",1,26,25,4020.5
"Post scheduled trip end time",1,390,389,4020.5
"Post scheduled trip end time",1,259,258,4020.5
"Post scheduled trip end time",1,357,356,4020.5
"Post scheduled trip end time",1,468,467,4020.5
"Post scheduled trip end time",1,709,708,4020.5
"Post scheduled trip end time",1,267,266,4020.5
"Post scheduled trip end time",1,92,91,4020.5
"Post scheduled trip end time",1,1190,1189,4020.5
"Post scheduled trip end time",1,372,371,4020.5
"Post scheduled trip end time",1,44,43,4020.5
"Post scheduled trip end time",1,236,235,4020.5
"Post scheduled trip end time",1,570,569,4020.5
"Post scheduled trip end time",1,814,813,4020.5
"Post scheduled trip end time",1,290,289,4020.5
"Post scheduled trip end time",1,210,209,4020.5
"Post scheduled trip end time",1,17,16,4020.5
"Post scheduled trip end time",1,1624,1623,4020.5
"Post scheduled trip end time",1,159,158,4020.5
"Post scheduled trip end time",1,313,312,4020.5
"Post scheduled trip end time",1,565,564,4020.5
"Post scheduled trip end time",1,477,476,4020.5
"Post scheduled trip end time",1,197,196,4020.5
"Post scheduled trip end time",1,590,589,4020.5
"Post scheduled trip end time",1,497,496,4020.5
"Post scheduled trip end time",1,1528,1527,4020.5
"Post scheduled trip end time",1,254,253,4020.5
"Post scheduled trip end time",1,577,576,4020.5
"Post scheduled trip end time",1,443,442,4020.5
"Post scheduled trip end time",1,429,428,4020.5
"Post scheduled trip end time",1,156,155,4020.5
"Post scheduled trip end time",1,1371,1370,4020.5
"Post scheduled trip end time",1,-3,-4,4020.5
"Post scheduled trip end time",1,551,550,4020.5
"Post scheduled trip end time",1,1749,1748,4020.5
"Post scheduled trip end time",1,481,480,4020.5
"Post scheduled trip end time",1,139,138,4020.5
"Post scheduled trip end time",1,215,214,4020.5
"Post scheduled trip end time",1,908,907,4020.5
"Post scheduled trip end time",1,325,324,4020.5
"Post scheduled trip end time",1,8,7,4020.5
"Post scheduled trip end time",1,38,37,4020.5
"Post scheduled trip end time",1,228,227,4020.5
"Post scheduled trip end time",1,488,487,4020.5
"Post scheduled trip end time",1,98,97,4020.5
"Post scheduled trip end time",1,537,536,4020.5
"Post scheduled trip end time",1,352,351,4020.5
"Post scheduled trip end time",1,1530,1529,4020.5
"Post scheduled trip end time",1,94,93,4020.5
"Post scheduled trip end time",1,187,186,4020.5
"Post scheduled trip end time",1,12,11,4020.5
"Post scheduled trip end time",1,271,270,4020.5
"Post scheduled trip end time",1,464,463,4020.5
"Post scheduled trip end time",1,35,34,4020.5
"Post scheduled trip end time",1,540,539,4020.5
"Post scheduled trip end time",1,1648,1647,4020.5
"Post scheduled trip end time",1,501,500,4020.5
"Post scheduled trip end time",1,526,525,4020.5
"Post scheduled trip end time",1,343,342,4020.5
"Post scheduled trip end time",1,82,81,4020.5
"Post scheduled trip end time",1,112,111,4020.5
"Post scheduled trip end time",1,1266,1265,4020.5
"Post scheduled trip end time",1,1758,1757,4020.5
"Post scheduled trip end time",1,239,238,4020.5
"Post scheduled trip end time",1,441,440,4020.5
"Post scheduled trip end time",1,403,402,4020.5
"Post scheduled trip end time",1,69,68,4020.5
"Post scheduled trip end time",1,331,330,4020.5
"Post scheduled trip end time",1,304,303,4020.5
"Post scheduled trip end time",1,396,395,4020.5
"Post scheduled trip end time",1,578,577,4020.5
"Post scheduled trip end time",1,335,334,4020.5
"Post scheduled trip end time",1,201,200,4020.5
"Post scheduled trip end time",1,454,453,4020.5
"Post scheduled trip end time",1,27500,27499,4020.5
"Post scheduled trip end time",1,588,587,4020.5
"Post scheduled trip end time",1,350,349,4020.5
"Post scheduled trip end time",1,181,180,4020.5
"Post scheduled trip end time",1,79,78,4020.5
"Post scheduled trip end time",1,283,282,4020.5
"Post scheduled trip end time",1,567,566,4020.5
"Post scheduled trip end time",1,906,905,4020.5
"Post scheduled trip end time",1,979,978,4020.5
"Post scheduled trip end time",1,222,221,4020.5
"Post scheduled trip end time",1,332,331,4020.5
"Post scheduled trip end time",1,370,369,4020.5
"Post scheduled trip end time",1,141,140,4020.5
"Post scheduled trip end time",1,1194,1193,4020.5
"Post scheduled trip end time",1,15,14,4020.5
"Post scheduled trip end time",1,1598,1597,4020.5
"Post scheduled trip end time",1,158,157,4020.5
"Post scheduled trip end time",1,16,15,4020.5
"Post scheduled trip end time",1,910,909,4020.5
"Post scheduled trip end time",1,247,246,4020.5
"Post scheduled trip end time",1,431,430,4020.5
"Post scheduled trip end time",1,281,280,4020.5
"Post scheduled trip end time",1,338,337,4020.5
"Post scheduled trip end time",1,348,347,4020.5
"Post scheduled trip end time",1,380,379,4020.5
"Post scheduled trip end time",1,1274,1273,4020.5
"Post scheduled trip end time",1,45,44,4020.5
"Post scheduled trip end time",1,240,239,4020.5
"Post scheduled trip end time",1,56,55,4020.5
"Post scheduled trip end time",1,303,302,4020.5
"Post scheduled trip end time",1,603,602,4020.5
"Post scheduled trip end time",1,600,599,4020.5
"Post scheduled trip end time",1,926,925,4020.5
"Post scheduled trip end time",1,119,118,4020.5
"Post scheduled trip end time",1,27480,27479,4020.5
"Post scheduled trip end time",1,1588,1587,4020.5
"Post scheduled trip end time",1,171,170,4020.5
"Post scheduled trip end time",1,1128,1127,4020.5
"Post scheduled trip end time",1,555,554,4020.5
"Post scheduled trip end time",1,899,898,4020.5
"Post scheduled trip end time",1,1709,1708,4020.5
"Post scheduled trip end time",1,126,125,4020.5
"Post scheduled trip end time",1,176,175,4020.5
"Post scheduled trip end time",1,173,172,4020.5
"Post scheduled trip end time",1,1028,1027,4020.5
"Post scheduled trip end time",1,250,249,4020.5
"Post scheduled trip end time",1,383,382,4020.5
"Post scheduled trip end time",1,71,70,4020.5
"Post scheduled trip end time",1,-7,-8,4020.5
"Post scheduled trip end time",1,377,376,4020.5
"Post scheduled trip end time",1,630,629,4020.5
"Post scheduled trip end time",1,575,574,4020.5
"Post scheduled trip end time",1,399,398,4020.5
"Post scheduled trip end time",1,43,42,4020.5
"Post scheduled trip end time",1,485,484,4020.5
"Post scheduled trip end time",1,245,244,4020.5
"Post scheduled trip end time",1,78,77,4020.5
"Post scheduled trip end time",1,315,314,4020.5
"Post scheduled trip end time",1,1768,1767,4020.5
"Post scheduled trip end time",1,849,848,4020.5
"Post scheduled trip end time",1,416,415,4020.5
"Post scheduled trip end time",1,349,348,4020.5
"Post scheduled trip end time",1,1448,1447,4020.5
"Post scheduled trip end time",1,1784,1783,4020.5
"Post scheduled trip end time",1,266,265,4020.5
"Post scheduled trip end time",1,305,304,4020.5
"Post scheduled trip end time",1,342,341,4020.5
"Post scheduled trip end time",1,499,498,4020.5
"Post scheduled trip end time",1,1797,1796,4020.5
"Post scheduled trip end time",1,227,226,4020.5
"Post scheduled trip end time",1,1570,1569,4020.5
"Post scheduled trip end time",1,471,470,4020.5
"Post scheduled trip end time",1,51,50,4020.5
"Post scheduled trip end time",1,556,555,4020.5
"Post scheduled trip end time",1,388,387,4020.5
"Post scheduled trip end time",1,306,305,4020.5
"Post scheduled trip end time",1,451,450,4020.5
"Post scheduled trip end time",1,284,283,4020.5
"Post scheduled trip end time",1,574,573,4020.5
"Post scheduled trip end time",1,261,260,4020.5
"Post scheduled trip end time",1,1146,1145,4020.5
"Post scheduled trip end time",1,487,486,4020.5
"Post scheduled trip end time",1,282,281,4020.5
"Post scheduled trip end time",1,242,241,4020.5
"Post scheduled trip end time",1,77,76,4020.5
"Post scheduled trip end time",1,246,245,4020.5
"Post scheduled trip end time",1,62,61,4020.5
"Post scheduled trip end time",1,161,160,4020.5
"Post scheduled trip end time",1,149,148,4020.5
"Post scheduled trip end time",1,492,491,4020.5
"Post scheduled trip end time",1,385,384,4020.5
"Post scheduled trip end time",1,1708,1707,4020.5
"Post scheduled trip end time",1,326,325,4020.5
"Post scheduled trip end time",1,1594,1593,4020.5
"Post scheduled trip end time",1,413,412,4020.5
"Post scheduled trip end time",1,888,887,4020.5
"Post scheduled trip end time",1,966,965,4020.5
"Post scheduled trip end time",1,122,121,4020.5
"Post scheduled trip end time",1,18,17,4020.5
"Post scheduled trip end time",1,75,74,4020.5
"Post scheduled trip end time",1,930,929,4020.5
"Post scheduled trip end time",1,412,411,4020.5
"Post scheduled trip end time",1,300,299,4020.5
"Post scheduled trip end time",1,542,541,4020.5
"Post scheduled trip end time",1,392,391,4020.5
"Post scheduled trip end time",1,1038,1037,4020.5
"Post scheduled trip end time",1,268,267,4020.5
"Post scheduled trip end time",1,512,511,4020.5
"Post scheduled trip end time",1,595,594,4020.5
"Post scheduled trip end time",1,49,48,4020.5
"Post scheduled trip end time",1,458,457,4020.5
"Post scheduled trip end time",1,354,353,4020.5
"Post scheduled trip end time",1,36,35,4020.5
"Post scheduled trip end time",1,179,178,4020.5
"Post scheduled trip end time",1,101,100,4020.5
"Post scheduled trip end time",1,274,273,4020.5
"Post scheduled trip end time",1,322,321,4020.5
"Post scheduled trip end time",1,1290,1289,4020.5
"Post scheduled trip end time",1,270,269,4020.5
"Post scheduled trip end time",1,375,374,4020.5
"Post scheduled trip end time",1,928,927,4020.5
"Post scheduled trip end time",1,182,181,4020.5
"Post scheduled trip end time",1,1186,1185,4020.5
"Post scheduled trip end time",1,137,136,4020.5
"Post scheduled trip end time",1,207,206,4020.5
"Post scheduled trip end time",1,554,553,4020.5
"Post scheduled trip end time",1,1669,1668,4020.5
"Post scheduled trip end time",1,831,830,4020.5
"Post scheduled trip end time",1,154,153,4020.5
"Post scheduled trip end time",1,417,416,4020.5
"Post scheduled trip end time",1,234,233,4020.5
"Post scheduled trip end time",1,460,459,4020.5
"Post scheduled trip end time",1,419,418,4020.5
"Post scheduled trip end time",1,1694,1693,4020.5
"Post scheduled trip end time",1,364,363,4020.5
"Post scheduled trip end time",1,445,444,4020.5
"Post scheduled trip end time",1,1510,1509,4020.5
"Post scheduled trip end time",1,211,210,4020.5
"Post scheduled trip end time",1,166,165,4020.5
"Post scheduled trip end time",1,219,218,4020.5
"Post scheduled trip end time",1,418,417,4020.5
"Post scheduled trip end time",1,1386,1385,4020.5
"Post scheduled trip end time",1,27,26,4020.5
"Post scheduled trip end time",1,569,568,4020.5
"Post scheduled trip end time",1,27540,27539,4020.5
"Post scheduled trip end time",1,450,449,4020.5
"Post scheduled trip end time",1,288,287,4020.5
"Post scheduled trip end time",1,430,429,4020.5
"Post scheduled trip end time",1,130,129,4020.5
"Post scheduled trip end time",1,61,60,4020.5
"Post scheduled trip end time",1,1474,1473,4020.5
"Post scheduled trip end time",1,72,71,4020.5
"Post scheduled trip end time",1,1689,1688,4020.5
"Post scheduled trip end time",1,59,58,4020.5
"Post scheduled trip end time",1,1710,1709,4020.5
"Post scheduled trip end time",1,475,474,4020.5
"Post scheduled trip end time",1,65,64,4020.5
"Post scheduled trip end time",1,1434,1433,4020.5
"Post scheduled trip end time",1,433,432,4020.5
"Post scheduled trip end time",1,221,220,4020.5
"Post scheduled trip end time",1,-9,-10,4020.5
"Post scheduled trip end time",1,60,59,4020.5
"Post scheduled trip end time",1,408,407,4020.5
"Post scheduled trip end time",1,954,953,4020.5
"Post scheduled trip end time",1,1534,1533,4020.5
"Post scheduled trip end time",1,311,310,4020.5
"Post scheduled trip end time",1,3,2,4020.5
"Post scheduled trip end time",1,790,789,4020.5
"Post scheduled trip end time",1,102,101,4020.5
"Post scheduled trip end time",1,428,427,4020.5
"Post scheduled trip end time",1,114,113,4020.5
"Post scheduled trip end time",1,456,455,4020.5
"Post scheduled trip end time",1,422,421,4020.5
"Post scheduled trip end time",1,-6,-7,4020.5
"Post scheduled trip end time",1,1690,1689,4020.5
"Post scheduled trip end time",1,22,21,4020.5
"Post scheduled trip end time",1,100,99,4020.5
"Post scheduled trip end time",1,874,873,4020.5
"Post scheduled trip end time",1,398,397,4020.5
"Post scheduled trip end time",1,323,322,4020.5
"Post scheduled trip end time",1,5,4,4020.5
"Post scheduled trip end time",1,356,355,4020.5
"Post scheduled trip end time",1,382,381,4020.5
"Post scheduled trip end time",1,4,3,4020.5
"Post scheduled trip end time",1,138,137,4020.5
"Post scheduled trip end time",1,134,133,4020.5
"Post scheduled trip end time",1,37,36,4020.5
"Post scheduled trip end time",1,489,488,4020.5
"Post scheduled trip end time",1,309,308,4020.5
"Post scheduled trip end time",1,121,120,4020.5
"Post scheduled trip end time",1,1118,1117,4020.5
"Post scheduled trip end time",1,297,296,4020.5
"Post scheduled trip end time",1,562,561,4020.5
"Post scheduled trip end time",1,123,122,4020.5
"Post scheduled trip end time",1,174,173,4020.5
"Post scheduled trip end time",1,463,462,4020.5
"Post scheduled trip end time",1,384,383,4020.5
"Post scheduled trip end time",1,67,66,4020.5
"Post scheduled trip end time",1,23,22,4020.5
"Post scheduled trip end time",1,1351,1350,4020.5
"Post scheduled trip end time",1,1377,1376,4020.5
"Post scheduled trip end time",1,28,27,4020.5
"Post scheduled trip end time",1,89,88,4020.5
"Post scheduled trip end time",1,275,274,4020.5
"Post scheduled trip end time",1,448,447,4020.5
"Post scheduled trip end time",1,264,263,4020.5
"Post scheduled trip end time",1,1638,1637,4020.5
"Post scheduled trip end time",1,410,409,4020.5
"Post scheduled trip end time",1,117,116,4020.5
"Post scheduled trip end time",1,204,203,4020.5
"Post scheduled trip end time",1,97,96,4020.5
"Post scheduled trip end time",1,465,464,4020.5
"Post scheduled trip end time",1,302,301,4020.5
"Post scheduled trip end time",1,293,292,4020.5
"Post scheduled trip end time",1,54,53,4020.5
"Post scheduled trip end time",1,319,318,4020.5
"Post scheduled trip end time",1,470,469,4020.5
"Post scheduled trip end time",1,612,611,4020.5
"Post scheduled trip end time",1,294,293,4020.5
"Post scheduled trip end time",1,248,247,4020.5
"Post scheduled trip end time",1,525,524,4020.5
"Post scheduled trip end time",1,39,38,4020.5
"Post scheduled trip end time",1,225,224,4020.5
"Post scheduled trip end time",1,1166,1165,4020.5
"Post scheduled trip end time",1,128,127,4020.5
"Post scheduled trip end time",1,1309,1308,4020.5
"Post scheduled trip end time",1,550,549,4020.5
"Post scheduled trip end time",1,317,316,4020.5
"Post scheduled trip end time",1,296,295,4020.5
"Post scheduled trip end time",1,1410,1409,4020.5
"Post scheduled trip end time",1,414,413,4020.5
"Post scheduled trip end time",1,374,373,4020.5
"Post scheduled trip end time",1,235,234,4020.5
"Post scheduled trip end time",1,500,499,4020.5
"Post scheduled trip end time",1,232,231,4020.5
"Post scheduled trip end time",1,237,236,4020.5
"Post scheduled trip end time",1,1314,1313,4020.5
"Post scheduled trip end time",1,129,128,4020.5
"Post scheduled trip end time",1,444,443,4020.5
"Post scheduled trip end time",1,571,570,4020.5
"Post scheduled trip end time",1,1628,1627,4020.5
"Post scheduled trip end time",1,505,504,4020.5
"Post scheduled trip end time",1,438,437,4020.5
"Post scheduled trip end time",1,258,257,4020.5
"Post scheduled trip end time",1,970,969,4020.5
"Post scheduled trip end time",1,74,73,4020.5
"Post scheduled trip end time",1,216,215,4020.5
"Post scheduled trip end time",1,34,33,4020.5
"Post scheduled trip end time",1,118,117,4020.5
"Post scheduled trip end time",1,183,182,4020.5
"Post scheduled trip end time",1,1688,1687,4020.5
"Post scheduled trip end time",1,84,83,4020.5
"Post scheduled trip end time",1,292,291,4020.5
"Post scheduled trip end time",1,106,105,4020.5
"Post scheduled trip end time",1,358,357,4020.5
"Post scheduled trip end time",1,846,845,4020.5
"Post scheduled trip end time",1,890,889,4020.5
"Post scheduled trip end time",1,96,95,4020.5
"Post scheduled trip end time",1,1486,1485,4020.5
"Post scheduled trip end time",1,818,817,4020.5
"Post scheduled trip end time",1,55,54,4020.5
"Post scheduled trip end time",1,373,372,4020.5
"Post scheduled trip end time",1,68,67,4020.5
"Post scheduled trip end time",1,198,197,4020.5
"Post scheduled trip end time",1,453,452,4020.5
"Post scheduled trip end time",1,104,103,4020.5
"Post scheduled trip end time",1,188,187,4020.5
"Post scheduled trip end time",1,25,24,4020.5
"Post scheduled trip end time",1,344,343,4020.5
"Post scheduled trip end time",1,1554,1553,4020.5
"Post scheduled trip end time",1,262,261,4020.5
"Post scheduled trip end time",1,186,185,4020.5
"Post scheduled trip end time",1,193,192,4020.5
"Post scheduled trip end time",1,552,551,4020.5
"Post scheduled trip end time",1,1294,1293,4020.5
"Post scheduled trip end time",1,415,414,4020.5
"Post scheduled trip end time",1,1086,1085,4020.5
"Post scheduled trip end time",1,189,188,4020.5
"Post scheduled trip end time",1,146,145,4020.5
"Post scheduled trip end time",1,427,426,4020.5
"Post scheduled trip end time",1,536,535,4020.5
"Post scheduled trip end time",1,472,471,4020.5
"Post scheduled trip end time",1,394,393,4020.5
"Post scheduled trip end time",1,594,593,4020.5
"Post scheduled trip end time",1,226,225,4020.5
"Post scheduled trip end time",1,202,201,4020.5
"Post scheduled trip end time",1,447,446,4020.5
"Post scheduled trip end time",1,279,278,4020.5
"Post scheduled trip end time",1,1250,1249,4020.5
"Post scheduled trip end time",1,200,199,4020.5
"Post scheduled trip end time",1,133,132,4020.5
"Post scheduled trip end time",1,368,367,4020.5
"Post scheduled trip end time",1,312,311,4020.5
"Post scheduled trip end time",1,379,378,4020.5
"Post scheduled trip end time",1,439,438,4020.5
"Post scheduled trip end time",1,153,152,4020.5
"Post scheduled trip end time",1,30,29,4020.5
"Post scheduled trip end time",1,152,151,4020.5
"Post scheduled trip end time",1,169,168,4020.5
"Post scheduled trip end time",1,107,106,4020.5
"Post scheduled trip end time",1,48,47,4020.5
"Post scheduled trip end time",1,1618,1617,4020.5
"Post scheduled trip end time",1,76,75,4020.5
"Post scheduled trip end time",1,142,141,4020.5
"Post scheduled trip end time",1,503,502,4020.5
"Post scheduled trip end time",1,610,609,4020.5
"Post scheduled trip end time",1,243,242,4020.5
"Post scheduled trip end time",1,58,57,4020.5
"Post scheduled trip end time",1,1769,1768,4020.5
"Post scheduled trip end time",1,301,300,4020.5
"Post scheduled trip end time",1,32,31,4020.5
"Post scheduled trip end time",1,321,320,4020.5
"Post scheduled trip end time",1,124,123,4020.5
"Post scheduled trip end time",1,531,530,4020.5
"Post scheduled trip end time",1,561,560,4020.5
"Post scheduled trip end time",1,230,229,4020.5
"Post scheduled trip end time",1,339,338,4020.5
"Post scheduled trip end time",1,251,250,4020.5
"Post scheduled trip end time",1,482,481,4020.5
"Post scheduled trip end time",1,1370,1369,4020.5
"Post scheduled trip end time",1,1470,1469,4020.5
"Post scheduled trip end time",1,27420,27419,4020.5
"Post scheduled trip end time",1,184,183,4020.5
"Post scheduled trip end time",1,1608,1607,4020.5
"Post scheduled trip end time",1,265,264,4020.5
"Post scheduled trip end time",1,336,335,4020.5
"Post scheduled trip end time",1,291,290,4020.5
"Post scheduled trip end time",1,1748,1747,4020.5
"Post scheduled trip end time",1,31,30,4020.5
"Post scheduled trip end time",1,140,139,4020.5
"Post scheduled trip end time",1,535,534,4020.5
"Post scheduled trip end time",1,241,240,4020.5
"Post scheduled trip end time",1,650,649,4020.5
"Post scheduled trip end time",1,654,653,4020.5
"Post scheduled trip end time",1,249,248,4020.5
"Post scheduled trip end time",1,491,490,4020.5
"Post scheduled trip end time",1,1670,1669,4020.5
"Post scheduled trip end time",1,1170,1169,4020.5
"Post scheduled trip end time",1,95,94,4020.5
"Post scheduled trip end time",1,436,435,4020.5
"Post scheduled trip end time",1,47,46,4020.5
"Post scheduled trip end time",1,1390,1389,4020.5
"Post scheduled trip end time",1,103,102,4020.5
"Post scheduled trip end time",1,273,272,4020.5
"Post scheduled trip end time",1,337,336,4020.5
"Post scheduled trip end time",1,178,177,4020.5
"Post scheduled trip end time",1,314,313,4020.5
"Post scheduled trip end time",1,548,547,4020.5
"Post scheduled trip end time",1,1148,1147,4020.5
"Post scheduled trip end time",1,523,522,4020.5
"Post scheduled trip end time",1,615,614,4020.5
"Post scheduled trip end time",1,162,161,4020.5
"Post scheduled trip end time",1,381,380,4020.5
"Post scheduled trip end time",1,974,973,4020.5
"Post scheduled trip end time",1,272,271,4020.5
"Post scheduled trip end time",1,2,1,4020.5
"Post scheduled trip end time",1,307,306,4020.5
"Post scheduled trip end time",1,151,150,4020.5
"Post scheduled trip end time",1,145,144,4020.5
"Post scheduled trip end time",1,280,279,4020.5
"Post scheduled trip end time",1,1550,1549,4020.5
"Post scheduled trip end time",1,440,439,4020.5
"Post scheduled trip end time",1,164,163,4020.5
"Post scheduled trip end time",1,256,255,4020.5
"Post scheduled trip end time",1,948,947,4020.5
"Post scheduled trip end time",1,20,19,4020.5
"Post scheduled trip end time",1,255,254,4020.5
"Post scheduled trip end time",1,1490,1489,4020.5
"Post scheduled trip end time",1,362,361,4020.5
"Post scheduled trip end time",1,1357,1356,4020.5
"Post scheduled trip end time",1,1514,1513,4020.5
"Post scheduled trip end time",1,168,167,4020.5
"Post scheduled trip end time",1,1414,1413,4020.5
"Post scheduled trip end time",1,434,433,4020.5
"Post scheduled trip end time",1,530,529,4020.5
"Post scheduled trip end time",1,10,9,4020.5
"Post scheduled trip end time",1,1575,1574,4020.5
"Post scheduled trip end time",1,63,62,4020.5
"Post scheduled trip end time",1,170,169,4020.5
"Post scheduled trip end time",1,1590,1589,4020.5
"Post scheduled trip end time",1,99,98,4020.5
"Post scheduled trip end time",1,167,166,4020.5
"Post scheduled trip end time",1,91,90,4020.5
"Post scheduled trip end time",1,496,495,4020.5
"Post scheduled trip end time",1,1134,1133,4020.5
"Post scheduled trip end time",1,88,87,4020.5
"Post scheduled trip end time",1,105,104,4020.5
"Post scheduled trip end time",1,369,368,4020.5
"Post scheduled trip end time",1,318,317,4020.5
"Post scheduled trip end time",1,260,259,4020.5
"Post scheduled trip end time",1,401,400,4020.5
"Post scheduled trip end time",1,40,39,4020.5
"Post scheduled trip end time",1,366,365,4020.5
"Post scheduled trip end time",1,462,461,4020.5
"Post scheduled trip end time",1,541,540,4020.5
"Post scheduled trip end time",1,163,162,4020.5
"Post scheduled trip end time",1,576,575,4020.5
"Post scheduled trip end time",1,407,406,4020.5
"Post scheduled trip end time",1,73,72,4020.5
"Post scheduled trip end time",1,50,49,4020.5
"Post scheduled trip end time",1,1494,1493,4020.5
"Post scheduled trip end time",1,324,323,4020.5
"Post scheduled trip end time",1,367,366,4020.5
"Post scheduled trip end time",1,1089,1088,4020.5
"Post scheduled trip end time",1,340,339,4020.5
"Post scheduled trip end time",1,360,359,4020.5
"Post scheduled trip end time",1,57,56,4020.5
"Post scheduled trip end time",1,310,309,4020.5
"Post scheduled trip end time",1,7,6,4020.5
"Post scheduled trip end time",1,253,252,4020.5
"Post scheduled trip end time",1,1214,1213,4020.5
"Post scheduled trip end time",1,66,65,4020.5
"Post scheduled trip end time",1,27440,27439,4020.5
"Post scheduled trip end time",1,125,124,4020.5
"Post scheduled trip end time",1,180,179,4020.5
"Post scheduled trip end time",1,522,521,4020.5
"Post scheduled trip end time",1,432,431,4020.5
"Post scheduled trip end time",1,1430,1429,4020.5
"Post scheduled trip end time",1,257,256,4020.5
"Post scheduled trip end time",1,568,567,4020.5
"Post scheduled trip end time",1,278,277,4020.5
"Post scheduled trip end time",1,177,176,4020.5
"Post scheduled trip end time",1,1326,1325,4020.5
"Post scheduled trip end time",1,579,578,4020.5
"Post scheduled trip end time",1,513,512,4020.5
"Post scheduled trip end time",1,446,445,4020.5
"Post scheduled trip end time",1,1,0,4020.5
"Post scheduled trip end time",1,1450,1449,4020.5
"Post scheduled trip end time",1,1334,1333,4020.5
"Post scheduled trip end time",1,695,694,4020.5
"Post scheduled trip end time",1,214,213,4020.5
"Post scheduled trip end time",1,621,620,4020.5
"Post scheduled trip end time",1,218,217,4020.5
"Post scheduled trip end time",1,353,352,4020.5
"Post scheduled trip end time",1,572,571,4020.5
"Post scheduled trip end time",1,423,422,4020.5
"Post scheduled trip end time",1,1754,1753,4020.5
"Post scheduled trip end time",1,1026,1025,4020.5
"Post scheduled trip end time",1,46,45,4020.5
"Post scheduled trip end time",1,238,237,4020.5
"Post scheduled trip end time",1,298,297,4020.5
"Post scheduled trip end time",1,1504,1503,4020.5
"Post scheduled trip end time",1,566,565,4020.5
"Post scheduled trip end time",1,365,364,4020.5
"Post scheduled trip end time",1,329,328,4020.5
"Post scheduled trip end time",1,33,32,4020.5
"Post scheduled trip end time",1,252,251,4020.5
"Post scheduled trip end time",1,277,276,4020.5
"Post scheduled trip end time",1,469,468,4020.5
"Post scheduled trip end time",1,1432,1431,4020.5
"Post scheduled trip end time",1,269,268,4020.5
"Post scheduled trip end time",1,870,869,4020.5
"Post scheduled trip end time",1,132,131,4020.5
"Post scheduled trip end time",1,1630,1629,4020.5
"Post scheduled trip end time",1,506,505,4020.5
"Post scheduled trip end time",1,116,115,4020.5
"Post scheduled trip end time",1,557,556,4020.5
"Post scheduled trip end time",1,587,586,4020.5
"Post scheduled trip end time",1,850,849,4020.5
"Post scheduled trip end time",1,308,307,4020.5
"Post scheduled trip end time",1,224,223,4020.5
"Post scheduled trip end time",1,172,171,4020.5
"Post scheduled trip end time",1,52,51,4020.5
"Post scheduled trip end time",1,113,112,4020.5
"Post scheduled trip end time",1,1610,1609,4020.5
"Post scheduled trip end time",1,27400,27399,4020.5
"Post scheduled trip end time",1,203,202,4020.5
"Post scheduled trip end time",1,14,13,4020.5
"Post scheduled trip end time",1,648,647,4020.5
"Post scheduled trip end time",1,80,79,4020.5
"Post scheduled trip end time",1,109,108,4020.5
"Post scheduled trip end time",1,120,119,4020.5
"Post scheduled trip end time",1,330,329,4020.5
"Post scheduled trip end time",1,213,212,4020.5
"Post scheduled trip end time",1,286,285,4020.5
"Post scheduled trip end time",1,508,507,4020.5
"Post scheduled trip end time",1,466,465,4020.5
"Post scheduled trip end time",1,206,205,4020.5
"Post scheduled trip end time",1,85,84,4020.5
"Post scheduled trip end time",1,455,454,4020.5
"Post scheduled trip end time",1,351,350,4020.5
"Post scheduled trip end time",1,681,680,4020.5
"Post scheduled trip end time",1,185,184,4020.5
"Post scheduled trip end time",1,42,41,4020.5
"Post scheduled trip end time",1,320,319,4020.5
"Post scheduled trip end time",1,750,749,4020.5
"Post scheduled trip end time",1,205,204,4020.5
"Post scheduled trip end time",1,64,63,4020.5
"Post scheduled trip end time",1,1564,1563,4020.5
"Post scheduled trip end time",1,27520,27519,4020.5
"Post scheduled trip end time",1,263,262,4020.5
"Post scheduled trip end time",1,483,482,4020.5
"Post scheduled trip end time",1,529,528,4020.5
"Post scheduled trip end time",1,11,10,4020.5
"Post scheduled trip end time",1,276,275,4020.5
"Post scheduled trip end time",1,521,520,4020.5
"Post scheduled trip end time",1,563,562,4020.5
"Post scheduled trip end time",1,830,829,4020.5
"Post scheduled trip end time",1,195,194,4020.5
"Post scheduled trip end time",1,478,477,4020.5
"Post scheduled trip end time",1,1578,1577,4020.5
"Post scheduled trip end time",1,494,493,4020.5
"Post scheduled trip end time",1,479,478,4020.5
"Post scheduled trip end time",1,233,232,4020.5
"Post scheduled trip end time",1,395,394,4020.5
"Post scheduled trip end time",1,148,147,4020.5
"Post scheduled trip end time",1,190,189,4020.5
"Post scheduled trip end time",1,1724,1723,4020.5
"Post scheduled trip end time",1,363,362,4020.5
"Post scheduled trip end time",1,299,298,4020.5
"Post scheduled trip end time",1,558,557,4020.5
"Post scheduled trip end time",1,490,489,4020.5
"Post scheduled trip end time",1,196,195,4020.5
"Post scheduled trip end time",1,514,513,4020.5
"Post scheduled trip end time",1,476,475,4020.5
"Post scheduled trip end time",1,1614,1613,4020.5
"Post scheduled trip end time",1,1674,1673,4020.5
"Post scheduled trip end time",1,511,510,4020.5
"Post scheduled trip end time",1,316,315,4020.5
"Post scheduled trip end time",1,21,20,4020.5
"Post scheduled trip end time",1,704,703,4020.5
"Post scheduled trip end time",1,1704,1703,4020.5
"Post scheduled trip end time",1,1130,1129,4020.5
"Post scheduled trip end time",1,115,114,4020.5
"Post scheduled trip end time",1,287,286,4020.5
"Post scheduled trip end time",1,1310,1309,4020.5
"Post scheduled trip end time",1,520,519,4020.5
"Post scheduled trip end time",1,538,537,4020.5
"Post scheduled trip end time",1,209,208,4020.5
"Post scheduled trip end time",1,157,156,4020.5
"Post scheduled trip end time",1,532,531,4020.5
"Post scheduled trip end time",1,402,401,4020.5
"Post scheduled trip end time",1,194,193,4020.5
"Post scheduled trip end time",1,346,345,4020.5
"Post scheduled trip end time",1,86,85,4020.5
"Post scheduled trip end time",1,-10,-11,4020.5
"Post scheduled trip end time",1,560,559,4020.5
"Post scheduled trip end time",1,81,80,4020.5
"Post scheduled trip end time",1,1158,1157,4020.5
"Post scheduled trip end time",1,386,385,4020.5
"Post scheduled trip end time",1,27460,27459,4020.5
"Post scheduled trip end time",1,208,207,4020.5
"Post scheduled trip end time",1,1444,1443,4020.5
"Post scheduled trip end time",1,391,390,4020.5
"Post scheduled trip end time",1,155,154,4020.5
"Post scheduled trip end time",1,175,174,4020.5
"Post scheduled trip end time",1,1409,1408,4020.5
"Post scheduled trip end time",1,794,793,4020.5
"Post scheduled trip end time",1,968,967,4020.5
"Post scheduled trip end time",1,131,130,4020.5
"Post scheduled trip end time",1,371,370,4020.5
"Post scheduled trip end time",1,495,494,4020.5
"Post scheduled trip end time",1,1650,1649,4020.5
"Post scheduled trip end time",1,509,508,4020.5
"Post scheduled trip end time",1,13,12,4020.5
"Post scheduled trip end time",1,144,143,4020.5
"Post scheduled trip end time",1,136,135,4020.5
"Post scheduled trip end time",1,108,107,4020.5
"Post scheduled trip end time",1,70,69,4020.5
"Post scheduled trip end time",1,345,344,4020.5
"Post scheduled trip end time",1,212,211,4020.5
"Post scheduled trip end time",1,389,388,4020.5
"Post scheduled trip end time",1,486,485,4020.5
"Post scheduled trip end time",1,810,809,4020.5
"Post scheduled trip end time",1,150,149,4020.5
"Post scheduled trip end time",1,1791,1790,4020.5
"Post scheduled trip end time",1,244,243,4020.5
"Post scheduled trip end time",1,378,377,4020.5
"Post scheduled trip end time",1,918,917,4020.5
"Post scheduled trip end time",1,229,228,4020.5
"Post scheduled trip end time",1,327,326,4020.5
"Post scheduled trip end time",1,1234,1233,4020.5
"Post scheduled trip end time",1,41,40,4020.5
"Post scheduled trip end time",1,1198,1197,4020.5
"Post scheduled trip end time",1,442,441,4020.5
"Post scheduled trip end time",1,217,216,4020.5
"Post scheduled trip end time",1,143,142,4020.5
"Post scheduled trip end time",1,223,222,4020.5
"Post scheduled trip end time",1,549,548,4020.5
"Post scheduled trip end time",1,90,89,4020.5
"Post scheduled trip end time",1,93,92,4020.5
"Post scheduled trip end time",1,334,333,4020.5
"Post scheduled trip end time",1,516,515,4020.5
"Post scheduled trip end time",1,553,552,4020.5
"Post scheduled trip end time",1,127,126,4020.5
"Post scheduled trip end time",1,515,514,4020.5
"Post scheduled trip end time",1,625,624,4020.5
"Post scheduled trip end time",1,474,473,4020.5
"Post scheduled trip end time",1,341,340,4020.5
"Post scheduled trip end time",1,449,448,4020.5
"Post scheduled trip end time",1,420,419,4020.5
"Post scheduled trip end time",1,543,542,4020.5
"Post scheduled trip end time",1,29,28,4020.5
"Post scheduled trip end time",1,592,591,4020.5
"Post scheduled trip end time",1,359,358,4020.5
"Post scheduled trip end time",1,1744,1743,4020.5
"Post scheduled trip end time",1,480,479,4020.5
"Post scheduled trip end time",1,1348,1347,4020.5
"Post scheduled trip end time",1,598,597,4020.5
"Post scheduled trip end time",1,328,327,4020.5
"Post scheduled trip end time",1,406,405,4020.5
"Post scheduled trip end time",1,1506,1505,4020.5
"Post scheduled trip end time",1,285,284,4020.5
"Post scheduled trip end time",1,400,399,4020.5
"Post scheduled trip end time",1,582,581,4020.5
"Post scheduled trip end time",1,1764,1763,4020.5
"Post scheduled trip end time",1,635,634,4020.5
"Post scheduled trip end time",1,111,110,4020.5
"Post scheduled trip end time",1,502,501,4020.5
"Post scheduled trip end time",1,1064,1063,4020.5
"Post scheduled trip end time",1,295,294,4020.5
"Before scheduled trip start time",2,-2,-4,8038
"Before scheduled trip start time",2,309,307,8038
"Before scheduled trip start time",2,198,196,8038
"Before scheduled trip start time",2,496,494,8038
"Before scheduled trip start time",2,374,372,8038
"Before scheduled trip start time",2,581,579,8038
"Before scheduled trip start time",2,538,536,8038
"Before scheduled trip start time",2,205,203,8038
"Before scheduled trip start time",2,14,12,8038
"Before scheduled trip start time",2,330,328,8038
"Before scheduled trip start time",2,94,92,8038
"Before scheduled trip start time",2,351,349,8038
"Before scheduled trip start time",2,149,147,8038
"Before scheduled trip start time",2,345,343,8038
"Before scheduled trip start time",2,408,406,8038
"Before scheduled trip start time",2,239,237,8038
"Before scheduled trip start time",2,575,573,8038
"Before scheduled trip start time",2,148,146,8038
"Before scheduled trip start time",2,56,54,8038
"Before scheduled trip start time",2,554,552,8038
"Before scheduled trip start time",2,560,558,8038
"Before scheduled trip start time",2,502,500,8038
"Before scheduled trip start time",2,549,547,8038
"Before scheduled trip start time",2,276,274,8038
"Before scheduled trip start time",2,238,236,8038
"Before scheduled trip start time",2,11151,11149,8038
"Before scheduled trip start time",2,415,413,8038
"Before scheduled trip start time",2,98,96,8038
"Before scheduled trip start time",2,467,465,8038
"Before scheduled trip start time",2,405,403,8038
"Before scheduled trip start time",2,577,575,8038
"Before scheduled trip start time",2,87,85,8038
"Before scheduled trip start time",2,74,72,8038
"Before scheduled trip start time",2,274,272,8038
"Before scheduled trip start time",2,376,374,8038
"Before scheduled trip start time",2,21,19,8038
"Before scheduled trip start time",2,229,227,8038
"Before scheduled trip start time",2,108,106,8038
"Before scheduled trip start time",2,431,429,8038
"Before scheduled trip start time",2,319,317,8038
"Before scheduled trip start time",2,541,539,8038
"Before scheduled trip start time",2,353,351,8038
"Before scheduled trip start time",2,48,46,8038
"Before scheduled trip start time",2,91,89,8038
"Before scheduled trip start time",2,349,347,8038
"Before scheduled trip start time",2,350,348,8038
"Before scheduled trip start time",2,523,521,8038
"Before scheduled trip start time",2,261,259,8038
"Before scheduled trip start time",2,25664,25662,8038
"Before scheduled trip start time",2,337,335,8038
"Before scheduled trip start time",2,36,34,8038
"Before scheduled trip start time",2,40,38,8038
"Before scheduled trip start time",2,416,414,8038
"Before scheduled trip start time",2,270,268,8038
"Before scheduled trip start time",2,509,507,8038
"Before scheduled trip start time",2,245,243,8038
"Before scheduled trip start time",2,450,448,8038
"Before scheduled trip start time",2,497,495,8038
"Before scheduled trip start time",2,163,161,8038
"Before scheduled trip start time",2,7631,7629,8038
"Before scheduled trip start time",2,208,206,8038
"Before scheduled trip start time",2,118,116,8038
"Before scheduled trip start time",2,13,11,8038
"Before scheduled trip start time",2,44,42,8038
"Before scheduled trip start time",2,75,73,8038
"Before scheduled trip start time",2,253,251,8038
"Before scheduled trip start time",2,-12,-14,8038
"Before scheduled trip start time",2,46,44,8038
"Before scheduled trip start time",2,542,540,8038
"Before scheduled trip start time",2,7671,7669,8038
"Before scheduled trip start time",2,314,312,8038
"Before scheduled trip start time",2,3,1,8038
"Before scheduled trip start time",2,189,187,8038
"Before scheduled trip start time",2,286,284,8038
"Before scheduled trip start time",2,486,484,8038
"Before scheduled trip start time",2,475,473,8038
"Before scheduled trip start time",2,393,391,8038
"Before scheduled trip start time",2,11251,11249,8038
"Before scheduled trip start time",2,168,166,8038
"Before scheduled trip start time",2,180,178,8038
"Before scheduled trip start time",2,571,569,8038
"Before scheduled trip start time",2,9,7,8038
"Before scheduled trip start time",2,12,10,8038
"Before scheduled trip start time",2,165,163,8038
"Before scheduled trip start time",2,292,290,8038
"Before scheduled trip start time",2,354,352,8038
"Before scheduled trip start time",2,456,454,8038
"Before scheduled trip start time",2,382,380,8038
"Before scheduled trip start time",2,11271,11269,8038
"Before scheduled trip start time",2,227,225,8038
"Before scheduled trip start time",2,593,591,8038
"Before scheduled trip start time",2,344,342,8038
"Before scheduled trip start time",2,7611,7609,8038
"Before scheduled trip start time",2,334,332,8038
"Before scheduled trip start time",2,43,41,8038
"Before scheduled trip start time",2,88,86,8038
"Before scheduled trip start time",2,139,137,8038
"Before scheduled trip start time",2,329,327,8038
"Before scheduled trip start time",2,570,568,8038
"Before scheduled trip start time",2,231,229,8038
"Before scheduled trip start time",2,303,301,8038
"Before scheduled trip start time",2,49,47,8038
"Before scheduled trip start time",2,412,410,8038
"Before scheduled trip start time",2,498,496,8038
"Before scheduled trip start time",2,196,194,8038
"Before scheduled trip start time",2,297,295,8038
"Before scheduled trip start time",2,403,401,8038
"Before scheduled trip start time",2,399,397,8038
"Before scheduled trip start time",2,25410,25408,8038
"Before scheduled trip start time",2,601,599,8038
"Before scheduled trip start time",2,257,255,8038
"Before scheduled trip start time",2,63,61,8038
"Before scheduled trip start time",2,220,218,8038
"Before scheduled trip start time",2,515,513,8038
"Before scheduled trip start time",2,397,395,8038
"Before scheduled trip start time",2,107,105,8038
"Before scheduled trip start time",2,61,59,8038
"Before scheduled trip start time",2,343,341,8038
"Before scheduled trip start time",2,25309,25307,8038
"Before scheduled trip start time",2,113,111,8038
"Before scheduled trip start time",2,237,235,8038
"Before scheduled trip start time",2,272,270,8038
"Before scheduled trip start time",2,362,360,8038
"Before scheduled trip start time",2,232,230,8038
"Before scheduled trip start time",2,25292,25290,8038
"Before scheduled trip start time",2,318,316,8038
"Before scheduled trip start time",2,104,102,8038
"Before scheduled trip start time",2,409,407,8038
"Before scheduled trip start time",2,214,212,8038
"Before scheduled trip start time",2,178,176,8038
"Before scheduled trip start time",2,420,418,8038
"Before scheduled trip start time",2,45,43,8038
"Before scheduled trip start time",2,197,195,8038
"Before scheduled trip start time",2,65,63,8038
"Before scheduled trip start time",2,79,77,8038
"Before scheduled trip start time",2,555,553,8038
"Before scheduled trip start time",2,281,279,8038
"Before scheduled trip start time",2,306,304,8038
"Before scheduled trip start time",2,361,359,8038
"Before scheduled trip start time",2,7591,7589,8038
"Before scheduled trip start time",2,260,258,8038
"Before scheduled trip start time",2,25376,25374,8038
"Before scheduled trip start time",2,1709,1707,8038
"Before scheduled trip start time",2,424,422,8038
"Before scheduled trip start time",2,136,134,8038
"Before scheduled trip start time",2,307,305,8038
"Before scheduled trip start time",2,556,554,8038
"Before scheduled trip start time",2,435,433,8038
"Before scheduled trip start time",2,323,321,8038
"Before scheduled trip start time",2,410,408,8038
"Before scheduled trip start time",2,155,153,8038
"Before scheduled trip start time",2,441,439,8038
"Before scheduled trip start time",2,7511,7509,8038
"Before scheduled trip start time",2,430,428,8038
"Before scheduled trip start time",2,484,482,8038
"Before scheduled trip start time",2,18,16,8038
"Before scheduled trip start time",2,-8,-10,8038
"Before scheduled trip start time",2,494,492,8038
"Before scheduled trip start time",2,460,458,8038
"Before scheduled trip start time",2,513,511,8038
"Before scheduled trip start time",2,15,13,8038
"Before scheduled trip start time",2,193,191,8038
"Before scheduled trip start time",2,39,37,8038
"Before scheduled trip start time",2,187,185,8038
"Before scheduled trip start time",2,592,590,8038
"Before scheduled trip start time",2,157,155,8038
"Before scheduled trip start time",2,275,273,8038
"Before scheduled trip start time",2,529,527,8038
"Before scheduled trip start time",2,34,32,8038
"Before scheduled trip start time",2,268,266,8038
"Before scheduled trip start time",2,296,294,8038
"Before scheduled trip start time",2,444,442,8038
"Before scheduled trip start time",2,452,450,8038
"Before scheduled trip start time",2,582,580,8038
"Before scheduled trip start time",2,366,364,8038
"Before scheduled trip start time",2,442,440,8038
"Before scheduled trip start time",2,453,451,8038
"Before scheduled trip start time",2,6,4,8038
"Before scheduled trip start time",2,457,455,8038
"Before scheduled trip start time",2,181,179,8038
"Before scheduled trip start time",2,7,5,8038
"Before scheduled trip start time",2,110,108,8038
"Before scheduled trip start time",2,85,83,8038
"Before scheduled trip start time",2,284,282,8038
"Before scheduled trip start time",2,331,329,8038
"Before scheduled trip start time",2,413,411,8038
"Before scheduled trip start time",2,359,357,8038
"Before scheduled trip start time",2,580,578,8038
"Before scheduled trip start time",2,19,17,8038
"Before scheduled trip start time",2,537,535,8038
"Before scheduled trip start time",2,320,318,8038
"Before scheduled trip start time",2,316,314,8038
"Before scheduled trip start time",2,357,355,8038
"Before scheduled trip start time",2,82,80,8038
"Before scheduled trip start time",2,449,447,8038
"Before scheduled trip start time",2,265,263,8038
"Before scheduled trip start time",2,133,131,8038
"Before scheduled trip start time",2,600,598,8038
"Before scheduled trip start time",2,160,158,8038
"Before scheduled trip start time",2,190,188,8038
"Before scheduled trip start time",2,27,25,8038
"Before scheduled trip start time",2,550,548,8038
"Before scheduled trip start time",2,298,296,8038
"Before scheduled trip start time",2,503,501,8038
"Before scheduled trip start time",2,191,189,8038
"Before scheduled trip start time",2,463,461,8038
"Before scheduled trip start time",2,64,62,8038
"Before scheduled trip start time",2,434,432,8038
"Before scheduled trip start time",2,290,288,8038
"Before scheduled trip start time",2,127,125,8038
"Before scheduled trip start time",2,380,378,8038
"Before scheduled trip start time",2,590,588,8038
"Before scheduled trip start time",2,386,384,8038
"Before scheduled trip start time",2,7651,7649,8038
"Before scheduled trip start time",2,422,420,8038
"Before scheduled trip start time",2,41,39,8038
"Before scheduled trip start time",2,342,340,8038
"Before scheduled trip start time",2,233,231,8038
"Before scheduled trip start time",2,131,129,8038
"Before scheduled trip start time",2,347,345,8038
"Before scheduled trip start time",2,368,366,8038
"Before scheduled trip start time",2,480,478,8038
"Before scheduled trip start time",2,488,486,8038
"Before scheduled trip start time",2,428,426,8038
"Before scheduled trip start time",2,11,9,8038
"Before scheduled trip start time",2,186,184,8038
"Before scheduled trip start time",2,358,356,8038
"Before scheduled trip start time",2,579,577,8038
"Before scheduled trip start time",2,483,481,8038
"Before scheduled trip start time",2,565,563,8038
"Before scheduled trip start time",2,532,530,8038
"Before scheduled trip start time",2,548,546,8038
"Before scheduled trip start time",2,4,2,8038
"Before scheduled trip start time",2,114,112,8038
"Before scheduled trip start time",2,234,232,8038
"Before scheduled trip start time",2,322,320,8038
"Before scheduled trip start time",2,564,562,8038
"Before scheduled trip start time",2,29,27,8038
"Before scheduled trip start time",2,326,324,8038
"Before scheduled trip start time",2,524,522,8038
"Before scheduled trip start time",2,429,427,8038
"Before scheduled trip start time",2,520,518,8038
"Before scheduled trip start time",2,90,88,8038
"Before scheduled trip start time",2,22,20,8038
"Before scheduled trip start time",2,143,141,8038
"Before scheduled trip start time",2,57,55,8038
"Before scheduled trip start time",2,288,286,8038
"Before scheduled trip start time",2,243,241,8038
"Before scheduled trip start time",2,32,30,8038
"Before scheduled trip start time",2,540,538,8038
"Before scheduled trip start time",2,526,524,8038
"Before scheduled trip start time",2,595,593,8038
"Before scheduled trip start time",2,377,375,8038
"Before scheduled trip start time",2,584,582,8038
"Before scheduled trip start time",2,209,207,8038
"Before scheduled trip start time",2,304,302,8038
"Before scheduled trip start time",2,423,421,8038
"Before scheduled trip start time",2,173,171,8038
"Before scheduled trip start time",2,11291,11289,8038
"Before scheduled trip start time",2,346,344,8038
"Before scheduled trip start time",2,236,234,8038
"Before scheduled trip start time",2,25464,25462,8038
"Before scheduled trip start time",2,125,123,8038
"Before scheduled trip start time",2,128,126,8038
"Before scheduled trip start time",2,352,350,8038
"Before scheduled trip start time",2,543,541,8038
"Before scheduled trip start time",2,96,94,8038
"Before scheduled trip start time",2,384,382,8038
"Before scheduled trip start time",2,425,423,8038
"Before scheduled trip start time",2,140,138,8038
"Before scheduled trip start time",2,553,551,8038
"Before scheduled trip start time",2,262,260,8038
"Before scheduled trip start time",2,338,336,8038
"Before scheduled trip start time",2,111,109,8038
"Before scheduled trip start time",2,370,368,8038
"Before scheduled trip start time",2,492,490,8038
"Before scheduled trip start time",2,311,309,8038
"Before scheduled trip start time",2,20,18,8038
"Before scheduled trip start time",2,468,466,8038
"Before scheduled trip start time",2,411,409,8038
"Before scheduled trip start time",2,202,200,8038
"Before scheduled trip start time",2,471,469,8038
"Before scheduled trip start time",2,161,159,8038
"Before scheduled trip start time",2,299,297,8038
"Before scheduled trip start time",2,558,556,8038
"Before scheduled trip start time",2,99,97,8038
"Before scheduled trip start time",2,421,419,8038
"Before scheduled trip start time",2,112,110,8038
"Before scheduled trip start time",2,569,567,8038
"Before scheduled trip start time",2,432,430,8038
"Before scheduled trip start time",2,478,476,8038
"Before scheduled trip start time",2,207,205,8038
"Before scheduled trip start time",2,527,525,8038
"Before scheduled trip start time",2,192,190,8038
"Before scheduled trip start time",2,437,435,8038
"Before scheduled trip start time",2,539,537,8038
"Before scheduled trip start time",2,55,53,8038
"Before scheduled trip start time",2,291,289,8038
"Before scheduled trip start time",2,5,3,8038
"Before scheduled trip start time",2,477,475,8038
"Before scheduled trip start time",2,383,381,8038
"Before scheduled trip start time",2,464,462,8038
"Before scheduled trip start time",2,52,50,8038
"Before scheduled trip start time",2,217,215,8038
"Before scheduled trip start time",2,445,443,8038
"Before scheduled trip start time",2,567,565,8038
"Before scheduled trip start time",2,51,49,8038
"Before scheduled trip start time",2,499,497,8038
"Before scheduled trip start time",2,70,68,8038
"Before scheduled trip start time",2,578,576,8038
"Before scheduled trip start time",2,287,285,8038
"Before scheduled trip start time",2,300,298,8038
"Before scheduled trip start time",2,438,436,8038
"Before scheduled trip start time",2,267,265,8038
"Before scheduled trip start time",2,25406,25404,8038
"Before scheduled trip start time",2,310,308,8038
"Before scheduled trip start time",2,151,149,8038
"Before scheduled trip start time",2,465,463,8038
"Before scheduled trip start time",2,103,101,8038
"Before scheduled trip start time",2,573,571,8038
"Before scheduled trip start time",2,516,514,8038
"Before scheduled trip start time",2,89,87,8038
"Before scheduled trip start time",2,552,550,8038
"Before scheduled trip start time",2,17,15,8038
"Before scheduled trip start time",2,433,431,8038
"Before scheduled trip start time",2,485,483,8038
"Before scheduled trip start time",2,31,29,8038
"Before scheduled trip start time",2,7491,7489,8038
"Before scheduled trip start time",2,11191,11189,8038
"Before scheduled trip start time",2,246,244,8038
"Before scheduled trip start time",2,407,405,8038
"Before scheduled trip start time",2,588,586,8038
"Before scheduled trip start time",2,559,557,8038
"Before scheduled trip start time",2,482,480,8038
"Before scheduled trip start time",2,213,211,8038
"Before scheduled trip start time",2,340,338,8038
"Before scheduled trip start time",2,519,517,8038
"Before scheduled trip start time",2,363,361,8038
"Before scheduled trip start time",2,216,214,8038
"Before scheduled trip start time",2,293,291,8038
"Before scheduled trip start time",2,546,544,8038
"Before scheduled trip start time",2,360,358,8038
"Before scheduled trip start time",2,348,346,8038
"Before scheduled trip start time",2,76,74,8038
"Before scheduled trip start time",2,223,221,8038
"Before scheduled trip start time",2,159,157,8038
"Before scheduled trip start time",2,105,103,8038
"Before scheduled trip start time",2,402,400,8038
"Before scheduled trip start time",2,591,589,8038
"Before scheduled trip start time",2,302,300,8038
"Before scheduled trip start time",2,80,78,8038
"Before scheduled trip start time",2,-3,-5,8038
"Before scheduled trip start time",2,259,257,8038
"Before scheduled trip start time",2,154,152,8038
"Before scheduled trip start time",2,1769,1767,8038
"Before scheduled trip start time",2,487,485,8038
"Before scheduled trip start time",2,164,162,8038
"Before scheduled trip start time",2,16,14,8038
"Before scheduled trip start time",2,25261,25259,8038
"Before scheduled trip start time",2,279,277,8038
"Before scheduled trip start time",2,289,287,8038
"Before scheduled trip start time",2,295,293,8038
"Before scheduled trip start time",2,1649,1647,8038
"Before scheduled trip start time",2,184,182,8038
"Before scheduled trip start time",2,126,124,8038
"Before scheduled trip start time",2,37,35,8038
"Before scheduled trip start time",2,476,474,8038
"Before scheduled trip start time",2,269,267,8038
"Before scheduled trip start time",2,512,510,8038
"Before scheduled trip start time",2,95,93,8038
"Before scheduled trip start time",2,67,65,8038
"Before scheduled trip start time",2,152,150,8038
"Before scheduled trip start time",2,280,278,8038
"Before scheduled trip start time",2,536,534,8038
"Before scheduled trip start time",2,86,84,8038
"Before scheduled trip start time",2,206,204,8038
"Before scheduled trip start time",2,561,559,8038
"Before scheduled trip start time",2,501,499,8038
"Before scheduled trip start time",2,121,119,8038
"Before scheduled trip start time",2,177,175,8038
"Before scheduled trip start time",2,375,373,8038
"Before scheduled trip start time",2,490,488,8038
"Before scheduled trip start time",2,-7,-9,8038
"Before scheduled trip start time",2,598,596,8038
"Before scheduled trip start time",2,179,177,8038
"Before scheduled trip start time",2,222,220,8038
"Before scheduled trip start time",2,544,542,8038
"Before scheduled trip start time",2,175,173,8038
"Before scheduled trip start time",2,109,107,8038
"Before scheduled trip start time",2,-10,-12,8038
"Before scheduled trip start time",2,451,449,8038
"Before scheduled trip start time",2,599,597,8038
"Before scheduled trip start time",2,38,36,8038
"Before scheduled trip start time",2,401,399,8038
"Before scheduled trip start time",2,589,587,8038
"Before scheduled trip start time",2,138,136,8038
"Before scheduled trip start time",2,129,127,8038
"Before scheduled trip start time",2,321,319,8038
"Before scheduled trip start time",2,183,181,8038
"Before scheduled trip start time",2,446,444,8038
"Before scheduled trip start time",2,525,523,8038
"Before scheduled trip start time",2,308,306,8038
"Before scheduled trip start time",2,224,222,8038
"Before scheduled trip start time",2,11231,11229,8038
"Before scheduled trip start time",2,25258,25256,8038
"Before scheduled trip start time",2,371,369,8038
"Before scheduled trip start time",2,455,453,8038
"Before scheduled trip start time",2,436,434,8038
"Before scheduled trip start time",2,365,363,8038
"Before scheduled trip start time",2,364,362,8038
"Before scheduled trip start time",2,266,264,8038
"Before scheduled trip start time",2,518,516,8038
"Before scheduled trip start time",2,271,269,8038
"Before scheduled trip start time",2,511,509,8038
"Before scheduled trip start time",2,574,572,8038
"Before scheduled trip start time",2,489,487,8038
"Before scheduled trip start time",2,263,261,8038
"Before scheduled trip start time",2,248,246,8038
"Before scheduled trip start time",2,356,354,8038
"Before scheduled trip start time",2,285,283,8038
"Before scheduled trip start time",2,97,95,8038
"Before scheduled trip start time",2,247,245,8038
"Before scheduled trip start time",2,594,592,8038
"Before scheduled trip start time",2,150,148,8038
"Before scheduled trip start time",2,514,512,8038
"Before scheduled trip start time",2,551,549,8038
"Before scheduled trip start time",2,443,441,8038
"Before scheduled trip start time",2,491,489,8038
"Before scheduled trip start time",2,71,69,8038
"Before scheduled trip start time",2,369,367,8038
"Before scheduled trip start time",2,427,425,8038
"Before scheduled trip start time",2,69,67,8038
"Before scheduled trip start time",2,102,100,8038
"Before scheduled trip start time",2,249,247,8038
"Before scheduled trip start time",2,419,417,8038
"Before scheduled trip start time",2,230,228,8038
"Before scheduled trip start time",2,60,58,8038
"Before scheduled trip start time",2,137,135,8038
"Before scheduled trip start time",2,439,437,8038
"Before scheduled trip start time",2,226,224,8038
"Before scheduled trip start time",2,251,249,8038
"Before scheduled trip start time",2,188,186,8038
"Before scheduled trip start time",2,106,104,8038
"Before scheduled trip start time",2,142,140,8038
"Before scheduled trip start time",2,448,446,8038
"Before scheduled trip start time",2,35,33,8038
"Before scheduled trip start time",2,119,117,8038
"Before scheduled trip start time",2,474,472,8038
"Before scheduled trip start time",2,200,198,8038
"Before scheduled trip start time",2,203,201,8038
"Before scheduled trip start time",2,379,377,8038
"Before scheduled trip start time",2,597,595,8038
"Before scheduled trip start time",2,7531,7529,8038
"Before scheduled trip start time",2,172,170,8038
"Before scheduled trip start time",2,78,76,8038
"Before scheduled trip start time",2,240,238,8038
"Before scheduled trip start time",2,507,505,8038
"Before scheduled trip start time",2,461,459,8038
"Before scheduled trip start time",2,372,370,8038
"Before scheduled trip start time",2,158,156,8038
"Before scheduled trip start time",2,378,376,8038
"Before scheduled trip start time",2,336,334,8038
"Before scheduled trip start time",2,417,415,8038
"Before scheduled trip start time",2,535,533,8038
"Before scheduled trip start time",2,210,208,8038
"Before scheduled trip start time",2,585,583,8038
"Before scheduled trip start time",2,305,303,8038
"Before scheduled trip start time",2,256,254,8038
"Before scheduled trip start time",2,201,199,8038
"Before scheduled trip start time",2,391,389,8038
"Before scheduled trip start time",2,398,396,8038
"Before scheduled trip start time",2,50,48,8038
"Before scheduled trip start time",2,77,75,8038
"Before scheduled trip start time",2,26,24,8038
"Before scheduled trip start time",2,440,438,8038
"Before scheduled trip start time",2,387,385,8038
"Before scheduled trip start time",2,171,169,8038
"Before scheduled trip start time",2,454,452,8038
"Before scheduled trip start time",2,134,132,8038
"Before scheduled trip start time",2,254,252,8038
"Before scheduled trip start time",2,278,276,8038
"Before scheduled trip start time",2,169,167,8038
"Before scheduled trip start time",2,11171,11169,8038
"Before scheduled trip start time",2,252,250,8038
"Before scheduled trip start time",2,531,529,8038
"Before scheduled trip start time",2,568,566,8038
"Before scheduled trip start time",2,25293,25291,8038
"Before scheduled trip start time",2,327,325,8038
"Before scheduled trip start time",2,586,584,8038
"Before scheduled trip start time",2,389,387,8038
"Before scheduled trip start time",2,458,456,8038
"Before scheduled trip start time",2,596,594,8038
"Before scheduled trip start time",2,572,570,8038
"Before scheduled trip start time",2,124,122,8038
"Before scheduled trip start time",2,195,193,8038
"Before scheduled trip start time",2,301,299,8038
"Before scheduled trip start time",2,313,311,8038
"Before scheduled trip start time",2,30,28,8038
"Before scheduled trip start time",2,212,210,8038
"Before scheduled trip start time",2,162,160,8038
"Before scheduled trip start time",2,81,79,8038
"Before scheduled trip start time",2,72,70,8038
"Before scheduled trip start time",2,341,339,8038
"Before scheduled trip start time",2,147,145,8038
"Before scheduled trip start time",2,466,464,8038
"Before scheduled trip start time",2,324,322,8038
"Before scheduled trip start time",2,93,91,8038
"Before scheduled trip start time",2,204,202,8038
"Before scheduled trip start time",2,130,128,8038
"Before scheduled trip start time",2,153,151,8038
"Before scheduled trip start time",2,166,164,8038
"Before scheduled trip start time",2,228,226,8038
"Before scheduled trip start time",2,42,40,8038
"Before scheduled trip start time",2,122,120,8038
"Before scheduled trip start time",2,221,219,8038
"Before scheduled trip start time",2,426,424,8038
"Before scheduled trip start time",2,185,183,8038
"Before scheduled trip start time",2,328,326,8038
"Before scheduled trip start time",2,294,292,8038
"Before scheduled trip start time",2,194,192,8038
"Before scheduled trip start time",2,500,498,8038
"Before scheduled trip start time",2,176,174,8038
"Before scheduled trip start time",2,404,402,8038
"Before scheduled trip start time",2,59,57,8038
"Before scheduled trip start time",2,174,172,8038
"Before scheduled trip start time",2,25284,25282,8038
"Before scheduled trip start time",2,381,379,8038
"Before scheduled trip start time",2,11131,11129,8038
"Before scheduled trip start time",2,562,560,8038
"Before scheduled trip start time",2,250,248,8038
"Before scheduled trip start time",2,355,353,8038
"Before scheduled trip start time",2,23,21,8038
"Before scheduled trip start time",2,219,217,8038
"Before scheduled trip start time",2,333,331,8038
"Before scheduled trip start time",2,25543,25541,8038
"Before scheduled trip start time",2,469,467,8038
"Before scheduled trip start time",2,315,313,8038
"Before scheduled trip start time",2,495,493,8038
"Before scheduled trip start time",2,54,52,8038
"Before scheduled trip start time",2,83,81,8038
"Before scheduled trip start time",2,583,581,8038
"Before scheduled trip start time",2,396,394,8038
"Before scheduled trip start time",2,211,209,8038
"Before scheduled trip start time",2,235,233,8038
"Before scheduled trip start time",2,73,71,8038
"Before scheduled trip start time",2,218,216,8038
"Before scheduled trip start time",2,522,520,8038
"Before scheduled trip start time",2,100,98,8038
"Before scheduled trip start time",2,199,197,8038
"Before scheduled trip start time",2,170,168,8038
"Before scheduled trip start time",2,534,532,8038
"Before scheduled trip start time",2,141,139,8038
"Before scheduled trip start time",2,283,281,8038
"Before scheduled trip start time",2,400,398,8038
"Before scheduled trip start time",2,493,491,8038
"Before scheduled trip start time",2,472,470,8038
"Before scheduled trip start time",2,277,275,8038
"Before scheduled trip start time",2,120,118,8038
"Before scheduled trip start time",2,25305,25303,8038
"Before scheduled trip start time",2,115,113,8038
"Before scheduled trip start time",2,533,531,8038
"Before scheduled trip start time",2,563,561,8038
"Before scheduled trip start time",2,521,519,8038
"Before scheduled trip start time",2,325,323,8038
"Before scheduled trip start time",2,144,142,8038
"Before scheduled trip start time",2,414,412,8038
"Before scheduled trip start time",2,167,165,8038
"Before scheduled trip start time",2,385,383,8038
"Before scheduled trip start time",2,390,388,8038
"Before scheduled trip start time",2,25370,25368,8038
"Before scheduled trip start time",2,258,256,8038
"Before scheduled trip start time",2,11211,11209,8038
"Before scheduled trip start time",2,84,82,8038
"Before scheduled trip start time",2,576,574,8038
"Before scheduled trip start time",2,7691,7689,8038
"Before scheduled trip start time",2,101,99,8038
"Before scheduled trip start time",2,373,371,8038
"Before scheduled trip start time",2,545,543,8038
"Before scheduled trip start time",2,264,262,8038
"Before scheduled trip start time",2,7551,7549,8038
"Before scheduled trip start time",2,470,468,8038
"Before scheduled trip start time",2,255,253,8038
"Before scheduled trip start time",2,10,8,8038
"Before scheduled trip start time",2,58,56,8038
"Before scheduled trip start time",2,7571,7569,8038
"Before scheduled trip start time",2,504,502,8038
"Before scheduled trip start time",2,53,51,8038
"Before scheduled trip start time",2,242,240,8038
"Before scheduled trip start time",2,479,477,8038
"Before scheduled trip start time",2,473,471,8038
"Before scheduled trip start time",2,68,66,8038
"Before scheduled trip start time",2,395,393,8038
"Before scheduled trip start time",2,418,416,8038
"Before scheduled trip start time",2,367,365,8038
"Before scheduled trip start time",2,282,280,8038
"Before scheduled trip start time",2,-9,-11,8038
"Before scheduled trip start time",2,28,26,8038
"Before scheduled trip start time",2,25,23,8038
"Before scheduled trip start time",2,332,330,8038
"Before scheduled trip start time",2,388,386,8038
"Before scheduled trip start time",2,566,564,8038
"Before scheduled trip start time",2,47,45,8038
"Before scheduled trip start time",2,530,528,8038
"Before scheduled trip start time",2,33,31,8038
"Before scheduled trip start time",2,406,404,8038
"Before scheduled trip start time",2,145,143,8038
"Before scheduled trip start time",2,312,310,8038
"Before scheduled trip start time",2,244,242,8038
"Before scheduled trip start time",2,182,180,8038
"Before scheduled trip start time",2,62,60,8038
"Before scheduled trip start time",2,146,144,8038
"Before scheduled trip start time",2,135,133,8038
"Before scheduled trip start time",2,505,503,8038
"Before scheduled trip start time",2,462,460,8038
"Before scheduled trip start time",2,92,90,8038
"Before scheduled trip start time",2,508,506,8038
"Before scheduled trip start time",2,116,114,8038
"Before scheduled trip start time",2,394,392,8038
"Before scheduled trip start time",2,241,239,8038
"Before scheduled trip start time",2,510,508,8038
"Before scheduled trip start time",2,123,121,8038
"Before scheduled trip start time",2,117,115,8038
"Before scheduled trip start time",2,481,479,8038
"Before scheduled trip start time",2,339,337,8038
"Before scheduled trip start time",2,317,315,8038
"Before scheduled trip start time",2,225,223,8038
"Before scheduled trip start time",2,447,445,8038
"Before scheduled trip start time",2,156,154,8038
"Before scheduled trip start time",2,392,390,8038
"Before scheduled trip start time",2,66,64,8038
"Before scheduled trip start time",2,273,271,8038
"Before scheduled trip start time",2,587,585,8038
"Before scheduled trip start time",2,2,0,8038
"Before scheduled trip start time",2,506,504,8038
"Before scheduled trip start time",2,547,545,8038
"Before scheduled trip start time",2,335,333,8038
"Before scheduled trip start time",2,528,526,8038
"Before scheduled trip start time",2,132,130,8038
"Before scheduled trip start time",2,459,457,8038
"Before scheduled trip start time",2,24,22,8038
"Before scheduled trip start time",2,215,213,8038
"Before scheduled trip start time",2,8,6,8038
"Before scheduled trip start time",2,517,515,8038
"During scheduled trip",2,215,213,291
"During scheduled trip",2,337,335,291
"During scheduled trip",2,422,420,291
"During scheduled trip",2,113,111,291
"During scheduled trip",2,558,556,291
"During scheduled trip",2,11371,11369,291
"During scheduled trip",2,593,591,291
"During scheduled trip",2,3,1,291
"During scheduled trip",2,11611,11609,291
"During scheduled trip",2,25279,25277,291
"During scheduled trip",2,483,481,291
"During scheduled trip",2,36,34,291
"During scheduled trip",2,25287,25285,291
"During scheduled trip",2,424,422,291
"During scheduled trip",2,153,151,291
"During scheduled trip",2,25389,25387,291
"During scheduled trip",2,108,106,291
"During scheduled trip",2,361,359,291
"During scheduled trip",2,37,35,291
"During scheduled trip",2,322,320,291
"During scheduled trip",2,414,412,291
"During scheduled trip",2,25319,25317,291
"During scheduled trip",2,100,98,291
"During scheduled trip",2,432,430,291
"During scheduled trip",2,114,112,291
"During scheduled trip",2,11551,11549,291
"During scheduled trip",2,462,460,291
"During scheduled trip",2,218,216,291
"During scheduled trip",2,345,343,291
"During scheduled trip",2,299,297,291
"During scheduled trip",2,256,254,291
"During scheduled trip",2,531,529,291
"During scheduled trip",2,58,56,291
"During scheduled trip",2,25267,25265,291
"During scheduled trip",2,457,455,291
"During scheduled trip",2,42,40,291
"During scheduled trip",2,109,107,291
"During scheduled trip",2,8,6,291
"During scheduled trip",2,101,99,291
"During scheduled trip",2,8131,8129,291
"During scheduled trip",2,336,334,291
"During scheduled trip",2,25317,25315,291
"During scheduled trip",2,500,498,291
"During scheduled trip",2,272,270,291
"During scheduled trip",2,25403,25401,291
"During scheduled trip",2,1017,1015,291
"During scheduled trip",2,242,240,291
"During scheduled trip",2,1,-1,291
"During scheduled trip",2,466,464,291
"During scheduled trip",2,379,377,291
"During scheduled trip",2,455,453,291
"During scheduled trip",2,495,493,291
"During scheduled trip",2,560,558,291
"During scheduled trip",2,25459,25457,291
"During scheduled trip",2,7851,7849,291
"During scheduled trip",2,524,522,291
"During scheduled trip",2,168,166,291
"During scheduled trip",2,362,360,291
"During scheduled trip",2,276,274,291
"During scheduled trip",2,25386,25384,291
"During scheduled trip",2,405,403,291
"During scheduled trip",2,374,372,291
"During scheduled trip",2,555,553,291
"During scheduled trip",2,82,80,291
"During scheduled trip",2,48,46,291
"During scheduled trip",2,69,67,291
"During scheduled trip",2,395,393,291
"During scheduled trip",2,373,371,291
"During scheduled trip",2,545,543,291
"During scheduled trip",2,561,559,291
"During scheduled trip",2,261,259,291
"During scheduled trip",2,597,595,291
"During scheduled trip",2,142,140,291
"During scheduled trip",2,164,162,291
"During scheduled trip",2,1051,1049,291
"During scheduled trip",2,290,288,291
"During scheduled trip",2,390,388,291
"During scheduled trip",2,123,121,291
"During scheduled trip",2,161,159,291
"During scheduled trip",2,39,37,291
"During scheduled trip",2,7871,7869,291
"During scheduled trip",2,234,232,291
"During scheduled trip",2,598,596,291
"During scheduled trip",2,507,505,291
"During scheduled trip",2,172,170,291
"During scheduled trip",2,502,500,291
"During scheduled trip",2,35,33,291
"During scheduled trip",2,86,84,291
"During scheduled trip",2,323,321,291
"During scheduled trip",2,129,127,291
"During scheduled trip",2,25382,25380,291
"During scheduled trip",2,11711,11709,291
"During scheduled trip",2,189,187,291
"During scheduled trip",2,706,704,291
"During scheduled trip",2,25362,25360,291
"During scheduled trip",2,434,432,291
"During scheduled trip",2,7,5,291
"During scheduled trip",2,146,144,291
"During scheduled trip",2,471,469,291
"During scheduled trip",2,40,38,291
"During scheduled trip",2,410,408,291
"During scheduled trip",2,356,354,291
"During scheduled trip",2,533,531,291
"During scheduled trip",2,206,204,291
"During scheduled trip",2,505,503,291
"During scheduled trip",2,25282,25280,291
"During scheduled trip",2,63,61,291
"During scheduled trip",2,76,74,291
"During scheduled trip",2,253,251,291
"During scheduled trip",2,274,272,291
"During scheduled trip",2,93,91,291
"During scheduled trip",2,530,528,291
"During scheduled trip",2,396,394,291
"During scheduled trip",2,473,471,291
"During scheduled trip",2,389,387,291
"During scheduled trip",2,453,451,291
"During scheduled trip",2,49,47,291
"During scheduled trip",2,67,65,291
"During scheduled trip",2,352,350,291
"During scheduled trip",2,543,541,291
"During scheduled trip",2,25364,25362,291
"During scheduled trip",2,587,585,291
"During scheduled trip",2,7771,7769,291
"During scheduled trip",2,645,643,291
"During scheduled trip",2,7831,7829,291
"During scheduled trip",2,310,308,291
"During scheduled trip",2,144,142,291
"During scheduled trip",2,25289,25287,291
"During scheduled trip",2,124,122,291
"During scheduled trip",2,281,279,291
"During scheduled trip",2,25322,25320,291
"During scheduled trip",2,25379,25377,291
"During scheduled trip",2,401,399,291
"During scheduled trip",2,394,392,291
"During scheduled trip",2,205,203,291
"During scheduled trip",2,465,463,291
"During scheduled trip",2,317,315,291
"During scheduled trip",2,264,262,291
"During scheduled trip",2,120,118,291
"During scheduled trip",2,269,267,291
"During scheduled trip",2,508,506,291
"During scheduled trip",2,245,243,291
"During scheduled trip",2,550,548,291
"During scheduled trip",2,71,69,291
"During scheduled trip",2,87,85,291
"During scheduled trip",2,588,586,291
"During scheduled trip",2,25339,25337,291
"During scheduled trip",2,231,229,291
"During scheduled trip",2,117,115,291
"During scheduled trip",2,11351,11349,291
"During scheduled trip",2,25358,25356,291
"During scheduled trip",2,542,540,291
"During scheduled trip",2,8051,8049,291
"During scheduled trip",2,406,404,291
"During scheduled trip",2,8011,8009,291
"During scheduled trip",2,149,147,291
"During scheduled trip",2,429,427,291
"During scheduled trip",2,75,73,291
"During scheduled trip",2,25254,25252,291
"During scheduled trip",2,304,302,291
"During scheduled trip",2,267,265,291
"During scheduled trip",2,51,49,291
"During scheduled trip",2,381,379,291
"During scheduled trip",2,590,588,291
"During scheduled trip",2,513,511,291
"During scheduled trip",2,210,208,291
"During scheduled trip",2,11791,11789,291
"During scheduled trip",2,576,574,291
"During scheduled trip",2,489,487,291
"During scheduled trip",2,185,183,291
"During scheduled trip",2,480,478,291
"During scheduled trip",2,487,485,291
"During scheduled trip",2,2,0,291
"During scheduled trip",2,139,137,291
"During scheduled trip",2,580,578,291
"During scheduled trip",2,306,304,291
"During scheduled trip",2,327,325,291
"During scheduled trip",2,163,161,291
"During scheduled trip",2,458,456,291
"During scheduled trip",2,298,296,291
"During scheduled trip",2,238,236,291
"During scheduled trip",2,207,205,291
"During scheduled trip",2,596,594,291
"During scheduled trip",2,8231,8229,291
"During scheduled trip",2,103,101,291
"During scheduled trip",2,239,237,291
"During scheduled trip",2,950,948,291
"During scheduled trip",2,22,20,291
"During scheduled trip",2,66,64,291
"During scheduled trip",2,335,333,291
"During scheduled trip",2,565,563,291
"During scheduled trip",2,94,92,291
"During scheduled trip",2,289,287,291
"During scheduled trip",2,752,750,291
"During scheduled trip",2,-2,-4,291
"During scheduled trip",2,7911,7909,291
"During scheduled trip",2,525,523,291
"During scheduled trip",2,211,209,291
"During scheduled trip",2,831,829,291
"During scheduled trip",2,6,4,291
"During scheduled trip",2,427,425,291
"During scheduled trip",2,25351,25349,291
"During scheduled trip",2,450,448,291
"During scheduled trip",2,266,264,291
"During scheduled trip",2,308,306,291
"During scheduled trip",2,11311,11309,291
"During scheduled trip",2,252,250,291
"During scheduled trip",2,341,339,291
"During scheduled trip",2,277,275,291
"During scheduled trip",2,203,201,291
"During scheduled trip",2,523,521,291
"During scheduled trip",2,444,442,291
"During scheduled trip",2,7931,7929,291
"During scheduled trip",2,184,182,291
"During scheduled trip",2,230,228,291
"During scheduled trip",2,358,356,291
"During scheduled trip",2,294,292,291
"During scheduled trip",2,171,169,291
"During scheduled trip",2,25408,25406,291
"During scheduled trip",2,8171,8169,291
"During scheduled trip",2,353,351,291
"During scheduled trip",2,25288,25286,291
"During scheduled trip",2,62,60,291
"During scheduled trip",2,575,573,291
"During scheduled trip",2,315,313,291
"During scheduled trip",2,511,509,291
"During scheduled trip",2,59,57,291
"During scheduled trip",2,72,70,291
"During scheduled trip",2,11811,11809,291
"During scheduled trip",2,178,176,291
"During scheduled trip",2,537,535,291
"During scheduled trip",2,195,193,291
"During scheduled trip",2,479,477,291
"During scheduled trip",2,476,474,291
"During scheduled trip",2,33,31,291
"During scheduled trip",2,-5,-7,291
"During scheduled trip",2,285,283,291
"During scheduled trip",2,81,79,291
"During scheduled trip",2,250,248,291
"During scheduled trip",2,421,419,291
"During scheduled trip",2,25269,25267,291
"During scheduled trip",2,25345,25343,291
"During scheduled trip",2,423,421,291
"During scheduled trip",2,11431,11429,291
"During scheduled trip",2,380,378,291
"During scheduled trip",2,5,3,291
"During scheduled trip",2,235,233,291
"During scheduled trip",2,160,158,291
"During scheduled trip",2,273,271,291
"During scheduled trip",2,890,888,291
"During scheduled trip",2,556,554,291
"During scheduled trip",2,260,258,291
"During scheduled trip",2,68,66,291
"During scheduled trip",2,650,648,291
"During scheduled trip",2,-3,-5,291
"During scheduled trip",2,25281,25279,291
"During scheduled trip",2,56,54,291
"During scheduled trip",2,159,157,291
"During scheduled trip",2,343,341,291
"During scheduled trip",2,562,560,291
"During scheduled trip",2,26,24,291
"During scheduled trip",2,490,488,291
"During scheduled trip",2,222,220,291
"During scheduled trip",2,527,525,291
"During scheduled trip",2,463,461,291
"During scheduled trip",2,293,291,291
"During scheduled trip",2,137,135,291
"During scheduled trip",2,1111,1109,291
"During scheduled trip",2,251,249,291
"During scheduled trip",2,386,384,291
"During scheduled trip",2,312,310,291
"During scheduled trip",2,-12,-14,291
"During scheduled trip",2,170,168,291
"During scheduled trip",2,121,119,291
"During scheduled trip",2,244,242,291
"During scheduled trip",2,11831,11829,291
"During scheduled trip",2,-13,-15,291
"During scheduled trip",2,388,386,291
"During scheduled trip",2,25264,25262,291
"During scheduled trip",2,544,542,291
"During scheduled trip",2,441,439,291
"During scheduled trip",2,89,87,291
"During scheduled trip",2,367,365,291
"During scheduled trip",2,179,177,291
"During scheduled trip",2,226,224,291
"During scheduled trip",2,150,148,291
"During scheduled trip",2,127,125,291
"During scheduled trip",2,499,497,291
"During scheduled trip",2,321,319,291
"During scheduled trip",2,158,156,291
"During scheduled trip",2,25257,25255,291
"During scheduled trip",2,13,11,291
"During scheduled trip",2,25363,25361,291
"During scheduled trip",2,477,475,291
"During scheduled trip",2,4,2,291
"During scheduled trip",2,402,400,291
"During scheduled trip",2,216,214,291
"During scheduled trip",2,209,207,291
"During scheduled trip",2,11411,11409,291
"During scheduled trip",2,710,708,291
"During scheduled trip",2,7991,7989,291
"During scheduled trip",2,1311,1309,291
"During scheduled trip",2,548,546,291
"During scheduled trip",2,31,29,291
"During scheduled trip",2,25377,25375,291
"During scheduled trip",2,154,152,291
"During scheduled trip",2,300,298,291
"During scheduled trip",2,581,579,291
"During scheduled trip",2,275,273,291
"During scheduled trip",2,568,566,291
"During scheduled trip",2,243,241,291
"During scheduled trip",2,408,406,291
"During scheduled trip",2,403,401,291
"During scheduled trip",2,330,328,291
"During scheduled trip",2,583,581,291
"During scheduled trip",2,11,9,291
"During scheduled trip",2,182,180,291
"During scheduled trip",2,368,366,291
"During scheduled trip",2,225,223,291
"During scheduled trip",2,586,584,291
"During scheduled trip",2,136,134,291
"During scheduled trip",2,498,496,291
"During scheduled trip",2,377,375,291
"During scheduled trip",2,11771,11769,291
"During scheduled trip",2,522,520,291
"During scheduled trip",2,605,603,291
"During scheduled trip",2,24,22,291
"During scheduled trip",2,25461,25459,291
"During scheduled trip",2,574,572,291
"During scheduled trip",2,193,191,291
"During scheduled trip",2,17,15,291
"During scheduled trip",2,440,438,291
"During scheduled trip",2,50,48,291
"During scheduled trip",2,111,109,291
"During scheduled trip",2,110,108,291
"During scheduled trip",2,77,75,291
"During scheduled trip",2,295,293,291
"During scheduled trip",2,384,382,291
"During scheduled trip",2,7891,7889,291
"During scheduled trip",2,25312,25310,291
"During scheduled trip",2,38,36,291
"During scheduled trip",2,248,246,291
"During scheduled trip",2,25308,25306,291
"During scheduled trip",2,25365,25363,291
"During scheduled trip",2,25433,25431,291
"During scheduled trip",2,80,78,291
"During scheduled trip",2,11471,11469,291
"During scheduled trip",2,11731,11729,291
"During scheduled trip",2,60,58,291
"During scheduled trip",2,278,276,291
"During scheduled trip",2,436,434,291
"During scheduled trip",2,25255,25253,291
"During scheduled trip",2,14,12,291
"During scheduled trip",2,578,576,291
"During scheduled trip",2,328,326,291
"During scheduled trip",2,1345,1343,291
"During scheduled trip",2,515,513,291
"During scheduled trip",2,393,391,291
"During scheduled trip",2,600,598,291
"During scheduled trip",2,332,330,291
"During scheduled trip",2,369,367,291
"During scheduled trip",2,11491,11489,291
"During scheduled trip",2,11691,11689,291
"During scheduled trip",2,470,468,291
"During scheduled trip",2,347,345,291
"During scheduled trip",2,468,466,291
"During scheduled trip",2,25314,25312,291
"During scheduled trip",2,180,178,291
"During scheduled trip",2,25326,25324,291
"During scheduled trip",2,30,28,291
"During scheduled trip",2,564,562,291
"During scheduled trip",2,8211,8209,291
"During scheduled trip",2,464,462,291
"During scheduled trip",2,-7,-9,291
"During scheduled trip",2,122,120,291
"During scheduled trip",2,7731,7729,291
"During scheduled trip",2,324,322,291
"During scheduled trip",2,475,473,291
"During scheduled trip",2,382,380,291
"During scheduled trip",2,346,344,291
"During scheduled trip",2,344,342,291
"During scheduled trip",2,428,426,291
"During scheduled trip",2,482,480,291
"During scheduled trip",2,25432,25430,291
"During scheduled trip",2,296,294,291
"During scheduled trip",2,64,62,291
"During scheduled trip",2,7951,7949,291
"During scheduled trip",2,589,587,291
"During scheduled trip",2,25271,25269,291
"During scheduled trip",2,11571,11569,291
"During scheduled trip",2,25301,25299,291
"During scheduled trip",2,25276,25274,291
"During scheduled trip",2,534,532,291
"During scheduled trip",2,79,77,291
"During scheduled trip",2,191,189,291
"During scheduled trip",2,258,256,291
"During scheduled trip",2,485,483,291
"During scheduled trip",2,509,507,291
"During scheduled trip",2,283,281,291
"During scheduled trip",2,342,340,291
"During scheduled trip",2,572,570,291
"During scheduled trip",2,175,173,291
"During scheduled trip",2,526,524,291
"During scheduled trip",2,435,433,291
"During scheduled trip",2,467,465,291
"During scheduled trip",2,594,592,291
"During scheduled trip",2,45,43,291
"During scheduled trip",2,53,51,291
"During scheduled trip",2,95,93,291
"During scheduled trip",2,25441,25439,291
"During scheduled trip",2,155,153,291
"During scheduled trip",2,357,355,291
"During scheduled trip",2,1191,1189,291
"During scheduled trip",2,133,131,291
"During scheduled trip",2,157,155,291
"During scheduled trip",2,488,486,291
"During scheduled trip",2,55,53,291
"During scheduled trip",2,116,114,291
"During scheduled trip",2,173,171,291
"During scheduled trip",2,151,149,291
"During scheduled trip",2,25333,25331,291
"During scheduled trip",2,25392,25390,291
"During scheduled trip",2,559,557,291
"During scheduled trip",2,504,502,291
"During scheduled trip",2,25304,25302,291
"During scheduled trip",2,364,362,291
"During scheduled trip",2,577,575,291
"During scheduled trip",2,446,444,291
"During scheduled trip",2,265,263,291
"During scheduled trip",2,309,307,291
"During scheduled trip",2,329,327,291
"During scheduled trip",2,240,238,291
"During scheduled trip",2,25300,25298,291
"During scheduled trip",2,106,104,291
"During scheduled trip",2,350,348,291
"During scheduled trip",2,-8,-10,291
"During scheduled trip",2,25437,25435,291
"During scheduled trip",2,554,552,291
"During scheduled trip",2,12,10,291
"During scheduled trip",2,297,295,291
"During scheduled trip",2,339,337,291
"During scheduled trip",2,392,390,291
"During scheduled trip",2,44,42,291
"During scheduled trip",2,412,410,291
"During scheduled trip",2,27,25,291
"During scheduled trip",2,529,527,291
"During scheduled trip",2,582,580,291
"During scheduled trip",2,541,539,291
"During scheduled trip",2,188,186,291
"During scheduled trip",2,536,534,291
"During scheduled trip",2,52,50,291
"During scheduled trip",2,311,309,291
"During scheduled trip",2,156,154,291
"During scheduled trip",2,99,97,291
"During scheduled trip",2,236,234,291
"During scheduled trip",2,512,510,291
"During scheduled trip",2,8071,8069,291
"During scheduled trip",2,229,227,291
"During scheduled trip",2,25393,25391,291
"During scheduled trip",2,313,311,291
"During scheduled trip",2,25368,25366,291
"During scheduled trip",2,224,222,291
"During scheduled trip",2,372,370,291
"During scheduled trip",2,126,124,291
"During scheduled trip",2,-11,-13,291
"During scheduled trip",2,11511,11509,291
"During scheduled trip",2,25405,25403,291
"During scheduled trip",2,448,446,291
"During scheduled trip",2,431,429,291
"During scheduled trip",2,8251,8249,291
"During scheduled trip",2,25390,25388,291
"During scheduled trip",2,303,301,291
"During scheduled trip",2,73,71,291
"During scheduled trip",2,214,212,291
"During scheduled trip",2,497,495,291
"During scheduled trip",2,259,257,291
"During scheduled trip",2,25307,25305,291
"During scheduled trip",2,8091,8089,291
"During scheduled trip",2,196,194,291
"During scheduled trip",2,1197,1195,291
"During scheduled trip",2,375,373,291
"During scheduled trip",2,1011,1009,291
"During scheduled trip",2,25270,25268,291
"During scheduled trip",2,-10,-12,291
"During scheduled trip",2,365,363,291
"During scheduled trip",2,119,117,291
"During scheduled trip",2,167,165,291
"During scheduled trip",2,460,458,291
"During scheduled trip",2,28,26,291
"During scheduled trip",2,96,94,291
"During scheduled trip",2,316,314,291
"During scheduled trip",2,454,452,291
"During scheduled trip",2,20,18,291
"During scheduled trip",2,262,260,291
"During scheduled trip",2,292,290,291
"During scheduled trip",2,552,550,291
"During scheduled trip",2,447,445,291
"During scheduled trip",2,10,8,291
"During scheduled trip",2,19,17,291
"During scheduled trip",2,148,146,291
"During scheduled trip",2,25302,25300,291
"During scheduled trip",2,492,490,291
"During scheduled trip",2,97,95,291
"During scheduled trip",2,360,358,291
"During scheduled trip",2,7751,7749,291
"During scheduled trip",2,415,413,291
"During scheduled trip",2,567,565,291
"During scheduled trip",2,128,126,291
"During scheduled trip",2,11631,11629,291
"During scheduled trip",2,472,470,291
"During scheduled trip",2,301,299,291
"During scheduled trip",2,198,196,291
"During scheduled trip",2,221,219,291
"During scheduled trip",2,1037,1035,291
"During scheduled trip",2,8111,8109,291
"During scheduled trip",2,11651,11649,291
"During scheduled trip",2,201,199,291
"During scheduled trip",2,147,145,291
"During scheduled trip",2,25381,25379,291
"During scheduled trip",2,348,346,291
"During scheduled trip",2,376,374,291
"During scheduled trip",2,547,545,291
"During scheduled trip",2,220,218,291
"During scheduled trip",2,112,110,291
"During scheduled trip",2,11331,11329,291
"During scheduled trip",2,219,217,291
"During scheduled trip",2,102,100,291
"During scheduled trip",2,8191,8189,291
"During scheduled trip",2,279,277,291
"During scheduled trip",2,496,494,291
"During scheduled trip",2,84,82,291
"During scheduled trip",2,152,150,291
"During scheduled trip",2,493,491,291
"During scheduled trip",2,326,324,291
"During scheduled trip",2,411,409,291
"During scheduled trip",2,23,21,291
"During scheduled trip",2,378,376,291
"During scheduled trip",2,25373,25371,291
"During scheduled trip",2,585,583,291
"During scheduled trip",2,138,136,291
"During scheduled trip",2,399,397,291
"During scheduled trip",2,391,389,291
"During scheduled trip",2,41,39,291
"During scheduled trip",2,291,289,291
"During scheduled trip",2,366,364,291
"During scheduled trip",2,232,230,291
"During scheduled trip",2,333,331,291
"During scheduled trip",2,145,143,291
"During scheduled trip",2,282,280,291
"During scheduled trip",2,-14,-16,291
"During scheduled trip",2,442,440,291
"During scheduled trip",2,223,221,291
"During scheduled trip",2,227,225,291
"During scheduled trip",2,125,123,291
"During scheduled trip",2,469,467,291
"During scheduled trip",2,140,138,291
"During scheduled trip",2,481,479,291
"During scheduled trip",2,510,508,291
"During scheduled trip",2,249,247,291
"During scheduled trip",2,7791,7789,291
"During scheduled trip",2,409,407,291
"During scheduled trip",2,18,16,291
"During scheduled trip",2,349,347,291
"During scheduled trip",2,540,538,291
"During scheduled trip",2,54,52,291
"During scheduled trip",2,449,447,291
"During scheduled trip",2,601,599,291
"During scheduled trip",2,770,768,291
"During scheduled trip",2,115,113,291
"During scheduled trip",2,354,352,291
"During scheduled trip",2,25349,25347,291
"During scheduled trip",2,255,253,291
"During scheduled trip",2,-6,-8,291
"During scheduled trip",2,438,436,291
"During scheduled trip",2,21,19,291
"During scheduled trip",2,233,231,291
"During scheduled trip",2,25283,25281,291
"During scheduled trip",2,486,484,291
"During scheduled trip",2,131,129,291
"During scheduled trip",2,25327,25325,291
"During scheduled trip",2,174,172,291
"During scheduled trip",2,88,86,291
"During scheduled trip",2,25256,25254,291
"During scheduled trip",2,539,537,291
"During scheduled trip",2,837,835,291
"During scheduled trip",2,270,268,291
"During scheduled trip",2,532,530,291
"During scheduled trip",2,263,261,291
"During scheduled trip",2,213,211,291
"During scheduled trip",2,579,577,291
"During scheduled trip",2,420,418,291
"During scheduled trip",2,65,63,291
"During scheduled trip",2,200,198,291
"During scheduled trip",2,340,338,291
"During scheduled trip",2,518,516,291
"During scheduled trip",2,176,174,291
"During scheduled trip",2,437,435,291
"During scheduled trip",2,359,357,291
"During scheduled trip",2,1305,1303,291
"During scheduled trip",2,520,518,291
"During scheduled trip",2,8031,8029,291
"During scheduled trip",2,11751,11749,291
"During scheduled trip",2,413,411,291
"During scheduled trip",2,570,568,291
"During scheduled trip",2,237,235,291
"During scheduled trip",2,385,383,291
"During scheduled trip",2,11451,11449,291
"During scheduled trip",2,92,90,291
"During scheduled trip",2,501,499,291
"During scheduled trip",2,271,269,291
"During scheduled trip",2,334,332,291
"During scheduled trip",2,25425,25423,291
"During scheduled trip",2,284,282,291
"During scheduled trip",2,7711,7709,291
"During scheduled trip",2,208,206,291
"During scheduled trip",2,25440,25438,291
"During scheduled trip",2,546,544,291
"During scheduled trip",2,355,353,291
"During scheduled trip",2,516,514,291
"During scheduled trip",2,15,13,291
"During scheduled trip",2,78,76,291
"During scheduled trip",2,11391,11389,291
"During scheduled trip",2,183,181,291
"During scheduled trip",2,383,381,291
"During scheduled trip",2,190,188,291
"During scheduled trip",2,459,457,291
"During scheduled trip",2,91,89,291
"During scheduled trip",2,314,312,291
"During scheduled trip",2,325,323,291
"During scheduled trip",2,830,828,291
"During scheduled trip",2,573,571,291
"During scheduled trip",2,397,395,291
"During scheduled trip",2,443,441,291
"During scheduled trip",2,398,396,291
"During scheduled trip",2,254,252,291
"During scheduled trip",2,451,449,291
"During scheduled trip",2,419,417,291
"During scheduled trip",2,-4,-6,291
"During scheduled trip",2,25375,25373,291
"During scheduled trip",2,557,555,291
"During scheduled trip",2,387,385,291
"During scheduled trip",2,1117,1115,291
"During scheduled trip",2,563,561,291
"During scheduled trip",2,57,55,291
"During scheduled trip",2,8151,8149,291
"During scheduled trip",2,162,160,291
"During scheduled trip",2,141,139,291
"During scheduled trip",2,474,472,291
"During scheduled trip",2,417,415,291
"During scheduled trip",2,43,41,291
"During scheduled trip",2,634,632,291
"During scheduled trip",2,553,551,291
"During scheduled trip",2,484,482,291
"During scheduled trip",2,305,303,291
"During scheduled trip",2,247,245,291
"During scheduled trip",2,25384,25382,291
"During scheduled trip",2,7811,7809,291
"During scheduled trip",2,538,536,291
"During scheduled trip",2,25419,25417,291
"During scheduled trip",2,517,515,291
"During scheduled trip",2,592,590,291
"During scheduled trip",2,1031,1029,291
"During scheduled trip",2,439,437,291
"During scheduled trip",2,9,7,291
"During scheduled trip",2,591,589,291
"During scheduled trip",2,25407,25405,291
"During scheduled trip",2,400,398,291
"During scheduled trip",2,85,83,291
"During scheduled trip",2,1291,1289,291
"During scheduled trip",2,404,402,291
"During scheduled trip",2,25,23,291
"During scheduled trip",2,98,96,291
"During scheduled trip",2,433,431,291
"During scheduled trip",2,1317,1315,291
"During scheduled trip",2,535,533,291
"During scheduled trip",2,452,450,291
"During scheduled trip",2,105,103,291
"During scheduled trip",2,1297,1295,291
"During scheduled trip",2,194,192,291
"During scheduled trip",2,1211,1209,291
"During scheduled trip",2,338,336,291
"During scheduled trip",2,246,244,291
"During scheduled trip",2,32,30,291
"During scheduled trip",2,169,167,291
"During scheduled trip",2,1057,1055,291
"During scheduled trip",2,25261,25259,291
"During scheduled trip",2,363,361,291
"During scheduled trip",2,7971,7969,291
"During scheduled trip",2,132,130,291
"During scheduled trip",2,25360,25358,291
"During scheduled trip",2,528,526,291
"During scheduled trip",2,212,210,291
"During scheduled trip",2,11671,11669,291
"During scheduled trip",2,257,255,291
"During scheduled trip",2,29,27,291
"During scheduled trip",2,46,44,291
"During scheduled trip",2,319,317,291
"During scheduled trip",2,506,504,291
"During scheduled trip",2,318,316,291
"During scheduled trip",2,331,329,291
"During scheduled trip",2,181,179,291
"During scheduled trip",2,478,476,291
"During scheduled trip",2,280,278,291
"During scheduled trip",2,268,266,291
"During scheduled trip",2,584,582,291
"During scheduled trip",2,16,14,291
"During scheduled trip",2,25272,25270,291
"During scheduled trip",2,104,102,291
"During scheduled trip",2,302,300,291
"During scheduled trip",2,90,88,291
"During scheduled trip",2,11531,11529,291
"During scheduled trip",2,25357,25355,291
"During scheduled trip",2,165,163,291
"During scheduled trip",2,197,195,291
"During scheduled trip",2,107,105,291
"During scheduled trip",2,118,116,291
"During scheduled trip",2,25309,25307,291
"During scheduled trip",2,416,414,291
"During scheduled trip",2,549,547,291
"During scheduled trip",2,287,285,291
"During scheduled trip",2,307,305,291
"During scheduled trip",2,25361,25359,291
"During scheduled trip",2,425,423,291
"During scheduled trip",2,34,32,291
"During scheduled trip",2,47,45,291
"During scheduled trip",2,177,175,291
"During scheduled trip",2,407,405,291
"During scheduled trip",2,134,132,291
"During scheduled trip",2,192,190,291
"During scheduled trip",2,135,133,291
"During scheduled trip",2,286,284,291
"During scheduled trip",2,228,226,291
"During scheduled trip",2,241,239,291
"During scheduled trip",2,204,202,291
"During scheduled trip",2,187,185,291
"During scheduled trip",2,494,492,291
"During scheduled trip",2,320,318,291
"During scheduled trip",2,-9,-11,291
"During scheduled trip",2,430,428,291
"During scheduled trip",2,1217,1215,291
"During scheduled trip",2,25329,25327,291
"During scheduled trip",2,74,72,291
"During scheduled trip",2,25398,25396,291
"During scheduled trip",2,503,501,291
"During scheduled trip",2,130,128,291
"During scheduled trip",2,25385,25383,291
"During scheduled trip",2,217,215,291
"During scheduled trip",2,426,424,291
"During scheduled trip",2,456,454,291
"During scheduled trip",2,186,184,291
"During scheduled trip",2,143,141,291
"During scheduled trip",2,370,368,291
"During scheduled trip",2,83,81,291
"During scheduled trip",2,351,349,291
"During scheduled trip",2,202,200,291
"During scheduled trip",2,371,369,291
"During scheduled trip",2,25268,25266,291
"During scheduled trip",2,461,459,291
"During scheduled trip",2,11591,11589,291
"During scheduled trip",2,445,443,291
"During scheduled trip",2,25313,25311,291
"During scheduled trip",2,521,519,291
"During scheduled trip",2,288,286,291
"During scheduled trip",2,199,197,291
"During scheduled trip",2,418,416,291
"During scheduled trip",2,70,68,291
"During scheduled trip",2,166,164,291
"During scheduled trip",2,61,59,291
"During scheduled trip",2,514,512,291
"During scheduled trip",2,519,517,291
"During scheduled trip",2,566,564,291
"Post scheduled trip end time",2,27,25,4020.5
"Post scheduled trip end time",2,59,57,4020.5
"Post scheduled trip end time",2,367,365,4020.5
"Post scheduled trip end time",2,185,183,4020.5
"Post scheduled trip end time",2,476,474,4020.5
"Post scheduled trip end time",2,1494,1492,4020.5
"Post scheduled trip end time",2,262,260,4020.5
"Post scheduled trip end time",2,41,39,4020.5
"Post scheduled trip end time",2,324,322,4020.5
"Post scheduled trip end time",2,209,207,4020.5
"Post scheduled trip end time",2,247,245,4020.5
"Post scheduled trip end time",2,358,356,4020.5
"Post scheduled trip end time",2,64,62,4020.5
"Post scheduled trip end time",2,28,26,4020.5
"Post scheduled trip end time",2,240,238,4020.5
"Post scheduled trip end time",2,125,123,4020.5
"Post scheduled trip end time",2,318,316,4020.5
"Post scheduled trip end time",2,330,328,4020.5
"Post scheduled trip end time",2,155,153,4020.5
"Post scheduled trip end time",2,489,487,4020.5
"Post scheduled trip end time",2,394,392,4020.5
"Post scheduled trip end time",2,1637,1635,4020.5
"Post scheduled trip end time",2,882,880,4020.5
"Post scheduled trip end time",2,71,69,4020.5
"Post scheduled trip end time",2,-7,-9,4020.5
"Post scheduled trip end time",2,1550,1548,4020.5
"Post scheduled trip end time",2,52,50,4020.5
"Post scheduled trip end time",2,1474,1472,4020.5
"Post scheduled trip end time",2,517,515,4020.5
"Post scheduled trip end time",2,132,130,4020.5
"Post scheduled trip end time",2,44,42,4020.5
"Post scheduled trip end time",2,294,292,4020.5
"Post scheduled trip end time",2,238,236,4020.5
"Post scheduled trip end time",2,310,308,4020.5
"Post scheduled trip end time",2,355,353,4020.5
"Post scheduled trip end time",2,291,289,4020.5
"Post scheduled trip end time",2,120,118,4020.5
"Post scheduled trip end time",2,662,660,4020.5
"Post scheduled trip end time",2,-3,-5,4020.5
"Post scheduled trip end time",2,326,324,4020.5
"Post scheduled trip end time",2,366,364,4020.5
"Post scheduled trip end time",2,567,565,4020.5
"Post scheduled trip end time",2,274,272,4020.5
"Post scheduled trip end time",2,109,107,4020.5
"Post scheduled trip end time",2,160,158,4020.5
"Post scheduled trip end time",2,126,124,4020.5
"Post scheduled trip end time",2,470,468,4020.5
"Post scheduled trip end time",2,169,167,4020.5
"Post scheduled trip end time",2,206,204,4020.5
"Post scheduled trip end time",2,95,93,4020.5
"Post scheduled trip end time",2,541,539,4020.5
"Post scheduled trip end time",2,418,416,4020.5
"Post scheduled trip end time",2,349,347,4020.5
"Post scheduled trip end time",2,1730,1728,4020.5
"Post scheduled trip end time",2,387,385,4020.5
"Post scheduled trip end time",2,239,237,4020.5
"Post scheduled trip end time",2,321,319,4020.5
"Post scheduled trip end time",2,1331,1329,4020.5
"Post scheduled trip end time",2,650,648,4020.5
"Post scheduled trip end time",2,579,577,4020.5
"Post scheduled trip end time",2,289,287,4020.5
"Post scheduled trip end time",2,47,45,4020.5
"Post scheduled trip end time",2,835,833,4020.5
"Post scheduled trip end time",2,340,338,4020.5
"Post scheduled trip end time",2,572,570,4020.5
"Post scheduled trip end time",2,351,349,4020.5
"Post scheduled trip end time",2,520,518,4020.5
"Post scheduled trip end time",2,1631,1629,4020.5
"Post scheduled trip end time",2,1002,1000,4020.5
"Post scheduled trip end time",2,481,479,4020.5
"Post scheduled trip end time",2,102,100,4020.5
"Post scheduled trip end time",2,410,408,4020.5
"Post scheduled trip end time",2,634,632,4020.5
"Post scheduled trip end time",2,118,116,4020.5
"Post scheduled trip end time",2,678,676,4020.5
"Post scheduled trip end time",2,570,568,4020.5
"Post scheduled trip end time",2,654,652,4020.5
"Post scheduled trip end time",2,24520,24518,4020.5
"Post scheduled trip end time",2,510,508,4020.5
"Post scheduled trip end time",2,655,653,4020.5
"Post scheduled trip end time",2,329,327,4020.5
"Post scheduled trip end time",2,269,267,4020.5
"Post scheduled trip end time",2,391,389,4020.5
"Post scheduled trip end time",2,383,381,4020.5
"Post scheduled trip end time",2,375,373,4020.5
"Post scheduled trip end time",2,16,14,4020.5
"Post scheduled trip end time",2,1070,1068,4020.5
"Post scheduled trip end time",2,532,530,4020.5
"Post scheduled trip end time",2,511,509,4020.5
"Post scheduled trip end time",2,1470,1468,4020.5
"Post scheduled trip end time",2,123,121,4020.5
"Post scheduled trip end time",2,533,531,4020.5
"Post scheduled trip end time",2,615,613,4020.5
"Post scheduled trip end time",2,25,23,4020.5
"Post scheduled trip end time",2,70,68,4020.5
"Post scheduled trip end time",2,336,334,4020.5
"Post scheduled trip end time",2,21,19,4020.5
"Post scheduled trip end time",2,728,726,4020.5
"Post scheduled trip end time",2,154,152,4020.5
"Post scheduled trip end time",2,173,171,4020.5
"Post scheduled trip end time",2,53,51,4020.5
"Post scheduled trip end time",2,591,589,4020.5
"Post scheduled trip end time",2,1610,1608,4020.5
"Post scheduled trip end time",2,536,534,4020.5
"Post scheduled trip end time",2,48,46,4020.5
"Post scheduled trip end time",2,254,252,4020.5
"Post scheduled trip end time",2,14,12,4020.5
"Post scheduled trip end time",2,1475,1473,4020.5
"Post scheduled trip end time",2,722,720,4020.5
"Post scheduled trip end time",2,158,156,4020.5
"Post scheduled trip end time",2,159,157,4020.5
"Post scheduled trip end time",2,312,310,4020.5
"Post scheduled trip end time",2,408,406,4020.5
"Post scheduled trip end time",2,590,588,4020.5
"Post scheduled trip end time",2,24640,24638,4020.5
"Post scheduled trip end time",2,580,578,4020.5
"Post scheduled trip end time",2,161,159,4020.5
"Post scheduled trip end time",2,822,820,4020.5
"Post scheduled trip end time",2,138,136,4020.5
"Post scheduled trip end time",2,587,585,4020.5
"Post scheduled trip end time",2,848,846,4020.5
"Post scheduled trip end time",2,392,390,4020.5
"Post scheduled trip end time",2,426,424,4020.5
"Post scheduled trip end time",2,610,608,4020.5
"Post scheduled trip end time",2,396,394,4020.5
"Post scheduled trip end time",2,894,892,4020.5
"Post scheduled trip end time",2,425,423,4020.5
"Post scheduled trip end time",2,1574,1572,4020.5
"Post scheduled trip end time",2,179,177,4020.5
"Post scheduled trip end time",2,105,103,4020.5
"Post scheduled trip end time",2,25250,25248,4020.5
"Post scheduled trip end time",2,544,542,4020.5
"Post scheduled trip end time",2,129,127,4020.5
"Post scheduled trip end time",2,808,806,4020.5
"Post scheduled trip end time",2,24580,24578,4020.5
"Post scheduled trip end time",2,530,528,4020.5
"Post scheduled trip end time",2,9,7,4020.5
"Post scheduled trip end time",2,4,2,4020.5
"Post scheduled trip end time",2,1715,1713,4020.5
"Post scheduled trip end time",2,221,219,4020.5
"Post scheduled trip end time",2,514,512,4020.5
"Post scheduled trip end time",2,50,48,4020.5
"Post scheduled trip end time",2,815,813,4020.5
"Post scheduled trip end time",2,286,284,4020.5
"Post scheduled trip end time",2,6,4,4020.5
"Post scheduled trip end time",2,714,712,4020.5
"Post scheduled trip end time",2,1234,1232,4020.5
"Post scheduled trip end time",2,280,278,4020.5
"Post scheduled trip end time",2,1588,1586,4020.5
"Post scheduled trip end time",2,1735,1733,4020.5
"Post scheduled trip end time",2,36,34,4020.5
"Post scheduled trip end time",2,421,419,4020.5
"Post scheduled trip end time",2,1538,1536,4020.5
"Post scheduled trip end time",2,307,305,4020.5
"Post scheduled trip end time",2,522,520,4020.5
"Post scheduled trip end time",2,244,242,4020.5
"Post scheduled trip end time",2,1275,1273,4020.5
"Post scheduled trip end time",2,382,380,4020.5
"Post scheduled trip end time",2,1034,1032,4020.5
"Post scheduled trip end time",2,200,198,4020.5
"Post scheduled trip end time",2,81,79,4020.5
"Post scheduled trip end time",2,450,448,4020.5
"Post scheduled trip end time",2,915,913,4020.5
"Post scheduled trip end time",2,45,43,4020.5
"Post scheduled trip end time",2,263,261,4020.5
"Post scheduled trip end time",2,251,249,4020.5
"Post scheduled trip end time",2,1054,1052,4020.5
"Post scheduled trip end time",2,345,343,4020.5
"Post scheduled trip end time",2,905,903,4020.5
"Post scheduled trip end time",2,63,61,4020.5
"Post scheduled trip end time",2,272,270,4020.5
"Post scheduled trip end time",2,0,-2,4020.5
"Post scheduled trip end time",2,275,273,4020.5
"Post scheduled trip end time",2,213,211,4020.5
"Post scheduled trip end time",2,692,690,4020.5
"Post scheduled trip end time",2,1312,1310,4020.5
"Post scheduled trip end time",2,73,71,4020.5
"Post scheduled trip end time",2,248,246,4020.5
"Post scheduled trip end time",2,1372,1370,4020.5
"Post scheduled trip end time",2,360,358,4020.5
"Post scheduled trip end time",2,437,435,4020.5
"Post scheduled trip end time",2,772,770,4020.5
"Post scheduled trip end time",2,378,376,4020.5
"Post scheduled trip end time",2,1426,1424,4020.5
"Post scheduled trip end time",2,474,472,4020.5
"Post scheduled trip end time",2,119,117,4020.5
"Post scheduled trip end time",2,494,492,4020.5
"Post scheduled trip end time",2,539,537,4020.5
"Post scheduled trip end time",2,108,106,4020.5
"Post scheduled trip end time",2,313,311,4020.5
"Post scheduled trip end time",2,500,498,4020.5
"Post scheduled trip end time",2,463,461,4020.5
"Post scheduled trip end time",2,376,374,4020.5
"Post scheduled trip end time",2,546,544,4020.5
"Post scheduled trip end time",2,356,354,4020.5
"Post scheduled trip end time",2,93,91,4020.5
"Post scheduled trip end time",2,79,77,4020.5
"Post scheduled trip end time",2,589,587,4020.5
"Post scheduled trip end time",2,113,111,4020.5
"Post scheduled trip end time",2,26,24,4020.5
"Post scheduled trip end time",2,78,76,4020.5
"Post scheduled trip end time",2,1315,1313,4020.5
"Post scheduled trip end time",2,506,504,4020.5
"Post scheduled trip end time",2,473,471,4020.5
"Post scheduled trip end time",2,492,490,4020.5
"Post scheduled trip end time",2,952,950,4020.5
"Post scheduled trip end time",2,958,956,4020.5
"Post scheduled trip end time",2,1190,1188,4020.5
"Post scheduled trip end time",2,69,67,4020.5
"Post scheduled trip end time",2,86,84,4020.5
"Post scheduled trip end time",2,1310,1308,4020.5
"Post scheduled trip end time",2,491,489,4020.5
"Post scheduled trip end time",2,694,692,4020.5
"Post scheduled trip end time",2,338,336,4020.5
"Post scheduled trip end time",2,1534,1532,4020.5
"Post scheduled trip end time",2,965,963,4020.5
"Post scheduled trip end time",2,277,275,4020.5
"Post scheduled trip end time",2,559,557,4020.5
"Post scheduled trip end time",2,1194,1192,4020.5
"Post scheduled trip end time",2,115,113,4020.5
"Post scheduled trip end time",2,561,559,4020.5
"Post scheduled trip end time",2,80,78,4020.5
"Post scheduled trip end time",2,135,133,4020.5
"Post scheduled trip end time",2,935,933,4020.5
"Post scheduled trip end time",2,1515,1513,4020.5
"Post scheduled trip end time",2,1612,1610,4020.5
"Post scheduled trip end time",2,216,214,4020.5
"Post scheduled trip end time",2,-6,-8,4020.5
"Post scheduled trip end time",2,608,606,4020.5
"Post scheduled trip end time",2,68,66,4020.5
"Post scheduled trip end time",2,122,120,4020.5
"Post scheduled trip end time",2,54,52,4020.5
"Post scheduled trip end time",2,726,724,4020.5
"Post scheduled trip end time",2,1728,1726,4020.5
"Post scheduled trip end time",2,576,574,4020.5
"Post scheduled trip end time",2,460,458,4020.5
"Post scheduled trip end time",2,233,231,4020.5
"Post scheduled trip end time",2,174,172,4020.5
"Post scheduled trip end time",2,1608,1606,4020.5
"Post scheduled trip end time",2,543,541,4020.5
"Post scheduled trip end time",2,212,210,4020.5
"Post scheduled trip end time",2,379,377,4020.5
"Post scheduled trip end time",2,323,321,4020.5
"Post scheduled trip end time",2,12,10,4020.5
"Post scheduled trip end time",2,377,375,4020.5
"Post scheduled trip end time",2,484,482,4020.5
"Post scheduled trip end time",2,498,496,4020.5
"Post scheduled trip end time",2,427,425,4020.5
"Post scheduled trip end time",2,230,228,4020.5
"Post scheduled trip end time",2,635,633,4020.5
"Post scheduled trip end time",2,1354,1352,4020.5
"Post scheduled trip end time",2,82,80,4020.5
"Post scheduled trip end time",2,595,593,4020.5
"Post scheduled trip end time",2,1428,1426,4020.5
"Post scheduled trip end time",2,180,178,4020.5
"Post scheduled trip end time",2,267,265,4020.5
"Post scheduled trip end time",2,335,333,4020.5
"Post scheduled trip end time",2,1751,1749,4020.5
"Post scheduled trip end time",2,794,792,4020.5
"Post scheduled trip end time",2,994,992,4020.5
"Post scheduled trip end time",2,343,341,4020.5
"Post scheduled trip end time",2,642,640,4020.5
"Post scheduled trip end time",2,24540,24538,4020.5
"Post scheduled trip end time",2,1288,1286,4020.5
"Post scheduled trip end time",2,374,372,4020.5
"Post scheduled trip end time",2,30,28,4020.5
"Post scheduled trip end time",2,157,155,4020.5
"Post scheduled trip end time",2,177,175,4020.5
"Post scheduled trip end time",2,1430,1428,4020.5
"Post scheduled trip end time",2,19,17,4020.5
"Post scheduled trip end time",2,42,40,4020.5
"Post scheduled trip end time",2,299,297,4020.5
"Post scheduled trip end time",2,527,525,4020.5
"Post scheduled trip end time",2,674,672,4020.5
"Post scheduled trip end time",2,145,143,4020.5
"Post scheduled trip end time",2,1114,1112,4020.5
"Post scheduled trip end time",2,385,383,4020.5
"Post scheduled trip end time",2,393,391,4020.5
"Post scheduled trip end time",2,1012,1010,4020.5
"Post scheduled trip end time",2,220,218,4020.5
"Post scheduled trip end time",2,386,384,4020.5
"Post scheduled trip end time",2,5,3,4020.5
"Post scheduled trip end time",2,24560,24558,4020.5
"Post scheduled trip end time",2,435,433,4020.5
"Post scheduled trip end time",2,201,199,4020.5
"Post scheduled trip end time",2,22,20,4020.5
"Post scheduled trip end time",2,792,790,4020.5
"Post scheduled trip end time",2,89,87,4020.5
"Post scheduled trip end time",2,164,162,4020.5
"Post scheduled trip end time",2,790,788,4020.5
"Post scheduled trip end time",2,771,769,4020.5
"Post scheduled trip end time",2,17,15,4020.5
"Post scheduled trip end time",2,1370,1368,4020.5
"Post scheduled trip end time",2,443,441,4020.5
"Post scheduled trip end time",2,-9,-11,4020.5
"Post scheduled trip end time",2,469,467,4020.5
"Post scheduled trip end time",2,181,179,4020.5
"Post scheduled trip end time",2,56,54,4020.5
"Post scheduled trip end time",2,309,307,4020.5
"Post scheduled trip end time",2,592,590,4020.5
"Post scheduled trip end time",2,885,883,4020.5
"Post scheduled trip end time",2,552,550,4020.5
"Post scheduled trip end time",2,596,594,4020.5
"Post scheduled trip end time",2,292,290,4020.5
"Post scheduled trip end time",2,630,628,4020.5
"Post scheduled trip end time",2,652,650,4020.5
"Post scheduled trip end time",2,234,232,4020.5
"Post scheduled trip end time",2,285,283,4020.5
"Post scheduled trip end time",2,127,125,4020.5
"Post scheduled trip end time",2,139,137,4020.5
"Post scheduled trip end time",2,528,526,4020.5
"Post scheduled trip end time",2,301,299,4020.5
"Post scheduled trip end time",2,151,149,4020.5
"Post scheduled trip end time",2,282,280,4020.5
"Post scheduled trip end time",2,1530,1528,4020.5
"Post scheduled trip end time",2,550,548,4020.5
"Post scheduled trip end time",2,566,564,4020.5
"Post scheduled trip end time",2,516,514,4020.5
"Post scheduled trip end time",2,297,295,4020.5
"Post scheduled trip end time",2,350,348,4020.5
"Post scheduled trip end time",2,226,224,4020.5
"Post scheduled trip end time",2,467,465,4020.5
"Post scheduled trip end time",2,3,1,4020.5
"Post scheduled trip end time",2,172,170,4020.5
"Post scheduled trip end time",2,1592,1590,4020.5
"Post scheduled trip end time",2,1284,1282,4020.5
"Post scheduled trip end time",2,417,415,4020.5
"Post scheduled trip end time",2,538,536,4020.5
"Post scheduled trip end time",2,259,257,4020.5
"Post scheduled trip end time",2,290,288,4020.5
"Post scheduled trip end time",2,1132,1130,4020.5
"Post scheduled trip end time",2,361,359,4020.5
"Post scheduled trip end time",2,176,174,4020.5
"Post scheduled trip end time",2,411,409,4020.5
"Post scheduled trip end time",2,399,397,4020.5
"Post scheduled trip end time",2,136,134,4020.5
"Post scheduled trip end time",2,1095,1093,4020.5
"Post scheduled trip end time",2,288,286,4020.5
"Post scheduled trip end time",2,1757,1755,4020.5
"Post scheduled trip end time",2,211,209,4020.5
"Post scheduled trip end time",2,622,620,4020.5
"Post scheduled trip end time",2,406,404,4020.5
"Post scheduled trip end time",2,1490,1488,4020.5
"Post scheduled trip end time",2,29,27,4020.5
"Post scheduled trip end time",2,147,145,4020.5
"Post scheduled trip end time",2,227,225,4020.5
"Post scheduled trip end time",2,72,70,4020.5
"Post scheduled trip end time",2,388,386,4020.5
"Post scheduled trip end time",2,372,370,4020.5
"Post scheduled trip end time",2,1185,1183,4020.5
"Post scheduled trip end time",2,1771,1769,4020.5
"Post scheduled trip end time",2,348,346,4020.5
"Post scheduled trip end time",2,106,104,4020.5
"Post scheduled trip end time",2,1328,1326,4020.5
"Post scheduled trip end time",2,371,369,4020.5
"Post scheduled trip end time",2,908,906,4020.5
"Post scheduled trip end time",2,114,112,4020.5
"Post scheduled trip end time",2,149,147,4020.5
"Post scheduled trip end time",2,1222,1220,4020.5
"Post scheduled trip end time",2,67,65,4020.5
"Post scheduled trip end time",2,150,148,4020.5
"Post scheduled trip end time",2,547,545,4020.5
"Post scheduled trip end time",2,429,427,4020.5
"Post scheduled trip end time",2,564,562,4020.5
"Post scheduled trip end time",2,103,101,4020.5
"Post scheduled trip end time",2,43,41,4020.5
"Post scheduled trip end time",2,1088,1086,4020.5
"Post scheduled trip end time",2,614,612,4020.5
"Post scheduled trip end time",2,364,362,4020.5
"Post scheduled trip end time",2,405,403,4020.5
"Post scheduled trip end time",2,1435,1433,4020.5
"Post scheduled trip end time",2,229,227,4020.5
"Post scheduled trip end time",2,284,282,4020.5
"Post scheduled trip end time",2,1295,1293,4020.5
"Post scheduled trip end time",2,1274,1272,4020.5
"Post scheduled trip end time",2,35,33,4020.5
"Post scheduled trip end time",2,483,481,4020.5
"Post scheduled trip end time",2,8,6,4020.5
"Post scheduled trip end time",2,51,49,4020.5
"Post scheduled trip end time",2,1514,1512,4020.5
"Post scheduled trip end time",2,91,89,4020.5
"Post scheduled trip end time",2,84,82,4020.5
"Post scheduled trip end time",2,162,160,4020.5
"Post scheduled trip end time",2,40,38,4020.5
"Post scheduled trip end time",2,1214,1212,4020.5
"Post scheduled trip end time",2,205,203,4020.5
"Post scheduled trip end time",2,276,274,4020.5
"Post scheduled trip end time",2,58,56,4020.5
"Post scheduled trip end time",2,1755,1753,4020.5
"Post scheduled trip end time",2,107,105,4020.5
"Post scheduled trip end time",2,734,732,4020.5
"Post scheduled trip end time",2,18,16,4020.5
"Post scheduled trip end time",2,193,191,4020.5
"Post scheduled trip end time",2,37,35,4020.5
"Post scheduled trip end time",2,814,812,4020.5
"Post scheduled trip end time",2,416,414,4020.5
"Post scheduled trip end time",2,224,222,4020.5
"Post scheduled trip end time",2,1657,1655,4020.5
"Post scheduled trip end time",2,1025,1023,4020.5
"Post scheduled trip end time",2,116,114,4020.5
"Post scheduled trip end time",2,319,317,4020.5
"Post scheduled trip end time",2,1478,1476,4020.5
"Post scheduled trip end time",2,850,848,4020.5
"Post scheduled trip end time",2,243,241,4020.5
"Post scheduled trip end time",2,398,396,4020.5
"Post scheduled trip end time",2,279,277,4020.5
"Post scheduled trip end time",2,548,546,4020.5
"Post scheduled trip end time",2,982,980,4020.5
"Post scheduled trip end time",2,296,294,4020.5
"Post scheduled trip end time",2,32,30,4020.5
"Post scheduled trip end time",2,10,8,4020.5
"Post scheduled trip end time",2,1250,1248,4020.5
"Post scheduled trip end time",2,754,752,4020.5
"Post scheduled trip end time",2,166,164,4020.5
"Post scheduled trip end time",2,241,239,4020.5
"Post scheduled trip end time",2,202,200,4020.5
"Post scheduled trip end time",2,612,610,4020.5
"Post scheduled trip end time",2,436,434,4020.5
"Post scheduled trip end time",2,225,223,4020.5
"Post scheduled trip end time",2,75,73,4020.5
"Post scheduled trip end time",2,505,503,4020.5
"Post scheduled trip end time",2,503,501,4020.5
"Post scheduled trip end time",2,141,139,4020.5
"Post scheduled trip end time",2,1648,1646,4020.5
"Post scheduled trip end time",2,196,194,4020.5
"Post scheduled trip end time",2,57,55,4020.5
"Post scheduled trip end time",2,320,318,4020.5
"Post scheduled trip end time",2,1144,1142,4020.5
"Post scheduled trip end time",2,88,86,4020.5
"Post scheduled trip end time",2,551,549,4020.5
"Post scheduled trip end time",2,871,869,4020.5
"Post scheduled trip end time",2,518,516,4020.5
"Post scheduled trip end time",2,452,450,4020.5
"Post scheduled trip end time",2,845,843,4020.5
"Post scheduled trip end time",2,458,456,4020.5
"Post scheduled trip end time",2,293,291,4020.5
"Post scheduled trip end time",2,237,235,4020.5
"Post scheduled trip end time",2,61,59,4020.5
"Post scheduled trip end time",2,898,896,4020.5
"Post scheduled trip end time",2,1651,1649,4020.5
"Post scheduled trip end time",2,252,250,4020.5
"Post scheduled trip end time",2,802,800,4020.5
"Post scheduled trip end time",2,112,110,4020.5
"Post scheduled trip end time",2,515,513,4020.5
"Post scheduled trip end time",2,1155,1153,4020.5
"Post scheduled trip end time",2,260,258,4020.5
"Post scheduled trip end time",2,133,131,4020.5
"Post scheduled trip end time",2,449,447,4020.5
"Post scheduled trip end time",2,448,446,4020.5
"Post scheduled trip end time",2,420,418,4020.5
"Post scheduled trip end time",2,774,772,4020.5
"Post scheduled trip end time",2,1110,1108,4020.5
"Post scheduled trip end time",2,415,413,4020.5
"Post scheduled trip end time",2,1172,1170,4020.5
"Post scheduled trip end time",2,231,229,4020.5
"Post scheduled trip end time",2,1168,1166,4020.5
"Post scheduled trip end time",2,975,973,4020.5
"Post scheduled trip end time",2,854,852,4020.5
"Post scheduled trip end time",2,38,36,4020.5
"Post scheduled trip end time",2,165,163,4020.5
"Post scheduled trip end time",2,478,476,4020.5
"Post scheduled trip end time",2,192,190,4020.5
"Post scheduled trip end time",2,24500,24498,4020.5
"Post scheduled trip end time",2,24620,24618,4020.5
"Post scheduled trip end time",2,1010,1008,4020.5
"Post scheduled trip end time",2,1215,1213,4020.5
"Post scheduled trip end time",2,117,115,4020.5
"Post scheduled trip end time",2,190,188,4020.5
"Post scheduled trip end time",2,588,586,4020.5
"Post scheduled trip end time",2,594,592,4020.5
"Post scheduled trip end time",2,832,830,4020.5
"Post scheduled trip end time",2,914,912,4020.5
"Post scheduled trip end time",2,1455,1453,4020.5
"Post scheduled trip end time",2,455,453,4020.5
"Post scheduled trip end time",2,974,972,4020.5
"Post scheduled trip end time",2,99,97,4020.5
"Post scheduled trip end time",2,198,196,4020.5
"Post scheduled trip end time",2,242,240,4020.5
"Post scheduled trip end time",2,1268,1266,4020.5
"Post scheduled trip end time",2,1074,1072,4020.5
"Post scheduled trip end time",2,584,582,4020.5
"Post scheduled trip end time",2,264,262,4020.5
"Post scheduled trip end time",2,742,740,4020.5
"Post scheduled trip end time",2,441,439,4020.5
"Post scheduled trip end time",2,1182,1180,4020.5
"Post scheduled trip end time",2,1410,1408,4020.5
"Post scheduled trip end time",2,409,407,4020.5
"Post scheduled trip end time",2,573,571,4020.5
"Post scheduled trip end time",2,601,599,4020.5
"Post scheduled trip end time",2,167,165,4020.5
"Post scheduled trip end time",2,466,464,4020.5
"Post scheduled trip end time",2,695,693,4020.5
"Post scheduled trip end time",2,400,398,4020.5
"Post scheduled trip end time",2,568,566,4020.5
"Post scheduled trip end time",2,306,304,4020.5
"Post scheduled trip end time",2,256,254,4020.5
"Post scheduled trip end time",2,223,221,4020.5
"Post scheduled trip end time",2,577,575,4020.5
"Post scheduled trip end time",2,1654,1652,4020.5
"Post scheduled trip end time",2,472,470,4020.5
"Post scheduled trip end time",2,462,460,4020.5
"Post scheduled trip end time",2,143,141,4020.5
"Post scheduled trip end time",2,182,180,4020.5
"Post scheduled trip end time",2,265,263,4020.5
"Post scheduled trip end time",2,236,234,4020.5
"Post scheduled trip end time",2,270,268,4020.5
"Post scheduled trip end time",2,23,21,4020.5
"Post scheduled trip end time",2,675,673,4020.5
"Post scheduled trip end time",2,148,146,4020.5
"Post scheduled trip end time",2,362,360,4020.5
"Post scheduled trip end time",2,24600,24598,4020.5
"Post scheduled trip end time",2,457,455,4020.5
"Post scheduled trip end time",2,444,442,4020.5
"Post scheduled trip end time",2,31,29,4020.5
"Post scheduled trip end time",2,486,484,4020.5
"Post scheduled trip end time",2,178,176,4020.5
"Post scheduled trip end time",2,556,554,4020.5
"Post scheduled trip end time",2,203,201,4020.5
"Post scheduled trip end time",2,519,517,4020.5
"Post scheduled trip end time",2,526,524,4020.5
"Post scheduled trip end time",2,60,58,4020.5
"Post scheduled trip end time",2,208,206,4020.5
"Post scheduled trip end time",2,163,161,4020.5
"Post scheduled trip end time",2,339,337,4020.5
"Post scheduled trip end time",2,191,189,4020.5
"Post scheduled trip end time",2,828,826,4020.5
"Post scheduled trip end time",2,407,405,4020.5
"Post scheduled trip end time",2,314,312,4020.5
"Post scheduled trip end time",2,369,367,4020.5
"Post scheduled trip end time",2,432,430,4020.5
"Post scheduled trip end time",2,305,303,4020.5
"Post scheduled trip end time",2,189,187,4020.5
"Post scheduled trip end time",2,347,345,4020.5
"Post scheduled trip end time",2,300,298,4020.5
"Post scheduled trip end time",2,380,378,4020.5
"Post scheduled trip end time",2,1005,1003,4020.5
"Post scheduled trip end time",2,715,713,4020.5
"Post scheduled trip end time",2,342,340,4020.5
"Post scheduled trip end time",2,246,244,4020.5
"Post scheduled trip end time",2,170,168,4020.5
"Post scheduled trip end time",2,281,279,4020.5
"Post scheduled trip end time",2,39,37,4020.5
"Post scheduled trip end time",2,152,150,4020.5
"Post scheduled trip end time",2,137,135,4020.5
"Post scheduled trip end time",2,7,5,4020.5
"Post scheduled trip end time",2,359,357,4020.5
"Post scheduled trip end time",2,341,339,4020.5
"Post scheduled trip end time",2,187,185,4020.5
"Post scheduled trip end time",2,346,344,4020.5
"Post scheduled trip end time",2,475,473,4020.5
"Post scheduled trip end time",2,465,463,4020.5
"Post scheduled trip end time",2,253,251,4020.5
"Post scheduled trip end time",2,440,438,4020.5
"Post scheduled trip end time",2,446,444,4020.5
"Post scheduled trip end time",2,257,255,4020.5
"Post scheduled trip end time",2,65,63,4020.5
"Post scheduled trip end time",2,83,81,4020.5
"Post scheduled trip end time",2,1094,1092,4020.5
"Post scheduled trip end time",2,218,216,4020.5
"Post scheduled trip end time",2,175,173,4020.5
"Post scheduled trip end time",2,1245,1243,4020.5
"Post scheduled trip end time",2,49,47,4020.5
"Post scheduled trip end time",2,96,94,4020.5
"Post scheduled trip end time",2,477,475,4020.5
"Post scheduled trip end time",2,434,432,4020.5
"Post scheduled trip end time",2,317,315,4020.5
"Post scheduled trip end time",2,955,953,4020.5
"Post scheduled trip end time",2,258,256,4020.5
"Post scheduled trip end time",2,508,506,4020.5
"Post scheduled trip end time",2,298,296,4020.5
"Post scheduled trip end time",2,502,500,4020.5
"Post scheduled trip end time",2,271,269,4020.5
"Post scheduled trip end time",2,85,83,4020.5
"Post scheduled trip end time",2,232,230,4020.5
"Post scheduled trip end time",2,90,88,4020.5
"Post scheduled trip end time",2,1775,1773,4020.5
"Post scheduled trip end time",2,62,60,4020.5
"Post scheduled trip end time",2,648,646,4020.5
"Post scheduled trip end time",2,144,142,4020.5
"Post scheduled trip end time",2,-10,-12,4020.5
"Post scheduled trip end time",2,782,780,4020.5
"Post scheduled trip end time",2,124,122,4020.5
"Post scheduled trip end time",2,586,584,4020.5
"Post scheduled trip end time",2,87,85,4020.5
"Post scheduled trip end time",2,283,281,4020.5
"Post scheduled trip end time",2,788,786,4020.5
"Post scheduled trip end time",2,565,563,4020.5
"Post scheduled trip end time",2,1048,1046,4020.5
"Post scheduled trip end time",2,331,329,4020.5
"Post scheduled trip end time",2,524,522,4020.5
"Post scheduled trip end time",2,1128,1126,4020.5
"Post scheduled trip end time",2,128,126,4020.5
"Post scheduled trip end time",2,142,140,4020.5
"Post scheduled trip end time",2,235,233,4020.5
"Post scheduled trip end time",2,1498,1496,4020.5
"Post scheduled trip end time",2,171,169,4020.5
"Post scheduled trip end time",2,401,399,4020.5
"Post scheduled trip end time",2,1632,1630,4020.5
"Post scheduled trip end time",2,255,253,4020.5
"Post scheduled trip end time",2,92,90,4020.5
"Post scheduled trip end time",2,20,18,4020.5
"Post scheduled trip end time",2,111,109,4020.5
"Post scheduled trip end time",2,402,400,4020.5
"Post scheduled trip end time",2,250,248,4020.5
"Post scheduled trip end time",2,354,352,4020.5
"Post scheduled trip end time",2,397,395,4020.5
"Post scheduled trip end time",2,74,72,4020.5
"Post scheduled trip end time",2,357,355,4020.5
"Post scheduled trip end time",2,1670,1668,4020.5
"Post scheduled trip end time",2,755,753,4020.5
"Post scheduled trip end time",2,101,99,4020.5
"Post scheduled trip end time",2,322,320,4020.5
"Post scheduled trip end time",2,130,128,4020.5
"Post scheduled trip end time",2,146,144,4020.5
"Post scheduled trip end time",2,303,301,4020.5
"Post scheduled trip end time",2,1242,1240,4020.5
"Post scheduled trip end time",2,316,314,4020.5
"Post scheduled trip end time",2,1232,1230,4020.5
"Post scheduled trip end time",2,97,95,4020.5
"Post scheduled trip end time",2,215,213,4020.5
"Post scheduled trip end time",2,66,64,4020.5
"Post scheduled trip end time",2,55,53,4020.5
"Post scheduled trip end time",2,1130,1128,4020.5
"Post scheduled trip end time",2,1542,1540,4020.5
"Post scheduled trip end time",2,381,379,4020.5
"Post scheduled trip end time",2,15,13,4020.5
"Post scheduled trip end time",2,414,412,4020.5
"Post scheduled trip end time",2,365,363,4020.5
"Post scheduled trip end time",2,812,810,4020.5
"Post scheduled trip end time",2,217,215,4020.5
"Post scheduled trip end time",2,261,259,4020.5
"Post scheduled trip end time",2,325,323,4020.5
"Post scheduled trip end time",2,855,853,4020.5
"Post scheduled trip end time",2,482,480,4020.5
"Post scheduled trip end time",2,214,212,4020.5
"Post scheduled trip end time",2,1337,1335,4020.5
"Post scheduled trip end time",2,13,11,4020.5
"Post scheduled trip end time",2,968,966,4020.5
"Post scheduled trip end time",2,810,808,4020.5
"Post scheduled trip end time",2,1748,1746,4020.5
"Post scheduled trip end time",2,600,598,4020.5
"Post scheduled trip end time",2,308,306,4020.5
"Post scheduled trip end time",2,328,326,4020.5
"Post scheduled trip end time",2,207,205,4020.5
"Post scheduled trip end time",2,512,510,4020.5
"Post scheduled trip end time",2,459,457,4020.5
"Post scheduled trip end time",2,24,22,4020.5
"Post scheduled trip end time",2,555,553,4020.5
"Post scheduled trip end time",2,488,486,4020.5
"Post scheduled trip end time",2,1072,1070,4020.5
"Post scheduled trip end time",2,131,129,4020.5
"Post scheduled trip end time",2,1454,1452,4020.5
"Post scheduled trip end time",2,985,983,4020.5
"Post scheduled trip end time",2,468,466,4020.5
"Post scheduled trip end time",2,599,597,4020.5
"Post scheduled trip end time",2,535,533,4020.5
"Post scheduled trip end time",2,337,335,4020.5
"Post scheduled trip end time",2,390,388,4020.5
"Post scheduled trip end time",2,140,138,4020.5
"Post scheduled trip end time",2,278,276,4020.5
"Post scheduled trip end time",2,445,443,4020.5
"Post scheduled trip end time",2,1152,1150,4020.5
"Post scheduled trip end time",2,219,217,4020.5
"Post scheduled trip end time",2,1332,1330,4020.5
"Post scheduled trip end time",2,183,181,4020.5
"Post scheduled trip end time",2,1777,1775,4020.5
"Post scheduled trip end time",2,574,572,4020.5
"Post scheduled trip end time",2,266,264,4020.5
"Post scheduled trip end time",2,334,332,4020.5
"Post scheduled trip end time",2,273,271,4020.5
"Post scheduled trip end time",2,315,313,4020.5
"Post scheduled trip end time",2,295,293,4020.5
"Post scheduled trip end time",2,195,193,4020.5
"Post scheduled trip end time",2,121,119,4020.5
"Post scheduled trip end time",2,352,350,4020.5
"Post scheduled trip end time",2,368,366,4020.5
"Post scheduled trip end time",2,1406,1404,4020.5
"Post scheduled trip end time",2,1292,1290,4020.5
"Post scheduled trip end time",2,46,44,4020.5
"Post scheduled trip end time",2,685,683,4020.5
"Post scheduled trip end time",2,228,226,4020.5
"Post scheduled trip end time",2,100,98,4020.5
"Post scheduled trip end time",2,597,595,4020.5
"Post scheduled trip end time",2,862,860,4020.5
"Post scheduled trip end time",2,186,184,4020.5
"Post scheduled trip end time",2,431,429,4020.5
"Post scheduled trip end time",2,651,649,4020.5
"Post scheduled trip end time",2,424,422,4020.5
"Post scheduled trip end time",2,168,166,4020.5
"Post scheduled trip end time",2,672,670,4020.5
"Post scheduled trip end time",2,199,197,4020.5
"Post scheduled trip end time",2,496,494,4020.5
"Post scheduled trip end time",2,501,499,4020.5
"Post scheduled trip end time",2,430,428,4020.5
"Post scheduled trip end time",2,194,192,4020.5
"Post scheduled trip end time",2,423,421,4020.5
"Post scheduled trip end time",2,287,285,4020.5
"Post scheduled trip end time",2,153,151,4020.5
"Post scheduled trip end time",2,363,361,4020.5
"Post scheduled trip end time",2,1375,1373,4020.5
"Post scheduled trip end time",2,1264,1262,4020.5
"Post scheduled trip end time",2,1006,1004,4020.5
"Post scheduled trip end time",2,454,452,4020.5
"Post scheduled trip end time",2,134,132,4020.5
"Post scheduled trip end time",2,76,74,4020.5
"Post scheduled trip end time",2,110,108,4020.5
"Post scheduled trip end time",2,327,325,4020.5
"Post scheduled trip end time",2,210,208,4020.5
"Post scheduled trip end time",2,2,0,4020.5
"Post scheduled trip end time",2,98,96,4020.5
"Post scheduled trip end time",2,395,393,4020.5
"Post scheduled trip end time",2,750,748,4020.5
"Post scheduled trip end time",2,583,581,4020.5
"Post scheduled trip end time",2,493,491,4020.5
"Post scheduled trip end time",2,222,220,4020.5
"Post scheduled trip end time",2,268,266,4020.5
"Post scheduled trip end time",2,197,195,4020.5
"Post scheduled trip end time",2,554,552,4020.5
"Post scheduled trip end time",2,184,182,4020.5
"Post scheduled trip end time",2,204,202,4020.5
"Post scheduled trip end time",2,428,426,4020.5
"Post scheduled trip end time",2,525,523,4020.5
"Post scheduled trip end time",2,11,9,4020.5
"Post scheduled trip end time",2,304,302,4020.5
"Post scheduled trip end time",2,156,154,4020.5
"Post scheduled trip end time",2,456,454,4020.5
"Post scheduled trip end time",2,545,543,4020.5
"Post scheduled trip end time",2,104,102,4020.5
"Post scheduled trip end time",2,249,247,4020.5
"Post scheduled trip end time",2,1205,1203,4020.5
"Post scheduled trip end time",2,332,330,4020.5
"Post scheduled trip end time",2,302,300,4020.5
"Post scheduled trip end time",2,531,529,4020.5
"Post scheduled trip end time",2,413,411,4020.5
"Post scheduled trip end time",2,33,31,4020.5
"Post scheduled trip end time",2,1134,1132,4020.5
"Post scheduled trip end time",2,562,560,4020.5
"Post scheduled trip end time",2,77,75,4020.5
"Post scheduled trip end time",2,34,32,4020.5
"Post scheduled trip end time",2,1572,1570,4020.5
"Post scheduled trip end time",2,438,436,4020.5
"Post scheduled trip end time",2,712,710,4020.5
"Post scheduled trip end time",2,419,417,4020.5
"Post scheduled trip end time",2,571,569,4020.5
"Post scheduled trip end time",2,353,351,4020.5
"Post scheduled trip end time",2,94,92,4020.5
"Post scheduled trip end time",2,738,736,4020.5
"Post scheduled trip end time",2,461,459,4020.5
"Post scheduled trip end time",2,188,186,4020.5
"Post scheduled trip end time",2,245,243,4020.5
"Before scheduled trip start time",3,57,54,8038
"Before scheduled trip start time",3,25566,25563,8038
"Before scheduled trip start time",3,45,42,8038
"Before scheduled trip start time",3,25665,25662,8038
"Before scheduled trip start time",3,166,163,8038
"Before scheduled trip start time",3,138,135,8038
"Before scheduled trip start time",3,25277,25274,8038
"Before scheduled trip start time",3,301,298,8038
"Before scheduled trip start time",3,25468,25465,8038
"Before scheduled trip start time",3,25691,25688,8038
"Before scheduled trip start time",3,143,140,8038
"Before scheduled trip start time",3,25524,25521,8038
"Before scheduled trip start time",3,504,501,8038
"Before scheduled trip start time",3,586,583,8038
"Before scheduled trip start time",3,144,141,8038
"Before scheduled trip start time",3,295,292,8038
"Before scheduled trip start time",3,323,320,8038
"Before scheduled trip start time",3,25275,25272,8038
"Before scheduled trip start time",3,408,405,8038
"Before scheduled trip start time",3,229,226,8038
"Before scheduled trip start time",3,25543,25540,8038
"Before scheduled trip start time",3,25615,25612,8038
"Before scheduled trip start time",3,102,99,8038
"Before scheduled trip start time",3,25556,25553,8038
"Before scheduled trip start time",3,443,440,8038
"Before scheduled trip start time",3,97,94,8038
"Before scheduled trip start time",3,25475,25472,8038
"Before scheduled trip start time",3,305,302,8038
"Before scheduled trip start time",3,25251,25248,8038
"Before scheduled trip start time",3,123,120,8038
"Before scheduled trip start time",3,25659,25656,8038
"Before scheduled trip start time",3,25404,25401,8038
"Before scheduled trip start time",3,44,41,8038
"Before scheduled trip start time",3,132,129,8038
"Before scheduled trip start time",3,584,581,8038
"Before scheduled trip start time",3,25487,25484,8038
"Before scheduled trip start time",3,420,417,8038
"Before scheduled trip start time",3,25425,25422,8038
"Before scheduled trip start time",3,25515,25512,8038
"Before scheduled trip start time",3,330,327,8038
"Before scheduled trip start time",3,211,208,8038
"Before scheduled trip start time",3,208,205,8038
"Before scheduled trip start time",3,809,806,8038
"Before scheduled trip start time",3,9,6,8038
"Before scheduled trip start time",3,25329,25326,8038
"Before scheduled trip start time",3,25591,25588,8038
"Before scheduled trip start time",3,7,4,8038
"Before scheduled trip start time",3,25369,25366,8038
"Before scheduled trip start time",3,25324,25321,8038
"Before scheduled trip start time",3,25447,25444,8038
"Before scheduled trip start time",3,25509,25506,8038
"Before scheduled trip start time",3,25835,25832,8038
"Before scheduled trip start time",3,574,571,8038
"Before scheduled trip start time",3,389,386,8038
"Before scheduled trip start time",3,592,589,8038
"Before scheduled trip start time",3,145,142,8038
"Before scheduled trip start time",3,498,495,8038
"Before scheduled trip start time",3,95,92,8038
"Before scheduled trip start time",3,363,360,8038
"Before scheduled trip start time",3,25594,25591,8038
"Before scheduled trip start time",3,25584,25581,8038
"Before scheduled trip start time",3,578,575,8038
"Before scheduled trip start time",3,375,372,8038
"Before scheduled trip start time",3,354,351,8038
"Before scheduled trip start time",3,79,76,8038
"Before scheduled trip start time",3,246,243,8038
"Before scheduled trip start time",3,25605,25602,8038
"Before scheduled trip start time",3,371,368,8038
"Before scheduled trip start time",3,580,577,8038
"Before scheduled trip start time",3,469,466,8038
"Before scheduled trip start time",3,207,204,8038
"Before scheduled trip start time",3,25349,25346,8038
"Before scheduled trip start time",3,326,323,8038
"Before scheduled trip start time",3,588,585,8038
"Before scheduled trip start time",3,558,555,8038
"Before scheduled trip start time",3,25248,25245,8038
"Before scheduled trip start time",3,25,22,8038
"Before scheduled trip start time",3,410,407,8038
"Before scheduled trip start time",3,25603,25600,8038
"Before scheduled trip start time",3,250,247,8038
"Before scheduled trip start time",3,25492,25489,8038
"Before scheduled trip start time",3,25394,25391,8038
"Before scheduled trip start time",3,25504,25501,8038
"Before scheduled trip start time",3,25635,25632,8038
"Before scheduled trip start time",3,287,284,8038
"Before scheduled trip start time",3,213,210,8038
"Before scheduled trip start time",3,415,412,8038
"Before scheduled trip start time",3,174,171,8038
"Before scheduled trip start time",3,194,191,8038
"Before scheduled trip start time",3,367,364,8038
"Before scheduled trip start time",3,25508,25505,8038
"Before scheduled trip start time",3,396,393,8038
"Before scheduled trip start time",3,284,281,8038
"Before scheduled trip start time",3,25549,25546,8038
"Before scheduled trip start time",3,96,93,8038
"Before scheduled trip start time",3,25669,25666,8038
"Before scheduled trip start time",3,25406,25403,8038
"Before scheduled trip start time",3,263,260,8038
"Before scheduled trip start time",3,25449,25446,8038
"Before scheduled trip start time",3,217,214,8038
"Before scheduled trip start time",3,116,113,8038
"Before scheduled trip start time",3,25390,25387,8038
"Before scheduled trip start time",3,25651,25648,8038
"Before scheduled trip start time",3,288,285,8038
"Before scheduled trip start time",3,470,467,8038
"Before scheduled trip start time",3,280,277,8038
"Before scheduled trip start time",3,495,492,8038
"Before scheduled trip start time",3,279,276,8038
"Before scheduled trip start time",3,25352,25349,8038
"Before scheduled trip start time",3,25416,25413,8038
"Before scheduled trip start time",3,1229,1226,8038
"Before scheduled trip start time",3,258,255,8038
"Before scheduled trip start time",3,25722,25719,8038
"Before scheduled trip start time",3,517,514,8038
"Before scheduled trip start time",3,465,462,8038
"Before scheduled trip start time",3,485,482,8038
"Before scheduled trip start time",3,25286,25283,8038
"Before scheduled trip start time",3,25287,25284,8038
"Before scheduled trip start time",3,25478,25475,8038
"Before scheduled trip start time",3,25307,25304,8038
"Before scheduled trip start time",3,51,48,8038
"Before scheduled trip start time",3,460,457,8038
"Before scheduled trip start time",3,553,550,8038
"Before scheduled trip start time",3,510,507,8038
"Before scheduled trip start time",3,92,89,8038
"Before scheduled trip start time",3,329,326,8038
"Before scheduled trip start time",3,361,358,8038
"Before scheduled trip start time",3,48,45,8038
"Before scheduled trip start time",3,25451,25448,8038
"Before scheduled trip start time",3,25270,25267,8038
"Before scheduled trip start time",3,337,334,8038
"Before scheduled trip start time",3,397,394,8038
"Before scheduled trip start time",3,422,419,8038
"Before scheduled trip start time",3,25423,25420,8038
"Before scheduled trip start time",3,25354,25351,8038
"Before scheduled trip start time",3,25491,25488,8038
"Before scheduled trip start time",3,103,100,8038
"Before scheduled trip start time",3,563,560,8038
"Before scheduled trip start time",3,25364,25361,8038
"Before scheduled trip start time",3,450,447,8038
"Before scheduled trip start time",3,551,548,8038
"Before scheduled trip start time",3,435,432,8038
"Before scheduled trip start time",3,25308,25305,8038
"Before scheduled trip start time",3,25299,25296,8038
"Before scheduled trip start time",3,488,485,8038
"Before scheduled trip start time",3,235,232,8038
"Before scheduled trip start time",3,91,88,8038
"Before scheduled trip start time",3,25435,25432,8038
"Before scheduled trip start time",3,376,373,8038
"Before scheduled trip start time",3,118,115,8038
"Before scheduled trip start time",3,25325,25322,8038
"Before scheduled trip start time",3,120,117,8038
"Before scheduled trip start time",3,269,266,8038
"Before scheduled trip start time",3,182,179,8038
"Before scheduled trip start time",3,25362,25359,8038
"Before scheduled trip start time",3,25446,25443,8038
"Before scheduled trip start time",3,25380,25377,8038
"Before scheduled trip start time",3,32,29,8038
"Before scheduled trip start time",3,25606,25603,8038
"Before scheduled trip start time",3,25419,25416,8038
"Before scheduled trip start time",3,25569,25566,8038
"Before scheduled trip start time",3,25294,25291,8038
"Before scheduled trip start time",3,47,44,8038
"Before scheduled trip start time",3,478,475,8038
"Before scheduled trip start time",3,441,438,8038
"Before scheduled trip start time",3,25555,25552,8038
"Before scheduled trip start time",3,989,986,8038
"Before scheduled trip start time",3,25576,25573,8038
"Before scheduled trip start time",3,1469,1466,8038
"Before scheduled trip start time",3,69,66,8038
"Before scheduled trip start time",3,25471,25468,8038
"Before scheduled trip start time",3,455,452,8038
"Before scheduled trip start time",3,264,261,8038
"Before scheduled trip start time",3,151,148,8038
"Before scheduled trip start time",3,486,483,8038
"Before scheduled trip start time",3,493,490,8038
"Before scheduled trip start time",3,25266,25263,8038
"Before scheduled trip start time",3,25474,25471,8038
"Before scheduled trip start time",3,25729,25726,8038
"Before scheduled trip start time",3,25525,25522,8038
"Before scheduled trip start time",3,210,207,8038
"Before scheduled trip start time",3,532,529,8038
"Before scheduled trip start time",3,25590,25587,8038
"Before scheduled trip start time",3,449,446,8038
"Before scheduled trip start time",3,535,532,8038
"Before scheduled trip start time",3,461,458,8038
"Before scheduled trip start time",3,417,414,8038
"Before scheduled trip start time",3,25314,25311,8038
"Before scheduled trip start time",3,25302,25299,8038
"Before scheduled trip start time",3,25592,25589,8038
"Before scheduled trip start time",3,65,62,8038
"Before scheduled trip start time",3,25262,25259,8038
"Before scheduled trip start time",3,231,228,8038
"Before scheduled trip start time",3,595,592,8038
"Before scheduled trip start time",3,25440,25437,8038
"Before scheduled trip start time",3,233,230,8038
"Before scheduled trip start time",3,41,38,8038
"Before scheduled trip start time",3,133,130,8038
"Before scheduled trip start time",3,266,263,8038
"Before scheduled trip start time",3,113,110,8038
"Before scheduled trip start time",3,25533,25530,8038
"Before scheduled trip start time",3,190,187,8038
"Before scheduled trip start time",3,25408,25405,8038
"Before scheduled trip start time",3,476,473,8038
"Before scheduled trip start time",3,101,98,8038
"Before scheduled trip start time",3,454,451,8038
"Before scheduled trip start time",3,25521,25518,8038
"Before scheduled trip start time",3,25283,25280,8038
"Before scheduled trip start time",3,25428,25425,8038
"Before scheduled trip start time",3,25342,25339,8038
"Before scheduled trip start time",3,278,275,8038
"Before scheduled trip start time",3,25298,25295,8038
"Before scheduled trip start time",3,527,524,8038
"Before scheduled trip start time",3,25462,25459,8038
"Before scheduled trip start time",3,175,172,8038
"Before scheduled trip start time",3,131,128,8038
"Before scheduled trip start time",3,25280,25277,8038
"Before scheduled trip start time",3,226,223,8038
"Before scheduled trip start time",3,518,515,8038
"Before scheduled trip start time",3,335,332,8038
"Before scheduled trip start time",3,472,469,8038
"Before scheduled trip start time",3,4,1,8038
"Before scheduled trip start time",3,25442,25439,8038
"Before scheduled trip start time",3,25242,25239,8038
"Before scheduled trip start time",3,297,294,8038
"Before scheduled trip start time",3,25282,25279,8038
"Before scheduled trip start time",3,78,75,8038
"Before scheduled trip start time",3,521,518,8038
"Before scheduled trip start time",3,25434,25431,8038
"Before scheduled trip start time",3,25257,25254,8038
"Before scheduled trip start time",3,467,464,8038
"Before scheduled trip start time",3,585,582,8038
"Before scheduled trip start time",3,25582,25579,8038
"Before scheduled trip start time",3,62,59,8038
"Before scheduled trip start time",3,25256,25253,8038
"Before scheduled trip start time",3,480,477,8038
"Before scheduled trip start time",3,437,434,8038
"Before scheduled trip start time",3,154,151,8038
"Before scheduled trip start time",3,112,109,8038
"Before scheduled trip start time",3,25560,25557,8038
"Before scheduled trip start time",3,428,425,8038
"Before scheduled trip start time",3,18,15,8038
"Before scheduled trip start time",3,25258,25255,8038
"Before scheduled trip start time",3,25336,25333,8038
"Before scheduled trip start time",3,25459,25456,8038
"Before scheduled trip start time",3,25437,25434,8038
"Before scheduled trip start time",3,105,102,8038
"Before scheduled trip start time",3,25547,25544,8038
"Before scheduled trip start time",3,312,309,8038
"Before scheduled trip start time",3,499,496,8038
"Before scheduled trip start time",3,152,149,8038
"Before scheduled trip start time",3,463,460,8038
"Before scheduled trip start time",3,25365,25362,8038
"Before scheduled trip start time",3,507,504,8038
"Before scheduled trip start time",3,362,359,8038
"Before scheduled trip start time",3,505,502,8038
"Before scheduled trip start time",3,136,133,8038
"Before scheduled trip start time",3,221,218,8038
"Before scheduled trip start time",3,137,134,8038
"Before scheduled trip start time",3,401,398,8038
"Before scheduled trip start time",3,403,400,8038
"Before scheduled trip start time",3,180,177,8038
"Before scheduled trip start time",3,303,300,8038
"Before scheduled trip start time",3,419,416,8038
"Before scheduled trip start time",3,11,8,8038
"Before scheduled trip start time",3,42,39,8038
"Before scheduled trip start time",3,277,274,8038
"Before scheduled trip start time",3,395,392,8038
"Before scheduled trip start time",3,385,382,8038
"Before scheduled trip start time",3,25456,25453,8038
"Before scheduled trip start time",3,25453,25450,8038
"Before scheduled trip start time",3,25254,25251,8038
"Before scheduled trip start time",3,25550,25547,8038
"Before scheduled trip start time",3,25469,25466,8038
"Before scheduled trip start time",3,122,119,8038
"Before scheduled trip start time",3,25571,25568,8038
"Before scheduled trip start time",3,203,200,8038
"Before scheduled trip start time",3,25640,25637,8038
"Before scheduled trip start time",3,405,402,8038
"Before scheduled trip start time",3,202,199,8038
"Before scheduled trip start time",3,25315,25312,8038
"Before scheduled trip start time",3,445,442,8038
"Before scheduled trip start time",3,53,50,8038
"Before scheduled trip start time",3,17900,17897,8038
"Before scheduled trip start time",3,212,209,8038
"Before scheduled trip start time",3,431,428,8038
"Before scheduled trip start time",3,34,31,8038
"Before scheduled trip start time",3,25535,25532,8038
"Before scheduled trip start time",3,255,252,8038
"Before scheduled trip start time",3,25397,25394,8038
"Before scheduled trip start time",3,340,337,8038
"Before scheduled trip start time",3,324,321,8038
"Before scheduled trip start time",3,259,256,8038
"Before scheduled trip start time",3,142,139,8038
"Before scheduled trip start time",3,25552,25549,8038
"Before scheduled trip start time",3,489,486,8038
"Before scheduled trip start time",3,25455,25452,8038
"Before scheduled trip start time",3,25511,25508,8038
"Before scheduled trip start time",3,130,127,8038
"Before scheduled trip start time",3,25241,25238,8038
"Before scheduled trip start time",3,581,578,8038
"Before scheduled trip start time",3,25249,25246,8038
"Before scheduled trip start time",3,429,426,8038
"Before scheduled trip start time",3,15,12,8038
"Before scheduled trip start time",3,25465,25462,8038
"Before scheduled trip start time",3,256,253,8038
"Before scheduled trip start time",3,25653,25650,8038
"Before scheduled trip start time",3,25356,25353,8038
"Before scheduled trip start time",3,25674,25671,8038
"Before scheduled trip start time",3,380,377,8038
"Before scheduled trip start time",3,25479,25476,8038
"Before scheduled trip start time",3,343,340,8038
"Before scheduled trip start time",3,25377,25374,8038
"Before scheduled trip start time",3,242,239,8038
"Before scheduled trip start time",3,228,225,8038
"Before scheduled trip start time",3,25580,25577,8038
"Before scheduled trip start time",3,372,369,8038
"Before scheduled trip start time",3,382,379,8038
"Before scheduled trip start time",3,25398,25395,8038
"Before scheduled trip start time",3,554,551,8038
"Before scheduled trip start time",3,25445,25442,8038
"Before scheduled trip start time",3,427,424,8038
"Before scheduled trip start time",3,1049,1046,8038
"Before scheduled trip start time",3,332,329,8038
"Before scheduled trip start time",3,5,2,8038
"Before scheduled trip start time",3,25497,25494,8038
"Before scheduled trip start time",3,25281,25278,8038
"Before scheduled trip start time",3,345,342,8038
"Before scheduled trip start time",3,25641,25638,8038
"Before scheduled trip start time",3,25507,25504,8038
"Before scheduled trip start time",3,77,74,8038
"Before scheduled trip start time",3,392,389,8038
"Before scheduled trip start time",3,399,396,8038
"Before scheduled trip start time",3,25322,25319,8038
"Before scheduled trip start time",3,25614,25611,8038
"Before scheduled trip start time",3,524,521,8038
"Before scheduled trip start time",3,225,222,8038
"Before scheduled trip start time",3,550,547,8038
"Before scheduled trip start time",3,536,533,8038
"Before scheduled trip start time",3,25513,25510,8038
"Before scheduled trip start time",3,377,374,8038
"Before scheduled trip start time",3,314,311,8038
"Before scheduled trip start time",3,25909,25906,8038
"Before scheduled trip start time",3,25647,25644,8038
"Before scheduled trip start time",3,25611,25608,8038
"Before scheduled trip start time",3,369,366,8038
"Before scheduled trip start time",3,25473,25470,8038
"Before scheduled trip start time",3,33,30,8038
"Before scheduled trip start time",3,25472,25469,8038
"Before scheduled trip start time",3,134,131,8038
"Before scheduled trip start time",3,17880,17877,8038
"Before scheduled trip start time",3,25499,25496,8038
"Before scheduled trip start time",3,373,370,8038
"Before scheduled trip start time",3,19,16,8038
"Before scheduled trip start time",3,119,116,8038
"Before scheduled trip start time",3,309,306,8038
"Before scheduled trip start time",3,25402,25399,8038
"Before scheduled trip start time",3,436,433,8038
"Before scheduled trip start time",3,209,206,8038
"Before scheduled trip start time",3,25386,25383,8038
"Before scheduled trip start time",3,25517,25514,8038
"Before scheduled trip start time",3,25333,25330,8038
"Before scheduled trip start time",3,111,108,8038
"Before scheduled trip start time",3,600,597,8038
"Before scheduled trip start time",3,749,746,8038
"Before scheduled trip start time",3,25252,25249,8038
"Before scheduled trip start time",3,25484,25481,8038
"Before scheduled trip start time",3,25545,25542,8038
"Before scheduled trip start time",3,458,455,8038
"Before scheduled trip start time",3,198,195,8038
"Before scheduled trip start time",3,25534,25531,8038
"Before scheduled trip start time",3,25267,25264,8038
"Before scheduled trip start time",3,25345,25342,8038
"Before scheduled trip start time",3,440,437,8038
"Before scheduled trip start time",3,23,20,8038
"Before scheduled trip start time",3,230,227,8038
"Before scheduled trip start time",3,25485,25482,8038
"Before scheduled trip start time",3,537,534,8038
"Before scheduled trip start time",3,25502,25499,8038
"Before scheduled trip start time",3,25332,25329,8038
"Before scheduled trip start time",3,394,391,8038
"Before scheduled trip start time",3,25351,25348,8038
"Before scheduled trip start time",3,171,168,8038
"Before scheduled trip start time",3,271,268,8038
"Before scheduled trip start time",3,289,286,8038
"Before scheduled trip start time",3,25486,25483,8038
"Before scheduled trip start time",3,224,221,8038
"Before scheduled trip start time",3,25494,25491,8038
"Before scheduled trip start time",3,296,293,8038
"Before scheduled trip start time",3,304,301,8038
"Before scheduled trip start time",3,25438,25435,8038
"Before scheduled trip start time",3,251,248,8038
"Before scheduled trip start time",3,591,588,8038
"Before scheduled trip start time",3,438,435,8038
"Before scheduled trip start time",3,234,231,8038
"Before scheduled trip start time",3,300,297,8038
"Before scheduled trip start time",3,587,584,8038
"Before scheduled trip start time",3,80,77,8038
"Before scheduled trip start time",3,25418,25415,8038
"Before scheduled trip start time",3,321,318,8038
"Before scheduled trip start time",3,25382,25379,8038
"Before scheduled trip start time",3,25392,25389,8038
"Before scheduled trip start time",3,25387,25384,8038
"Before scheduled trip start time",3,-7,-10,8038
"Before scheduled trip start time",3,14,11,8038
"Before scheduled trip start time",3,25313,25310,8038
"Before scheduled trip start time",3,25375,25372,8038
"Before scheduled trip start time",3,241,238,8038
"Before scheduled trip start time",3,252,249,8038
"Before scheduled trip start time",3,25312,25309,8038
"Before scheduled trip start time",3,25662,25659,8038
"Before scheduled trip start time",3,530,527,8038
"Before scheduled trip start time",3,302,299,8038
"Before scheduled trip start time",3,25554,25551,8038
"Before scheduled trip start time",3,583,580,8038
"Before scheduled trip start time",3,237,234,8038
"Before scheduled trip start time",3,70,67,8038
"Before scheduled trip start time",3,25467,25464,8038
"Before scheduled trip start time",3,351,348,8038
"Before scheduled trip start time",3,547,544,8038
"Before scheduled trip start time",3,496,493,8038
"Before scheduled trip start time",3,25273,25270,8038
"Before scheduled trip start time",3,25263,25260,8038
"Before scheduled trip start time",3,25265,25262,8038
"Before scheduled trip start time",3,306,303,8038
"Before scheduled trip start time",3,525,522,8038
"Before scheduled trip start time",3,206,203,8038
"Before scheduled trip start time",3,25568,25565,8038
"Before scheduled trip start time",3,494,491,8038
"Before scheduled trip start time",3,115,112,8038
"Before scheduled trip start time",3,25654,25651,8038
"Before scheduled trip start time",3,126,123,8038
"Before scheduled trip start time",3,462,459,8038
"Before scheduled trip start time",3,6,3,8038
"Before scheduled trip start time",3,60,57,8038
"Before scheduled trip start time",3,25541,25538,8038
"Before scheduled trip start time",3,25567,25564,8038
"Before scheduled trip start time",3,483,480,8038
"Before scheduled trip start time",3,25470,25467,8038
"Before scheduled trip start time",3,25450,25447,8038
"Before scheduled trip start time",3,25610,25607,8038
"Before scheduled trip start time",3,165,162,8038
"Before scheduled trip start time",3,25540,25537,8038
"Before scheduled trip start time",3,25644,25641,8038
"Before scheduled trip start time",3,124,121,8038
"Before scheduled trip start time",3,25395,25392,8038
"Before scheduled trip start time",3,25401,25398,8038
"Before scheduled trip start time",3,25334,25331,8038
"Before scheduled trip start time",3,25751,25748,8038
"Before scheduled trip start time",3,25633,25630,8038
"Before scheduled trip start time",3,25596,25593,8038
"Before scheduled trip start time",3,25331,25328,8038
"Before scheduled trip start time",3,575,572,8038
"Before scheduled trip start time",3,25292,25289,8038
"Before scheduled trip start time",3,75,72,8038
"Before scheduled trip start time",3,100,97,8038
"Before scheduled trip start time",3,25417,25414,8038
"Before scheduled trip start time",3,25310,25307,8038
"Before scheduled trip start time",3,25344,25341,8038
"Before scheduled trip start time",3,86,83,8038
"Before scheduled trip start time",3,16,13,8038
"Before scheduled trip start time",3,294,291,8038
"Before scheduled trip start time",3,106,103,8038
"Before scheduled trip start time",3,549,546,8038
"Before scheduled trip start time",3,506,503,8038
"Before scheduled trip start time",3,503,500,8038
"Before scheduled trip start time",3,421,418,8038
"Before scheduled trip start time",3,13,10,8038
"Before scheduled trip start time",3,39,36,8038
"Before scheduled trip start time",3,273,270,8038
"Before scheduled trip start time",3,214,211,8038
"Before scheduled trip start time",3,84,81,8038
"Before scheduled trip start time",3,25789,25786,8038
"Before scheduled trip start time",3,25320,25317,8038
"Before scheduled trip start time",3,594,591,8038
"Before scheduled trip start time",3,573,570,8038
"Before scheduled trip start time",3,196,193,8038
"Before scheduled trip start time",3,192,189,8038
"Before scheduled trip start time",3,477,474,8038
"Before scheduled trip start time",3,110,107,8038
"Before scheduled trip start time",3,25443,25440,8038
"Before scheduled trip start time",3,25573,25570,8038
"Before scheduled trip start time",3,89,86,8038
"Before scheduled trip start time",3,475,472,8038
"Before scheduled trip start time",3,25627,25624,8038
"Before scheduled trip start time",3,87,84,8038
"Before scheduled trip start time",3,360,357,8038
"Before scheduled trip start time",3,163,160,8038
"Before scheduled trip start time",3,25340,25337,8038
"Before scheduled trip start time",3,313,310,8038
"Before scheduled trip start time",3,25501,25498,8038
"Before scheduled trip start time",3,390,387,8038
"Before scheduled trip start time",3,319,316,8038
"Before scheduled trip start time",3,61,58,8038
"Before scheduled trip start time",3,82,79,8038
"Before scheduled trip start time",3,540,537,8038
"Before scheduled trip start time",3,545,542,8038
"Before scheduled trip start time",3,484,481,8038
"Before scheduled trip start time",3,474,471,8038
"Before scheduled trip start time",3,25536,25533,8038
"Before scheduled trip start time",3,425,422,8038
"Before scheduled trip start time",3,298,295,8038
"Before scheduled trip start time",3,491,488,8038
"Before scheduled trip start time",3,281,278,8038
"Before scheduled trip start time",3,25272,25269,8038
"Before scheduled trip start time",3,370,367,8038
"Before scheduled trip start time",3,25593,25590,8038
"Before scheduled trip start time",3,25291,25288,8038
"Before scheduled trip start time",3,333,330,8038
"Before scheduled trip start time",3,456,453,8038
"Before scheduled trip start time",3,25259,25256,8038
"Before scheduled trip start time",3,25642,25639,8038
"Before scheduled trip start time",3,167,164,8038
"Before scheduled trip start time",3,157,154,8038
"Before scheduled trip start time",3,464,461,8038
"Before scheduled trip start time",3,25337,25334,8038
"Before scheduled trip start time",3,68,65,8038
"Before scheduled trip start time",3,25436,25433,8038
"Before scheduled trip start time",3,25388,25385,8038
"Before scheduled trip start time",3,391,388,8038
"Before scheduled trip start time",3,25374,25371,8038
"Before scheduled trip start time",3,25355,25352,8038
"Before scheduled trip start time",3,516,513,8038
"Before scheduled trip start time",3,189,186,8038
"Before scheduled trip start time",3,205,202,8038
"Before scheduled trip start time",3,220,217,8038
"Before scheduled trip start time",3,25713,25710,8038
"Before scheduled trip start time",3,25637,25634,8038
"Before scheduled trip start time",3,153,150,8038
"Before scheduled trip start time",3,25448,25445,8038
"Before scheduled trip start time",3,37,34,8038
"Before scheduled trip start time",3,25347,25344,8038
"Before scheduled trip start time",3,25255,25252,8038
"Before scheduled trip start time",3,25341,25338,8038
"Before scheduled trip start time",3,25598,25595,8038
"Before scheduled trip start time",3,160,157,8038
"Before scheduled trip start time",3,511,508,8038
"Before scheduled trip start time",3,94,91,8038
"Before scheduled trip start time",3,25420,25417,8038
"Before scheduled trip start time",3,346,343,8038
"Before scheduled trip start time",3,543,540,8038
"Before scheduled trip start time",3,25383,25380,8038
"Before scheduled trip start time",3,25264,25261,8038
"Before scheduled trip start time",3,244,241,8038
"Before scheduled trip start time",3,596,593,8038
"Before scheduled trip start time",3,307,304,8038
"Before scheduled trip start time",3,283,280,8038
"Before scheduled trip start time",3,162,159,8038
"Before scheduled trip start time",3,272,269,8038
"Before scheduled trip start time",3,25585,25582,8038
"Before scheduled trip start time",3,589,586,8038
"Before scheduled trip start time",3,184,181,8038
"Before scheduled trip start time",3,24,21,8038
"Before scheduled trip start time",3,406,403,8038
"Before scheduled trip start time",3,193,190,8038
"Before scheduled trip start time",3,471,468,8038
"Before scheduled trip start time",3,25309,25306,8038
"Before scheduled trip start time",3,25715,25712,8038
"Before scheduled trip start time",3,544,541,8038
"Before scheduled trip start time",3,315,312,8038
"Before scheduled trip start time",3,1409,1406,8038
"Before scheduled trip start time",3,311,308,8038
"Before scheduled trip start time",3,576,573,8038
"Before scheduled trip start time",3,541,538,8038
"Before scheduled trip start time",3,562,559,8038
"Before scheduled trip start time",3,74,71,8038
"Before scheduled trip start time",3,364,361,8038
"Before scheduled trip start time",3,25551,25548,8038
"Before scheduled trip start time",3,25432,25429,8038
"Before scheduled trip start time",3,25431,25428,8038
"Before scheduled trip start time",3,64,61,8038
"Before scheduled trip start time",3,25531,25528,8038
"Before scheduled trip start time",3,316,313,8038
"Before scheduled trip start time",3,239,236,8038
"Before scheduled trip start time",3,270,267,8038
"Before scheduled trip start time",3,25481,25478,8038
"Before scheduled trip start time",3,227,224,8038
"Before scheduled trip start time",3,25326,25323,8038
"Before scheduled trip start time",3,25775,25772,8038
"Before scheduled trip start time",3,25295,25292,8038
"Before scheduled trip start time",3,379,376,8038
"Before scheduled trip start time",3,25360,25357,8038
"Before scheduled trip start time",3,383,380,8038
"Before scheduled trip start time",3,25410,25407,8038
"Before scheduled trip start time",3,66,63,8038
"Before scheduled trip start time",3,25429,25426,8038
"Before scheduled trip start time",3,25366,25363,8038
"Before scheduled trip start time",3,25902,25899,8038
"Before scheduled trip start time",3,25393,25390,8038
"Before scheduled trip start time",3,146,143,8038
"Before scheduled trip start time",3,522,519,8038
"Before scheduled trip start time",3,567,564,8038
"Before scheduled trip start time",3,25343,25340,8038
"Before scheduled trip start time",3,109,106,8038
"Before scheduled trip start time",3,240,237,8038
"Before scheduled trip start time",3,30,27,8038
"Before scheduled trip start time",3,286,283,8038
"Before scheduled trip start time",3,468,465,8038
"Before scheduled trip start time",3,3,0,8038
"Before scheduled trip start time",3,355,352,8038
"Before scheduled trip start time",3,25328,25325,8038
"Before scheduled trip start time",3,453,450,8038
"Before scheduled trip start time",3,1109,1106,8038
"Before scheduled trip start time",3,58,55,8038
"Before scheduled trip start time",3,25655,25652,8038
"Before scheduled trip start time",3,54,51,8038
"Before scheduled trip start time",3,25678,25675,8038
"Before scheduled trip start time",3,261,258,8038
"Before scheduled trip start time",3,929,926,8038
"Before scheduled trip start time",3,73,70,8038
"Before scheduled trip start time",3,25285,25282,8038
"Before scheduled trip start time",3,25483,25480,8038
"Before scheduled trip start time",3,359,356,8038
"Before scheduled trip start time",3,629,626,8038
"Before scheduled trip start time",3,25599,25596,8038
"Before scheduled trip start time",3,356,353,8038
"Before scheduled trip start time",3,35,32,8038
"Before scheduled trip start time",3,402,399,8038
"Before scheduled trip start time",3,25444,25441,8038
"Before scheduled trip start time",3,85,82,8038
"Before scheduled trip start time",3,459,456,8038
"Before scheduled trip start time",3,25740,25737,8038
"Before scheduled trip start time",3,25350,25347,8038
"Before scheduled trip start time",3,25385,25382,8038
"Before scheduled trip start time",3,25498,25495,8038
"Before scheduled trip start time",3,500,497,8038
"Before scheduled trip start time",3,25530,25527,8038
"Before scheduled trip start time",3,444,441,8038
"Before scheduled trip start time",3,25734,25731,8038
"Before scheduled trip start time",3,566,563,8038
"Before scheduled trip start time",3,548,545,8038
"Before scheduled trip start time",3,29,26,8038
"Before scheduled trip start time",3,188,185,8038
"Before scheduled trip start time",3,25489,25486,8038
"Before scheduled trip start time",3,186,183,8038
"Before scheduled trip start time",3,432,429,8038
"Before scheduled trip start time",3,63,60,8038
"Before scheduled trip start time",3,25389,25386,8038
"Before scheduled trip start time",3,98,95,8038
"Before scheduled trip start time",3,560,557,8038
"Before scheduled trip start time",3,292,289,8038
"Before scheduled trip start time",3,25276,25273,8038
"Before scheduled trip start time",3,40,37,8038
"Before scheduled trip start time",3,50,47,8038
"Before scheduled trip start time",3,25430,25427,8038
"Before scheduled trip start time",3,128,125,8038
"Before scheduled trip start time",3,25284,25281,8038
"Before scheduled trip start time",3,398,395,8038
"Before scheduled trip start time",3,546,543,8038
"Before scheduled trip start time",3,148,145,8038
"Before scheduled trip start time",3,125,122,8038
"Before scheduled trip start time",3,150,147,8038
"Before scheduled trip start time",3,25623,25620,8038
"Before scheduled trip start time",3,25269,25266,8038
"Before scheduled trip start time",3,564,561,8038
"Before scheduled trip start time",3,141,138,8038
"Before scheduled trip start time",3,99,96,8038
"Before scheduled trip start time",3,447,444,8038
"Before scheduled trip start time",3,386,383,8038
"Before scheduled trip start time",3,526,523,8038
"Before scheduled trip start time",3,412,409,8038
"Before scheduled trip start time",3,25378,25375,8038
"Before scheduled trip start time",3,534,531,8038
"Before scheduled trip start time",3,185,182,8038
"Before scheduled trip start time",3,25311,25308,8038
"Before scheduled trip start time",3,218,215,8038
"Before scheduled trip start time",3,358,355,8038
"Before scheduled trip start time",3,25323,25320,8038
"Before scheduled trip start time",3,200,197,8038
"Before scheduled trip start time",3,21,18,8038
"Before scheduled trip start time",3,187,184,8038
"Before scheduled trip start time",3,-9,-12,8038
"Before scheduled trip start time",3,17840,17837,8038
"Before scheduled trip start time",3,25539,25536,8038
"Before scheduled trip start time",3,1589,1586,8038
"Before scheduled trip start time",3,25245,25242,8038
"Before scheduled trip start time",3,25376,25373,8038
"Before scheduled trip start time",3,434,431,8038
"Before scheduled trip start time",3,561,558,8038
"Before scheduled trip start time",3,25368,25365,8038
"Before scheduled trip start time",3,88,85,8038
"Before scheduled trip start time",3,25422,25419,8038
"Before scheduled trip start time",3,25319,25316,8038
"Before scheduled trip start time",3,25353,25350,8038
"Before scheduled trip start time",3,25412,25409,8038
"Before scheduled trip start time",3,344,341,8038
"Before scheduled trip start time",3,149,146,8038
"Before scheduled trip start time",3,25458,25455,8038
"Before scheduled trip start time",3,43,40,8038
"Before scheduled trip start time",3,173,170,8038
"Before scheduled trip start time",3,25321,25318,8038
"Before scheduled trip start time",3,25457,25454,8038
"Before scheduled trip start time",3,413,410,8038
"Before scheduled trip start time",3,25303,25300,8038
"Before scheduled trip start time",3,25454,25451,8038
"Before scheduled trip start time",3,72,69,8038
"Before scheduled trip start time",3,25618,25615,8038
"Before scheduled trip start time",3,25290,25287,8038
"Before scheduled trip start time",3,25496,25493,8038
"Before scheduled trip start time",3,121,118,8038
"Before scheduled trip start time",3,327,324,8038
"Before scheduled trip start time",3,446,443,8038
"Before scheduled trip start time",3,27,24,8038
"Before scheduled trip start time",3,108,105,8038
"Before scheduled trip start time",3,25612,25609,8038
"Before scheduled trip start time",3,285,282,8038
"Before scheduled trip start time",3,25240,25237,8038
"Before scheduled trip start time",3,25476,25473,8038
"Before scheduled trip start time",3,177,174,8038
"Before scheduled trip start time",3,25379,25376,8038
"Before scheduled trip start time",3,25409,25406,8038
"Before scheduled trip start time",3,387,384,8038
"Before scheduled trip start time",3,366,363,8038
"Before scheduled trip start time",3,473,470,8038
"Before scheduled trip start time",3,140,137,8038
"Before scheduled trip start time",3,25381,25378,8038
"Before scheduled trip start time",3,542,539,8038
"Before scheduled trip start time",3,247,244,8038
"Before scheduled trip start time",3,25318,25315,8038
"Before scheduled trip start time",3,25348,25345,8038
"Before scheduled trip start time",3,325,322,8038
"Before scheduled trip start time",3,557,554,8038
"Before scheduled trip start time",3,25253,25250,8038
"Before scheduled trip start time",3,170,167,8038
"Before scheduled trip start time",3,25411,25408,8038
"Before scheduled trip start time",3,520,517,8038
"Before scheduled trip start time",3,38,35,8038
"Before scheduled trip start time",3,25243,25240,8038
"Before scheduled trip start time",3,568,565,8038
"Before scheduled trip start time",3,201,198,8038
"Before scheduled trip start time",3,409,406,8038
"Before scheduled trip start time",3,-8,-11,8038
"Before scheduled trip start time",3,25577,25574,8038
"Before scheduled trip start time",3,25702,25699,8038
"Before scheduled trip start time",3,55,52,8038
"Before scheduled trip start time",3,509,506,8038
"Before scheduled trip start time",3,439,436,8038
"Before scheduled trip start time",3,497,494,8038
"Before scheduled trip start time",3,308,305,8038
"Before scheduled trip start time",3,565,562,8038
"Before scheduled trip start time",3,117,114,8038
"Before scheduled trip start time",3,328,325,8038
"Before scheduled trip start time",3,25396,25393,8038
"Before scheduled trip start time",3,25405,25402,8038
"Before scheduled trip start time",3,342,339,8038
"Before scheduled trip start time",3,25316,25313,8038
"Before scheduled trip start time",3,414,411,8038
"Before scheduled trip start time",3,404,401,8038
"Before scheduled trip start time",3,25335,25332,8038
"Before scheduled trip start time",3,426,423,8038
"Before scheduled trip start time",3,869,866,8038
"Before scheduled trip start time",3,593,590,8038
"Before scheduled trip start time",3,254,251,8038
"Before scheduled trip start time",3,290,287,8038
"Before scheduled trip start time",3,25482,25479,8038
"Before scheduled trip start time",3,25372,25369,8038
"Before scheduled trip start time",3,25441,25438,8038
"Before scheduled trip start time",3,601,598,8038
"Before scheduled trip start time",3,25519,25516,8038
"Before scheduled trip start time",3,322,319,8038
"Before scheduled trip start time",3,25464,25461,8038
"Before scheduled trip start time",3,25620,25617,8038
"Before scheduled trip start time",3,139,136,8038
"Before scheduled trip start time",3,479,476,8038
"Before scheduled trip start time",3,28,25,8038
"Before scheduled trip start time",3,135,132,8038
"Before scheduled trip start time",3,291,288,8038
"Before scheduled trip start time",3,22,19,8038
"Before scheduled trip start time",3,25306,25303,8038
"Before scheduled trip start time",3,253,250,8038
"Before scheduled trip start time",3,317,314,8038
"Before scheduled trip start time",3,513,510,8038
"Before scheduled trip start time",3,490,487,8038
"Before scheduled trip start time",3,25495,25492,8038
"Before scheduled trip start time",3,25367,25364,8038
"Before scheduled trip start time",3,25589,25586,8038
"Before scheduled trip start time",3,25357,25354,8038
"Before scheduled trip start time",3,25317,25314,8038
"Before scheduled trip start time",3,159,156,8038
"Before scheduled trip start time",3,232,229,8038
"Before scheduled trip start time",3,416,413,8038
"Before scheduled trip start time",3,155,152,8038
"Before scheduled trip start time",3,275,272,8038
"Before scheduled trip start time",3,164,161,8038
"Before scheduled trip start time",3,25565,25562,8038
"Before scheduled trip start time",3,482,479,8038
"Before scheduled trip start time",3,25503,25500,8038
"Before scheduled trip start time",3,25305,25302,8038
"Before scheduled trip start time",3,25413,25410,8038
"Before scheduled trip start time",3,457,454,8038
"Before scheduled trip start time",3,25370,25367,8038
"Before scheduled trip start time",3,268,265,8038
"Before scheduled trip start time",3,393,390,8038
"Before scheduled trip start time",3,25546,25543,8038
"Before scheduled trip start time",3,158,155,8038
"Before scheduled trip start time",3,168,165,8038
"Before scheduled trip start time",3,25427,25424,8038
"Before scheduled trip start time",3,590,587,8038
"Before scheduled trip start time",3,25371,25368,8038
"Before scheduled trip start time",3,25477,25474,8038
"Before scheduled trip start time",3,452,449,8038
"Before scheduled trip start time",3,223,220,8038
"Before scheduled trip start time",3,248,245,8038
"Before scheduled trip start time",3,25300,25297,8038
"Before scheduled trip start time",3,25526,25523,8038
"Before scheduled trip start time",3,216,213,8038
"Before scheduled trip start time",3,147,144,8038
"Before scheduled trip start time",3,114,111,8038
"Before scheduled trip start time",3,25604,25601,8038
"Before scheduled trip start time",3,512,509,8038
"Before scheduled trip start time",3,423,420,8038
"Before scheduled trip start time",3,570,567,8038
"Before scheduled trip start time",3,76,73,8038
"Before scheduled trip start time",3,25439,25436,8038
"Before scheduled trip start time",3,25296,25293,8038
"Before scheduled trip start time",3,514,511,8038
"Before scheduled trip start time",3,515,512,8038
"Before scheduled trip start time",3,169,166,8038
"Before scheduled trip start time",3,104,101,8038
"Before scheduled trip start time",3,487,484,8038
"Before scheduled trip start time",3,25461,25458,8038
"Before scheduled trip start time",3,492,489,8038
"Before scheduled trip start time",3,350,347,8038
"Before scheduled trip start time",3,400,397,8038
"Before scheduled trip start time",3,25297,25294,8038
"Before scheduled trip start time",3,127,124,8038
"Before scheduled trip start time",3,46,43,8038
"Before scheduled trip start time",3,1529,1526,8038
"Before scheduled trip start time",3,-10,-13,8038
"Before scheduled trip start time",3,-12,-15,8038
"Before scheduled trip start time",3,539,536,8038
"Before scheduled trip start time",3,25278,25275,8038
"Before scheduled trip start time",3,178,175,8038
"Before scheduled trip start time",3,107,104,8038
"Before scheduled trip start time",3,1169,1166,8038
"Before scheduled trip start time",3,25621,25618,8038
"Before scheduled trip start time",3,347,344,8038
"Before scheduled trip start time",3,243,240,8038
"Before scheduled trip start time",3,599,596,8038
"Before scheduled trip start time",3,179,176,8038
"Before scheduled trip start time",3,378,375,8038
"Before scheduled trip start time",3,183,180,8038
"Before scheduled trip start time",3,25516,25513,8038
"Before scheduled trip start time",3,199,196,8038
"Before scheduled trip start time",3,71,68,8038
"Before scheduled trip start time",3,466,463,8038
"Before scheduled trip start time",3,12,9,8038
"Before scheduled trip start time",3,293,290,8038
"Before scheduled trip start time",3,276,273,8038
"Before scheduled trip start time",3,215,212,8038
"Before scheduled trip start time",3,25339,25336,8038
"Before scheduled trip start time",3,25557,25554,8038
"Before scheduled trip start time",3,25631,25628,8038
"Before scheduled trip start time",3,407,404,8038
"Before scheduled trip start time",3,348,345,8038
"Before scheduled trip start time",3,67,64,8038
"Before scheduled trip start time",3,336,333,8038
"Before scheduled trip start time",3,238,235,8038
"Before scheduled trip start time",3,249,246,8038
"Before scheduled trip start time",3,320,317,8038
"Before scheduled trip start time",3,181,178,8038
"Before scheduled trip start time",3,501,498,8038
"Before scheduled trip start time",3,25460,25457,8038
"Before scheduled trip start time",3,338,335,8038
"Before scheduled trip start time",3,52,49,8038
"Before scheduled trip start time",3,25529,25526,8038
"Before scheduled trip start time",3,25361,25358,8038
"Before scheduled trip start time",3,83,80,8038
"Before scheduled trip start time",3,25842,25839,8038
"Before scheduled trip start time",3,25538,25535,8038
"Before scheduled trip start time",3,26,23,8038
"Before scheduled trip start time",3,25274,25271,8038
"Before scheduled trip start time",3,334,331,8038
"Before scheduled trip start time",3,579,576,8038
"Before scheduled trip start time",3,25301,25298,8038
"Before scheduled trip start time",3,204,201,8038
"Before scheduled trip start time",3,411,408,8038
"Before scheduled trip start time",3,352,349,8038
"Before scheduled trip start time",3,598,595,8038
"Before scheduled trip start time",3,25518,25515,8038
"Before scheduled trip start time",3,451,448,8038
"Before scheduled trip start time",3,381,378,8038
"Before scheduled trip start time",3,197,194,8038
"Before scheduled trip start time",3,56,53,8038
"Before scheduled trip start time",3,552,549,8038
"Before scheduled trip start time",3,559,556,8038
"Before scheduled trip start time",3,424,421,8038
"Before scheduled trip start time",3,349,346,8038
"Before scheduled trip start time",3,430,427,8038
"Before scheduled trip start time",3,502,499,8038
"Before scheduled trip start time",3,93,90,8038
"Before scheduled trip start time",3,25293,25290,8038
"Before scheduled trip start time",3,25279,25276,8038
"Before scheduled trip start time",3,25330,25327,8038
"Before scheduled trip start time",3,528,525,8038
"Before scheduled trip start time",3,129,126,8038
"Before scheduled trip start time",3,25373,25370,8038
"Before scheduled trip start time",3,17,14,8038
"Before scheduled trip start time",3,267,264,8038
"Before scheduled trip start time",3,1349,1346,8038
"Before scheduled trip start time",3,265,262,8038
"Before scheduled trip start time",3,25407,25404,8038
"Before scheduled trip start time",3,538,535,8038
"Before scheduled trip start time",3,368,365,8038
"Before scheduled trip start time",3,222,219,8038
"Before scheduled trip start time",3,161,158,8038
"Before scheduled trip start time",3,25244,25241,8038
"Before scheduled trip start time",3,49,46,8038
"Before scheduled trip start time",3,442,439,8038
"Before scheduled trip start time",3,10,7,8038
"Before scheduled trip start time",3,299,296,8038
"Before scheduled trip start time",3,341,338,8038
"Before scheduled trip start time",3,25480,25477,8038
"Before scheduled trip start time",3,274,271,8038
"Before scheduled trip start time",3,25707,25704,8038
"Before scheduled trip start time",3,571,568,8038
"Before scheduled trip start time",3,433,430,8038
"Before scheduled trip start time",3,25680,25677,8038
"Before scheduled trip start time",3,282,279,8038
"Before scheduled trip start time",3,25537,25534,8038
"Before scheduled trip start time",3,25403,25400,8038
"Before scheduled trip start time",3,90,87,8038
"Before scheduled trip start time",3,191,188,8038
"Before scheduled trip start time",3,262,259,8038
"Before scheduled trip start time",3,25646,25643,8038
"Before scheduled trip start time",3,156,153,8038
"Before scheduled trip start time",3,25338,25335,8038
"Before scheduled trip start time",3,25527,25524,8038
"Before scheduled trip start time",3,365,362,8038
"Before scheduled trip start time",3,577,574,8038
"Before scheduled trip start time",3,25849,25846,8038
"Before scheduled trip start time",3,25415,25412,8038
"Before scheduled trip start time",3,245,242,8038
"Before scheduled trip start time",3,25616,25613,8038
"Before scheduled trip start time",3,25564,25561,8038
"Before scheduled trip start time",3,388,385,8038
"Before scheduled trip start time",3,31,28,8038
"Before scheduled trip start time",3,25544,25541,8038
"Before scheduled trip start time",3,582,579,8038
"Before scheduled trip start time",3,25575,25572,8038
"Before scheduled trip start time",3,25561,25558,8038
"Before scheduled trip start time",3,59,56,8038
"Before scheduled trip start time",3,689,686,8038
"Before scheduled trip start time",3,357,354,8038
"Before scheduled trip start time",3,602,599,8038
"Before scheduled trip start time",3,8,5,8038
"Before scheduled trip start time",3,533,530,8038
"Before scheduled trip start time",3,25399,25396,8038
"Before scheduled trip start time",3,25466,25463,8038
"Before scheduled trip start time",3,25358,25355,8038
"Before scheduled trip start time",3,25391,25388,8038
"Before scheduled trip start time",3,176,173,8038
"Before scheduled trip start time",3,25520,25517,8038
"Before scheduled trip start time",3,25506,25503,8038
"Before scheduled trip start time",3,25421,25418,8038
"Before scheduled trip start time",3,25587,25584,8038
"Before scheduled trip start time",3,25414,25411,8038
"Before scheduled trip start time",3,331,328,8038
"Before scheduled trip start time",3,353,350,8038
"Before scheduled trip start time",3,318,315,8038
"Before scheduled trip start time",3,25782,25779,8038
"Before scheduled trip start time",3,25505,25502,8038
"Before scheduled trip start time",3,20,17,8038
"Before scheduled trip start time",3,236,233,8038
"Before scheduled trip start time",3,25400,25397,8038
"Before scheduled trip start time",3,384,381,8038
"Before scheduled trip start time",3,25359,25356,8038
"Before scheduled trip start time",3,25558,25555,8038
"Before scheduled trip start time",3,257,254,8038
"Before scheduled trip start time",3,219,216,8038
"Before scheduled trip start time",3,597,594,8038
"Before scheduled trip start time",3,25384,25381,8038
"Before scheduled trip start time",3,25586,25583,8038
"Before scheduled trip start time",3,1289,1286,8038
"Before scheduled trip start time",3,556,553,8038
"Before scheduled trip start time",3,-3,-6,8038
"Before scheduled trip start time",3,195,192,8038
"Before scheduled trip start time",3,25304,25301,8038
"Before scheduled trip start time",3,569,566,8038
"Before scheduled trip start time",3,36,33,8038
"Before scheduled trip start time",3,260,257,8038
"Before scheduled trip start time",3,418,415,8038
"Before scheduled trip start time",3,529,526,8038
"Before scheduled trip start time",3,25424,25421,8038
"Before scheduled trip start time",3,374,371,8038
"Before scheduled trip start time",3,339,336,8038
"Before scheduled trip start time",3,481,478,8038
"Before scheduled trip start time",3,25532,25529,8038
"Before scheduled trip start time",3,25595,25592,8038
"Before scheduled trip start time",3,25327,25324,8038
"Before scheduled trip start time",3,25346,25343,8038
"Before scheduled trip start time",3,25563,25560,8038
"Before scheduled trip start time",3,25363,25360,8038
"Before scheduled trip start time",3,25609,25606,8038
"Before scheduled trip start time",3,25426,25423,8038
"Before scheduled trip start time",3,25542,25539,8038
"Before scheduled trip start time",3,25500,25497,8038
"Before scheduled trip start time",3,25522,25519,8038
"Before scheduled trip start time",3,17860,17857,8038
"Before scheduled trip start time",3,25246,25243,8038
"Before scheduled trip start time",3,523,520,8038
"Before scheduled trip start time",3,310,307,8038
"Before scheduled trip start time",3,81,78,8038
"Before scheduled trip start time",3,25562,25559,8038
"Before scheduled trip start time",3,172,169,8038
"Before scheduled trip start time",3,448,445,8038
"Before scheduled trip start time",3,508,505,8038
"Before scheduled trip start time",3,25247,25244,8038
"Before scheduled trip start time",3,25268,25265,8038
"Before scheduled trip start time",3,25490,25487,8038
"Before scheduled trip start time",3,519,516,8038
"During scheduled trip",3,267,264,291
"During scheduled trip",3,515,512,291
"During scheduled trip",3,10,7,291
"During scheduled trip",3,25270,25267,291
"During scheduled trip",3,380,377,291
"During scheduled trip",3,25521,25518,291
"During scheduled trip",3,472,469,291
"During scheduled trip",3,25463,25460,291
"During scheduled trip",3,25474,25471,291
"During scheduled trip",3,78,75,291
"During scheduled trip",3,74,71,291
"During scheduled trip",3,60,57,291
"During scheduled trip",3,25717,25714,291
"During scheduled trip",3,25281,25278,291
"During scheduled trip",3,73,70,291
"During scheduled trip",3,25507,25504,291
"During scheduled trip",3,25382,25379,291
"During scheduled trip",3,194,191,291
"During scheduled trip",3,427,424,291
"During scheduled trip",3,568,565,291
"During scheduled trip",3,404,401,291
"During scheduled trip",3,16,13,291
"During scheduled trip",3,176,173,291
"During scheduled trip",3,25330,25327,291
"During scheduled trip",3,25466,25463,291
"During scheduled trip",3,130,127,291
"During scheduled trip",3,283,280,291
"During scheduled trip",3,302,299,291
"During scheduled trip",3,218,215,291
"During scheduled trip",3,358,355,291
"During scheduled trip",3,143,140,291
"During scheduled trip",3,51,48,291
"During scheduled trip",3,25578,25575,291
"During scheduled trip",3,166,163,291
"During scheduled trip",3,245,242,291
"During scheduled trip",3,25524,25521,291
"During scheduled trip",3,417,414,291
"During scheduled trip",3,68,65,291
"During scheduled trip",3,52,49,291
"During scheduled trip",3,25654,25651,291
"During scheduled trip",3,25425,25422,291
"During scheduled trip",3,64,61,291
"During scheduled trip",3,25520,25517,291
"During scheduled trip",3,450,447,291
"During scheduled trip",3,25491,25488,291
"During scheduled trip",3,516,513,291
"During scheduled trip",3,25251,25248,291
"During scheduled trip",3,444,441,291
"During scheduled trip",3,25475,25472,291
"During scheduled trip",3,25254,25251,291
"During scheduled trip",3,25570,25567,291
"During scheduled trip",3,25529,25526,291
"During scheduled trip",3,316,313,291
"During scheduled trip",3,1,-2,291
"During scheduled trip",3,25310,25307,291
"During scheduled trip",3,25400,25397,291
"During scheduled trip",3,25517,25514,291
"During scheduled trip",3,152,149,291
"During scheduled trip",3,28,25,291
"During scheduled trip",3,25525,25522,291
"During scheduled trip",3,61,58,291
"During scheduled trip",3,242,239,291
"During scheduled trip",3,71,68,291
"During scheduled trip",3,530,527,291
"During scheduled trip",3,306,303,291
"During scheduled trip",3,76,73,291
"During scheduled trip",3,521,518,291
"During scheduled trip",3,360,357,291
"During scheduled trip",3,504,501,291
"During scheduled trip",3,409,406,291
"During scheduled trip",3,453,450,291
"During scheduled trip",3,77,74,291
"During scheduled trip",3,25413,25410,291
"During scheduled trip",3,101,98,291
"During scheduled trip",3,195,192,291
"During scheduled trip",3,25373,25370,291
"During scheduled trip",3,145,142,291
"During scheduled trip",3,25326,25323,291
"During scheduled trip",3,25245,25242,291
"During scheduled trip",3,276,273,291
"During scheduled trip",3,116,113,291
"During scheduled trip",3,157,154,291
"During scheduled trip",3,390,387,291
"During scheduled trip",3,25335,25332,291
"During scheduled trip",3,25530,25527,291
"During scheduled trip",3,457,454,291
"During scheduled trip",3,548,545,291
"During scheduled trip",3,25433,25430,291
"During scheduled trip",3,25449,25446,291
"During scheduled trip",3,226,223,291
"During scheduled trip",3,25452,25449,291
"During scheduled trip",3,131,128,291
"During scheduled trip",3,54,51,291
"During scheduled trip",3,85,82,291
"During scheduled trip",3,25508,25505,291
"During scheduled trip",3,25325,25322,291
"During scheduled trip",3,25241,25238,291
"During scheduled trip",3,161,158,291
"During scheduled trip",3,21,18,291
"During scheduled trip",3,25301,25298,291
"During scheduled trip",3,25290,25287,291
"During scheduled trip",3,248,245,291
"During scheduled trip",3,598,595,291
"During scheduled trip",3,468,465,291
"During scheduled trip",3,435,432,291
"During scheduled trip",3,25572,25569,291
"During scheduled trip",3,25454,25451,291
"During scheduled trip",3,25405,25402,291
"During scheduled trip",3,25380,25377,291
"During scheduled trip",3,115,112,291
"During scheduled trip",3,25376,25373,291
"During scheduled trip",3,25375,25372,291
"During scheduled trip",3,25408,25405,291
"During scheduled trip",3,25566,25563,291
"During scheduled trip",3,129,126,291
"During scheduled trip",3,25567,25564,291
"During scheduled trip",3,542,539,291
"During scheduled trip",3,25502,25499,291
"During scheduled trip",3,522,519,291
"During scheduled trip",3,25599,25596,291
"During scheduled trip",3,486,483,291
"During scheduled trip",3,159,156,291
"During scheduled trip",3,378,375,291
"During scheduled trip",3,462,459,291
"During scheduled trip",3,25351,25348,291
"During scheduled trip",3,25430,25427,291
"During scheduled trip",3,25328,25325,291
"During scheduled trip",3,25594,25591,291
"During scheduled trip",3,496,493,291
"During scheduled trip",3,7,4,291
"During scheduled trip",3,25332,25329,291
"During scheduled trip",3,25267,25264,291
"During scheduled trip",3,25705,25702,291
"During scheduled trip",3,364,361,291
"During scheduled trip",3,25247,25244,291
"During scheduled trip",3,42,39,291
"During scheduled trip",3,67,64,291
"During scheduled trip",3,337,334,291
"During scheduled trip",3,352,349,291
"During scheduled trip",3,363,360,291
"During scheduled trip",3,253,250,291
"During scheduled trip",3,25620,25617,291
"During scheduled trip",3,576,573,291
"During scheduled trip",3,25257,25254,291
"During scheduled trip",3,-13,-16,291
"During scheduled trip",3,25603,25600,291
"During scheduled trip",3,471,468,291
"During scheduled trip",3,553,550,291
"During scheduled trip",3,370,367,291
"During scheduled trip",3,336,333,291
"During scheduled trip",3,173,170,291
"During scheduled trip",3,25318,25315,291
"During scheduled trip",3,25256,25253,291
"During scheduled trip",3,25495,25492,291
"During scheduled trip",3,25438,25435,291
"During scheduled trip",3,369,366,291
"During scheduled trip",3,325,322,291
"During scheduled trip",3,342,339,291
"During scheduled trip",3,25261,25258,291
"During scheduled trip",3,25343,25340,291
"During scheduled trip",3,25432,25429,291
"During scheduled trip",3,92,89,291
"During scheduled trip",3,339,336,291
"During scheduled trip",3,196,193,291
"During scheduled trip",3,183,180,291
"During scheduled trip",3,25284,25281,291
"During scheduled trip",3,38,35,291
"During scheduled trip",3,25622,25619,291
"During scheduled trip",3,25751,25748,291
"During scheduled trip",3,25345,25342,291
"During scheduled trip",3,449,446,291
"During scheduled trip",3,25436,25433,291
"During scheduled trip",3,25501,25498,291
"During scheduled trip",3,585,582,291
"During scheduled trip",3,25544,25541,291
"During scheduled trip",3,25593,25590,291
"During scheduled trip",3,494,491,291
"During scheduled trip",3,217,214,291
"During scheduled trip",3,25394,25391,291
"During scheduled trip",3,374,371,291
"During scheduled trip",3,25295,25292,291
"During scheduled trip",3,25719,25716,291
"During scheduled trip",3,569,566,291
"During scheduled trip",3,498,495,291
"During scheduled trip",3,264,261,291
"During scheduled trip",3,-12,-15,291
"During scheduled trip",3,392,389,291
"During scheduled trip",3,480,477,291
"During scheduled trip",3,348,345,291
"During scheduled trip",3,592,589,291
"During scheduled trip",3,0,-3,291
"During scheduled trip",3,-10,-13,291
"During scheduled trip",3,-2,-5,291
"During scheduled trip",3,25515,25512,291
"During scheduled trip",3,25613,25610,291
"During scheduled trip",3,426,423,291
"During scheduled trip",3,25342,25339,291
"During scheduled trip",3,25278,25275,291
"During scheduled trip",3,25540,25537,291
"During scheduled trip",3,586,583,291
"During scheduled trip",3,375,372,291
"During scheduled trip",3,25597,25594,291
"During scheduled trip",3,419,416,291
"During scheduled trip",3,25573,25570,291
"During scheduled trip",3,587,584,291
"During scheduled trip",3,25522,25519,291
"During scheduled trip",3,519,516,291
"During scheduled trip",3,153,150,291
"During scheduled trip",3,25362,25359,291
"During scheduled trip",3,524,521,291
"During scheduled trip",3,597,594,291
"During scheduled trip",3,600,597,291
"During scheduled trip",3,296,293,291
"During scheduled trip",3,25368,25365,291
"During scheduled trip",3,25470,25467,291
"During scheduled trip",3,290,287,291
"During scheduled trip",3,393,390,291
"During scheduled trip",3,25331,25328,291
"During scheduled trip",3,18,15,291
"During scheduled trip",3,299,296,291
"During scheduled trip",3,25569,25566,291
"During scheduled trip",3,356,353,291
"During scheduled trip",3,25537,25534,291
"During scheduled trip",3,428,425,291
"During scheduled trip",3,25581,25578,291
"During scheduled trip",3,527,524,291
"During scheduled trip",3,485,482,291
"During scheduled trip",3,25292,25289,291
"During scheduled trip",3,25480,25477,291
"During scheduled trip",3,25416,25413,291
"During scheduled trip",3,108,105,291
"During scheduled trip",3,422,419,291
"During scheduled trip",3,25395,25392,291
"During scheduled trip",3,25638,25635,291
"During scheduled trip",3,198,195,291
"During scheduled trip",3,443,440,291
"During scheduled trip",3,113,110,291
"During scheduled trip",3,25299,25296,291
"During scheduled trip",3,25580,25577,291
"During scheduled trip",3,240,237,291
"During scheduled trip",3,58,55,291
"During scheduled trip",3,25509,25506,291
"During scheduled trip",3,421,418,291
"During scheduled trip",3,329,326,291
"During scheduled trip",3,298,295,291
"During scheduled trip",3,442,439,291
"During scheduled trip",3,25656,25653,291
"During scheduled trip",3,461,458,291
"During scheduled trip",3,25390,25387,291
"During scheduled trip",3,25398,25395,291
"During scheduled trip",3,25482,25479,291
"During scheduled trip",3,541,538,291
"During scheduled trip",3,246,243,291
"During scheduled trip",3,112,109,291
"During scheduled trip",3,347,344,291
"During scheduled trip",3,25632,25629,291
"During scheduled trip",3,25538,25535,291
"During scheduled trip",3,25618,25615,291
"During scheduled trip",3,25385,25382,291
"During scheduled trip",3,144,141,291
"During scheduled trip",3,362,359,291
"During scheduled trip",3,499,496,291
"During scheduled trip",3,410,407,291
"During scheduled trip",3,25498,25495,291
"During scheduled trip",3,103,100,291
"During scheduled trip",3,324,321,291
"During scheduled trip",3,25488,25485,291
"During scheduled trip",3,136,133,291
"During scheduled trip",3,25604,25601,291
"During scheduled trip",3,121,118,291
"During scheduled trip",3,25484,25481,291
"During scheduled trip",3,25320,25317,291
"During scheduled trip",3,25279,25276,291
"During scheduled trip",3,156,153,291
"During scheduled trip",3,219,216,291
"During scheduled trip",3,407,404,291
"During scheduled trip",3,25266,25263,291
"During scheduled trip",3,25445,25442,291
"During scheduled trip",3,25324,25321,291
"During scheduled trip",3,-6,-9,291
"During scheduled trip",3,127,124,291
"During scheduled trip",3,266,263,291
"During scheduled trip",3,391,388,291
"During scheduled trip",3,163,160,291
"During scheduled trip",3,340,337,291
"During scheduled trip",3,114,111,291
"During scheduled trip",3,202,199,291
"During scheduled trip",3,286,283,291
"During scheduled trip",3,467,464,291
"During scheduled trip",3,497,494,291
"During scheduled trip",3,256,253,291
"During scheduled trip",3,289,286,291
"During scheduled trip",3,25510,25507,291
"During scheduled trip",3,611,608,291
"During scheduled trip",3,355,352,291
"During scheduled trip",3,473,470,291
"During scheduled trip",3,269,266,291
"During scheduled trip",3,25571,25568,291
"During scheduled trip",3,25294,25291,291
"During scheduled trip",3,96,93,291
"During scheduled trip",3,25885,25882,291
"During scheduled trip",3,477,474,291
"During scheduled trip",3,179,176,291
"During scheduled trip",3,420,417,291
"During scheduled trip",3,25250,25247,291
"During scheduled trip",3,25465,25462,291
"During scheduled trip",3,188,185,291
"During scheduled trip",3,383,380,291
"During scheduled trip",3,309,306,291
"During scheduled trip",3,25403,25400,291
"During scheduled trip",3,459,456,291
"During scheduled trip",3,25293,25290,291
"During scheduled trip",3,25765,25762,291
"During scheduled trip",3,397,394,291
"During scheduled trip",3,69,66,291
"During scheduled trip",3,314,311,291
"During scheduled trip",3,500,497,291
"During scheduled trip",3,434,431,291
"During scheduled trip",3,313,310,291
"During scheduled trip",3,305,302,291
"During scheduled trip",3,445,442,291
"During scheduled trip",3,590,587,291
"During scheduled trip",3,25663,25660,291
"During scheduled trip",3,25286,25283,291
"During scheduled trip",3,25422,25419,291
"During scheduled trip",3,162,159,291
"During scheduled trip",3,272,269,291
"During scheduled trip",3,539,536,291
"During scheduled trip",3,556,553,291
"During scheduled trip",3,25414,25411,291
"During scheduled trip",3,25561,25558,291
"During scheduled trip",3,25427,25424,291
"During scheduled trip",3,25421,25418,291
"During scheduled trip",3,571,568,291
"During scheduled trip",3,580,577,291
"During scheduled trip",3,3,0,291
"During scheduled trip",3,25273,25270,291
"During scheduled trip",3,275,272,291
"During scheduled trip",3,584,581,291
"During scheduled trip",3,20,17,291
"During scheduled trip",3,284,281,291
"During scheduled trip",3,537,534,291
"During scheduled trip",3,187,184,291
"During scheduled trip",3,578,575,291
"During scheduled trip",3,25334,25331,291
"During scheduled trip",3,233,230,291
"During scheduled trip",3,311,308,291
"During scheduled trip",3,25302,25299,291
"During scheduled trip",3,-4,-7,291
"During scheduled trip",3,322,319,291
"During scheduled trip",3,220,217,291
"During scheduled trip",3,25238,25235,291
"During scheduled trip",3,117,114,291
"During scheduled trip",3,511,508,291
"During scheduled trip",3,25370,25367,291
"During scheduled trip",3,361,358,291
"During scheduled trip",3,303,300,291
"During scheduled trip",3,579,576,291
"During scheduled trip",3,384,381,291
"During scheduled trip",3,25288,25285,291
"During scheduled trip",3,514,511,291
"During scheduled trip",3,368,365,291
"During scheduled trip",3,25633,25630,291
"During scheduled trip",3,251,248,291
"During scheduled trip",3,25243,25240,291
"During scheduled trip",3,328,325,291
"During scheduled trip",3,25555,25552,291
"During scheduled trip",3,456,453,291
"During scheduled trip",3,547,544,291
"During scheduled trip",3,25253,25250,291
"During scheduled trip",3,12,9,291
"During scheduled trip",3,25372,25369,291
"During scheduled trip",3,301,298,291
"During scheduled trip",3,25560,25557,291
"During scheduled trip",3,447,444,291
"During scheduled trip",3,118,115,291
"During scheduled trip",3,110,107,291
"During scheduled trip",3,508,505,291
"During scheduled trip",3,381,378,291
"During scheduled trip",3,30,27,291
"During scheduled trip",3,25419,25416,291
"During scheduled trip",3,25364,25361,291
"During scheduled trip",3,39,36,291
"During scheduled trip",3,25239,25236,291
"During scheduled trip",3,165,162,291
"During scheduled trip",3,291,288,291
"During scheduled trip",3,25589,25586,291
"During scheduled trip",3,25504,25501,291
"During scheduled trip",3,436,433,291
"During scheduled trip",3,208,205,291
"During scheduled trip",3,238,235,291
"During scheduled trip",3,528,525,291
"During scheduled trip",3,25337,25334,291
"During scheduled trip",3,25402,25399,291
"During scheduled trip",3,25396,25393,291
"During scheduled trip",3,237,234,291
"During scheduled trip",3,35,32,291
"During scheduled trip",3,181,178,291
"During scheduled trip",3,25494,25491,291
"During scheduled trip",3,25637,25634,291
"During scheduled trip",3,398,395,291
"During scheduled trip",3,6,3,291
"During scheduled trip",3,33,30,291
"During scheduled trip",3,25363,25360,291
"During scheduled trip",3,534,531,291
"During scheduled trip",3,25550,25547,291
"During scheduled trip",3,372,369,291
"During scheduled trip",3,262,259,291
"During scheduled trip",3,25479,25476,291
"During scheduled trip",3,25441,25438,291
"During scheduled trip",3,25237,25234,291
"During scheduled trip",3,503,500,291
"During scheduled trip",3,25428,25425,291
"During scheduled trip",3,224,221,291
"During scheduled trip",3,394,391,291
"During scheduled trip",3,25582,25579,291
"During scheduled trip",3,-7,-10,291
"During scheduled trip",3,25369,25366,291
"During scheduled trip",3,479,476,291
"During scheduled trip",3,25275,25272,291
"During scheduled trip",3,86,83,291
"During scheduled trip",3,212,209,291
"During scheduled trip",3,405,402,291
"During scheduled trip",3,596,593,291
"During scheduled trip",3,25359,25356,291
"During scheduled trip",3,25411,25408,291
"During scheduled trip",3,190,187,291
"During scheduled trip",3,192,189,291
"During scheduled trip",3,25601,25598,291
"During scheduled trip",3,25489,25486,291
"During scheduled trip",3,469,466,291
"During scheduled trip",3,343,340,291
"During scheduled trip",3,25263,25260,291
"During scheduled trip",3,123,120,291
"During scheduled trip",3,154,151,291
"During scheduled trip",3,502,499,291
"During scheduled trip",3,210,207,291
"During scheduled trip",3,350,347,291
"During scheduled trip",3,25280,25277,291
"During scheduled trip",3,412,409,291
"During scheduled trip",3,464,461,291
"During scheduled trip",3,25338,25335,291
"During scheduled trip",3,25406,25403,291
"During scheduled trip",3,25244,25241,291
"During scheduled trip",3,323,320,291
"During scheduled trip",3,25379,25376,291
"During scheduled trip",3,25548,25545,291
"During scheduled trip",3,582,579,291
"During scheduled trip",3,25401,25398,291
"During scheduled trip",3,124,121,291
"During scheduled trip",3,53,50,291
"During scheduled trip",3,25348,25345,291
"During scheduled trip",3,351,348,291
"During scheduled trip",3,25595,25592,291
"During scheduled trip",3,371,368,291
"During scheduled trip",3,25565,25562,291
"During scheduled trip",3,402,399,291
"During scheduled trip",3,432,429,291
"During scheduled trip",3,509,506,291
"During scheduled trip",3,484,481,291
"During scheduled trip",3,25615,25612,291
"During scheduled trip",3,505,502,291
"During scheduled trip",3,25321,25318,291
"During scheduled trip",3,25391,25388,291
"During scheduled trip",3,295,292,291
"During scheduled trip",3,326,323,291
"During scheduled trip",3,460,457,291
"During scheduled trip",3,431,428,291
"During scheduled trip",3,25641,25638,291
"During scheduled trip",3,552,549,291
"During scheduled trip",3,401,398,291
"During scheduled trip",3,8,5,291
"During scheduled trip",3,25451,25448,291
"During scheduled trip",3,206,203,291
"During scheduled trip",3,572,569,291
"During scheduled trip",3,213,210,291
"During scheduled trip",3,25577,25574,291
"During scheduled trip",3,550,547,291
"During scheduled trip",3,520,517,291
"During scheduled trip",3,25269,25266,291
"During scheduled trip",3,25585,25582,291
"During scheduled trip",3,602,599,291
"During scheduled trip",3,25283,25280,291
"During scheduled trip",3,344,341,291
"During scheduled trip",3,25300,25297,291
"During scheduled trip",3,215,212,291
"During scheduled trip",3,25531,25528,291
"During scheduled trip",3,147,144,291
"During scheduled trip",3,149,146,291
"During scheduled trip",3,25268,25265,291
"During scheduled trip",3,125,122,291
"During scheduled trip",3,29,26,291
"During scheduled trip",3,91,88,291
"During scheduled trip",3,170,167,291
"During scheduled trip",3,180,177,291
"During scheduled trip",3,62,59,291
"During scheduled trip",3,134,131,291
"During scheduled trip",3,418,415,291
"During scheduled trip",3,25431,25428,291
"During scheduled trip",3,25443,25440,291
"During scheduled trip",3,25248,25245,291
"During scheduled trip",3,25450,25447,291
"During scheduled trip",3,396,393,291
"During scheduled trip",3,65,62,291
"During scheduled trip",3,50,47,291
"During scheduled trip",3,345,342,291
"During scheduled trip",3,385,382,291
"During scheduled trip",3,25387,25384,291
"During scheduled trip",3,294,291,291
"During scheduled trip",3,83,80,291
"During scheduled trip",3,281,278,291
"During scheduled trip",3,446,443,291
"During scheduled trip",3,25481,25478,291
"During scheduled trip",3,25534,25531,291
"During scheduled trip",3,414,411,291
"During scheduled trip",3,25424,25421,291
"During scheduled trip",3,25518,25515,291
"During scheduled trip",3,25645,25642,291
"During scheduled trip",3,48,45,291
"During scheduled trip",3,146,143,291
"During scheduled trip",3,56,53,291
"During scheduled trip",3,25611,25608,291
"During scheduled trip",3,235,232,291
"During scheduled trip",3,25453,25450,291
"During scheduled trip",3,386,383,291
"During scheduled trip",3,489,486,291
"During scheduled trip",3,66,63,291
"During scheduled trip",3,100,97,291
"During scheduled trip",3,227,224,291
"During scheduled trip",3,441,438,291
"During scheduled trip",3,82,79,291
"During scheduled trip",3,222,219,291
"During scheduled trip",3,244,241,291
"During scheduled trip",3,277,274,291
"During scheduled trip",3,560,557,291
"During scheduled trip",3,25446,25443,291
"During scheduled trip",3,25511,25508,291
"During scheduled trip",3,525,522,291
"During scheduled trip",3,388,385,291
"During scheduled trip",3,57,54,291
"During scheduled trip",3,89,86,291
"During scheduled trip",3,327,324,291
"During scheduled trip",3,359,356,291
"During scheduled trip",3,254,251,291
"During scheduled trip",3,230,227,291
"During scheduled trip",3,25486,25483,291
"During scheduled trip",3,90,87,291
"During scheduled trip",3,17,14,291
"During scheduled trip",3,25409,25406,291
"During scheduled trip",3,25478,25475,291
"During scheduled trip",3,475,472,291
"During scheduled trip",3,566,563,291
"During scheduled trip",3,25702,25699,291
"During scheduled trip",3,282,279,291
"During scheduled trip",3,382,379,291
"During scheduled trip",3,25358,25355,291
"During scheduled trip",3,25640,25637,291
"During scheduled trip",3,25437,25434,291
"During scheduled trip",3,140,137,291
"During scheduled trip",3,312,309,291
"During scheduled trip",3,474,471,291
"During scheduled trip",3,526,523,291
"During scheduled trip",3,25322,25319,291
"During scheduled trip",3,25274,25271,291
"During scheduled trip",3,25456,25453,291
"During scheduled trip",3,25513,25510,291
"During scheduled trip",3,399,396,291
"During scheduled trip",3,341,338,291
"During scheduled trip",3,27,24,291
"During scheduled trip",3,87,84,291
"During scheduled trip",3,9,6,291
"During scheduled trip",3,109,106,291
"During scheduled trip",3,25255,25252,291
"During scheduled trip",3,193,190,291
"During scheduled trip",3,229,226,291
"During scheduled trip",3,24,21,291
"During scheduled trip",3,93,90,291
"During scheduled trip",3,506,503,291
"During scheduled trip",3,25341,25338,291
"During scheduled trip",3,189,186,291
"During scheduled trip",3,490,487,291
"During scheduled trip",3,25462,25459,291
"During scheduled trip",3,25447,25444,291
"During scheduled trip",3,186,183,291
"During scheduled trip",3,430,427,291
"During scheduled trip",3,25642,25639,291
"During scheduled trip",3,308,305,291
"During scheduled trip",3,561,558,291
"During scheduled trip",3,411,408,291
"During scheduled trip",3,25272,25269,291
"During scheduled trip",3,223,220,291
"During scheduled trip",3,171,168,291
"During scheduled trip",3,413,410,291
"During scheduled trip",3,300,297,291
"During scheduled trip",3,529,526,291
"During scheduled trip",3,142,139,291
"During scheduled trip",3,37,34,291
"During scheduled trip",3,25350,25347,291
"During scheduled trip",3,25527,25524,291
"During scheduled trip",3,25591,25588,291
"During scheduled trip",3,25397,25394,291
"During scheduled trip",3,25249,25246,291
"During scheduled trip",3,25271,25268,291
"During scheduled trip",3,261,258,291
"During scheduled trip",3,25265,25262,291
"During scheduled trip",3,551,548,291
"During scheduled trip",3,25383,25380,291
"During scheduled trip",3,270,267,291
"During scheduled trip",3,137,134,291
"During scheduled trip",3,174,171,291
"During scheduled trip",3,488,485,291
"During scheduled trip",3,454,451,291
"During scheduled trip",3,377,374,291
"During scheduled trip",3,423,420,291
"During scheduled trip",3,25296,25293,291
"During scheduled trip",3,491,488,291
"During scheduled trip",3,25533,25530,291
"During scheduled trip",3,25536,25533,291
"During scheduled trip",3,25551,25548,291
"During scheduled trip",3,32,29,291
"During scheduled trip",3,88,85,291
"During scheduled trip",3,25260,25257,291
"During scheduled trip",3,292,289,291
"During scheduled trip",3,59,56,291
"During scheduled trip",3,25389,25386,291
"During scheduled trip",3,46,43,291
"During scheduled trip",3,543,540,291
"During scheduled trip",3,25458,25455,291
"During scheduled trip",3,25825,25822,291
"During scheduled trip",3,482,479,291
"During scheduled trip",3,25483,25480,291
"During scheduled trip",3,25355,25352,291
"During scheduled trip",3,353,350,291
"During scheduled trip",3,228,225,291
"During scheduled trip",3,280,277,291
"During scheduled trip",3,25439,25436,291
"During scheduled trip",3,25541,25538,291
"During scheduled trip",3,25313,25310,291
"During scheduled trip",3,285,282,291
"During scheduled trip",3,25392,25389,291
"During scheduled trip",3,25304,25301,291
"During scheduled trip",3,25626,25623,291
"During scheduled trip",3,25497,25494,291
"During scheduled trip",3,545,542,291
"During scheduled trip",3,25297,25294,291
"During scheduled trip",3,102,99,291
"During scheduled trip",3,234,231,291
"During scheduled trip",3,25448,25445,291
"During scheduled trip",3,216,213,291
"During scheduled trip",3,25602,25599,291
"During scheduled trip",3,197,194,291
"During scheduled trip",3,493,490,291
"During scheduled trip",3,155,152,291
"During scheduled trip",3,-9,-12,291
"During scheduled trip",3,25354,25351,291
"During scheduled trip",3,25386,25383,291
"During scheduled trip",3,25457,25454,291
"During scheduled trip",3,25617,25614,291
"During scheduled trip",3,507,504,291
"During scheduled trip",3,357,354,291
"During scheduled trip",3,25285,25282,291
"During scheduled trip",3,150,147,291
"During scheduled trip",3,320,317,291
"During scheduled trip",3,536,533,291
"During scheduled trip",3,25336,25333,291
"During scheduled trip",3,25519,25516,291
"During scheduled trip",3,25657,25654,291
"During scheduled trip",3,25349,25346,291
"During scheduled trip",3,25399,25396,291
"During scheduled trip",3,25621,25618,291
"During scheduled trip",3,321,318,291
"During scheduled trip",3,25316,25313,291
"During scheduled trip",3,25346,25343,291
"During scheduled trip",3,424,421,291
"During scheduled trip",3,25487,25484,291
"During scheduled trip",3,135,132,291
"During scheduled trip",3,25556,25553,291
"During scheduled trip",3,199,196,291
"During scheduled trip",3,258,255,291
"During scheduled trip",3,204,201,291
"During scheduled trip",3,25516,25513,291
"During scheduled trip",3,575,572,291
"During scheduled trip",3,331,328,291
"During scheduled trip",3,25605,25602,291
"During scheduled trip",3,512,509,291
"During scheduled trip",3,105,102,291
"During scheduled trip",3,513,510,291
"During scheduled trip",3,25365,25362,291
"During scheduled trip",3,55,52,291
"During scheduled trip",3,260,257,291
"During scheduled trip",3,570,567,291
"During scheduled trip",3,25490,25487,291
"During scheduled trip",3,408,405,291
"During scheduled trip",3,247,244,291
"During scheduled trip",3,25652,25649,291
"During scheduled trip",3,439,436,291
"During scheduled trip",3,25412,25409,291
"During scheduled trip",3,79,76,291
"During scheduled trip",3,203,200,291
"During scheduled trip",3,564,561,291
"During scheduled trip",3,207,204,291
"During scheduled trip",3,310,307,291
"During scheduled trip",3,558,555,291
"During scheduled trip",3,25388,25385,291
"During scheduled trip",3,25471,25468,291
"During scheduled trip",3,25311,25308,291
"During scheduled trip",3,25404,25401,291
"During scheduled trip",3,25393,25390,291
"During scheduled trip",3,25503,25500,291
"During scheduled trip",3,81,78,291
"During scheduled trip",3,250,247,291
"During scheduled trip",3,25323,25320,291
"During scheduled trip",3,205,202,291
"During scheduled trip",3,265,262,291
"During scheduled trip",3,594,591,291
"During scheduled trip",3,80,77,291
"During scheduled trip",3,-5,-8,291
"During scheduled trip",3,492,489,291
"During scheduled trip",3,535,532,291
"During scheduled trip",3,25258,25255,291
"During scheduled trip",3,168,165,291
"During scheduled trip",3,25557,25554,291
"During scheduled trip",3,25539,25536,291
"During scheduled trip",3,25535,25532,291
"During scheduled trip",3,495,492,291
"During scheduled trip",3,25526,25523,291
"During scheduled trip",3,349,346,291
"During scheduled trip",3,25361,25358,291
"During scheduled trip",3,40,37,291
"During scheduled trip",3,25333,25330,291
"During scheduled trip",3,531,528,291
"During scheduled trip",3,25467,25464,291
"During scheduled trip",3,25242,25239,291
"During scheduled trip",3,120,117,291
"During scheduled trip",3,126,123,291
"During scheduled trip",3,25352,25349,291
"During scheduled trip",3,98,95,291
"During scheduled trip",3,95,92,291
"During scheduled trip",3,14,11,291
"During scheduled trip",3,25312,25309,291
"During scheduled trip",3,617,614,291
"During scheduled trip",3,463,460,291
"During scheduled trip",3,25262,25259,291
"During scheduled trip",3,25418,25415,291
"During scheduled trip",3,41,38,291
"During scheduled trip",3,25377,25374,291
"During scheduled trip",3,25485,25482,291
"During scheduled trip",3,25347,25344,291
"During scheduled trip",3,107,104,291
"During scheduled trip",3,25234,25231,291
"During scheduled trip",3,25440,25437,291
"During scheduled trip",3,122,119,291
"During scheduled trip",3,25562,25559,291
"During scheduled trip",3,406,403,291
"During scheduled trip",3,221,218,291
"During scheduled trip",3,25493,25490,291
"During scheduled trip",3,487,484,291
"During scheduled trip",3,279,276,291
"During scheduled trip",3,15,12,291
"During scheduled trip",3,25307,25304,291
"During scheduled trip",3,330,327,291
"During scheduled trip",3,416,413,291
"During scheduled trip",3,455,452,291
"During scheduled trip",3,25691,25688,291
"During scheduled trip",3,209,206,291
"During scheduled trip",3,25,22,291
"During scheduled trip",3,184,181,291
"During scheduled trip",3,25429,25426,291
"During scheduled trip",3,25476,25473,291
"During scheduled trip",3,273,270,291
"During scheduled trip",3,25701,25698,291
"During scheduled trip",3,452,449,291
"During scheduled trip",3,25277,25274,291
"During scheduled trip",3,588,585,291
"During scheduled trip",3,25614,25611,291
"During scheduled trip",3,567,564,291
"During scheduled trip",3,148,145,291
"During scheduled trip",3,478,475,291
"During scheduled trip",3,429,426,291
"During scheduled trip",3,25282,25279,291
"During scheduled trip",3,518,515,291
"During scheduled trip",3,354,351,291
"During scheduled trip",3,25568,25565,291
"During scheduled trip",3,169,166,291
"During scheduled trip",3,465,462,291
"During scheduled trip",3,438,435,291
"During scheduled trip",3,549,546,291
"During scheduled trip",3,458,455,291
"During scheduled trip",3,25298,25295,291
"During scheduled trip",3,25460,25457,291
"During scheduled trip",3,346,343,291
"During scheduled trip",3,25420,25417,291
"During scheduled trip",3,25309,25306,291
"During scheduled trip",3,255,252,291
"During scheduled trip",3,451,448,291
"During scheduled trip",3,25306,25303,291
"During scheduled trip",3,25339,25336,291
"During scheduled trip",3,25291,25288,291
"During scheduled trip",3,481,478,291
"During scheduled trip",3,31,28,291
"During scheduled trip",3,25315,25312,291
"During scheduled trip",3,49,46,291
"During scheduled trip",3,25477,25474,291
"During scheduled trip",3,334,331,291
"During scheduled trip",3,25415,25412,291
"During scheduled trip",3,167,164,291
"During scheduled trip",3,25512,25509,291
"During scheduled trip",3,25553,25550,291
"During scheduled trip",3,239,236,291
"During scheduled trip",3,25500,25497,291
"During scheduled trip",3,25659,25656,291
"During scheduled trip",3,448,445,291
"During scheduled trip",3,577,574,291
"During scheduled trip",3,26,23,291
"During scheduled trip",3,25319,25316,291
"During scheduled trip",3,25455,25452,291
"During scheduled trip",3,25329,25326,291
"During scheduled trip",3,43,40,291
"During scheduled trip",3,25353,25350,291
"During scheduled trip",3,25651,25648,291
"During scheduled trip",3,25564,25561,291
"During scheduled trip",3,25303,25300,291
"During scheduled trip",3,133,130,291
"During scheduled trip",3,25360,25357,291
"During scheduled trip",3,297,294,291
"During scheduled trip",3,70,67,291
"During scheduled trip",3,25444,25441,291
"During scheduled trip",3,22,19,291
"During scheduled trip",3,25523,25520,291
"During scheduled trip",3,315,312,291
"During scheduled trip",3,425,422,291
"During scheduled trip",3,97,94,291
"During scheduled trip",3,278,275,291
"During scheduled trip",3,483,480,291
"During scheduled trip",3,45,42,291
"During scheduled trip",3,25314,25311,291
"During scheduled trip",3,177,174,291
"During scheduled trip",3,44,41,291
"During scheduled trip",3,25575,25572,291
"During scheduled trip",3,25631,25628,291
"During scheduled trip",3,583,580,291
"During scheduled trip",3,274,271,291
"During scheduled trip",3,25356,25353,291
"During scheduled trip",3,25579,25576,291
"During scheduled trip",3,158,155,291
"During scheduled trip",3,555,552,291
"During scheduled trip",3,25658,25655,291
"During scheduled trip",3,178,175,291
"During scheduled trip",3,25459,25456,291
"During scheduled trip",3,373,370,291
"During scheduled trip",3,591,588,291
"During scheduled trip",3,307,304,291
"During scheduled trip",3,25506,25503,291
"During scheduled trip",3,-8,-11,291
"During scheduled trip",3,19,16,291
"During scheduled trip",3,470,467,291
"During scheduled trip",3,365,362,291
"During scheduled trip",3,400,397,291
"During scheduled trip",3,243,240,291
"During scheduled trip",3,601,598,291
"During scheduled trip",3,25496,25493,291
"During scheduled trip",3,25464,25461,291
"During scheduled trip",3,164,161,291
"During scheduled trip",3,540,537,291
"During scheduled trip",3,4,1,291
"During scheduled trip",3,25610,25607,291
"During scheduled trip",3,11,8,291
"During scheduled trip",3,23,20,291
"During scheduled trip",3,25505,25502,291
"During scheduled trip",3,36,33,291
"During scheduled trip",3,25629,25626,291
"During scheduled trip",3,-1,-4,291
"During scheduled trip",3,175,172,291
"During scheduled trip",3,389,386,291
"During scheduled trip",3,366,363,291
"During scheduled trip",3,387,384,291
"During scheduled trip",3,25559,25556,291
"During scheduled trip",3,379,376,291
"During scheduled trip",3,25276,25273,291
"During scheduled trip",3,532,529,291
"During scheduled trip",3,75,72,291
"During scheduled trip",3,25308,25305,291
"During scheduled trip",3,25649,25646,291
"During scheduled trip",3,200,197,291
"During scheduled trip",3,25407,25404,291
"During scheduled trip",3,119,116,291
"During scheduled trip",3,138,135,291
"During scheduled trip",3,395,392,291
"During scheduled trip",3,338,335,291
"During scheduled trip",3,13,10,291
"During scheduled trip",3,25327,25324,291
"During scheduled trip",3,25598,25595,291
"During scheduled trip",3,318,315,291
"During scheduled trip",3,437,434,291
"During scheduled trip",3,25366,25363,291
"During scheduled trip",3,554,551,291
"During scheduled trip",3,562,559,291
"During scheduled trip",3,111,108,291
"During scheduled trip",3,25545,25542,291
"During scheduled trip",3,25367,25364,291
"During scheduled trip",3,25344,25341,291
"During scheduled trip",3,106,103,291
"During scheduled trip",3,259,256,291
"During scheduled trip",3,25264,25261,291
"During scheduled trip",3,25492,25489,291
"During scheduled trip",3,236,233,291
"During scheduled trip",3,25371,25368,291
"During scheduled trip",3,317,314,291
"During scheduled trip",3,25435,25432,291
"During scheduled trip",3,-3,-6,291
"During scheduled trip",3,546,543,291
"During scheduled trip",3,538,535,291
"During scheduled trip",3,25259,25256,291
"During scheduled trip",3,25468,25465,291
"During scheduled trip",3,257,254,291
"During scheduled trip",3,319,316,291
"During scheduled trip",3,25434,25431,291
"During scheduled trip",3,141,138,291
"During scheduled trip",3,211,208,291
"During scheduled trip",3,268,265,291
"During scheduled trip",3,335,332,291
"During scheduled trip",3,25423,25420,291
"During scheduled trip",3,367,364,291
"During scheduled trip",3,160,157,291
"During scheduled trip",3,263,260,291
"During scheduled trip",3,440,437,291
"During scheduled trip",3,25289,25286,291
"During scheduled trip",3,25616,25613,291
"During scheduled trip",3,201,198,291
"During scheduled trip",3,501,498,291
"During scheduled trip",3,25381,25378,291
"During scheduled trip",3,25378,25375,291
"During scheduled trip",3,25357,25354,291
"During scheduled trip",3,182,179,291
"During scheduled trip",3,241,238,291
"During scheduled trip",3,191,188,291
"During scheduled trip",3,232,229,291
"During scheduled trip",3,25469,25466,291
"During scheduled trip",3,25473,25470,291
"During scheduled trip",3,574,571,291
"During scheduled trip",3,415,412,291
"During scheduled trip",3,94,91,291
"During scheduled trip",3,25426,25423,291
"During scheduled trip",3,25558,25555,291
"During scheduled trip",3,25563,25560,291
"During scheduled trip",3,63,60,291
"During scheduled trip",3,25543,25540,291
"During scheduled trip",3,151,148,291
"During scheduled trip",3,557,554,291
"During scheduled trip",3,25317,25314,291
"During scheduled trip",3,25252,25249,291
"During scheduled trip",3,172,169,291
"During scheduled trip",3,288,285,291
"During scheduled trip",3,25287,25284,291
"During scheduled trip",3,231,228,291
"During scheduled trip",3,25240,25237,291
"During scheduled trip",3,332,329,291
"During scheduled trip",3,25514,25511,291
"During scheduled trip",3,466,463,291
"During scheduled trip",3,25532,25529,291
"During scheduled trip",3,517,514,291
"During scheduled trip",3,132,129,291
"During scheduled trip",3,25472,25469,291
"During scheduled trip",3,25246,25243,291
"During scheduled trip",3,304,301,291
"During scheduled trip",3,25410,25407,291
"During scheduled trip",3,25340,25337,291
"During scheduled trip",3,25628,25625,291
"During scheduled trip",3,25596,25593,291
"During scheduled trip",3,47,44,291
"During scheduled trip",3,99,96,291
"During scheduled trip",3,25499,25496,291
"During scheduled trip",3,25305,25302,291
"During scheduled trip",3,185,182,291
"During scheduled trip",3,523,520,291
"During scheduled trip",3,25384,25381,291
"During scheduled trip",3,84,81,291
"During scheduled trip",3,249,246,291
"During scheduled trip",3,25811,25808,291
"During scheduled trip",3,376,373,291
"During scheduled trip",3,34,31,291
"During scheduled trip",3,25590,25587,291
"During scheduled trip",3,104,101,291
"During scheduled trip",3,128,125,291
"During scheduled trip",3,293,290,291
"During scheduled trip",3,271,268,291
"During scheduled trip",3,25417,25414,291
"During scheduled trip",3,-11,-14,291
"During scheduled trip",3,533,530,291
"During scheduled trip",3,225,222,291
"During scheduled trip",3,544,541,291
"During scheduled trip",3,510,507,291
"During scheduled trip",3,5,2,291
"During scheduled trip",3,25442,25439,291
"During scheduled trip",3,25542,25539,291
"During scheduled trip",3,139,136,291
"During scheduled trip",3,252,249,291
"During scheduled trip",3,214,211,291
"During scheduled trip",3,476,473,291
"During scheduled trip",3,72,69,291
"During scheduled trip",3,333,330,291
"During scheduled trip",3,25374,25371,291
"During scheduled trip",3,25461,25458,291
"During scheduled trip",3,287,284,291
"During scheduled trip",3,403,400,291
"Post scheduled trip end time",3,25335,25332,4020.5
"Post scheduled trip end time",3,1382,1379,4020.5
"Post scheduled trip end time",3,105,102,4020.5
"Post scheduled trip end time",3,25571,25568,4020.5
"Post scheduled trip end time",3,554,551,4020.5
"Post scheduled trip end time",3,369,366,4020.5
"Post scheduled trip end time",3,25451,25448,4020.5
"Post scheduled trip end time",3,97,94,4020.5
"Post scheduled trip end time",3,1622,1619,4020.5
"Post scheduled trip end time",3,487,484,4020.5
"Post scheduled trip end time",3,25278,25275,4020.5
"Post scheduled trip end time",3,542,539,4020.5
"Post scheduled trip end time",3,25351,25348,4020.5
"Post scheduled trip end time",3,472,469,4020.5
"Post scheduled trip end time",3,252,249,4020.5
"Post scheduled trip end time",3,265,262,4020.5
"Post scheduled trip end time",3,600,597,4020.5
"Post scheduled trip end time",3,25489,25486,4020.5
"Post scheduled trip end time",3,1260,1257,4020.5
"Post scheduled trip end time",3,25402,25399,4020.5
"Post scheduled trip end time",3,264,261,4020.5
"Post scheduled trip end time",3,538,535,4020.5
"Post scheduled trip end time",3,4,1,4020.5
"Post scheduled trip end time",3,25324,25321,4020.5
"Post scheduled trip end time",3,25480,25477,4020.5
"Post scheduled trip end time",3,780,777,4020.5
"Post scheduled trip end time",3,348,345,4020.5
"Post scheduled trip end time",3,25354,25351,4020.5
"Post scheduled trip end time",3,25281,25278,4020.5
"Post scheduled trip end time",3,25376,25373,4020.5
"Post scheduled trip end time",3,25549,25546,4020.5
"Post scheduled trip end time",3,350,347,4020.5
"Post scheduled trip end time",3,323,320,4020.5
"Post scheduled trip end time",3,25430,25427,4020.5
"Post scheduled trip end time",3,25385,25382,4020.5
"Post scheduled trip end time",3,353,350,4020.5
"Post scheduled trip end time",3,228,225,4020.5
"Post scheduled trip end time",3,25277,25274,4020.5
"Post scheduled trip end time",3,286,283,4020.5
"Post scheduled trip end time",3,250,247,4020.5
"Post scheduled trip end time",3,139,136,4020.5
"Post scheduled trip end time",3,25644,25641,4020.5
"Post scheduled trip end time",3,25600,25597,4020.5
"Post scheduled trip end time",3,131,128,4020.5
"Post scheduled trip end time",3,13,10,4020.5
"Post scheduled trip end time",3,140,137,4020.5
"Post scheduled trip end time",3,25401,25398,4020.5
"Post scheduled trip end time",3,31,28,4020.5
"Post scheduled trip end time",3,435,432,4020.5
"Post scheduled trip end time",3,191,188,4020.5
"Post scheduled trip end time",3,418,415,4020.5
"Post scheduled trip end time",3,450,447,4020.5
"Post scheduled trip end time",3,212,209,4020.5
"Post scheduled trip end time",3,128,125,4020.5
"Post scheduled trip end time",3,108,105,4020.5
"Post scheduled trip end time",3,240,237,4020.5
"Post scheduled trip end time",3,546,543,4020.5
"Post scheduled trip end time",3,164,161,4020.5
"Post scheduled trip end time",3,768,765,4020.5
"Post scheduled trip end time",3,380,377,4020.5
"Post scheduled trip end time",3,442,439,4020.5
"Post scheduled trip end time",3,568,565,4020.5
"Post scheduled trip end time",3,25383,25380,4020.5
"Post scheduled trip end time",3,505,502,4020.5
"Post scheduled trip end time",3,119,116,4020.5
"Post scheduled trip end time",3,177,174,4020.5
"Post scheduled trip end time",3,482,479,4020.5
"Post scheduled trip end time",3,96,93,4020.5
"Post scheduled trip end time",3,25349,25346,4020.5
"Post scheduled trip end time",3,527,524,4020.5
"Post scheduled trip end time",3,25441,25438,4020.5
"Post scheduled trip end time",3,25453,25450,4020.5
"Post scheduled trip end time",3,479,476,4020.5
"Post scheduled trip end time",3,1488,1485,4020.5
"Post scheduled trip end time",3,496,493,4020.5
"Post scheduled trip end time",3,25466,25463,4020.5
"Post scheduled trip end time",3,206,203,4020.5
"Post scheduled trip end time",3,232,229,4020.5
"Post scheduled trip end time",3,610,607,4020.5
"Post scheduled trip end time",3,59,56,4020.5
"Post scheduled trip end time",3,25467,25464,4020.5
"Post scheduled trip end time",3,324,321,4020.5
"Post scheduled trip end time",3,25346,25343,4020.5
"Post scheduled trip end time",3,25390,25387,4020.5
"Post scheduled trip end time",3,416,413,4020.5
"Post scheduled trip end time",3,343,340,4020.5
"Post scheduled trip end time",3,567,564,4020.5
"Post scheduled trip end time",3,66,63,4020.5
"Post scheduled trip end time",3,355,352,4020.5
"Post scheduled trip end time",3,137,134,4020.5
"Post scheduled trip end time",3,134,131,4020.5
"Post scheduled trip end time",3,89,86,4020.5
"Post scheduled trip end time",3,36,33,4020.5
"Post scheduled trip end time",3,169,166,4020.5
"Post scheduled trip end time",3,42,39,4020.5
"Post scheduled trip end time",3,25389,25386,4020.5
"Post scheduled trip end time",3,25300,25297,4020.5
"Post scheduled trip end time",3,814,811,4020.5
"Post scheduled trip end time",3,25253,25250,4020.5
"Post scheduled trip end time",3,116,113,4020.5
"Post scheduled trip end time",3,912,909,4020.5
"Post scheduled trip end time",3,25440,25437,4020.5
"Post scheduled trip end time",3,193,190,4020.5
"Post scheduled trip end time",3,8,5,4020.5
"Post scheduled trip end time",3,115,112,4020.5
"Post scheduled trip end time",3,275,272,4020.5
"Post scheduled trip end time",3,25446,25443,4020.5
"Post scheduled trip end time",3,25469,25466,4020.5
"Post scheduled trip end time",3,129,126,4020.5
"Post scheduled trip end time",3,25333,25330,4020.5
"Post scheduled trip end time",3,374,371,4020.5
"Post scheduled trip end time",3,208,205,4020.5
"Post scheduled trip end time",3,15,12,4020.5
"Post scheduled trip end time",3,476,473,4020.5
"Post scheduled trip end time",3,25493,25490,4020.5
"Post scheduled trip end time",3,25433,25430,4020.5
"Post scheduled trip end time",3,25443,25440,4020.5
"Post scheduled trip end time",3,551,548,4020.5
"Post scheduled trip end time",3,200,197,4020.5
"Post scheduled trip end time",3,47,44,4020.5
"Post scheduled trip end time",3,25473,25470,4020.5
"Post scheduled trip end time",3,25259,25256,4020.5
"Post scheduled trip end time",3,25447,25444,4020.5
"Post scheduled trip end time",3,511,508,4020.5
"Post scheduled trip end time",3,483,480,4020.5
"Post scheduled trip end time",3,25506,25503,4020.5
"Post scheduled trip end time",3,960,957,4020.5
"Post scheduled trip end time",3,494,491,4020.5
"Post scheduled trip end time",3,41,38,4020.5
"Post scheduled trip end time",3,123,120,4020.5
"Post scheduled trip end time",3,290,287,4020.5
"Post scheduled trip end time",3,25361,25358,4020.5
"Post scheduled trip end time",3,298,295,4020.5
"Post scheduled trip end time",3,256,253,4020.5
"Post scheduled trip end time",3,109,106,4020.5
"Post scheduled trip end time",3,180,177,4020.5
"Post scheduled trip end time",3,25267,25264,4020.5
"Post scheduled trip end time",3,1024,1021,4020.5
"Post scheduled trip end time",3,83,80,4020.5
"Post scheduled trip end time",3,474,471,4020.5
"Post scheduled trip end time",3,25263,25260,4020.5
"Post scheduled trip end time",3,48,45,4020.5
"Post scheduled trip end time",3,156,153,4020.5
"Post scheduled trip end time",3,60,57,4020.5
"Post scheduled trip end time",3,25629,25626,4020.5
"Post scheduled trip end time",3,25526,25523,4020.5
"Post scheduled trip end time",3,269,266,4020.5
"Post scheduled trip end time",3,299,296,4020.5
"Post scheduled trip end time",3,5,2,4020.5
"Post scheduled trip end time",3,68,65,4020.5
"Post scheduled trip end time",3,99,96,4020.5
"Post scheduled trip end time",3,242,239,4020.5
"Post scheduled trip end time",3,25598,25595,4020.5
"Post scheduled trip end time",3,414,411,4020.5
"Post scheduled trip end time",3,400,397,4020.5
"Post scheduled trip end time",3,78,75,4020.5
"Post scheduled trip end time",3,249,246,4020.5
"Post scheduled trip end time",3,25306,25303,4020.5
"Post scheduled trip end time",3,198,195,4020.5
"Post scheduled trip end time",3,102,99,4020.5
"Post scheduled trip end time",3,553,550,4020.5
"Post scheduled trip end time",3,284,281,4020.5
"Post scheduled trip end time",3,77,74,4020.5
"Post scheduled trip end time",3,81,78,4020.5
"Post scheduled trip end time",3,51,48,4020.5
"Post scheduled trip end time",3,25534,25531,4020.5
"Post scheduled trip end time",3,278,275,4020.5
"Post scheduled trip end time",3,358,355,4020.5
"Post scheduled trip end time",3,409,406,4020.5
"Post scheduled trip end time",3,359,356,4020.5
"Post scheduled trip end time",3,342,339,4020.5
"Post scheduled trip end time",3,167,164,4020.5
"Post scheduled trip end time",3,25339,25336,4020.5
"Post scheduled trip end time",3,-7,-10,4020.5
"Post scheduled trip end time",3,660,657,4020.5
"Post scheduled trip end time",3,92,89,4020.5
"Post scheduled trip end time",3,438,435,4020.5
"Post scheduled trip end time",3,25365,25362,4020.5
"Post scheduled trip end time",3,101,98,4020.5
"Post scheduled trip end time",3,176,173,4020.5
"Post scheduled trip end time",3,205,202,4020.5
"Post scheduled trip end time",3,153,150,4020.5
"Post scheduled trip end time",3,25262,25259,4020.5
"Post scheduled trip end time",3,25296,25293,4020.5
"Post scheduled trip end time",3,125,122,4020.5
"Post scheduled trip end time",3,235,232,4020.5
"Post scheduled trip end time",3,25476,25473,4020.5
"Post scheduled trip end time",3,211,208,4020.5
"Post scheduled trip end time",3,230,227,4020.5
"Post scheduled trip end time",3,411,408,4020.5
"Post scheduled trip end time",3,1274,1271,4020.5
"Post scheduled trip end time",3,537,534,4020.5
"Post scheduled trip end time",3,443,440,4020.5
"Post scheduled trip end time",3,25398,25395,4020.5
"Post scheduled trip end time",3,292,289,4020.5
"Post scheduled trip end time",3,25356,25353,4020.5
"Post scheduled trip end time",3,25569,25566,4020.5
"Post scheduled trip end time",3,371,368,4020.5
"Post scheduled trip end time",3,370,367,4020.5
"Post scheduled trip end time",3,262,259,4020.5
"Post scheduled trip end time",3,155,152,4020.5
"Post scheduled trip end time",3,497,494,4020.5
"Post scheduled trip end time",3,362,359,4020.5
"Post scheduled trip end time",3,25404,25401,4020.5
"Post scheduled trip end time",3,61,58,4020.5
"Post scheduled trip end time",3,900,897,4020.5
"Post scheduled trip end time",3,470,467,4020.5
"Post scheduled trip end time",3,25309,25306,4020.5
"Post scheduled trip end time",3,25544,25541,4020.5
"Post scheduled trip end time",3,557,554,4020.5
"Post scheduled trip end time",3,25384,25381,4020.5
"Post scheduled trip end time",3,29,26,4020.5
"Post scheduled trip end time",3,25358,25355,4020.5
"Post scheduled trip end time",3,103,100,4020.5
"Post scheduled trip end time",3,282,279,4020.5
"Post scheduled trip end time",3,509,506,4020.5
"Post scheduled trip end time",3,25595,25592,4020.5
"Post scheduled trip end time",3,111,108,4020.5
"Post scheduled trip end time",3,14,11,4020.5
"Post scheduled trip end time",3,25565,25562,4020.5
"Post scheduled trip end time",3,104,101,4020.5
"Post scheduled trip end time",3,25436,25433,4020.5
"Post scheduled trip end time",3,347,344,4020.5
"Post scheduled trip end time",3,25449,25446,4020.5
"Post scheduled trip end time",3,457,454,4020.5
"Post scheduled trip end time",3,174,171,4020.5
"Post scheduled trip end time",3,562,559,4020.5
"Post scheduled trip end time",3,69,66,4020.5
"Post scheduled trip end time",3,25631,25628,4020.5
"Post scheduled trip end time",3,25364,25361,4020.5
"Post scheduled trip end time",3,331,328,4020.5
"Post scheduled trip end time",3,539,536,4020.5
"Post scheduled trip end time",3,1350,1347,4020.5
"Post scheduled trip end time",3,147,144,4020.5
"Post scheduled trip end time",3,25395,25392,4020.5
"Post scheduled trip end time",3,25444,25441,4020.5
"Post scheduled trip end time",3,25275,25272,4020.5
"Post scheduled trip end time",3,344,341,4020.5
"Post scheduled trip end time",3,90,87,4020.5
"Post scheduled trip end time",3,304,301,4020.5
"Post scheduled trip end time",3,25310,25307,4020.5
"Post scheduled trip end time",3,25286,25283,4020.5
"Post scheduled trip end time",3,386,383,4020.5
"Post scheduled trip end time",3,25330,25327,4020.5
"Post scheduled trip end time",3,525,522,4020.5
"Post scheduled trip end time",3,25414,25411,4020.5
"Post scheduled trip end time",3,25366,25363,4020.5
"Post scheduled trip end time",3,25254,25251,4020.5
"Post scheduled trip end time",3,25704,25701,4020.5
"Post scheduled trip end time",3,25410,25407,4020.5
"Post scheduled trip end time",3,25510,25507,4020.5
"Post scheduled trip end time",3,25538,25535,4020.5
"Post scheduled trip end time",3,25400,25397,4020.5
"Post scheduled trip end time",3,25348,25345,4020.5
"Post scheduled trip end time",3,25406,25403,4020.5
"Post scheduled trip end time",3,261,258,4020.5
"Post scheduled trip end time",3,489,486,4020.5
"Post scheduled trip end time",3,25317,25314,4020.5
"Post scheduled trip end time",3,25337,25334,4020.5
"Post scheduled trip end time",3,322,319,4020.5
"Post scheduled trip end time",3,321,318,4020.5
"Post scheduled trip end time",3,307,304,4020.5
"Post scheduled trip end time",3,27,24,4020.5
"Post scheduled trip end time",3,434,431,4020.5
"Post scheduled trip end time",3,422,419,4020.5
"Post scheduled trip end time",3,25381,25378,4020.5
"Post scheduled trip end time",3,271,268,4020.5
"Post scheduled trip end time",3,20,17,4020.5
"Post scheduled trip end time",3,585,582,4020.5
"Post scheduled trip end time",3,168,165,4020.5
"Post scheduled trip end time",3,25379,25376,4020.5
"Post scheduled trip end time",3,604,601,4020.5
"Post scheduled trip end time",3,17,14,4020.5
"Post scheduled trip end time",3,225,222,4020.5
"Post scheduled trip end time",3,224,221,4020.5
"Post scheduled trip end time",3,25501,25498,4020.5
"Post scheduled trip end time",3,25323,25320,4020.5
"Post scheduled trip end time",3,311,308,4020.5
"Post scheduled trip end time",3,25391,25388,4020.5
"Post scheduled trip end time",3,113,110,4020.5
"Post scheduled trip end time",3,46,43,4020.5
"Post scheduled trip end time",3,197,194,4020.5
"Post scheduled trip end time",3,25408,25405,4020.5
"Post scheduled trip end time",3,182,179,4020.5
"Post scheduled trip end time",3,25499,25496,4020.5
"Post scheduled trip end time",3,25456,25453,4020.5
"Post scheduled trip end time",3,72,69,4020.5
"Post scheduled trip end time",3,39,36,4020.5
"Post scheduled trip end time",3,429,426,4020.5
"Post scheduled trip end time",3,25382,25379,4020.5
"Post scheduled trip end time",3,94,91,4020.5
"Post scheduled trip end time",3,25392,25389,4020.5
"Post scheduled trip end time",3,590,587,4020.5
"Post scheduled trip end time",3,25338,25335,4020.5
"Post scheduled trip end time",3,25584,25581,4020.5
"Post scheduled trip end time",3,437,434,4020.5
"Post scheduled trip end time",3,25244,25241,4020.5
"Post scheduled trip end time",3,25439,25436,4020.5
"Post scheduled trip end time",3,406,403,4020.5
"Post scheduled trip end time",3,25751,25748,4020.5
"Post scheduled trip end time",3,18,15,4020.5
"Post scheduled trip end time",3,473,470,4020.5
"Post scheduled trip end time",3,510,507,4020.5
"Post scheduled trip end time",3,391,388,4020.5
"Post scheduled trip end time",3,25513,25510,4020.5
"Post scheduled trip end time",3,328,325,4020.5
"Post scheduled trip end time",3,464,461,4020.5
"Post scheduled trip end time",3,25313,25310,4020.5
"Post scheduled trip end time",3,145,142,4020.5
"Post scheduled trip end time",3,25524,25521,4020.5
"Post scheduled trip end time",3,25459,25456,4020.5
"Post scheduled trip end time",3,327,324,4020.5
"Post scheduled trip end time",3,25279,25276,4020.5
"Post scheduled trip end time",3,196,193,4020.5
"Post scheduled trip end time",3,25457,25454,4020.5
"Post scheduled trip end time",3,357,354,4020.5
"Post scheduled trip end time",3,310,307,4020.5
"Post scheduled trip end time",3,25327,25324,4020.5
"Post scheduled trip end time",3,306,303,4020.5
"Post scheduled trip end time",3,22,19,4020.5
"Post scheduled trip end time",3,25413,25410,4020.5
"Post scheduled trip end time",3,195,192,4020.5
"Post scheduled trip end time",3,504,501,4020.5
"Post scheduled trip end time",3,25472,25469,4020.5
"Post scheduled trip end time",3,415,412,4020.5
"Post scheduled trip end time",3,766,763,4020.5
"Post scheduled trip end time",3,25455,25452,4020.5
"Post scheduled trip end time",3,30,27,4020.5
"Post scheduled trip end time",3,239,236,4020.5
"Post scheduled trip end time",3,25502,25499,4020.5
"Post scheduled trip end time",3,257,254,4020.5
"Post scheduled trip end time",3,25298,25295,4020.5
"Post scheduled trip end time",3,25417,25414,4020.5
"Post scheduled trip end time",3,216,213,4020.5
"Post scheduled trip end time",3,223,220,4020.5
"Post scheduled trip end time",3,399,396,4020.5
"Post scheduled trip end time",3,532,529,4020.5
"Post scheduled trip end time",3,76,73,4020.5
"Post scheduled trip end time",3,460,457,4020.5
"Post scheduled trip end time",3,107,104,4020.5
"Post scheduled trip end time",3,1434,1431,4020.5
"Post scheduled trip end time",3,192,189,4020.5
"Post scheduled trip end time",3,25329,25326,4020.5
"Post scheduled trip end time",3,3,0,4020.5
"Post scheduled trip end time",3,209,206,4020.5
"Post scheduled trip end time",3,213,210,4020.5
"Post scheduled trip end time",3,25273,25270,4020.5
"Post scheduled trip end time",3,421,418,4020.5
"Post scheduled trip end time",3,433,430,4020.5
"Post scheduled trip end time",3,33,30,4020.5
"Post scheduled trip end time",3,25342,25339,4020.5
"Post scheduled trip end time",3,729,726,4020.5
"Post scheduled trip end time",3,229,226,4020.5
"Post scheduled trip end time",3,12,9,4020.5
"Post scheduled trip end time",3,477,474,4020.5
"Post scheduled trip end time",3,142,139,4020.5
"Post scheduled trip end time",3,396,393,4020.5
"Post scheduled trip end time",3,25465,25462,4020.5
"Post scheduled trip end time",3,175,172,4020.5
"Post scheduled trip end time",3,132,129,4020.5
"Post scheduled trip end time",3,222,219,4020.5
"Post scheduled trip end time",3,352,349,4020.5
"Post scheduled trip end time",3,25374,25371,4020.5
"Post scheduled trip end time",3,64,61,4020.5
"Post scheduled trip end time",3,126,123,4020.5
"Post scheduled trip end time",3,376,373,4020.5
"Post scheduled trip end time",3,236,233,4020.5
"Post scheduled trip end time",3,25615,25612,4020.5
"Post scheduled trip end time",3,1200,1197,4020.5
"Post scheduled trip end time",3,194,191,4020.5
"Post scheduled trip end time",3,165,162,4020.5
"Post scheduled trip end time",3,150,147,4020.5
"Post scheduled trip end time",3,589,586,4020.5
"Post scheduled trip end time",3,25557,25554,4020.5
"Post scheduled trip end time",3,23,20,4020.5
"Post scheduled trip end time",3,1020,1017,4020.5
"Post scheduled trip end time",3,295,292,4020.5
"Post scheduled trip end time",3,455,452,4020.5
"Post scheduled trip end time",3,241,238,4020.5
"Post scheduled trip end time",3,469,466,4020.5
"Post scheduled trip end time",3,25492,25489,4020.5
"Post scheduled trip end time",3,559,556,4020.5
"Post scheduled trip end time",3,388,385,4020.5
"Post scheduled trip end time",3,25685,25682,4020.5
"Post scheduled trip end time",3,219,216,4020.5
"Post scheduled trip end time",3,87,84,4020.5
"Post scheduled trip end time",3,217,214,4020.5
"Post scheduled trip end time",3,122,119,4020.5
"Post scheduled trip end time",3,25307,25304,4020.5
"Post scheduled trip end time",3,28,25,4020.5
"Post scheduled trip end time",3,227,224,4020.5
"Post scheduled trip end time",3,158,155,4020.5
"Post scheduled trip end time",3,544,541,4020.5
"Post scheduled trip end time",3,389,386,4020.5
"Post scheduled trip end time",3,25336,25333,4020.5
"Post scheduled trip end time",3,582,579,4020.5
"Post scheduled trip end time",3,628,625,4020.5
"Post scheduled trip end time",3,25345,25342,4020.5
"Post scheduled trip end time",3,243,240,4020.5
"Post scheduled trip end time",3,25245,25242,4020.5
"Post scheduled trip end time",3,166,163,4020.5
"Post scheduled trip end time",3,25393,25390,4020.5
"Post scheduled trip end time",3,325,322,4020.5
"Post scheduled trip end time",3,245,242,4020.5
"Post scheduled trip end time",3,25269,25266,4020.5
"Post scheduled trip end time",3,25545,25542,4020.5
"Post scheduled trip end time",3,25378,25375,4020.5
"Post scheduled trip end time",3,25592,25589,4020.5
"Post scheduled trip end time",3,591,588,4020.5
"Post scheduled trip end time",3,25643,25640,4020.5
"Post scheduled trip end time",3,498,495,4020.5
"Post scheduled trip end time",3,349,346,4020.5
"Post scheduled trip end time",3,308,305,4020.5
"Post scheduled trip end time",3,118,115,4020.5
"Post scheduled trip end time",3,303,300,4020.5
"Post scheduled trip end time",3,25537,25534,4020.5
"Post scheduled trip end time",3,190,187,4020.5
"Post scheduled trip end time",3,25377,25374,4020.5
"Post scheduled trip end time",3,1230,1227,4020.5
"Post scheduled trip end time",3,25387,25384,4020.5
"Post scheduled trip end time",3,40,37,4020.5
"Post scheduled trip end time",3,575,572,4020.5
"Post scheduled trip end time",3,25363,25360,4020.5
"Post scheduled trip end time",3,238,235,4020.5
"Post scheduled trip end time",3,452,449,4020.5
"Post scheduled trip end time",3,201,198,4020.5
"Post scheduled trip end time",3,25445,25442,4020.5
"Post scheduled trip end time",3,506,503,4020.5
"Post scheduled trip end time",3,428,425,4020.5
"Post scheduled trip end time",3,25343,25340,4020.5
"Post scheduled trip end time",3,6,3,4020.5
"Post scheduled trip end time",3,25405,25402,4020.5
"Post scheduled trip end time",3,408,405,4020.5
"Post scheduled trip end time",3,34,31,4020.5
"Post scheduled trip end time",3,151,148,4020.5
"Post scheduled trip end time",3,11,8,4020.5
"Post scheduled trip end time",3,10,7,4020.5
"Post scheduled trip end time",3,25563,25560,4020.5
"Post scheduled trip end time",3,93,90,4020.5
"Post scheduled trip end time",3,25477,25474,4020.5
"Post scheduled trip end time",3,25407,25404,4020.5
"Post scheduled trip end time",3,25236,25233,4020.5
"Post scheduled trip end time",3,345,342,4020.5
"Post scheduled trip end time",3,25282,25279,4020.5
"Post scheduled trip end time",3,431,428,4020.5
"Post scheduled trip end time",3,25657,25654,4020.5
"Post scheduled trip end time",3,25437,25434,4020.5
"Post scheduled trip end time",3,25347,25344,4020.5
"Post scheduled trip end time",3,259,256,4020.5
"Post scheduled trip end time",3,248,245,4020.5
"Post scheduled trip end time",3,25258,25255,4020.5
"Post scheduled trip end time",3,25360,25357,4020.5
"Post scheduled trip end time",3,254,251,4020.5
"Post scheduled trip end time",3,503,500,4020.5
"Post scheduled trip end time",3,25555,25552,4020.5
"Post scheduled trip end time",3,368,365,4020.5
"Post scheduled trip end time",3,354,351,4020.5
"Post scheduled trip end time",3,25303,25300,4020.5
"Post scheduled trip end time",3,25523,25520,4020.5
"Post scheduled trip end time",3,53,50,4020.5
"Post scheduled trip end time",3,285,282,4020.5
"Post scheduled trip end time",3,25519,25516,4020.5
"Post scheduled trip end time",3,475,472,4020.5
"Post scheduled trip end time",3,25691,25688,4020.5
"Post scheduled trip end time",3,25474,25471,4020.5
"Post scheduled trip end time",3,25608,25605,4020.5
"Post scheduled trip end time",3,382,379,4020.5
"Post scheduled trip end time",3,543,540,4020.5
"Post scheduled trip end time",3,185,182,4020.5
"Post scheduled trip end time",3,25355,25352,4020.5
"Post scheduled trip end time",3,25535,25532,4020.5
"Post scheduled trip end time",3,25616,25613,4020.5
"Post scheduled trip end time",3,334,331,4020.5
"Post scheduled trip end time",3,366,363,4020.5
"Post scheduled trip end time",3,392,389,4020.5
"Post scheduled trip end time",3,25403,25400,4020.5
"Post scheduled trip end time",3,25419,25416,4020.5
"Post scheduled trip end time",3,154,151,4020.5
"Post scheduled trip end time",3,555,552,4020.5
"Post scheduled trip end time",3,25460,25457,4020.5
"Post scheduled trip end time",3,578,575,4020.5
"Post scheduled trip end time",3,44,41,4020.5
"Post scheduled trip end time",3,377,374,4020.5
"Post scheduled trip end time",3,25261,25258,4020.5
"Post scheduled trip end time",3,25270,25267,4020.5
"Post scheduled trip end time",3,25542,25539,4020.5
"Post scheduled trip end time",3,1140,1137,4020.5
"Post scheduled trip end time",3,144,141,4020.5
"Post scheduled trip end time",3,26,23,4020.5
"Post scheduled trip end time",3,56,53,4020.5
"Post scheduled trip end time",3,440,437,4020.5
"Post scheduled trip end time",3,124,121,4020.5
"Post scheduled trip end time",3,25373,25370,4020.5
"Post scheduled trip end time",3,478,475,4020.5
"Post scheduled trip end time",3,570,567,4020.5
"Post scheduled trip end time",3,25297,25294,4020.5
"Post scheduled trip end time",3,172,169,4020.5
"Post scheduled trip end time",3,50,47,4020.5
"Post scheduled trip end time",3,25287,25284,4020.5
"Post scheduled trip end time",3,25424,25421,4020.5
"Post scheduled trip end time",3,35,32,4020.5
"Post scheduled trip end time",3,758,755,4020.5
"Post scheduled trip end time",3,24,21,4020.5
"Post scheduled trip end time",3,25594,25591,4020.5
"Post scheduled trip end time",3,25454,25451,4020.5
"Post scheduled trip end time",3,186,183,4020.5
"Post scheduled trip end time",3,25305,25302,4020.5
"Post scheduled trip end time",3,133,130,4020.5
"Post scheduled trip end time",3,210,207,4020.5
"Post scheduled trip end time",3,25280,25277,4020.5
"Post scheduled trip end time",3,54,51,4020.5
"Post scheduled trip end time",3,580,577,4020.5
"Post scheduled trip end time",3,80,77,4020.5
"Post scheduled trip end time",3,203,200,4020.5
"Post scheduled trip end time",3,25434,25431,4020.5
"Post scheduled trip end time",3,25312,25309,4020.5
"Post scheduled trip end time",3,110,107,4020.5
"Post scheduled trip end time",3,138,135,4020.5
"Post scheduled trip end time",3,202,199,4020.5
"Post scheduled trip end time",3,25486,25483,4020.5
"Post scheduled trip end time",3,305,302,4020.5
"Post scheduled trip end time",3,79,76,4020.5
"Post scheduled trip end time",3,364,361,4020.5
"Post scheduled trip end time",3,320,317,4020.5
"Post scheduled trip end time",3,74,71,4020.5
"Post scheduled trip end time",3,187,184,4020.5
"Post scheduled trip end time",3,25485,25482,4020.5
"Post scheduled trip end time",3,612,609,4020.5
"Post scheduled trip end time",3,171,168,4020.5
"Post scheduled trip end time",3,441,438,4020.5
"Post scheduled trip end time",3,602,599,4020.5
"Post scheduled trip end time",3,576,573,4020.5
"Post scheduled trip end time",3,365,362,4020.5
"Post scheduled trip end time",3,25290,25287,4020.5
"Post scheduled trip end time",3,25505,25502,4020.5
"Post scheduled trip end time",3,251,248,4020.5
"Post scheduled trip end time",3,233,230,4020.5
"Post scheduled trip end time",3,332,329,4020.5
"Post scheduled trip end time",3,220,217,4020.5
"Post scheduled trip end time",3,161,158,4020.5
"Post scheduled trip end time",3,25442,25439,4020.5
"Post scheduled trip end time",3,37,34,4020.5
"Post scheduled trip end time",3,319,316,4020.5
"Post scheduled trip end time",3,459,456,4020.5
"Post scheduled trip end time",3,588,585,4020.5
"Post scheduled trip end time",3,291,288,4020.5
"Post scheduled trip end time",3,293,290,4020.5
"Post scheduled trip end time",3,25426,25423,4020.5
"Post scheduled trip end time",3,581,578,4020.5
"Post scheduled trip end time",3,25249,25246,4020.5
"Post scheduled trip end time",3,25299,25296,4020.5
"Post scheduled trip end time",3,149,146,4020.5
"Post scheduled trip end time",3,454,451,4020.5
"Post scheduled trip end time",3,49,46,4020.5
"Post scheduled trip end time",3,25334,25331,4020.5
"Post scheduled trip end time",3,57,54,4020.5
"Post scheduled trip end time",3,135,132,4020.5
"Post scheduled trip end time",3,25507,25504,4020.5
"Post scheduled trip end time",3,25344,25341,4020.5
"Post scheduled trip end time",3,1609,1606,4020.5
"Post scheduled trip end time",3,52,49,4020.5
"Post scheduled trip end time",3,159,156,4020.5
"Post scheduled trip end time",3,127,124,4020.5
"Post scheduled trip end time",3,25625,25622,4020.5
"Post scheduled trip end time",3,95,92,4020.5
"Post scheduled trip end time",3,314,311,4020.5
"Post scheduled trip end time",3,446,443,4020.5
"Post scheduled trip end time",3,560,557,4020.5
"Post scheduled trip end time",3,545,542,4020.5
"Post scheduled trip end time",3,340,337,4020.5
"Post scheduled trip end time",3,336,333,4020.5
"Post scheduled trip end time",3,247,244,4020.5
"Post scheduled trip end time",3,43,40,4020.5
"Post scheduled trip end time",3,100,97,4020.5
"Post scheduled trip end time",3,25367,25364,4020.5
"Post scheduled trip end time",3,563,560,4020.5
"Post scheduled trip end time",3,204,201,4020.5
"Post scheduled trip end time",3,25515,25512,4020.5
"Post scheduled trip end time",3,25652,25649,4020.5
"Post scheduled trip end time",3,430,427,4020.5
"Post scheduled trip end time",3,173,170,4020.5
"Post scheduled trip end time",3,444,441,4020.5
"Post scheduled trip end time",3,88,85,4020.5
"Post scheduled trip end time",3,114,111,4020.5
"Post scheduled trip end time",3,410,407,4020.5
"Post scheduled trip end time",3,25272,25269,4020.5
"Post scheduled trip end time",3,385,382,4020.5
"Post scheduled trip end time",3,25583,25580,4020.5
"Post scheduled trip end time",3,274,271,4020.5
"Post scheduled trip end time",3,534,531,4020.5
"Post scheduled trip end time",3,75,72,4020.5
"Post scheduled trip end time",3,25316,25313,4020.5
"Post scheduled trip end time",3,25409,25406,4020.5
"Post scheduled trip end time",3,25497,25494,4020.5
"Post scheduled trip end time",3,25326,25323,4020.5
"Post scheduled trip end time",3,598,595,4020.5
"Post scheduled trip end time",3,25320,25317,4020.5
"Post scheduled trip end time",3,25488,25485,4020.5
"Post scheduled trip end time",3,71,68,4020.5
"Post scheduled trip end time",3,25511,25508,4020.5
"Post scheduled trip end time",3,313,310,4020.5
"Post scheduled trip end time",3,67,64,4020.5
"Post scheduled trip end time",3,395,392,4020.5
"Post scheduled trip end time",3,189,186,4020.5
"Post scheduled trip end time",3,566,563,4020.5
"Post scheduled trip end time",3,25448,25445,4020.5
"Post scheduled trip end time",3,25371,25368,4020.5
"Post scheduled trip end time",3,294,291,4020.5
"Post scheduled trip end time",3,183,180,4020.5
"Post scheduled trip end time",3,25573,25570,4020.5
"Post scheduled trip end time",3,25633,25630,4020.5
"Post scheduled trip end time",3,112,109,4020.5
"Post scheduled trip end time",3,188,185,4020.5
"Post scheduled trip end time",3,586,583,4020.5
"Post scheduled trip end time",3,1194,1191,4020.5
"Post scheduled trip end time",3,25362,25359,4020.5
"Post scheduled trip end time",3,266,263,4020.5
"Post scheduled trip end time",3,493,490,4020.5
"Post scheduled trip end time",3,490,487,4020.5
"Post scheduled trip end time",3,394,391,4020.5
"Post scheduled trip end time",3,272,269,4020.5
"Post scheduled trip end time",3,480,477,4020.5
"Post scheduled trip end time",3,361,358,4020.5
"Post scheduled trip end time",3,170,167,4020.5
"Post scheduled trip end time",3,25394,25391,4020.5
"Post scheduled trip end time",3,552,549,4020.5
"Post scheduled trip end time",3,55,52,4020.5
"Post scheduled trip end time",3,25504,25501,4020.5
"Post scheduled trip end time",3,335,332,4020.5
"Post scheduled trip end time",3,500,497,4020.5
"Post scheduled trip end time",3,289,286,4020.5
"Post scheduled trip end time",3,351,348,4020.5
"Post scheduled trip end time",3,25415,25412,4020.5
"Post scheduled trip end time",3,267,264,4020.5
"Post scheduled trip end time",3,594,591,4020.5
"Post scheduled trip end time",3,541,538,4020.5
"Post scheduled trip end time",3,25322,25319,4020.5
"Post scheduled trip end time",3,-6,-9,4020.5
"Post scheduled trip end time",3,569,566,4020.5
"Post scheduled trip end time",3,288,285,4020.5
"Post scheduled trip end time",3,25380,25377,4020.5
"Post scheduled trip end time",3,234,231,4020.5
"Post scheduled trip end time",3,387,384,4020.5
"Post scheduled trip end time",3,356,353,4020.5
"Post scheduled trip end time",3,244,241,4020.5
"Post scheduled trip end time",3,214,211,4020.5
"Post scheduled trip end time",3,143,140,4020.5
"Post scheduled trip end time",3,25482,25479,4020.5
"Post scheduled trip end time",3,549,546,4020.5
"Post scheduled trip end time",3,152,149,4020.5
"Post scheduled trip end time",3,25540,25537,4020.5
"Post scheduled trip end time",3,25396,25393,4020.5
"Post scheduled trip end time",3,25370,25367,4020.5
"Post scheduled trip end time",3,157,154,4020.5
"Post scheduled trip end time",3,120,117,4020.5
"Post scheduled trip end time",3,25304,25301,4020.5
"Post scheduled trip end time",3,32,29,4020.5
"Post scheduled trip end time",3,462,459,4020.5
"Post scheduled trip end time",3,338,335,4020.5
"Post scheduled trip end time",3,-3,-6,4020.5
"Post scheduled trip end time",3,178,175,4020.5
"Post scheduled trip end time",3,339,336,4020.5
"Post scheduled trip end time",3,531,528,4020.5
"Post scheduled trip end time",3,337,334,4020.5
"Post scheduled trip end time",3,85,82,4020.5
"Post scheduled trip end time",3,360,357,4020.5
"Post scheduled trip end time",3,276,273,4020.5
"Post scheduled trip end time",3,25341,25338,4020.5
"Post scheduled trip end time",3,117,114,4020.5
"Post scheduled trip end time",3,25613,25610,4020.5
"Post scheduled trip end time",3,25412,25409,4020.5
"Post scheduled trip end time",3,258,255,4020.5
"Post scheduled trip end time",3,-9,-12,4020.5
"Post scheduled trip end time",3,25328,25325,4020.5
"Post scheduled trip end time",3,45,42,4020.5
"Post scheduled trip end time",3,725,722,4020.5
"Post scheduled trip end time",3,309,306,4020.5
"Post scheduled trip end time",3,456,453,4020.5
"Post scheduled trip end time",3,63,60,4020.5
"Post scheduled trip end time",3,19,16,4020.5
"Post scheduled trip end time",3,25463,25460,4020.5
"Post scheduled trip end time",3,163,160,4020.5
"Post scheduled trip end time",3,283,280,4020.5
"Post scheduled trip end time",3,372,369,4020.5
"Post scheduled trip end time",3,25654,25651,4020.5
"Post scheduled trip end time",3,615,612,4020.5
"Post scheduled trip end time",3,9,6,4020.5
"Post scheduled trip end time",3,25340,25337,4020.5
"Post scheduled trip end time",3,341,338,4020.5
"Post scheduled trip end time",3,25575,25572,4020.5
"Post scheduled trip end time",3,279,276,4020.5
"Post scheduled trip end time",3,486,483,4020.5
"Post scheduled trip end time",3,1055,1052,4020.5
"Post scheduled trip end time",3,25597,25594,4020.5
"Post scheduled trip end time",3,62,59,4020.5
"Post scheduled trip end time",3,281,278,4020.5
"Post scheduled trip end time",3,25577,25574,4020.5
"Post scheduled trip end time",3,146,143,4020.5
"Post scheduled trip end time",3,468,465,4020.5
"Post scheduled trip end time",3,25325,25322,4020.5
"Post scheduled trip end time",3,420,417,4020.5
"Post scheduled trip end time",3,25388,25385,4020.5
"Post scheduled trip end time",3,25586,25583,4020.5
"Post scheduled trip end time",3,1080,1077,4020.5
"Post scheduled trip end time",3,260,257,4020.5
"Post scheduled trip end time",3,82,79,4020.5
"Post scheduled trip end time",3,86,83,4020.5
"Post scheduled trip end time",3,535,532,4020.5
"Post scheduled trip end time",3,471,468,4020.5
"Post scheduled trip end time",3,25675,25672,4020.5
"Post scheduled trip end time",3,363,360,4020.5
"Post scheduled trip end time",3,25274,25271,4020.5
"Post scheduled trip end time",3,720,717,4020.5
"Post scheduled trip end time",3,25332,25329,4020.5
"Post scheduled trip end time",3,432,429,4020.5
"Post scheduled trip end time",3,199,196,4020.5
"Post scheduled trip end time",3,25553,25550,4020.5
"Post scheduled trip end time",3,514,511,4020.5
"Post scheduled trip end time",3,106,103,4020.5
"Post scheduled trip end time",3,533,530,4020.5
"Post scheduled trip end time",3,550,547,4020.5
"Post scheduled trip end time",3,218,215,4020.5
"Post scheduled trip end time",3,25479,25476,4020.5
"Post scheduled trip end time",3,296,293,4020.5
"Post scheduled trip end time",3,0,-3,4020.5
"Post scheduled trip end time",3,25411,25408,4020.5
"Post scheduled trip end time",3,25256,25253,4020.5
"Post scheduled trip end time",3,121,118,4020.5
"Post scheduled trip end time",3,25418,25415,4020.5
"Post scheduled trip end time",3,25425,25422,4020.5
"Post scheduled trip end time",3,215,212,4020.5
"Post scheduled trip end time",3,326,323,4020.5
"Post scheduled trip end time",3,1408,1405,4020.5
"Post scheduled trip end time",3,25416,25413,4020.5
"Post scheduled trip end time",3,7,4,4020.5
"Post scheduled trip end time",3,25422,25419,4020.5
"Post scheduled trip end time",3,25397,25394,4020.5
"Post scheduled trip end time",3,25517,25514,4020.5
"Post scheduled trip end time",3,280,277,4020.5
"Post scheduled trip end time",3,179,176,4020.5
"Post scheduled trip end time",3,184,181,4020.5
"Post scheduled trip end time",3,25331,25328,4020.5
"Post scheduled trip end time",3,346,343,4020.5
"Post scheduled trip end time",3,375,372,4020.5
"Post scheduled trip end time",3,25532,25529,4020.5
"Post scheduled trip end time",3,91,88,4020.5
"Post scheduled trip end time",3,25359,25356,4020.5
"Post scheduled trip end time",3,25548,25545,4020.5
"Post scheduled trip end time",3,25237,25234,4020.5
"Post scheduled trip end time",3,58,55,4020.5
"Post scheduled trip end time",3,221,218,4020.5
"Post scheduled trip end time",3,427,424,4020.5
"Post scheduled trip end time",3,445,442,4020.5
"Post scheduled trip end time",3,516,513,4020.5
"Post scheduled trip end time",3,25357,25354,4020.5
"Post scheduled trip end time",3,25268,25265,4020.5
"Post scheduled trip end time",3,381,378,4020.5
"Post scheduled trip end time",3,25464,25461,4020.5
"Post scheduled trip end time",3,491,488,4020.5
"Post scheduled trip end time",3,98,95,4020.5
"Post scheduled trip end time",3,25283,25280,4020.5
"Post scheduled trip end time",3,65,62,4020.5
"Post scheduled trip end time",3,25432,25429,4020.5
"Post scheduled trip end time",3,70,67,4020.5
"Post scheduled trip end time",3,25,22,4020.5
"Post scheduled trip end time",3,25350,25347,4020.5
"Post scheduled trip end time",3,73,70,4020.5
"Post scheduled trip end time",3,330,327,4020.5
"Post scheduled trip end time",3,25568,25565,4020.5
"Post scheduled trip end time",3,301,298,4020.5
"Post scheduled trip end time",3,25314,25311,4020.5
"Post scheduled trip end time",3,25386,25383,4020.5
"Post scheduled trip end time",3,130,127,4020.5
"Post scheduled trip end time",3,25369,25366,4020.5
"Post scheduled trip end time",3,270,267,4020.5
"Post scheduled trip end time",3,378,375,4020.5
"Post scheduled trip end time",3,25276,25273,4020.5
"Post scheduled trip end time",3,367,364,4020.5
"Post scheduled trip end time",3,246,243,4020.5
"Post scheduled trip end time",3,25321,25318,4020.5
"Post scheduled trip end time",3,25301,25298,4020.5
"Post scheduled trip end time",3,25556,25553,4020.5
"Post scheduled trip end time",3,84,81,4020.5
"Post scheduled trip end time",3,25478,25475,4020.5
"Post scheduled trip end time",3,25318,25315,4020.5
"Post scheduled trip end time",3,300,297,4020.5
"Post scheduled trip end time",3,840,837,4020.5
"Post scheduled trip end time",3,315,312,4020.5
"Post scheduled trip end time",3,401,398,4020.5
"Post scheduled trip end time",3,540,537,4020.5
"Post scheduled trip end time",3,1320,1317,4020.5
"Post scheduled trip end time",3,255,252,4020.5
"Post scheduled trip end time",3,492,489,4020.5
"Post scheduled trip end time",3,390,387,4020.5
"Post scheduled trip end time",3,1079,1076,4020.5
"Post scheduled trip end time",3,136,133,4020.5
"Post scheduled trip end time",3,467,464,4020.5
"Post scheduled trip end time",3,425,422,4020.5
"Post scheduled trip end time",3,226,223,4020.5
"Post scheduled trip end time",3,21,18,4020.5
"Post scheduled trip end time",3,160,157,4020.5
"Post scheduled trip end time",3,25399,25396,4020.5
"Post scheduled trip end time",3,181,178,4020.5
"Post scheduled trip end time",3,141,138,4020.5
"Post scheduled trip end time",3,25450,25447,4020.5
"Post scheduled trip end time",3,38,35,4020.5
"Post scheduled trip end time",3,520,517,4020.5
"Post scheduled trip end time",3,287,284,4020.5
"Post scheduled trip end time",3,231,228,4020.5
"Post scheduled trip end time",3,25562,25559,4020.5
"Post scheduled trip end time",3,237,234,4020.5
"Post scheduled trip end time",3,25372,25369,4020.5
"Post scheduled trip end time",3,297,294,4020.5
"Post scheduled trip end time",3,333,330,4020.5
"Post scheduled trip end time",3,268,265,4020.5
"Post scheduled trip end time",3,162,159,4020.5
"Post scheduled trip end time",3,16,13,4020.5
"Post scheduled trip end time",3,25271,25268,4020.5
"Post scheduled trip end time",3,148,145,4020.5
"Before scheduled trip start time",4,118,114,8038
"Before scheduled trip start time",4,350,346,8038
"Before scheduled trip start time",4,94,90,8038
"Before scheduled trip start time",4,86,82,8038
"Before scheduled trip start time",4,471,467,8038
"Before scheduled trip start time",4,603,599,8038
"Before scheduled trip start time",4,426,422,8038
"Before scheduled trip start time",4,451,447,8038
"Before scheduled trip start time",4,549,545,8038
"Before scheduled trip start time",4,219,215,8038
"Before scheduled trip start time",4,255,251,8038
"Before scheduled trip start time",4,481,477,8038
"Before scheduled trip start time",4,29,25,8038
"Before scheduled trip start time",4,222,218,8038
"Before scheduled trip start time",4,47,43,8038
"Before scheduled trip start time",4,273,269,8038
"Before scheduled trip start time",4,269,265,8038
"Before scheduled trip start time",4,197,193,8038
"Before scheduled trip start time",4,202,198,8038
"Before scheduled trip start time",4,501,497,8038
"Before scheduled trip start time",4,31,27,8038
"Before scheduled trip start time",4,445,441,8038
"Before scheduled trip start time",4,194,190,8038
"Before scheduled trip start time",4,270,266,8038
"Before scheduled trip start time",4,257,253,8038
"Before scheduled trip start time",4,50,46,8038
"Before scheduled trip start time",4,83,79,8038
"Before scheduled trip start time",4,115,111,8038
"Before scheduled trip start time",4,287,283,8038
"Before scheduled trip start time",4,245,241,8038
"Before scheduled trip start time",4,241,237,8038
"Before scheduled trip start time",4,195,191,8038
"Before scheduled trip start time",4,370,366,8038
"Before scheduled trip start time",4,490,486,8038
"Before scheduled trip start time",4,211,207,8038
"Before scheduled trip start time",4,-3,-7,8038
"Before scheduled trip start time",4,282,278,8038
"Before scheduled trip start time",4,299,295,8038
"Before scheduled trip start time",4,542,538,8038
"Before scheduled trip start time",4,254,250,8038
"Before scheduled trip start time",4,386,382,8038
"Before scheduled trip start time",4,524,520,8038
"Before scheduled trip start time",4,595,591,8038
"Before scheduled trip start time",4,119,115,8038
"Before scheduled trip start time",4,81,77,8038
"Before scheduled trip start time",4,1406,1402,8038
"Before scheduled trip start time",4,449,445,8038
"Before scheduled trip start time",4,575,571,8038
"Before scheduled trip start time",4,570,566,8038
"Before scheduled trip start time",4,1286,1282,8038
"Before scheduled trip start time",4,439,435,8038
"Before scheduled trip start time",4,342,338,8038
"Before scheduled trip start time",4,338,334,8038
"Before scheduled trip start time",4,389,385,8038
"Before scheduled trip start time",4,298,294,8038
"Before scheduled trip start time",4,196,192,8038
"Before scheduled trip start time",4,1466,1462,8038
"Before scheduled trip start time",4,191,187,8038
"Before scheduled trip start time",4,248,244,8038
"Before scheduled trip start time",4,398,394,8038
"Before scheduled trip start time",4,128,124,8038
"Before scheduled trip start time",4,125,121,8038
"Before scheduled trip start time",4,259,255,8038
"Before scheduled trip start time",4,80,76,8038
"Before scheduled trip start time",4,527,523,8038
"Before scheduled trip start time",4,221,217,8038
"Before scheduled trip start time",4,454,450,8038
"Before scheduled trip start time",4,1526,1522,8038
"Before scheduled trip start time",4,296,292,8038
"Before scheduled trip start time",4,746,742,8038
"Before scheduled trip start time",4,1166,1162,8038
"Before scheduled trip start time",4,384,380,8038
"Before scheduled trip start time",4,239,235,8038
"Before scheduled trip start time",4,308,304,8038
"Before scheduled trip start time",4,447,443,8038
"Before scheduled trip start time",4,165,161,8038
"Before scheduled trip start time",4,4,0,8038
"Before scheduled trip start time",4,434,430,8038
"Before scheduled trip start time",4,79,75,8038
"Before scheduled trip start time",4,253,249,8038
"Before scheduled trip start time",4,328,324,8038
"Before scheduled trip start time",4,289,285,8038
"Before scheduled trip start time",4,430,426,8038
"Before scheduled trip start time",4,400,396,8038
"Before scheduled trip start time",4,129,125,8038
"Before scheduled trip start time",4,268,264,8038
"Before scheduled trip start time",4,300,296,8038
"Before scheduled trip start time",4,157,153,8038
"Before scheduled trip start time",4,252,248,8038
"Before scheduled trip start time",4,502,498,8038
"Before scheduled trip start time",4,51,47,8038
"Before scheduled trip start time",4,251,247,8038
"Before scheduled trip start time",4,487,483,8038
"Before scheduled trip start time",4,367,363,8038
"Before scheduled trip start time",4,180,176,8038
"Before scheduled trip start time",4,313,309,8038
"Before scheduled trip start time",4,190,186,8038
"Before scheduled trip start time",4,-10,-14,8038
"Before scheduled trip start time",4,25,21,8038
"Before scheduled trip start time",4,188,184,8038
"Before scheduled trip start time",4,162,158,8038
"Before scheduled trip start time",4,466,462,8038
"Before scheduled trip start time",4,242,238,8038
"Before scheduled trip start time",4,387,383,8038
"Before scheduled trip start time",4,395,391,8038
"Before scheduled trip start time",4,325,321,8038
"Before scheduled trip start time",4,440,436,8038
"Before scheduled trip start time",4,33,29,8038
"Before scheduled trip start time",4,272,268,8038
"Before scheduled trip start time",4,145,141,8038
"Before scheduled trip start time",4,-8,-12,8038
"Before scheduled trip start time",4,92,88,8038
"Before scheduled trip start time",4,63,59,8038
"Before scheduled trip start time",4,90,86,8038
"Before scheduled trip start time",4,580,576,8038
"Before scheduled trip start time",4,584,580,8038
"Before scheduled trip start time",4,183,179,8038
"Before scheduled trip start time",4,45,41,8038
"Before scheduled trip start time",4,284,280,8038
"Before scheduled trip start time",4,84,80,8038
"Before scheduled trip start time",4,497,493,8038
"Before scheduled trip start time",4,424,420,8038
"Before scheduled trip start time",4,540,536,8038
"Before scheduled trip start time",4,364,360,8038
"Before scheduled trip start time",4,311,307,8038
"Before scheduled trip start time",4,93,89,8038
"Before scheduled trip start time",4,408,404,8038
"Before scheduled trip start time",4,472,468,8038
"Before scheduled trip start time",4,231,227,8038
"Before scheduled trip start time",4,288,284,8038
"Before scheduled trip start time",4,522,518,8038
"Before scheduled trip start time",4,13,9,8038
"Before scheduled trip start time",4,151,147,8038
"Before scheduled trip start time",4,569,565,8038
"Before scheduled trip start time",4,24,20,8038
"Before scheduled trip start time",4,332,328,8038
"Before scheduled trip start time",4,146,142,8038
"Before scheduled trip start time",4,586,582,8038
"Before scheduled trip start time",4,360,356,8038
"Before scheduled trip start time",4,78,74,8038
"Before scheduled trip start time",4,533,529,8038
"Before scheduled trip start time",4,489,485,8038
"Before scheduled trip start time",4,407,403,8038
"Before scheduled trip start time",4,485,481,8038
"Before scheduled trip start time",4,166,162,8038
"Before scheduled trip start time",4,517,513,8038
"Before scheduled trip start time",4,382,378,8038
"Before scheduled trip start time",4,340,336,8038
"Before scheduled trip start time",4,133,129,8038
"Before scheduled trip start time",4,246,242,8038
"Before scheduled trip start time",4,263,259,8038
"Before scheduled trip start time",4,433,429,8038
"Before scheduled trip start time",4,484,480,8038
"Before scheduled trip start time",4,353,349,8038
"Before scheduled trip start time",4,404,400,8038
"Before scheduled trip start time",4,464,460,8038
"Before scheduled trip start time",4,312,308,8038
"Before scheduled trip start time",4,510,506,8038
"Before scheduled trip start time",4,492,488,8038
"Before scheduled trip start time",4,480,476,8038
"Before scheduled trip start time",4,372,368,8038
"Before scheduled trip start time",4,523,519,8038
"Before scheduled trip start time",4,150,146,8038
"Before scheduled trip start time",4,336,332,8038
"Before scheduled trip start time",4,250,246,8038
"Before scheduled trip start time",4,89,85,8038
"Before scheduled trip start time",4,358,354,8038
"Before scheduled trip start time",4,926,922,8038
"Before scheduled trip start time",4,235,231,8038
"Before scheduled trip start time",4,512,508,8038
"Before scheduled trip start time",4,357,353,8038
"Before scheduled trip start time",4,392,388,8038
"Before scheduled trip start time",4,557,553,8038
"Before scheduled trip start time",4,295,291,8038
"Before scheduled trip start time",4,554,550,8038
"Before scheduled trip start time",4,334,330,8038
"Before scheduled trip start time",4,465,461,8038
"Before scheduled trip start time",4,556,552,8038
"Before scheduled trip start time",4,177,173,8038
"Before scheduled trip start time",4,1346,1342,8038
"Before scheduled trip start time",4,486,482,8038
"Before scheduled trip start time",4,120,116,8038
"Before scheduled trip start time",4,348,344,8038
"Before scheduled trip start time",4,155,151,8038
"Before scheduled trip start time",4,52,48,8038
"Before scheduled trip start time",4,419,415,8038
"Before scheduled trip start time",4,199,195,8038
"Before scheduled trip start time",4,377,373,8038
"Before scheduled trip start time",4,184,180,8038
"Before scheduled trip start time",4,181,177,8038
"Before scheduled trip start time",4,66,62,8038
"Before scheduled trip start time",4,75,71,8038
"Before scheduled trip start time",4,122,118,8038
"Before scheduled trip start time",4,104,100,8038
"Before scheduled trip start time",4,290,286,8038
"Before scheduled trip start time",4,1226,1222,8038
"Before scheduled trip start time",4,555,551,8038
"Before scheduled trip start time",4,154,150,8038
"Before scheduled trip start time",4,315,311,8038
"Before scheduled trip start time",4,421,417,8038
"Before scheduled trip start time",4,322,318,8038
"Before scheduled trip start time",4,496,492,8038
"Before scheduled trip start time",4,406,402,8038
"Before scheduled trip start time",4,362,358,8038
"Before scheduled trip start time",4,236,232,8038
"Before scheduled trip start time",4,469,465,8038
"Before scheduled trip start time",4,294,290,8038
"Before scheduled trip start time",4,391,387,8038
"Before scheduled trip start time",4,536,532,8038
"Before scheduled trip start time",4,373,369,8038
"Before scheduled trip start time",4,12,8,8038
"Before scheduled trip start time",4,519,515,8038
"Before scheduled trip start time",4,600,596,8038
"Before scheduled trip start time",4,535,531,8038
"Before scheduled trip start time",4,413,409,8038
"Before scheduled trip start time",4,349,345,8038
"Before scheduled trip start time",4,547,543,8038
"Before scheduled trip start time",4,468,464,8038
"Before scheduled trip start time",4,566,562,8038
"Before scheduled trip start time",4,379,375,8038
"Before scheduled trip start time",4,256,252,8038
"Before scheduled trip start time",4,54,50,8038
"Before scheduled trip start time",4,200,196,8038
"Before scheduled trip start time",4,99,95,8038
"Before scheduled trip start time",4,482,478,8038
"Before scheduled trip start time",4,578,574,8038
"Before scheduled trip start time",4,160,156,8038
"Before scheduled trip start time",4,442,438,8038
"Before scheduled trip start time",4,226,222,8038
"Before scheduled trip start time",4,365,361,8038
"Before scheduled trip start time",4,318,314,8038
"Before scheduled trip start time",4,102,98,8038
"Before scheduled trip start time",4,186,182,8038
"Before scheduled trip start time",4,100,96,8038
"Before scheduled trip start time",4,205,201,8038
"Before scheduled trip start time",4,69,65,8038
"Before scheduled trip start time",4,174,170,8038
"Before scheduled trip start time",4,9,5,8038
"Before scheduled trip start time",4,143,139,8038
"Before scheduled trip start time",4,441,437,8038
"Before scheduled trip start time",4,331,327,8038
"Before scheduled trip start time",4,220,216,8038
"Before scheduled trip start time",4,507,503,8038
"Before scheduled trip start time",4,546,542,8038
"Before scheduled trip start time",4,526,522,8038
"Before scheduled trip start time",4,103,99,8038
"Before scheduled trip start time",4,1586,1582,8038
"Before scheduled trip start time",4,91,87,8038
"Before scheduled trip start time",4,538,534,8038
"Before scheduled trip start time",4,227,223,8038
"Before scheduled trip start time",4,460,456,8038
"Before scheduled trip start time",4,123,119,8038
"Before scheduled trip start time",4,139,135,8038
"Before scheduled trip start time",4,126,122,8038
"Before scheduled trip start time",4,159,155,8038
"Before scheduled trip start time",4,74,70,8038
"Before scheduled trip start time",4,88,84,8038
"Before scheduled trip start time",4,209,205,8038
"Before scheduled trip start time",4,-9,-13,8038
"Before scheduled trip start time",4,27,23,8038
"Before scheduled trip start time",4,530,526,8038
"Before scheduled trip start time",4,127,123,8038
"Before scheduled trip start time",4,475,471,8038
"Before scheduled trip start time",4,396,392,8038
"Before scheduled trip start time",4,453,449,8038
"Before scheduled trip start time",4,173,169,8038
"Before scheduled trip start time",4,229,225,8038
"Before scheduled trip start time",4,21,17,8038
"Before scheduled trip start time",4,376,372,8038
"Before scheduled trip start time",4,329,325,8038
"Before scheduled trip start time",4,156,152,8038
"Before scheduled trip start time",4,38,34,8038
"Before scheduled trip start time",4,324,320,8038
"Before scheduled trip start time",4,488,484,8038
"Before scheduled trip start time",4,6,2,8038
"Before scheduled trip start time",4,23,19,8038
"Before scheduled trip start time",4,152,148,8038
"Before scheduled trip start time",4,28,24,8038
"Before scheduled trip start time",4,223,219,8038
"Before scheduled trip start time",4,214,210,8038
"Before scheduled trip start time",4,167,163,8038
"Before scheduled trip start time",4,98,94,8038
"Before scheduled trip start time",4,262,258,8038
"Before scheduled trip start time",4,553,549,8038
"Before scheduled trip start time",4,335,331,8038
"Before scheduled trip start time",4,498,494,8038
"Before scheduled trip start time",4,467,463,8038
"Before scheduled trip start time",4,68,64,8038
"Before scheduled trip start time",4,405,401,8038
"Before scheduled trip start time",4,171,167,8038
"Before scheduled trip start time",4,207,203,8038
"Before scheduled trip start time",4,477,473,8038
"Before scheduled trip start time",4,147,143,8038
"Before scheduled trip start time",4,15,11,8038
"Before scheduled trip start time",4,509,505,8038
"Before scheduled trip start time",4,558,554,8038
"Before scheduled trip start time",4,20,16,8038
"Before scheduled trip start time",4,276,272,8038
"Before scheduled trip start time",4,43,39,8038
"Before scheduled trip start time",4,568,564,8038
"Before scheduled trip start time",4,455,451,8038
"Before scheduled trip start time",4,112,108,8038
"Before scheduled trip start time",4,345,341,8038
"Before scheduled trip start time",4,459,455,8038
"Before scheduled trip start time",4,493,489,8038
"Before scheduled trip start time",4,234,230,8038
"Before scheduled trip start time",4,204,200,8038
"Before scheduled trip start time",4,461,457,8038
"Before scheduled trip start time",4,352,348,8038
"Before scheduled trip start time",4,374,370,8038
"Before scheduled trip start time",4,228,224,8038
"Before scheduled trip start time",4,264,260,8038
"Before scheduled trip start time",4,302,298,8038
"Before scheduled trip start time",4,26,22,8038
"Before scheduled trip start time",4,333,329,8038
"Before scheduled trip start time",4,108,104,8038
"Before scheduled trip start time",4,182,178,8038
"Before scheduled trip start time",4,310,306,8038
"Before scheduled trip start time",4,599,595,8038
"Before scheduled trip start time",4,317,313,8038
"Before scheduled trip start time",4,470,466,8038
"Before scheduled trip start time",4,337,333,8038
"Before scheduled trip start time",4,520,516,8038
"Before scheduled trip start time",4,375,371,8038
"Before scheduled trip start time",4,95,91,8038
"Before scheduled trip start time",4,383,379,8038
"Before scheduled trip start time",4,806,802,8038
"Before scheduled trip start time",4,57,53,8038
"Before scheduled trip start time",4,176,172,8038
"Before scheduled trip start time",4,137,133,8038
"Before scheduled trip start time",4,49,45,8038
"Before scheduled trip start time",4,261,257,8038
"Before scheduled trip start time",4,414,410,8038
"Before scheduled trip start time",4,258,254,8038
"Before scheduled trip start time",4,71,67,8038
"Before scheduled trip start time",4,271,267,8038
"Before scheduled trip start time",4,443,439,8038
"Before scheduled trip start time",4,285,281,8038
"Before scheduled trip start time",4,301,297,8038
"Before scheduled trip start time",4,114,110,8038
"Before scheduled trip start time",4,206,202,8038
"Before scheduled trip start time",4,626,622,8038
"Before scheduled trip start time",4,267,263,8038
"Before scheduled trip start time",4,1766,1762,8038
"Before scheduled trip start time",4,132,128,8038
"Before scheduled trip start time",4,67,63,8038
"Before scheduled trip start time",4,39,35,8038
"Before scheduled trip start time",4,346,342,8038
"Before scheduled trip start time",4,277,273,8038
"Before scheduled trip start time",4,105,101,8038
"Before scheduled trip start time",4,41,37,8038
"Before scheduled trip start time",4,305,301,8038
"Before scheduled trip start time",4,216,212,8038
"Before scheduled trip start time",4,462,458,8038
"Before scheduled trip start time",4,-2,-6,8038
"Before scheduled trip start time",4,187,183,8038
"Before scheduled trip start time",4,163,159,8038
"Before scheduled trip start time",4,36,32,8038
"Before scheduled trip start time",4,215,211,8038
"Before scheduled trip start time",4,499,495,8038
"Before scheduled trip start time",4,596,592,8038
"Before scheduled trip start time",4,113,109,8038
"Before scheduled trip start time",4,393,389,8038
"Before scheduled trip start time",4,420,416,8038
"Before scheduled trip start time",4,532,528,8038
"Before scheduled trip start time",4,192,188,8038
"Before scheduled trip start time",4,508,504,8038
"Before scheduled trip start time",4,1646,1642,8038
"Before scheduled trip start time",4,594,590,8038
"Before scheduled trip start time",4,225,221,8038
"Before scheduled trip start time",4,474,470,8038
"Before scheduled trip start time",4,457,453,8038
"Before scheduled trip start time",4,292,288,8038
"Before scheduled trip start time",4,435,431,8038
"Before scheduled trip start time",4,17,13,8038
"Before scheduled trip start time",4,170,166,8038
"Before scheduled trip start time",4,16,12,8038
"Before scheduled trip start time",4,62,58,8038
"Before scheduled trip start time",4,19,15,8038
"Before scheduled trip start time",4,178,174,8038
"Before scheduled trip start time",4,138,134,8038
"Before scheduled trip start time",4,479,475,8038
"Before scheduled trip start time",4,371,367,8038
"Before scheduled trip start time",4,436,432,8038
"Before scheduled trip start time",4,428,424,8038
"Before scheduled trip start time",4,303,299,8038
"Before scheduled trip start time",4,107,103,8038
"Before scheduled trip start time",4,577,573,8038
"Before scheduled trip start time",4,366,362,8038
"Before scheduled trip start time",4,505,501,8038
"Before scheduled trip start time",4,135,131,8038
"Before scheduled trip start time",4,161,157,8038
"Before scheduled trip start time",4,58,54,8038
"Before scheduled trip start time",4,537,533,8038
"Before scheduled trip start time",4,55,51,8038
"Before scheduled trip start time",4,278,274,8038
"Before scheduled trip start time",4,266,262,8038
"Before scheduled trip start time",4,72,68,8038
"Before scheduled trip start time",4,321,317,8038
"Before scheduled trip start time",4,18,14,8038
"Before scheduled trip start time",4,189,185,8038
"Before scheduled trip start time",4,293,289,8038
"Before scheduled trip start time",4,142,138,8038
"Before scheduled trip start time",4,446,442,8038
"Before scheduled trip start time",4,30,26,8038
"Before scheduled trip start time",4,203,199,8038
"Before scheduled trip start time",4,409,405,8038
"Before scheduled trip start time",4,243,239,8038
"Before scheduled trip start time",4,32,28,8038
"Before scheduled trip start time",4,1,-3,8038
"Before scheduled trip start time",4,134,130,8038
"Before scheduled trip start time",4,217,213,8038
"Before scheduled trip start time",4,592,588,8038
"Before scheduled trip start time",4,478,474,8038
"Before scheduled trip start time",4,456,452,8038
"Before scheduled trip start time",4,564,560,8038
"Before scheduled trip start time",4,531,527,8038
"Before scheduled trip start time",4,422,418,8038
"Before scheduled trip start time",4,356,352,8038
"Before scheduled trip start time",4,130,126,8038
"Before scheduled trip start time",4,425,421,8038
"Before scheduled trip start time",4,343,339,8038
"Before scheduled trip start time",4,559,555,8038
"Before scheduled trip start time",4,552,548,8038
"Before scheduled trip start time",4,491,487,8038
"Before scheduled trip start time",4,148,144,8038
"Before scheduled trip start time",4,208,204,8038
"Before scheduled trip start time",4,232,228,8038
"Before scheduled trip start time",4,986,982,8038
"Before scheduled trip start time",4,291,287,8038
"Before scheduled trip start time",4,528,524,8038
"Before scheduled trip start time",4,361,357,8038
"Before scheduled trip start time",4,503,499,8038
"Before scheduled trip start time",4,117,113,8038
"Before scheduled trip start time",4,412,408,8038
"Before scheduled trip start time",4,144,140,8038
"Before scheduled trip start time",4,198,194,8038
"Before scheduled trip start time",4,588,584,8038
"Before scheduled trip start time",4,534,530,8038
"Before scheduled trip start time",4,320,316,8038
"Before scheduled trip start time",4,275,271,8038
"Before scheduled trip start time",4,249,245,8038
"Before scheduled trip start time",4,224,220,8038
"Before scheduled trip start time",4,76,72,8038
"Before scheduled trip start time",4,368,364,8038
"Before scheduled trip start time",4,359,355,8038
"Before scheduled trip start time",4,53,49,8038
"Before scheduled trip start time",4,260,256,8038
"Before scheduled trip start time",4,344,340,8038
"Before scheduled trip start time",4,65,61,8038
"Before scheduled trip start time",4,140,136,8038
"Before scheduled trip start time",4,210,206,8038
"Before scheduled trip start time",4,1046,1042,8038
"Before scheduled trip start time",4,403,399,8038
"Before scheduled trip start time",4,515,511,8038
"Before scheduled trip start time",4,111,107,8038
"Before scheduled trip start time",4,233,229,8038
"Before scheduled trip start time",4,560,556,8038
"Before scheduled trip start time",4,96,92,8038
"Before scheduled trip start time",4,521,517,8038
"Before scheduled trip start time",4,506,502,8038
"Before scheduled trip start time",4,11,7,8038
"Before scheduled trip start time",4,314,310,8038
"Before scheduled trip start time",4,109,105,8038
"Before scheduled trip start time",4,339,335,8038
"Before scheduled trip start time",4,399,395,8038
"Before scheduled trip start time",4,597,593,8038
"Before scheduled trip start time",4,573,569,8038
"Before scheduled trip start time",4,1706,1702,8038
"Before scheduled trip start time",4,423,419,8038
"Before scheduled trip start time",4,44,40,8038
"Before scheduled trip start time",4,164,160,8038
"Before scheduled trip start time",4,77,73,8038
"Before scheduled trip start time",4,444,440,8038
"Before scheduled trip start time",4,247,243,8038
"Before scheduled trip start time",4,61,57,8038
"Before scheduled trip start time",4,-12,-16,8038
"Before scheduled trip start time",4,516,512,8038
"Before scheduled trip start time",4,185,181,8038
"Before scheduled trip start time",4,22,18,8038
"Before scheduled trip start time",4,124,120,8038
"Before scheduled trip start time",4,7,3,8038
"Before scheduled trip start time",4,40,36,8038
"Before scheduled trip start time",4,-7,-11,8038
"Before scheduled trip start time",4,866,862,8038
"Before scheduled trip start time",4,415,411,8038
"Before scheduled trip start time",4,351,347,8038
"Before scheduled trip start time",4,85,81,8038
"Before scheduled trip start time",4,240,236,8038
"Before scheduled trip start time",4,394,390,8038
"Before scheduled trip start time",4,347,343,8038
"Before scheduled trip start time",4,218,214,8038
"Before scheduled trip start time",4,237,233,8038
"Before scheduled trip start time",4,238,234,8038
"Before scheduled trip start time",4,8,4,8038
"Before scheduled trip start time",4,279,275,8038
"Before scheduled trip start time",4,136,132,8038
"Before scheduled trip start time",4,297,293,8038
"Before scheduled trip start time",4,452,448,8038
"Before scheduled trip start time",4,306,302,8038
"Before scheduled trip start time",4,581,577,8038
"Before scheduled trip start time",4,548,544,8038
"Before scheduled trip start time",4,437,433,8038
"Before scheduled trip start time",4,10,6,8038
"Before scheduled trip start time",4,539,535,8038
"Before scheduled trip start time",4,593,589,8038
"Before scheduled trip start time",4,97,93,8038
"Before scheduled trip start time",4,438,434,8038
"Before scheduled trip start time",4,458,454,8038
"Before scheduled trip start time",4,551,547,8038
"Before scheduled trip start time",4,427,423,8038
"Before scheduled trip start time",4,518,514,8038
"Before scheduled trip start time",4,110,106,8038
"Before scheduled trip start time",4,341,337,8038
"Before scheduled trip start time",4,34,30,8038
"Before scheduled trip start time",4,511,507,8038
"Before scheduled trip start time",4,323,319,8038
"Before scheduled trip start time",4,583,579,8038
"Before scheduled trip start time",4,158,154,8038
"Before scheduled trip start time",4,494,490,8038
"Before scheduled trip start time",4,410,406,8038
"Before scheduled trip start time",4,602,598,8038
"Before scheduled trip start time",4,397,393,8038
"Before scheduled trip start time",4,60,56,8038
"Before scheduled trip start time",4,550,546,8038
"Before scheduled trip start time",4,561,557,8038
"Before scheduled trip start time",4,565,561,8038
"Before scheduled trip start time",4,363,359,8038
"Before scheduled trip start time",4,283,279,8038
"Before scheduled trip start time",4,274,270,8038
"Before scheduled trip start time",4,106,102,8038
"Before scheduled trip start time",4,543,539,8038
"Before scheduled trip start time",4,327,323,8038
"Before scheduled trip start time",4,35,31,8038
"Before scheduled trip start time",4,432,428,8038
"Before scheduled trip start time",4,56,52,8038
"Before scheduled trip start time",4,1106,1102,8038
"Before scheduled trip start time",4,172,168,8038
"Before scheduled trip start time",4,587,583,8038
"Before scheduled trip start time",4,388,384,8038
"Before scheduled trip start time",4,37,33,8038
"Before scheduled trip start time",4,330,326,8038
"Before scheduled trip start time",4,304,300,8038
"Before scheduled trip start time",4,179,175,8038
"Before scheduled trip start time",4,230,226,8038
"Before scheduled trip start time",4,-11,-15,8038
"Before scheduled trip start time",4,369,365,8038
"Before scheduled trip start time",4,48,44,8038
"Before scheduled trip start time",4,544,540,8038
"Before scheduled trip start time",4,265,261,8038
"Before scheduled trip start time",4,212,208,8038
"Before scheduled trip start time",4,326,322,8038
"Before scheduled trip start time",4,354,350,8038
"Before scheduled trip start time",4,5,1,8038
"Before scheduled trip start time",4,82,78,8038
"Before scheduled trip start time",4,473,469,8038
"Before scheduled trip start time",4,571,567,8038
"Before scheduled trip start time",4,87,83,8038
"Before scheduled trip start time",4,169,165,8038
"Before scheduled trip start time",4,380,376,8038
"Before scheduled trip start time",4,73,69,8038
"Before scheduled trip start time",4,286,282,8038
"Before scheduled trip start time",4,504,500,8038
"Before scheduled trip start time",4,562,558,8038
"Before scheduled trip start time",4,244,240,8038
"Before scheduled trip start time",4,431,427,8038
"Before scheduled trip start time",4,378,374,8038
"Before scheduled trip start time",4,355,351,8038
"Before scheduled trip start time",4,131,127,8038
"Before scheduled trip start time",4,59,55,8038
"Before scheduled trip start time",4,201,197,8038
"Before scheduled trip start time",4,116,112,8038
"Before scheduled trip start time",4,309,305,8038
"Before scheduled trip start time",4,579,575,8038
"Before scheduled trip start time",4,411,407,8038
"Before scheduled trip start time",4,193,189,8038
"Before scheduled trip start time",4,121,117,8038
"Before scheduled trip start time",4,572,568,8038
"Before scheduled trip start time",4,576,572,8038
"Before scheduled trip start time",4,175,171,8038
"Before scheduled trip start time",4,319,315,8038
"Before scheduled trip start time",4,14,10,8038
"Before scheduled trip start time",4,70,66,8038
"Before scheduled trip start time",4,307,303,8038
"Before scheduled trip start time",4,686,682,8038
"Before scheduled trip start time",4,141,137,8038
"Before scheduled trip start time",4,390,386,8038
"Before scheduled trip start time",4,417,413,8038
"Before scheduled trip start time",4,42,38,8038
"Before scheduled trip start time",4,101,97,8038
"Before scheduled trip start time",4,213,209,8038
"Before scheduled trip start time",4,149,145,8038
"Before scheduled trip start time",4,582,578,8038
"Before scheduled trip start time",4,416,412,8038
"Before scheduled trip start time",4,168,164,8038
"Before scheduled trip start time",4,64,60,8038
"Before scheduled trip start time",4,316,312,8038
"Before scheduled trip start time",4,153,149,8038
"Before scheduled trip start time",4,46,42,8038
"Before scheduled trip start time",4,448,444,8038
"During scheduled trip",4,176,172,291
"During scheduled trip",4,115,111,291
"During scheduled trip",4,31,27,291
"During scheduled trip",4,328,324,291
"During scheduled trip",4,235,231,291
"During scheduled trip",4,497,493,291
"During scheduled trip",4,21,17,291
"During scheduled trip",4,125,121,291
"During scheduled trip",4,112,108,291
"During scheduled trip",4,331,327,291
"During scheduled trip",4,219,215,291
"During scheduled trip",4,326,322,291
"During scheduled trip",4,224,220,291
"During scheduled trip",4,592,588,291
"During scheduled trip",4,217,213,291
"During scheduled trip",4,211,207,291
"During scheduled trip",4,596,592,291
"During scheduled trip",4,332,328,291
"During scheduled trip",4,522,518,291
"During scheduled trip",4,208,204,291
"During scheduled trip",4,221,217,291
"During scheduled trip",4,250,246,291
"During scheduled trip",4,12,8,291
"During scheduled trip",4,141,137,291
"During scheduled trip",4,546,542,291
"During scheduled trip",4,263,259,291
"During scheduled trip",4,32,28,291
"During scheduled trip",4,131,127,291
"During scheduled trip",4,100,96,291
"During scheduled trip",4,469,465,291
"During scheduled trip",4,258,254,291
"During scheduled trip",4,238,234,291
"During scheduled trip",4,304,300,291
"During scheduled trip",4,533,529,291
"During scheduled trip",4,88,84,291
"During scheduled trip",4,121,117,291
"During scheduled trip",4,494,490,291
"During scheduled trip",4,8,4,291
"During scheduled trip",4,558,554,291
"During scheduled trip",4,45,41,291
"During scheduled trip",4,280,276,291
"During scheduled trip",4,595,591,291
"During scheduled trip",4,276,272,291
"During scheduled trip",4,37,33,291
"During scheduled trip",4,378,374,291
"During scheduled trip",4,404,400,291
"During scheduled trip",4,340,336,291
"During scheduled trip",4,289,285,291
"During scheduled trip",4,456,452,291
"During scheduled trip",4,490,486,291
"During scheduled trip",4,72,68,291
"During scheduled trip",4,117,113,291
"During scheduled trip",4,348,344,291
"During scheduled trip",4,113,109,291
"During scheduled trip",4,518,514,291
"During scheduled trip",4,120,116,291
"During scheduled trip",4,233,229,291
"During scheduled trip",4,64,60,291
"During scheduled trip",4,413,409,291
"During scheduled trip",4,82,78,291
"During scheduled trip",4,80,76,291
"During scheduled trip",4,91,87,291
"During scheduled trip",4,281,277,291
"During scheduled trip",4,38,34,291
"During scheduled trip",4,374,370,291
"During scheduled trip",4,54,50,291
"During scheduled trip",4,733,729,291
"During scheduled trip",4,157,153,291
"During scheduled trip",4,85,81,291
"During scheduled trip",4,582,578,291
"During scheduled trip",4,298,294,291
"During scheduled trip",4,287,283,291
"During scheduled trip",4,209,205,291
"During scheduled trip",4,359,355,291
"During scheduled trip",4,466,462,291
"During scheduled trip",4,268,264,291
"During scheduled trip",4,159,155,291
"During scheduled trip",4,20,16,291
"During scheduled trip",4,123,119,291
"During scheduled trip",4,322,318,291
"During scheduled trip",4,163,159,291
"During scheduled trip",4,350,346,291
"During scheduled trip",4,468,464,291
"During scheduled trip",4,586,582,291
"During scheduled trip",4,551,547,291
"During scheduled trip",4,195,191,291
"During scheduled trip",4,106,102,291
"During scheduled trip",4,-5,-9,291
"During scheduled trip",4,203,199,291
"During scheduled trip",4,431,427,291
"During scheduled trip",4,564,560,291
"During scheduled trip",4,387,383,291
"During scheduled trip",4,504,500,291
"During scheduled trip",4,196,192,291
"During scheduled trip",4,201,197,291
"During scheduled trip",4,427,423,291
"During scheduled trip",4,165,161,291
"During scheduled trip",4,138,134,291
"During scheduled trip",4,443,439,291
"During scheduled trip",4,793,789,291
"During scheduled trip",4,420,416,291
"During scheduled trip",4,510,506,291
"During scheduled trip",4,24,20,291
"During scheduled trip",4,247,243,291
"During scheduled trip",4,228,224,291
"During scheduled trip",4,400,396,291
"During scheduled trip",4,17,13,291
"During scheduled trip",4,51,47,291
"During scheduled trip",4,237,233,291
"During scheduled trip",4,396,392,291
"During scheduled trip",4,379,375,291
"During scheduled trip",4,99,95,291
"During scheduled trip",4,516,512,291
"During scheduled trip",4,492,488,291
"During scheduled trip",4,74,70,291
"During scheduled trip",4,329,325,291
"During scheduled trip",4,61,57,291
"During scheduled trip",4,34,30,291
"During scheduled trip",4,297,293,291
"During scheduled trip",4,527,523,291
"During scheduled trip",4,145,141,291
"During scheduled trip",4,187,183,291
"During scheduled trip",4,406,402,291
"During scheduled trip",4,53,49,291
"During scheduled trip",4,92,88,291
"During scheduled trip",4,409,405,291
"During scheduled trip",4,158,154,291
"During scheduled trip",4,36,32,291
"During scheduled trip",4,448,444,291
"During scheduled trip",4,68,64,291
"During scheduled trip",4,257,253,291
"During scheduled trip",4,560,556,291
"During scheduled trip",4,153,149,291
"During scheduled trip",4,442,438,291
"During scheduled trip",4,556,552,291
"During scheduled trip",4,371,367,291
"During scheduled trip",4,377,373,291
"During scheduled trip",4,-7,-11,291
"During scheduled trip",4,248,244,291
"During scheduled trip",4,333,329,291
"During scheduled trip",4,59,55,291
"During scheduled trip",4,26,22,291
"During scheduled trip",4,111,107,291
"During scheduled trip",4,584,580,291
"During scheduled trip",4,364,360,291
"During scheduled trip",4,336,332,291
"During scheduled trip",4,337,333,291
"During scheduled trip",4,540,536,291
"During scheduled trip",4,402,398,291
"During scheduled trip",4,136,132,291
"During scheduled trip",4,566,562,291
"During scheduled trip",4,376,372,291
"During scheduled trip",4,133,129,291
"During scheduled trip",4,177,173,291
"During scheduled trip",4,246,242,291
"During scheduled trip",4,330,326,291
"During scheduled trip",4,501,497,291
"During scheduled trip",4,534,530,291
"During scheduled trip",4,29,25,291
"During scheduled trip",4,562,558,291
"During scheduled trip",4,137,133,291
"During scheduled trip",4,46,42,291
"During scheduled trip",4,206,202,291
"During scheduled trip",4,9,5,291
"During scheduled trip",4,613,609,291
"During scheduled trip",4,421,417,291
"During scheduled trip",4,347,343,291
"During scheduled trip",4,520,516,291
"During scheduled trip",4,16,12,291
"During scheduled trip",4,239,235,291
"During scheduled trip",4,98,94,291
"During scheduled trip",4,541,537,291
"During scheduled trip",4,48,44,291
"During scheduled trip",4,66,62,291
"During scheduled trip",4,70,66,291
"During scheduled trip",4,391,387,291
"During scheduled trip",4,262,258,291
"During scheduled trip",4,323,319,291
"During scheduled trip",4,154,150,291
"During scheduled trip",4,90,86,291
"During scheduled trip",4,544,540,291
"During scheduled trip",4,467,463,291
"During scheduled trip",4,230,226,291
"During scheduled trip",4,450,446,291
"During scheduled trip",4,129,125,291
"During scheduled trip",4,35,31,291
"During scheduled trip",4,95,91,291
"During scheduled trip",4,283,279,291
"During scheduled trip",4,110,106,291
"During scheduled trip",4,589,585,291
"During scheduled trip",4,514,510,291
"During scheduled trip",4,478,474,291
"During scheduled trip",4,414,410,291
"During scheduled trip",4,222,218,291
"During scheduled trip",4,245,241,291
"During scheduled trip",4,335,331,291
"During scheduled trip",4,188,184,291
"During scheduled trip",4,509,505,291
"During scheduled trip",4,122,118,291
"During scheduled trip",4,126,122,291
"During scheduled trip",4,288,284,291
"During scheduled trip",4,435,431,291
"During scheduled trip",4,291,287,291
"During scheduled trip",4,49,45,291
"During scheduled trip",4,367,363,291
"During scheduled trip",4,370,366,291
"During scheduled trip",4,432,428,291
"During scheduled trip",4,-6,-10,291
"During scheduled trip",4,190,186,291
"During scheduled trip",4,105,101,291
"During scheduled trip",4,296,292,291
"During scheduled trip",4,180,176,291
"During scheduled trip",4,255,251,291
"During scheduled trip",4,151,147,291
"During scheduled trip",4,104,100,291
"During scheduled trip",4,459,455,291
"During scheduled trip",4,84,80,291
"During scheduled trip",4,349,345,291
"During scheduled trip",4,439,435,291
"During scheduled trip",4,274,270,291
"During scheduled trip",4,109,105,291
"During scheduled trip",4,384,380,291
"During scheduled trip",4,313,309,291
"During scheduled trip",4,416,412,291
"During scheduled trip",4,144,140,291
"During scheduled trip",4,39,35,291
"During scheduled trip",4,244,240,291
"During scheduled trip",4,484,480,291
"During scheduled trip",4,580,576,291
"During scheduled trip",4,547,543,291
"During scheduled trip",4,52,48,291
"During scheduled trip",4,229,225,291
"During scheduled trip",4,150,146,291
"During scheduled trip",4,214,210,291
"During scheduled trip",4,156,152,291
"During scheduled trip",4,479,475,291
"During scheduled trip",4,50,46,291
"During scheduled trip",4,-4,-8,291
"During scheduled trip",4,75,71,291
"During scheduled trip",4,212,208,291
"During scheduled trip",4,307,303,291
"During scheduled trip",4,489,485,291
"During scheduled trip",4,418,414,291
"During scheduled trip",4,200,196,291
"During scheduled trip",4,436,432,291
"During scheduled trip",4,572,568,291
"During scheduled trip",4,588,584,291
"During scheduled trip",4,261,257,291
"During scheduled trip",4,321,317,291
"During scheduled trip",4,205,201,291
"During scheduled trip",4,186,182,291
"During scheduled trip",4,394,390,291
"During scheduled trip",4,408,404,291
"During scheduled trip",4,155,151,291
"During scheduled trip",4,267,263,291
"During scheduled trip",4,441,437,291
"During scheduled trip",4,167,163,291
"During scheduled trip",4,415,411,291
"During scheduled trip",4,6,2,291
"During scheduled trip",4,119,115,291
"During scheduled trip",4,361,357,291
"During scheduled trip",4,11,7,291
"During scheduled trip",4,474,470,291
"During scheduled trip",4,505,501,291
"During scheduled trip",4,571,567,291
"During scheduled trip",4,411,407,291
"During scheduled trip",4,249,245,291
"During scheduled trip",4,310,306,291
"During scheduled trip",4,114,110,291
"During scheduled trip",4,398,394,291
"During scheduled trip",4,284,280,291
"During scheduled trip",4,452,448,291
"During scheduled trip",4,97,93,291
"During scheduled trip",4,58,54,291
"During scheduled trip",4,172,168,291
"During scheduled trip",4,253,249,291
"During scheduled trip",4,594,590,291
"During scheduled trip",4,33,29,291
"During scheduled trip",4,264,260,291
"During scheduled trip",4,481,477,291
"During scheduled trip",4,476,472,291
"During scheduled trip",4,403,399,291
"During scheduled trip",4,173,169,291
"During scheduled trip",4,127,123,291
"During scheduled trip",4,325,321,291
"During scheduled trip",4,226,222,291
"During scheduled trip",4,355,351,291
"During scheduled trip",4,319,315,291
"During scheduled trip",4,118,114,291
"During scheduled trip",4,146,142,291
"During scheduled trip",4,345,341,291
"During scheduled trip",4,285,281,291
"During scheduled trip",4,10,6,291
"During scheduled trip",4,532,528,291
"During scheduled trip",4,168,164,291
"During scheduled trip",4,169,165,291
"During scheduled trip",4,341,337,291
"During scheduled trip",4,334,330,291
"During scheduled trip",4,295,291,291
"During scheduled trip",4,202,198,291
"During scheduled trip",4,30,26,291
"During scheduled trip",4,43,39,291
"During scheduled trip",4,343,339,291
"During scheduled trip",4,22,18,291
"During scheduled trip",4,451,447,291
"During scheduled trip",4,204,200,291
"During scheduled trip",4,69,65,291
"During scheduled trip",4,14,10,291
"During scheduled trip",4,215,211,291
"During scheduled trip",4,393,389,291
"During scheduled trip",4,234,230,291
"During scheduled trip",4,218,214,291
"During scheduled trip",4,223,219,291
"During scheduled trip",4,357,353,291
"During scheduled trip",4,346,342,291
"During scheduled trip",4,309,305,291
"During scheduled trip",4,-11,-15,291
"During scheduled trip",4,294,290,291
"During scheduled trip",4,231,227,291
"During scheduled trip",4,277,273,291
"During scheduled trip",4,273,269,291
"During scheduled trip",4,198,194,291
"During scheduled trip",4,260,256,291
"During scheduled trip",4,502,498,291
"During scheduled trip",4,132,128,291
"During scheduled trip",4,254,250,291
"During scheduled trip",4,232,228,291
"During scheduled trip",4,1,-3,291
"During scheduled trip",4,446,442,291
"During scheduled trip",4,142,138,291
"During scheduled trip",4,83,79,291
"During scheduled trip",4,389,385,291
"During scheduled trip",4,381,377,291
"During scheduled trip",4,96,92,291
"During scheduled trip",4,128,124,291
"During scheduled trip",4,525,521,291
"During scheduled trip",4,375,371,291
"During scheduled trip",4,554,550,291
"During scheduled trip",4,220,216,291
"During scheduled trip",4,-2,-6,291
"During scheduled trip",4,152,148,291
"During scheduled trip",4,193,189,291
"During scheduled trip",4,60,56,291
"During scheduled trip",4,93,89,291
"During scheduled trip",4,179,175,291
"During scheduled trip",4,225,221,291
"During scheduled trip",4,308,304,291
"During scheduled trip",4,76,72,291
"During scheduled trip",4,282,278,291
"During scheduled trip",4,397,393,291
"During scheduled trip",4,170,166,291
"During scheduled trip",4,175,171,291
"During scheduled trip",4,429,425,291
"During scheduled trip",4,542,538,291
"During scheduled trip",4,265,261,291
"During scheduled trip",4,184,180,291
"During scheduled trip",4,185,181,291
"During scheduled trip",4,523,519,291
"During scheduled trip",4,162,158,291
"During scheduled trip",4,89,85,291
"During scheduled trip",4,445,441,291
"During scheduled trip",4,315,311,291
"During scheduled trip",4,601,597,291
"During scheduled trip",4,399,395,291
"During scheduled trip",4,0,-4,291
"During scheduled trip",4,913,909,291
"During scheduled trip",4,316,312,291
"During scheduled trip",4,426,422,291
"During scheduled trip",4,101,97,291
"During scheduled trip",4,216,212,291
"During scheduled trip",4,178,174,291
"During scheduled trip",4,305,301,291
"During scheduled trip",4,271,267,291
"During scheduled trip",4,425,421,291
"During scheduled trip",4,549,545,291
"During scheduled trip",4,191,187,291
"During scheduled trip",4,266,262,291
"During scheduled trip",4,242,238,291
"During scheduled trip",4,306,302,291
"During scheduled trip",4,103,99,291
"During scheduled trip",4,358,354,291
"During scheduled trip",4,71,67,291
"During scheduled trip",4,67,63,291
"During scheduled trip",4,292,288,291
"During scheduled trip",4,236,232,291
"During scheduled trip",4,73,69,291
"During scheduled trip",4,286,282,291
"During scheduled trip",4,519,515,291
"During scheduled trip",4,210,206,291
"During scheduled trip",4,44,40,291
"During scheduled trip",4,430,426,291
"During scheduled trip",4,447,443,291
"During scheduled trip",4,512,508,291
"During scheduled trip",4,602,598,291
"During scheduled trip",4,449,445,291
"During scheduled trip",4,56,52,291
"During scheduled trip",4,365,361,291
"During scheduled trip",4,524,520,291
"During scheduled trip",4,383,379,291
"During scheduled trip",4,320,316,291
"During scheduled trip",4,576,572,291
"During scheduled trip",4,455,451,291
"During scheduled trip",4,251,247,291
"During scheduled trip",4,324,320,291
"During scheduled trip",4,197,193,291
"During scheduled trip",4,7,3,291
"During scheduled trip",4,62,58,291
"During scheduled trip",4,293,289,291
"During scheduled trip",4,327,323,291
"During scheduled trip",4,311,307,291
"During scheduled trip",4,405,401,291
"During scheduled trip",4,453,449,291
"During scheduled trip",4,493,489,291
"During scheduled trip",4,27,23,291
"During scheduled trip",4,256,252,291
"During scheduled trip",4,270,266,291
"During scheduled trip",4,94,90,291
"During scheduled trip",4,568,564,291
"During scheduled trip",4,363,359,291
"During scheduled trip",4,368,364,291
"During scheduled trip",4,55,51,291
"During scheduled trip",4,410,406,291
"During scheduled trip",4,438,434,291
"During scheduled trip",4,148,144,291
"During scheduled trip",4,417,413,291
"During scheduled trip",4,194,190,291
"During scheduled trip",4,279,275,291
"During scheduled trip",4,356,352,291
"During scheduled trip",4,574,570,291
"During scheduled trip",4,511,507,291
"During scheduled trip",4,25,21,291
"During scheduled trip",4,496,492,291
"During scheduled trip",4,390,386,291
"During scheduled trip",4,423,419,291
"During scheduled trip",4,372,368,291
"During scheduled trip",4,465,461,291
"During scheduled trip",4,352,348,291
"During scheduled trip",4,515,511,291
"During scheduled trip",4,192,188,291
"During scheduled trip",4,590,586,291
"During scheduled trip",4,174,170,291
"During scheduled trip",4,-3,-7,291
"During scheduled trip",4,140,136,291
"During scheduled trip",4,526,522,291
"During scheduled trip",4,189,185,291
"During scheduled trip",4,86,82,291
"During scheduled trip",4,227,223,291
"During scheduled trip",4,461,457,291
"During scheduled trip",4,-10,-14,291
"During scheduled trip",4,130,126,291
"During scheduled trip",4,318,314,291
"During scheduled trip",4,555,551,291
"During scheduled trip",4,183,179,291
"During scheduled trip",4,553,549,291
"During scheduled trip",4,-1,-5,291
"During scheduled trip",4,124,120,291
"During scheduled trip",4,269,265,291
"During scheduled trip",4,213,209,291
"During scheduled trip",4,422,418,291
"During scheduled trip",4,578,574,291
"During scheduled trip",4,79,75,291
"During scheduled trip",4,300,296,291
"During scheduled trip",4,302,298,291
"During scheduled trip",4,171,167,291
"During scheduled trip",4,508,504,291
"During scheduled trip",4,166,162,291
"During scheduled trip",4,41,37,291
"During scheduled trip",4,259,255,291
"During scheduled trip",4,382,378,291
"During scheduled trip",4,460,456,291
"During scheduled trip",4,301,297,291
"During scheduled trip",4,454,450,291
"During scheduled trip",4,317,313,291
"During scheduled trip",4,-9,-13,291
"During scheduled trip",4,487,483,291
"During scheduled trip",4,380,376,291
"During scheduled trip",4,57,53,291
"During scheduled trip",4,18,14,291
"During scheduled trip",4,182,178,291
"During scheduled trip",4,548,544,291
"During scheduled trip",4,366,362,291
"During scheduled trip",4,537,533,291
"During scheduled trip",4,528,524,291
"During scheduled trip",4,278,274,291
"During scheduled trip",4,23,19,291
"During scheduled trip",4,65,61,291
"During scheduled trip",4,160,156,291
"During scheduled trip",4,464,460,291
"During scheduled trip",4,102,98,291
"During scheduled trip",4,108,104,291
"During scheduled trip",4,529,525,291
"During scheduled trip",4,354,350,291
"During scheduled trip",4,535,531,291
"During scheduled trip",4,362,358,291
"During scheduled trip",4,360,356,291
"During scheduled trip",4,412,408,291
"During scheduled trip",4,139,135,291
"During scheduled trip",4,77,73,291
"During scheduled trip",4,312,308,291
"During scheduled trip",4,149,145,291
"During scheduled trip",4,116,112,291
"During scheduled trip",4,243,239,291
"During scheduled trip",4,134,130,291
"During scheduled trip",4,498,494,291
"During scheduled trip",4,164,160,291
"During scheduled trip",4,28,24,291
"During scheduled trip",4,199,195,291
"During scheduled trip",4,338,334,291
"During scheduled trip",4,373,369,291
"During scheduled trip",4,40,36,291
"During scheduled trip",4,480,476,291
"During scheduled trip",4,107,103,291
"During scheduled trip",4,673,669,291
"During scheduled trip",4,15,11,291
"During scheduled trip",4,81,77,291
"During scheduled trip",4,252,248,291
"During scheduled trip",4,458,454,291
"During scheduled trip",4,351,347,291
"During scheduled trip",4,3,-1,291
"During scheduled trip",4,503,499,291
"During scheduled trip",4,530,526,291
"During scheduled trip",4,552,548,291
"During scheduled trip",4,147,143,291
"During scheduled trip",4,342,338,291
"During scheduled trip",4,135,131,291
"During scheduled trip",4,433,429,291
"During scheduled trip",4,63,59,291
"During scheduled trip",4,78,74,291
"During scheduled trip",4,598,594,291
"During scheduled trip",4,472,468,291
"During scheduled trip",4,506,502,291
"During scheduled trip",4,353,349,291
"During scheduled trip",4,272,268,291
"During scheduled trip",4,13,9,291
"During scheduled trip",4,299,295,291
"During scheduled trip",4,482,478,291
"During scheduled trip",4,428,424,291
"During scheduled trip",4,444,440,291
"During scheduled trip",4,339,335,291
"During scheduled trip",4,181,177,291
"During scheduled trip",4,392,388,291
"During scheduled trip",4,42,38,291
"During scheduled trip",4,161,157,291
"During scheduled trip",4,401,397,291
"During scheduled trip",4,853,849,291
"During scheduled trip",4,4,0,291
"During scheduled trip",4,440,436,291
"During scheduled trip",4,434,430,291
"During scheduled trip",4,303,299,291
"During scheduled trip",4,47,43,291
"During scheduled trip",4,388,384,291
"During scheduled trip",4,473,469,291
"During scheduled trip",4,275,271,291
"During scheduled trip",4,19,15,291
"During scheduled trip",4,577,573,291
"During scheduled trip",4,314,310,291
"During scheduled trip",4,207,203,291
"During scheduled trip",4,87,83,291
"During scheduled trip",4,369,365,291
"During scheduled trip",4,-12,-16,291
"During scheduled trip",4,240,236,291
"During scheduled trip",4,344,340,291
"During scheduled trip",4,488,484,291
"During scheduled trip",4,462,458,291
"During scheduled trip",4,565,561,291
"During scheduled trip",4,241,237,291
"During scheduled trip",4,386,382,291
"During scheduled trip",4,5,1,291
"During scheduled trip",4,143,139,291
"During scheduled trip",4,539,535,291
"During scheduled trip",4,424,420,291
"During scheduled trip",4,513,509,291
"During scheduled trip",4,290,286,291
"During scheduled trip",4,486,482,291
"Post scheduled trip end time",4,460,456,4020.5
"Post scheduled trip end time",4,538,534,4020.5
"Post scheduled trip end time",4,256,252,4020.5
"Post scheduled trip end time",4,91,87,4020.5
"Post scheduled trip end time",4,480,476,4020.5
"Post scheduled trip end time",4,-11,-15,4020.5
"Post scheduled trip end time",4,65,61,4020.5
"Post scheduled trip end time",4,99,95,4020.5
"Post scheduled trip end time",4,138,134,4020.5
"Post scheduled trip end time",4,75,71,4020.5
"Post scheduled trip end time",4,295,291,4020.5
"Post scheduled trip end time",4,127,123,4020.5
"Post scheduled trip end time",4,697,693,4020.5
"Post scheduled trip end time",4,459,455,4020.5
"Post scheduled trip end time",4,520,516,4020.5
"Post scheduled trip end time",4,637,633,4020.5
"Post scheduled trip end time",4,185,181,4020.5
"Post scheduled trip end time",4,482,478,4020.5
"Post scheduled trip end time",4,580,576,4020.5
"Post scheduled trip end time",4,534,530,4020.5
"Post scheduled trip end time",4,877,873,4020.5
"Post scheduled trip end time",4,411,407,4020.5
"Post scheduled trip end time",4,17,13,4020.5
"Post scheduled trip end time",4,61,57,4020.5
"Post scheduled trip end time",4,685,681,4020.5
"Post scheduled trip end time",4,78,74,4020.5
"Post scheduled trip end time",4,172,168,4020.5
"Post scheduled trip end time",4,451,447,4020.5
"Post scheduled trip end time",4,140,136,4020.5
"Post scheduled trip end time",4,11,7,4020.5
"Post scheduled trip end time",4,156,152,4020.5
"Post scheduled trip end time",4,7,3,4020.5
"Post scheduled trip end time",4,36,32,4020.5
"Post scheduled trip end time",4,498,494,4020.5
"Post scheduled trip end time",4,253,249,4020.5
"Post scheduled trip end time",4,121,117,4020.5
"Post scheduled trip end time",4,260,256,4020.5
"Post scheduled trip end time",4,297,293,4020.5
"Post scheduled trip end time",4,205,201,4020.5
"Post scheduled trip end time",4,497,493,4020.5
"Post scheduled trip end time",4,450,446,4020.5
"Post scheduled trip end time",4,189,185,4020.5
"Post scheduled trip end time",4,549,545,4020.5
"Post scheduled trip end time",4,561,557,4020.5
"Post scheduled trip end time",4,129,125,4020.5
"Post scheduled trip end time",4,367,363,4020.5
"Post scheduled trip end time",4,151,147,4020.5
"Post scheduled trip end time",4,276,272,4020.5
"Post scheduled trip end time",4,319,315,4020.5
"Post scheduled trip end time",4,369,365,4020.5
"Post scheduled trip end time",4,365,361,4020.5
"Post scheduled trip end time",4,370,366,4020.5
"Post scheduled trip end time",4,52,48,4020.5
"Post scheduled trip end time",4,203,199,4020.5
"Post scheduled trip end time",4,79,75,4020.5
"Post scheduled trip end time",4,335,331,4020.5
"Post scheduled trip end time",4,336,332,4020.5
"Post scheduled trip end time",4,43,39,4020.5
"Post scheduled trip end time",4,312,308,4020.5
"Post scheduled trip end time",4,133,129,4020.5
"Post scheduled trip end time",4,222,218,4020.5
"Post scheduled trip end time",4,376,372,4020.5
"Post scheduled trip end time",4,1057,1053,4020.5
"Post scheduled trip end time",4,234,230,4020.5
"Post scheduled trip end time",4,439,435,4020.5
"Post scheduled trip end time",4,435,431,4020.5
"Post scheduled trip end time",4,220,216,4020.5
"Post scheduled trip end time",4,30,26,4020.5
"Post scheduled trip end time",4,582,578,4020.5
"Post scheduled trip end time",4,483,479,4020.5
"Post scheduled trip end time",4,69,65,4020.5
"Post scheduled trip end time",4,394,390,4020.5
"Post scheduled trip end time",4,405,401,4020.5
"Post scheduled trip end time",4,344,340,4020.5
"Post scheduled trip end time",4,430,426,4020.5
"Post scheduled trip end time",4,380,376,4020.5
"Post scheduled trip end time",4,238,234,4020.5
"Post scheduled trip end time",4,143,139,4020.5
"Post scheduled trip end time",4,341,337,4020.5
"Post scheduled trip end time",4,578,574,4020.5
"Post scheduled trip end time",4,551,547,4020.5
"Post scheduled trip end time",4,139,135,4020.5
"Post scheduled trip end time",4,469,465,4020.5
"Post scheduled trip end time",4,381,377,4020.5
"Post scheduled trip end time",4,59,55,4020.5
"Post scheduled trip end time",4,168,164,4020.5
"Post scheduled trip end time",4,104,100,4020.5
"Post scheduled trip end time",4,126,122,4020.5
"Post scheduled trip end time",4,35,31,4020.5
"Post scheduled trip end time",4,187,183,4020.5
"Post scheduled trip end time",4,211,207,4020.5
"Post scheduled trip end time",4,77,73,4020.5
"Post scheduled trip end time",4,22,18,4020.5
"Post scheduled trip end time",4,397,393,4020.5
"Post scheduled trip end time",4,157,153,4020.5
"Post scheduled trip end time",4,625,621,4020.5
"Post scheduled trip end time",4,452,448,4020.5
"Post scheduled trip end time",4,202,198,4020.5
"Post scheduled trip end time",4,436,432,4020.5
"Post scheduled trip end time",4,169,165,4020.5
"Post scheduled trip end time",4,231,227,4020.5
"Post scheduled trip end time",4,29,25,4020.5
"Post scheduled trip end time",4,338,334,4020.5
"Post scheduled trip end time",4,184,180,4020.5
"Post scheduled trip end time",4,113,109,4020.5
"Post scheduled trip end time",4,291,287,4020.5
"Post scheduled trip end time",4,224,220,4020.5
"Post scheduled trip end time",4,496,492,4020.5
"Post scheduled trip end time",4,141,137,4020.5
"Post scheduled trip end time",4,332,328,4020.5
"Post scheduled trip end time",4,432,428,4020.5
"Post scheduled trip end time",4,87,83,4020.5
"Post scheduled trip end time",4,306,302,4020.5
"Post scheduled trip end time",4,246,242,4020.5
"Post scheduled trip end time",4,324,320,4020.5
"Post scheduled trip end time",4,50,46,4020.5
"Post scheduled trip end time",4,1357,1353,4020.5
"Post scheduled trip end time",4,272,268,4020.5
"Post scheduled trip end time",4,112,108,4020.5
"Post scheduled trip end time",4,204,200,4020.5
"Post scheduled trip end time",4,390,386,4020.5
"Post scheduled trip end time",4,25,21,4020.5
"Post scheduled trip end time",4,277,273,4020.5
"Post scheduled trip end time",4,243,239,4020.5
"Post scheduled trip end time",4,414,410,4020.5
"Post scheduled trip end time",4,428,424,4020.5
"Post scheduled trip end time",4,997,993,4020.5
"Post scheduled trip end time",4,269,265,4020.5
"Post scheduled trip end time",4,349,345,4020.5
"Post scheduled trip end time",4,225,221,4020.5
"Post scheduled trip end time",4,304,300,4020.5
"Post scheduled trip end time",4,294,290,4020.5
"Post scheduled trip end time",4,196,192,4020.5
"Post scheduled trip end time",4,200,196,4020.5
"Post scheduled trip end time",4,347,343,4020.5
"Post scheduled trip end time",4,937,933,4020.5
"Post scheduled trip end time",4,400,396,4020.5
"Post scheduled trip end time",4,57,53,4020.5
"Post scheduled trip end time",4,31,27,4020.5
"Post scheduled trip end time",4,165,161,4020.5
"Post scheduled trip end time",4,384,380,4020.5
"Post scheduled trip end time",4,471,467,4020.5
"Post scheduled trip end time",4,445,441,4020.5
"Post scheduled trip end time",4,299,295,4020.5
"Post scheduled trip end time",4,192,188,4020.5
"Post scheduled trip end time",4,88,84,4020.5
"Post scheduled trip end time",4,-6,-10,4020.5
"Post scheduled trip end time",4,19,15,4020.5
"Post scheduled trip end time",4,318,314,4020.5
"Post scheduled trip end time",4,270,266,4020.5
"Post scheduled trip end time",4,158,154,4020.5
"Post scheduled trip end time",4,526,522,4020.5
"Post scheduled trip end time",4,120,116,4020.5
"Post scheduled trip end time",4,26,22,4020.5
"Post scheduled trip end time",4,565,561,4020.5
"Post scheduled trip end time",4,60,56,4020.5
"Post scheduled trip end time",4,64,60,4020.5
"Post scheduled trip end time",4,5,1,4020.5
"Post scheduled trip end time",4,118,114,4020.5
"Post scheduled trip end time",4,421,417,4020.5
"Post scheduled trip end time",4,408,404,4020.5
"Post scheduled trip end time",4,393,389,4020.5
"Post scheduled trip end time",4,377,373,4020.5
"Post scheduled trip end time",4,508,504,4020.5
"Post scheduled trip end time",4,10,6,4020.5
"Post scheduled trip end time",4,442,438,4020.5
"Post scheduled trip end time",4,13,9,4020.5
"Post scheduled trip end time",4,289,285,4020.5
"Post scheduled trip end time",4,455,451,4020.5
"Post scheduled trip end time",4,162,158,4020.5
"Post scheduled trip end time",4,209,205,4020.5
"Post scheduled trip end time",4,251,247,4020.5
"Post scheduled trip end time",4,219,215,4020.5
"Post scheduled trip end time",4,32,28,4020.5
"Post scheduled trip end time",4,95,91,4020.5
"Post scheduled trip end time",4,199,195,4020.5
"Post scheduled trip end time",4,360,356,4020.5
"Post scheduled trip end time",4,116,112,4020.5
"Post scheduled trip end time",4,490,486,4020.5
"Post scheduled trip end time",4,301,297,4020.5
"Post scheduled trip end time",4,562,558,4020.5
"Post scheduled trip end time",4,484,480,4020.5
"Post scheduled trip end time",4,417,413,4020.5
"Post scheduled trip end time",4,223,219,4020.5
"Post scheduled trip end time",4,161,157,4020.5
"Post scheduled trip end time",4,478,474,4020.5
"Post scheduled trip end time",4,576,572,4020.5
"Post scheduled trip end time",4,577,573,4020.5
"Post scheduled trip end time",4,160,156,4020.5
"Post scheduled trip end time",4,54,50,4020.5
"Post scheduled trip end time",4,123,119,4020.5
"Post scheduled trip end time",4,119,115,4020.5
"Post scheduled trip end time",4,0,-4,4020.5
"Post scheduled trip end time",4,18,14,4020.5
"Post scheduled trip end time",4,757,753,4020.5
"Post scheduled trip end time",4,97,93,4020.5
"Post scheduled trip end time",4,226,222,4020.5
"Post scheduled trip end time",4,418,414,4020.5
"Post scheduled trip end time",4,389,385,4020.5
"Post scheduled trip end time",4,9,5,4020.5
"Post scheduled trip end time",4,546,542,4020.5
"Post scheduled trip end time",4,131,127,4020.5
"Post scheduled trip end time",4,102,98,4020.5
"Post scheduled trip end time",4,173,169,4020.5
"Post scheduled trip end time",4,85,81,4020.5
"Post scheduled trip end time",4,179,175,4020.5
"Post scheduled trip end time",4,67,63,4020.5
"Post scheduled trip end time",4,230,226,4020.5
"Post scheduled trip end time",4,254,250,4020.5
"Post scheduled trip end time",4,142,138,4020.5
"Post scheduled trip end time",4,181,177,4020.5
"Post scheduled trip end time",4,495,491,4020.5
"Post scheduled trip end time",4,6,2,4020.5
"Post scheduled trip end time",4,128,124,4020.5
"Post scheduled trip end time",4,58,54,4020.5
"Post scheduled trip end time",4,90,86,4020.5
"Post scheduled trip end time",4,379,375,4020.5
"Post scheduled trip end time",4,214,210,4020.5
"Post scheduled trip end time",4,1117,1113,4020.5
"Post scheduled trip end time",4,92,88,4020.5
"Post scheduled trip end time",4,96,92,4020.5
"Post scheduled trip end time",4,132,128,4020.5
"Post scheduled trip end time",4,100,96,4020.5
"Post scheduled trip end time",4,518,514,4020.5
"Post scheduled trip end time",4,8,4,4020.5
"Post scheduled trip end time",4,45,41,4020.5
"Post scheduled trip end time",4,364,360,4020.5
"Post scheduled trip end time",4,401,397,4020.5
"Post scheduled trip end time",4,516,512,4020.5
"Post scheduled trip end time",4,150,146,4020.5
"Post scheduled trip end time",4,288,284,4020.5
"Post scheduled trip end time",4,603,599,4020.5
"Post scheduled trip end time",4,282,278,4020.5
"Post scheduled trip end time",4,53,49,4020.5
"Post scheduled trip end time",4,1237,1233,4020.5
"Post scheduled trip end time",4,110,106,4020.5
"Post scheduled trip end time",4,146,142,4020.5
"Post scheduled trip end time",4,326,322,4020.5
"Post scheduled trip end time",4,235,231,4020.5
"Post scheduled trip end time",4,817,813,4020.5
"Post scheduled trip end time",4,467,463,4020.5
"Post scheduled trip end time",4,307,303,4020.5
"Post scheduled trip end time",4,148,144,4020.5
"Post scheduled trip end time",4,278,274,4020.5
"Post scheduled trip end time",4,21,17,4020.5
"Post scheduled trip end time",4,70,66,4020.5
"Post scheduled trip end time",4,550,546,4020.5
"Post scheduled trip end time",4,76,72,4020.5
"Post scheduled trip end time",4,491,487,4020.5
"Post scheduled trip end time",4,285,281,4020.5
"Post scheduled trip end time",4,12,8,4020.5
"Post scheduled trip end time",4,27,23,4020.5
"Post scheduled trip end time",4,244,240,4020.5
"Post scheduled trip end time",4,241,237,4020.5
"Post scheduled trip end time",4,494,490,4020.5
"Post scheduled trip end time",4,23,19,4020.5
"Post scheduled trip end time",4,153,149,4020.5
"Post scheduled trip end time",4,56,52,4020.5
"Post scheduled trip end time",4,47,43,4020.5
"Post scheduled trip end time",4,125,121,4020.5
"Post scheduled trip end time",4,250,246,4020.5
"Post scheduled trip end time",4,4,0,4020.5
"Post scheduled trip end time",4,86,82,4020.5
"Post scheduled trip end time",4,83,79,4020.5
"Post scheduled trip end time",4,328,324,4020.5
"Post scheduled trip end time",4,51,47,4020.5
"Post scheduled trip end time",4,570,566,4020.5
"Post scheduled trip end time",4,423,419,4020.5
"Post scheduled trip end time",4,136,132,4020.5
"Post scheduled trip end time",4,62,58,4020.5
"Post scheduled trip end time",4,147,143,4020.5
"Post scheduled trip end time",4,188,184,4020.5
"Post scheduled trip end time",4,108,104,4020.5
"Post scheduled trip end time",4,66,62,4020.5
"Post scheduled trip end time",4,325,321,4020.5
"Post scheduled trip end time",4,522,518,4020.5
"Post scheduled trip end time",4,195,191,4020.5
"Post scheduled trip end time",4,506,502,4020.5
"Post scheduled trip end time",4,194,190,4020.5
"Post scheduled trip end time",4,330,326,4020.5
"Post scheduled trip end time",4,261,257,4020.5
"Post scheduled trip end time",4,46,42,4020.5
"Post scheduled trip end time",4,274,270,4020.5
"Post scheduled trip end time",4,443,439,4020.5
"Post scheduled trip end time",4,416,412,4020.5
"Post scheduled trip end time",4,122,118,4020.5
"Post scheduled trip end time",4,208,204,4020.5
"Post scheduled trip end time",4,84,80,4020.5
"Post scheduled trip end time",4,528,524,4020.5
"Post scheduled trip end time",4,368,364,4020.5
"Post scheduled trip end time",4,240,236,4020.5
"Post scheduled trip end time",4,159,155,4020.5
"Post scheduled trip end time",4,422,418,4020.5
"Post scheduled trip end time",4,71,67,4020.5
"Post scheduled trip end time",4,265,261,4020.5
"Post scheduled trip end time",4,134,130,4020.5
"Post scheduled trip end time",4,180,176,4020.5
"Post scheduled trip end time",4,351,347,4020.5
"Post scheduled trip end time",4,186,182,4020.5
"Post scheduled trip end time",4,166,162,4020.5
"Post scheduled trip end time",4,474,470,4020.5
"Post scheduled trip end time",4,41,37,4020.5
"Post scheduled trip end time",4,1417,1413,4020.5
"Post scheduled trip end time",4,595,591,4020.5
"Post scheduled trip end time",4,280,276,4020.5
"Post scheduled trip end time",4,175,171,4020.5
"Post scheduled trip end time",4,517,513,4020.5
"Post scheduled trip end time",4,106,102,4020.5
"Post scheduled trip end time",4,354,350,4020.5
"Post scheduled trip end time",4,40,36,4020.5
"Post scheduled trip end time",4,232,228,4020.5
"Post scheduled trip end time",4,308,304,4020.5
"Post scheduled trip end time",4,15,11,4020.5
"Post scheduled trip end time",4,372,368,4020.5
"Post scheduled trip end time",4,385,381,4020.5
"Post scheduled trip end time",4,395,391,4020.5
"Post scheduled trip end time",4,340,336,4020.5
"Post scheduled trip end time",4,39,35,4020.5
"Post scheduled trip end time",4,103,99,4020.5
"Post scheduled trip end time",4,348,344,4020.5
"Post scheduled trip end time",4,-9,-13,4020.5
"Post scheduled trip end time",4,374,370,4020.5
"Post scheduled trip end time",4,155,151,4020.5
"Post scheduled trip end time",4,345,341,4020.5
"Post scheduled trip end time",4,94,90,4020.5
"Post scheduled trip end time",4,1477,1473,4020.5
"Post scheduled trip end time",4,37,33,4020.5
"Post scheduled trip end time",4,217,213,4020.5
"Post scheduled trip end time",4,420,416,4020.5
"Post scheduled trip end time",4,154,150,4020.5
"Post scheduled trip end time",4,268,264,4020.5
"Post scheduled trip end time",4,191,187,4020.5
"Post scheduled trip end time",4,14,10,4020.5
"Post scheduled trip end time",4,144,140,4020.5
"Post scheduled trip end time",4,218,214,4020.5
"Post scheduled trip end time",4,287,283,4020.5
"Post scheduled trip end time",4,177,173,4020.5
"Post scheduled trip end time",4,303,299,4020.5
"Post scheduled trip end time",4,34,30,4020.5
"Post scheduled trip end time",4,-3,-7,4020.5
"Post scheduled trip end time",4,596,592,4020.5
"Post scheduled trip end time",4,371,367,4020.5
"Post scheduled trip end time",4,176,172,4020.5
"Post scheduled trip end time",4,973,969,4020.5
"Post scheduled trip end time",4,438,434,4020.5
"Post scheduled trip end time",4,117,113,4020.5
"Post scheduled trip end time",4,198,194,4020.5
"Post scheduled trip end time",4,48,44,4020.5
"Post scheduled trip end time",4,93,89,4020.5
"Post scheduled trip end time",4,504,500,4020.5
"Post scheduled trip end time",4,98,94,4020.5
"Post scheduled trip end time",4,137,133,4020.5
"Post scheduled trip end time",4,68,64,4020.5
"Post scheduled trip end time",4,337,333,4020.5
"Post scheduled trip end time",4,245,241,4020.5
"Post scheduled trip end time",4,42,38,4020.5
"Post scheduled trip end time",4,237,233,4020.5
"Post scheduled trip end time",4,258,254,4020.5
"Post scheduled trip end time",4,264,260,4020.5
"Post scheduled trip end time",4,298,294,4020.5
"Post scheduled trip end time",4,426,422,4020.5
"Post scheduled trip end time",4,249,245,4020.5
"Post scheduled trip end time",4,124,120,4020.5
"Post scheduled trip end time",4,375,371,4020.5
"Post scheduled trip end time",4,362,358,4020.5
"Post scheduled trip end time",4,424,420,4020.5
"Post scheduled trip end time",4,529,525,4020.5
"Post scheduled trip end time",4,215,211,4020.5
"Post scheduled trip end time",4,163,159,4020.5
"Post scheduled trip end time",4,290,286,4020.5
"Post scheduled trip end time",4,1177,1173,4020.5
"Post scheduled trip end time",4,505,501,4020.5
"Post scheduled trip end time",4,81,77,4020.5
"Post scheduled trip end time",4,20,16,4020.5
"Post scheduled trip end time",4,164,160,4020.5
"Post scheduled trip end time",4,33,29,4020.5
"Post scheduled trip end time",4,571,567,4020.5
"Post scheduled trip end time",4,145,141,4020.5
"Post scheduled trip end time",4,320,316,4020.5
"Post scheduled trip end time",4,293,289,4020.5
"Post scheduled trip end time",4,105,101,4020.5
"Post scheduled trip end time",4,44,40,4020.5
"Post scheduled trip end time",4,107,103,4020.5
"Post scheduled trip end time",4,236,232,4020.5
"Post scheduled trip end time",4,386,382,4020.5
"Post scheduled trip end time",4,500,496,4020.5
"Post scheduled trip end time",4,38,34,4020.5
"Post scheduled trip end time",4,339,335,4020.5
"Post scheduled trip end time",4,49,45,4020.5
"Post scheduled trip end time",4,352,348,4020.5
"Post scheduled trip end time",4,80,76,4020.5
"Post scheduled trip end time",4,591,587,4020.5
"Post scheduled trip end time",4,82,78,4020.5
"Post scheduled trip end time",4,73,69,4020.5
"Post scheduled trip end time",4,300,296,4020.5
"Post scheduled trip end time",4,492,488,4020.5
"Post scheduled trip end time",4,621,617,4020.5
"Post scheduled trip end time",4,171,167,4020.5
"Post scheduled trip end time",4,135,131,4020.5
"Post scheduled trip end time",4,16,12,4020.5
"Post scheduled trip end time",4,221,217,4020.5
"Post scheduled trip end time",4,115,111,4020.5
"Post scheduled trip end time",4,510,506,4020.5
"Post scheduled trip end time",4,190,186,4020.5
"Post scheduled trip end time",4,111,107,4020.5
"Post scheduled trip end time",4,109,105,4020.5
"Post scheduled trip end time",4,413,409,4020.5
"Post scheduled trip end time",4,266,262,4020.5
"Post scheduled trip end time",4,183,179,4020.5
"Post scheduled trip end time",4,167,163,4020.5
"Post scheduled trip end time",4,502,498,4020.5
"Post scheduled trip end time",4,485,481,4020.5
"Post scheduled trip end time",4,130,126,4020.5
"Post scheduled trip end time",4,457,453,4020.5
"Post scheduled trip end time",4,419,415,4020.5
"Post scheduled trip end time",4,28,24,4020.5
"Post scheduled trip end time",4,174,170,4020.5
"Post scheduled trip end time",4,197,193,4020.5
"Post scheduled trip end time",4,212,208,4020.5
"Post scheduled trip end time",4,315,311,4020.5
"Post scheduled trip end time",4,310,306,4020.5
"Post scheduled trip end time",4,24,20,4020.5
"Post scheduled trip end time",4,302,298,4020.5
"Post scheduled trip end time",4,72,68,4020.5
"Post scheduled trip end time",4,357,353,4020.5
"Post scheduled trip end time",4,74,70,4020.5
"Post scheduled trip end time",4,63,59,4020.5
"Post scheduled trip end time",4,114,110,4020.5
"Post scheduled trip end time",4,55,51,4020.5
"Post scheduled trip end time",4,170,166,4020.5
"Post scheduled trip end time",4,279,275,4020.5
"Post scheduled trip end time",4,1297,1293,4020.5
"Post scheduled trip end time",4,89,85,4020.5
"Post scheduled trip end time",4,286,282,4020.5
"Post scheduled trip end time",4,630,626,4020.5
"Post scheduled trip end time",4,252,248,4020.5
"Post scheduled trip end time",4,210,206,4020.5
"Post scheduled trip end time",4,512,508,4020.5
"Post scheduled trip end time",4,201,197,4020.5
"Post scheduled trip end time",4,152,148,4020.5
"Post scheduled trip end time",4,437,433,4020.5
"Post scheduled trip end time",4,101,97,4020.5
"Post scheduled trip end time",4,182,178,4020.5
"Post scheduled trip end time",4,533,529,4020.5
"Before scheduled trip start time",5,134,129,8038
"Before scheduled trip start time",5,198,193,8038
"Before scheduled trip start time",5,43,38,8038
"Before scheduled trip start time",5,432,427,8038
"Before scheduled trip start time",5,114,109,8038
"Before scheduled trip start time",5,88,83,8038
"Before scheduled trip start time",5,120,115,8038
"Before scheduled trip start time",5,22,17,8038
"Before scheduled trip start time",5,18,13,8038
"Before scheduled trip start time",5,69,64,8038
"Before scheduled trip start time",5,444,439,8038
"Before scheduled trip start time",5,81,76,8038
"Before scheduled trip start time",5,7,2,8038
"Before scheduled trip start time",5,37,32,8038
"Before scheduled trip start time",5,637,632,8038
"Before scheduled trip start time",5,494,489,8038
"Before scheduled trip start time",5,52,47,8038
"Before scheduled trip start time",5,62,57,8038
"Before scheduled trip start time",5,231,226,8038
"Before scheduled trip start time",5,258,253,8038
"Before scheduled trip start time",5,112,107,8038
"Before scheduled trip start time",5,76,71,8038
"Before scheduled trip start time",5,378,373,8038
"Before scheduled trip start time",5,202,197,8038
"Before scheduled trip start time",5,223,218,8038
"Before scheduled trip start time",5,254,249,8038
"Before scheduled trip start time",5,109,104,8038
"Before scheduled trip start time",5,115,110,8038
"Before scheduled trip start time",5,384,379,8038
"Before scheduled trip start time",5,485,480,8038
"Before scheduled trip start time",5,14,9,8038
"Before scheduled trip start time",5,100,95,8038
"Before scheduled trip start time",5,211,206,8038
"Before scheduled trip start time",5,34,29,8038
"Before scheduled trip start time",5,80,75,8038
"Before scheduled trip start time",5,63,58,8038
"Before scheduled trip start time",5,20,15,8038
"Before scheduled trip start time",5,11,6,8038
"Before scheduled trip start time",5,201,196,8038
"Before scheduled trip start time",5,48,43,8038
"Before scheduled trip start time",5,598,593,8038
"Before scheduled trip start time",5,94,89,8038
"Before scheduled trip start time",5,592,587,8038
"Before scheduled trip start time",5,66,61,8038
"Before scheduled trip start time",5,452,447,8038
"Before scheduled trip start time",5,148,143,8038
"Before scheduled trip start time",5,538,533,8038
"Before scheduled trip start time",5,514,509,8038
"Before scheduled trip start time",5,397,392,8038
"Before scheduled trip start time",5,181,176,8038
"Before scheduled trip start time",5,418,413,8038
"Before scheduled trip start time",5,89,84,8038
"Before scheduled trip start time",5,145,140,8038
"Before scheduled trip start time",5,209,204,8038
"Before scheduled trip start time",5,-10,-15,8038
"Before scheduled trip start time",5,191,186,8038
"Before scheduled trip start time",5,151,146,8038
"Before scheduled trip start time",5,477,472,8038
"Before scheduled trip start time",5,82,77,8038
"Before scheduled trip start time",5,97,92,8038
"Before scheduled trip start time",5,150,145,8038
"Before scheduled trip start time",5,45,40,8038
"Before scheduled trip start time",5,215,210,8038
"Before scheduled trip start time",5,165,160,8038
"Before scheduled trip start time",5,518,513,8038
"Before scheduled trip start time",5,275,270,8038
"Before scheduled trip start time",5,242,237,8038
"Before scheduled trip start time",5,195,190,8038
"Before scheduled trip start time",5,105,100,8038
"Before scheduled trip start time",5,174,169,8038
"Before scheduled trip start time",5,157,152,8038
"Before scheduled trip start time",5,208,203,8038
"Before scheduled trip start time",5,255,250,8038
"Before scheduled trip start time",5,118,113,8038
"Before scheduled trip start time",5,168,163,8038
"Before scheduled trip start time",5,129,124,8038
"Before scheduled trip start time",5,453,448,8038
"Before scheduled trip start time",5,93,88,8038
"Before scheduled trip start time",5,24,19,8038
"Before scheduled trip start time",5,358,353,8038
"Before scheduled trip start time",5,21,16,8038
"Before scheduled trip start time",5,419,414,8038
"Before scheduled trip start time",5,278,273,8038
"Before scheduled trip start time",5,50,45,8038
"Before scheduled trip start time",5,658,653,8038
"Before scheduled trip start time",5,281,276,8038
"Before scheduled trip start time",5,138,133,8038
"Before scheduled trip start time",5,184,179,8038
"Before scheduled trip start time",5,167,162,8038
"Before scheduled trip start time",5,110,105,8038
"Before scheduled trip start time",5,566,561,8038
"Before scheduled trip start time",5,238,233,8038
"Before scheduled trip start time",5,42,37,8038
"Before scheduled trip start time",5,25,20,8038
"Before scheduled trip start time",5,106,101,8038
"Before scheduled trip start time",5,166,161,8038
"Before scheduled trip start time",5,149,144,8038
"Before scheduled trip start time",5,15,10,8038
"Before scheduled trip start time",5,171,166,8038
"Before scheduled trip start time",5,251,246,8038
"Before scheduled trip start time",5,369,364,8038
"Before scheduled trip start time",5,60,55,8038
"Before scheduled trip start time",5,65,60,8038
"Before scheduled trip start time",5,155,150,8038
"Before scheduled trip start time",5,531,526,8038
"Before scheduled trip start time",5,345,340,8038
"Before scheduled trip start time",5,40,35,8038
"Before scheduled trip start time",5,152,147,8038
"Before scheduled trip start time",5,131,126,8038
"Before scheduled trip start time",5,274,269,8038
"Before scheduled trip start time",5,459,454,8038
"Before scheduled trip start time",5,29,24,8038
"Before scheduled trip start time",5,121,116,8038
"Before scheduled trip start time",5,86,81,8038
"Before scheduled trip start time",5,233,228,8038
"Before scheduled trip start time",5,119,114,8038
"Before scheduled trip start time",5,243,238,8038
"Before scheduled trip start time",5,583,578,8038
"Before scheduled trip start time",5,107,102,8038
"Before scheduled trip start time",5,213,208,8038
"Before scheduled trip start time",5,27,22,8038
"Before scheduled trip start time",5,64,59,8038
"Before scheduled trip start time",5,192,187,8038
"Before scheduled trip start time",5,226,221,8038
"Before scheduled trip start time",5,55,50,8038
"Before scheduled trip start time",5,344,339,8038
"Before scheduled trip start time",5,90,85,8038
"Before scheduled trip start time",5,39,34,8038
"Before scheduled trip start time",5,575,570,8038
"Before scheduled trip start time",5,277,272,8038
"Before scheduled trip start time",5,49,44,8038
"Before scheduled trip start time",5,190,185,8038
"Before scheduled trip start time",5,35,30,8038
"Before scheduled trip start time",5,188,183,8038
"Before scheduled trip start time",5,102,97,8038
"Before scheduled trip start time",5,234,229,8038
"Before scheduled trip start time",5,173,168,8038
"Before scheduled trip start time",5,260,255,8038
"Before scheduled trip start time",5,61,56,8038
"Before scheduled trip start time",5,217,212,8038
"Before scheduled trip start time",5,38,33,8038
"Before scheduled trip start time",5,206,201,8038
"Before scheduled trip start time",5,185,180,8038
"Before scheduled trip start time",5,96,91,8038
"Before scheduled trip start time",5,47,42,8038
"Before scheduled trip start time",5,270,265,8038
"Before scheduled trip start time",5,70,65,8038
"Before scheduled trip start time",5,517,512,8038
"Before scheduled trip start time",5,8,3,8038
"Before scheduled trip start time",5,95,90,8038
"Before scheduled trip start time",5,154,149,8038
"Before scheduled trip start time",5,315,310,8038
"Before scheduled trip start time",5,12,7,8038
"Before scheduled trip start time",5,57,52,8038
"Before scheduled trip start time",5,436,431,8038
"Before scheduled trip start time",5,564,559,8038
"Before scheduled trip start time",5,19,14,8038
"Before scheduled trip start time",5,289,284,8038
"Before scheduled trip start time",5,33,28,8038
"Before scheduled trip start time",5,103,98,8038
"Before scheduled trip start time",5,78,73,8038
"Before scheduled trip start time",5,41,36,8038
"Before scheduled trip start time",5,59,54,8038
"Before scheduled trip start time",5,298,293,8038
"Before scheduled trip start time",5,318,313,8038
"Before scheduled trip start time",5,53,48,8038
"Before scheduled trip start time",5,51,46,8038
"Before scheduled trip start time",5,28,23,8038
"Before scheduled trip start time",5,67,62,8038
"Before scheduled trip start time",5,371,366,8038
"Before scheduled trip start time",5,140,135,8038
"Before scheduled trip start time",5,46,41,8038
"Before scheduled trip start time",5,126,121,8038
"Before scheduled trip start time",5,340,335,8038
"Before scheduled trip start time",5,214,209,8038
"Before scheduled trip start time",5,58,53,8038
"Before scheduled trip start time",5,6,1,8038
"Before scheduled trip start time",5,30,25,8038
"Before scheduled trip start time",5,178,173,8038
"Before scheduled trip start time",5,172,167,8038
"Before scheduled trip start time",5,128,123,8038
"Before scheduled trip start time",5,334,329,8038
"Before scheduled trip start time",5,74,69,8038
"Before scheduled trip start time",5,316,311,8038
"Before scheduled trip start time",5,75,70,8038
"Before scheduled trip start time",5,187,182,8038
"Before scheduled trip start time",5,116,111,8038
"Before scheduled trip start time",5,98,93,8038
"Before scheduled trip start time",5,68,63,8038
"Before scheduled trip start time",5,183,178,8038
"Before scheduled trip start time",5,135,130,8038
"Before scheduled trip start time",5,402,397,8038
"Before scheduled trip start time",5,32,27,8038
"Before scheduled trip start time",5,375,370,8038
"Before scheduled trip start time",5,354,349,8038
"Before scheduled trip start time",5,697,692,8038
"Before scheduled trip start time",5,478,473,8038
"Before scheduled trip start time",5,44,39,8038
"Before scheduled trip start time",5,-2,-7,8038
"Before scheduled trip start time",5,26,21,8038
"Before scheduled trip start time",5,240,235,8038
"Before scheduled trip start time",5,31,26,8038
"Before scheduled trip start time",5,71,66,8038
"Before scheduled trip start time",5,376,371,8038
"Before scheduled trip start time",5,144,139,8038
"Before scheduled trip start time",5,577,572,8038
"Before scheduled trip start time",5,156,151,8038
"Before scheduled trip start time",5,179,174,8038
"Before scheduled trip start time",5,569,564,8038
"Before scheduled trip start time",5,204,199,8038
"Before scheduled trip start time",5,355,350,8038
"Before scheduled trip start time",5,5,0,8038
"Before scheduled trip start time",5,428,423,8038
"Before scheduled trip start time",5,17,12,8038
"Before scheduled trip start time",5,54,49,8038
"Before scheduled trip start time",5,16,11,8038
"Before scheduled trip start time",5,56,51,8038
"Before scheduled trip start time",5,9,4,8038
"Before scheduled trip start time",5,158,153,8038
"Before scheduled trip start time",5,456,451,8038
"Before scheduled trip start time",5,162,157,8038
"Before scheduled trip start time",5,337,332,8038
"Before scheduled trip start time",5,84,79,8038
"Before scheduled trip start time",5,10,5,8038
"Before scheduled trip start time",5,73,68,8038
"Before scheduled trip start time",5,280,275,8038
"Before scheduled trip start time",5,125,120,8038
"Before scheduled trip start time",5,153,148,8038
"Before scheduled trip start time",5,372,367,8038
"Before scheduled trip start time",5,23,18,8038
"Before scheduled trip start time",5,304,299,8038
"Before scheduled trip start time",5,320,315,8038
"Before scheduled trip start time",5,108,103,8038
"Before scheduled trip start time",5,113,108,8038
"Before scheduled trip start time",5,85,80,8038
"Before scheduled trip start time",5,123,118,8038
"Before scheduled trip start time",5,92,87,8038
"Before scheduled trip start time",5,72,67,8038
"Before scheduled trip start time",5,36,31,8038
"Before scheduled trip start time",5,137,132,8038
"Before scheduled trip start time",5,13,8,8038
"Before scheduled trip start time",5,236,231,8038
"Before scheduled trip start time",5,111,106,8038
"Before scheduled trip start time",5,177,172,8038
"Before scheduled trip start time",5,142,137,8038
"Before scheduled trip start time",5,170,165,8038
"Before scheduled trip start time",5,457,452,8038
"Before scheduled trip start time",5,91,86,8038
"Before scheduled trip start time",5,524,519,8038
"Before scheduled trip start time",5,393,388,8038
"During scheduled trip",5,140,135,291
"During scheduled trip",5,200,195,291
"During scheduled trip",5,604,599,291
"During scheduled trip",5,428,423,291
"During scheduled trip",5,131,126,291
"During scheduled trip",5,79,74,291
"During scheduled trip",5,-3,-8,291
"During scheduled trip",5,817,812,291
"During scheduled trip",5,258,253,291
"During scheduled trip",5,57,52,291
"During scheduled trip",5,217,212,291
"During scheduled trip",5,123,118,291
"During scheduled trip",5,120,115,291
"During scheduled trip",5,265,260,291
"During scheduled trip",5,266,261,291
"During scheduled trip",5,397,392,291
"During scheduled trip",5,196,191,291
"During scheduled trip",5,284,279,291
"During scheduled trip",5,216,211,291
"During scheduled trip",5,86,81,291
"During scheduled trip",5,91,86,291
"During scheduled trip",5,177,172,291
"During scheduled trip",5,45,40,291
"During scheduled trip",5,254,249,291
"During scheduled trip",5,508,503,291
"During scheduled trip",5,247,242,291
"During scheduled trip",5,205,200,291
"During scheduled trip",5,5,0,291
"During scheduled trip",5,89,84,291
"During scheduled trip",5,215,210,291
"During scheduled trip",5,441,436,291
"During scheduled trip",5,38,33,291
"During scheduled trip",5,145,140,291
"During scheduled trip",5,613,608,291
"During scheduled trip",5,457,452,291
"During scheduled trip",5,932,927,291
"During scheduled trip",5,320,315,291
"During scheduled trip",5,299,294,291
"During scheduled trip",5,207,202,291
"During scheduled trip",5,105,100,291
"During scheduled trip",5,68,63,291
"During scheduled trip",5,87,82,291
"During scheduled trip",5,290,285,291
"During scheduled trip",5,12,7,291
"During scheduled trip",5,199,194,291
"During scheduled trip",5,272,267,291
"During scheduled trip",5,84,79,291
"During scheduled trip",5,268,263,291
"During scheduled trip",5,435,430,291
"During scheduled trip",5,380,375,291
"During scheduled trip",5,41,36,291
"During scheduled trip",5,51,46,291
"During scheduled trip",5,291,286,291
"During scheduled trip",5,18,13,291
"During scheduled trip",5,56,51,291
"During scheduled trip",5,208,203,291
"During scheduled trip",5,75,70,291
"During scheduled trip",5,60,55,291
"During scheduled trip",5,868,863,291
"During scheduled trip",5,101,96,291
"During scheduled trip",5,616,611,291
"During scheduled trip",5,282,277,291
"During scheduled trip",5,50,45,291
"During scheduled trip",5,516,511,291
"During scheduled trip",5,279,274,291
"During scheduled trip",5,483,478,291
"During scheduled trip",5,37,32,291
"During scheduled trip",5,170,165,291
"During scheduled trip",5,239,234,291
"During scheduled trip",5,23,18,291
"During scheduled trip",5,512,507,291
"During scheduled trip",5,325,320,291
"During scheduled trip",5,125,120,291
"During scheduled trip",5,138,133,291
"During scheduled trip",5,310,305,291
"During scheduled trip",5,44,39,291
"During scheduled trip",5,46,41,291
"During scheduled trip",5,496,491,291
"During scheduled trip",5,27,22,291
"During scheduled trip",5,361,356,291
"During scheduled trip",5,15,10,291
"During scheduled trip",5,6,1,291
"During scheduled trip",5,992,987,291
"During scheduled trip",5,186,181,291
"During scheduled trip",5,369,364,291
"During scheduled trip",5,448,443,291
"During scheduled trip",5,193,188,291
"During scheduled trip",5,14,9,291
"During scheduled trip",5,35,30,291
"During scheduled trip",5,93,88,291
"During scheduled trip",5,144,139,291
"During scheduled trip",5,300,295,291
"During scheduled trip",5,108,103,291
"During scheduled trip",5,211,206,291
"During scheduled trip",5,253,248,291
"During scheduled trip",5,163,158,291
"During scheduled trip",5,517,512,291
"During scheduled trip",5,137,132,291
"During scheduled trip",5,173,168,291
"During scheduled trip",5,142,137,291
"During scheduled trip",5,161,156,291
"During scheduled trip",5,103,98,291
"During scheduled trip",5,214,209,291
"During scheduled trip",5,568,563,291
"During scheduled trip",5,280,275,291
"During scheduled trip",5,8,3,291
"During scheduled trip",5,162,157,291
"During scheduled trip",5,139,134,291
"During scheduled trip",5,603,598,291
"During scheduled trip",5,185,180,291
"During scheduled trip",5,446,441,291
"During scheduled trip",5,152,147,291
"During scheduled trip",5,194,189,291
"During scheduled trip",5,94,89,291
"During scheduled trip",5,659,654,291
"During scheduled trip",5,360,355,291
"During scheduled trip",5,318,313,291
"During scheduled trip",5,334,329,291
"During scheduled trip",5,172,167,291
"During scheduled trip",5,70,65,291
"During scheduled trip",5,149,144,291
"During scheduled trip",5,278,273,291
"During scheduled trip",5,48,43,291
"During scheduled trip",5,39,34,291
"During scheduled trip",5,77,72,291
"During scheduled trip",5,116,111,291
"During scheduled trip",5,113,108,291
"During scheduled trip",5,106,101,291
"During scheduled trip",5,363,358,291
"During scheduled trip",5,34,29,291
"During scheduled trip",5,147,142,291
"During scheduled trip",5,104,99,291
"During scheduled trip",5,222,217,291
"During scheduled trip",5,232,227,291
"During scheduled trip",5,11,6,291
"During scheduled trip",5,322,317,291
"During scheduled trip",5,160,155,291
"During scheduled trip",5,404,399,291
"During scheduled trip",5,408,403,291
"During scheduled trip",5,78,73,291
"During scheduled trip",5,112,107,291
"During scheduled trip",5,236,231,291
"During scheduled trip",5,319,314,291
"During scheduled trip",5,129,124,291
"During scheduled trip",5,338,333,291
"During scheduled trip",5,96,91,291
"During scheduled trip",5,159,154,291
"During scheduled trip",5,242,237,291
"During scheduled trip",5,285,280,291
"During scheduled trip",5,328,323,291
"During scheduled trip",5,500,495,291
"During scheduled trip",5,243,238,291
"During scheduled trip",5,812,807,291
"During scheduled trip",5,317,312,291
"During scheduled trip",5,165,160,291
"During scheduled trip",5,692,687,291
"During scheduled trip",5,484,479,291
"During scheduled trip",5,370,365,291
"During scheduled trip",5,118,113,291
"During scheduled trip",5,82,77,291
"During scheduled trip",5,58,53,291
"During scheduled trip",5,69,64,291
"During scheduled trip",5,81,76,291
"During scheduled trip",5,244,239,291
"During scheduled trip",5,151,146,291
"During scheduled trip",5,107,102,291
"During scheduled trip",5,257,252,291
"During scheduled trip",5,262,257,291
"During scheduled trip",5,143,138,291
"During scheduled trip",5,180,175,291
"During scheduled trip",5,153,148,291
"During scheduled trip",5,122,117,291
"During scheduled trip",5,228,223,291
"During scheduled trip",5,115,110,291
"During scheduled trip",5,597,592,291
"During scheduled trip",5,260,255,291
"During scheduled trip",5,333,328,291
"During scheduled trip",5,158,153,291
"During scheduled trip",5,504,499,291
"During scheduled trip",5,73,68,291
"During scheduled trip",5,344,339,291
"During scheduled trip",5,393,388,291
"During scheduled trip",5,55,50,291
"During scheduled trip",5,340,335,291
"During scheduled trip",5,169,164,291
"During scheduled trip",5,302,297,291
"During scheduled trip",5,49,44,291
"During scheduled trip",5,47,42,291
"During scheduled trip",5,102,97,291
"During scheduled trip",5,148,143,291
"During scheduled trip",5,599,594,291
"During scheduled trip",5,192,187,291
"During scheduled trip",5,92,87,291
"During scheduled trip",5,166,161,291
"During scheduled trip",5,42,37,291
"During scheduled trip",5,88,83,291
"During scheduled trip",5,676,671,291
"During scheduled trip",5,25,20,291
"During scheduled trip",5,150,145,291
"During scheduled trip",5,482,477,291
"During scheduled trip",5,36,31,291
"During scheduled trip",5,184,179,291
"During scheduled trip",5,100,95,291
"During scheduled trip",5,392,387,291
"During scheduled trip",5,181,176,291
"During scheduled trip",5,90,85,291
"During scheduled trip",5,182,177,291
"During scheduled trip",5,76,71,291
"During scheduled trip",5,135,130,291
"During scheduled trip",5,277,272,291
"During scheduled trip",5,264,259,291
"During scheduled trip",5,424,419,291
"During scheduled trip",5,136,131,291
"During scheduled trip",5,374,369,291
"During scheduled trip",5,273,268,291
"During scheduled trip",5,569,564,291
"During scheduled trip",5,156,151,291
"During scheduled trip",5,376,371,291
"During scheduled trip",5,9,4,291
"During scheduled trip",5,396,391,291
"During scheduled trip",5,298,293,291
"During scheduled trip",5,382,377,291
"During scheduled trip",5,301,296,291
"During scheduled trip",5,543,538,291
"During scheduled trip",5,495,490,291
"During scheduled trip",5,7,2,291
"During scheduled trip",5,74,69,291
"During scheduled trip",5,303,298,291
"During scheduled trip",5,368,363,291
"During scheduled trip",5,85,80,291
"During scheduled trip",5,337,332,291
"During scheduled trip",5,133,128,291
"During scheduled trip",5,223,218,291
"During scheduled trip",5,456,451,291
"During scheduled trip",5,62,57,291
"During scheduled trip",5,117,112,291
"During scheduled trip",5,13,8,291
"During scheduled trip",5,288,283,291
"During scheduled trip",5,31,26,291
"During scheduled trip",5,572,567,291
"During scheduled trip",5,547,542,291
"During scheduled trip",5,157,152,291
"During scheduled trip",5,99,94,291
"During scheduled trip",5,240,235,291
"During scheduled trip",5,176,171,291
"During scheduled trip",5,61,56,291
"During scheduled trip",5,97,92,291
"During scheduled trip",5,364,359,291
"During scheduled trip",5,316,311,291
"During scheduled trip",5,195,190,291
"During scheduled trip",5,357,352,291
"During scheduled trip",5,171,166,291
"During scheduled trip",5,434,429,291
"During scheduled trip",5,10,5,291
"During scheduled trip",5,4,-1,291
"During scheduled trip",5,168,163,291
"During scheduled trip",5,220,215,291
"During scheduled trip",5,202,197,291
"During scheduled trip",5,127,122,291
"During scheduled trip",5,98,93,291
"During scheduled trip",5,206,201,291
"During scheduled trip",5,218,213,291
"During scheduled trip",5,251,246,291
"During scheduled trip",5,430,425,291
"During scheduled trip",5,110,105,291
"During scheduled trip",5,29,24,291
"During scheduled trip",5,-5,-10,291
"During scheduled trip",5,276,271,291
"During scheduled trip",5,0,-5,291
"During scheduled trip",5,237,232,291
"During scheduled trip",5,248,243,291
"During scheduled trip",5,555,550,291
"During scheduled trip",5,-10,-15,291
"During scheduled trip",5,421,416,291
"During scheduled trip",5,283,278,291
"During scheduled trip",5,226,221,291
"During scheduled trip",5,132,127,291
"During scheduled trip",5,332,327,291
"During scheduled trip",5,26,21,291
"During scheduled trip",5,419,414,291
"During scheduled trip",5,542,537,291
"During scheduled trip",5,632,627,291
"During scheduled trip",5,748,743,291
"During scheduled trip",5,83,78,291
"During scheduled trip",5,20,15,291
"During scheduled trip",5,928,923,291
"During scheduled trip",5,124,119,291
"During scheduled trip",5,468,463,291
"During scheduled trip",5,43,38,291
"During scheduled trip",5,191,186,291
"During scheduled trip",5,141,136,291
"During scheduled trip",5,422,417,291
"During scheduled trip",5,30,25,291
"During scheduled trip",5,255,250,291
"During scheduled trip",5,872,867,291
"During scheduled trip",5,296,291,291
"During scheduled trip",5,204,199,291
"During scheduled trip",5,452,447,291
"During scheduled trip",5,154,149,291
"During scheduled trip",5,155,150,291
"During scheduled trip",5,808,803,291
"During scheduled trip",5,259,254,291
"During scheduled trip",5,227,222,291
"During scheduled trip",5,233,228,291
"During scheduled trip",5,22,17,291
"During scheduled trip",5,53,48,291
"During scheduled trip",5,352,347,291
"During scheduled trip",5,183,178,291
"During scheduled trip",5,354,349,291
"During scheduled trip",5,16,11,291
"During scheduled trip",5,65,60,291
"During scheduled trip",5,752,747,291
"During scheduled trip",5,67,62,291
"During scheduled trip",5,577,572,291
"During scheduled trip",5,210,205,291
"During scheduled trip",5,17,12,291
"During scheduled trip",5,187,182,291
"During scheduled trip",5,436,431,291
"During scheduled trip",5,388,383,291
"During scheduled trip",5,313,308,291
"During scheduled trip",5,95,90,291
"During scheduled trip",5,24,19,291
"During scheduled trip",5,688,683,291
"During scheduled trip",5,189,184,291
"During scheduled trip",5,59,54,291
"During scheduled trip",5,386,381,291
"During scheduled trip",5,109,104,291
"During scheduled trip",5,114,109,291
"During scheduled trip",5,33,28,291
"During scheduled trip",5,212,207,291
"During scheduled trip",5,28,23,291
"During scheduled trip",5,256,251,291
"During scheduled trip",5,164,159,291
"During scheduled trip",5,379,374,291
"During scheduled trip",5,213,208,291
"During scheduled trip",5,119,114,291
"During scheduled trip",5,64,59,291
"During scheduled trip",5,-11,-16,291
"During scheduled trip",5,628,623,291
"During scheduled trip",5,80,75,291
"During scheduled trip",5,289,284,291
"During scheduled trip",5,558,553,291
"During scheduled trip",5,21,16,291
"During scheduled trip",5,190,185,291
"During scheduled trip",5,197,192,291
"During scheduled trip",5,52,47,291
"During scheduled trip",5,130,125,291
"During scheduled trip",5,757,752,291
"During scheduled trip",5,556,551,291
"During scheduled trip",5,167,162,291
"During scheduled trip",5,267,262,291
"During scheduled trip",5,398,393,291
"During scheduled trip",5,336,331,291
"During scheduled trip",5,71,66,291
"During scheduled trip",5,40,35,291
"During scheduled trip",5,518,513,291
"During scheduled trip",5,188,183,291
"During scheduled trip",5,544,539,291
"During scheduled trip",5,111,106,291
"During scheduled trip",5,362,357,291
"During scheduled trip",5,63,58,291
"During scheduled trip",5,66,61,291
"During scheduled trip",5,274,269,291
"During scheduled trip",5,-2,-7,291
"During scheduled trip",5,209,204,291
"During scheduled trip",5,19,14,291
"During scheduled trip",5,146,141,291
"During scheduled trip",5,32,27,291
"During scheduled trip",5,534,529,291
"During scheduled trip",5,121,116,291
"During scheduled trip",5,54,49,291
"During scheduled trip",5,315,310,291
"During scheduled trip",5,174,169,291
"During scheduled trip",5,229,224,291
"During scheduled trip",5,72,67,291
"During scheduled trip",5,134,129,291
"During scheduled trip",5,128,123,291
"During scheduled trip",5,443,438,291
"During scheduled trip",5,479,474,291
"During scheduled trip",5,126,121,291
"During scheduled trip",5,304,299,291
"During scheduled trip",5,539,534,291
"During scheduled trip",5,553,548,291
"During scheduled trip",5,246,241,291
"During scheduled trip",5,241,236,291
"During scheduled trip",5,250,245,291
"During scheduled trip",5,359,354,291
"During scheduled trip",5,201,196,291
"During scheduled trip",5,423,418,291
"During scheduled trip",5,179,174,291
"During scheduled trip",5,203,198,291
"During scheduled trip",5,663,658,291
"During scheduled trip",5,175,170,291
"During scheduled trip",5,198,193,291
"Post scheduled trip end time",5,294,289,4020.5
"Post scheduled trip end time",5,52,47,4020.5
"Post scheduled trip end time",5,62,57,4020.5
"Post scheduled trip end time",5,98,93,4020.5
"Post scheduled trip end time",5,7,2,4020.5
"Post scheduled trip end time",5,186,181,4020.5
"Post scheduled trip end time",5,77,72,4020.5
"Post scheduled trip end time",5,65,60,4020.5
"Post scheduled trip end time",5,387,382,4020.5
"Post scheduled trip end time",5,468,463,4020.5
"Post scheduled trip end time",5,349,344,4020.5
"Post scheduled trip end time",5,361,356,4020.5
"Post scheduled trip end time",5,18,13,4020.5
"Post scheduled trip end time",5,110,105,4020.5
"Post scheduled trip end time",5,348,343,4020.5
"Post scheduled trip end time",5,1648,1643,4020.5
"Post scheduled trip end time",5,526,521,4020.5
"Post scheduled trip end time",5,1708,1703,4020.5
"Post scheduled trip end time",5,513,508,4020.5
"Post scheduled trip end time",5,12,7,4020.5
"Post scheduled trip end time",5,1288,1283,4020.5
"Post scheduled trip end time",5,166,161,4020.5
"Post scheduled trip end time",5,536,531,4020.5
"Post scheduled trip end time",5,158,153,4020.5
"Post scheduled trip end time",5,142,137,4020.5
"Post scheduled trip end time",5,796,791,4020.5
"Post scheduled trip end time",5,78,73,4020.5
"Post scheduled trip end time",5,133,128,4020.5
"Post scheduled trip end time",5,42,37,4020.5
"Post scheduled trip end time",5,29,24,4020.5
"Post scheduled trip end time",5,451,446,4020.5
"Post scheduled trip end time",5,154,149,4020.5
"Post scheduled trip end time",5,421,416,4020.5
"Post scheduled trip end time",5,249,244,4020.5
"Post scheduled trip end time",5,57,52,4020.5
"Post scheduled trip end time",5,67,62,4020.5
"Post scheduled trip end time",5,337,332,4020.5
"Post scheduled trip end time",5,317,312,4020.5
"Post scheduled trip end time",5,175,170,4020.5
"Post scheduled trip end time",5,402,397,4020.5
"Post scheduled trip end time",5,181,176,4020.5
"Post scheduled trip end time",5,314,309,4020.5
"Post scheduled trip end time",5,364,359,4020.5
"Post scheduled trip end time",5,1408,1403,4020.5
"Post scheduled trip end time",5,849,844,4020.5
"Post scheduled trip end time",5,602,597,4020.5
"Post scheduled trip end time",5,301,296,4020.5
"Post scheduled trip end time",5,331,326,4020.5
"Post scheduled trip end time",5,613,608,4020.5
"Post scheduled trip end time",5,89,84,4020.5
"Post scheduled trip end time",5,374,369,4020.5
"Post scheduled trip end time",5,38,33,4020.5
"Post scheduled trip end time",5,708,703,4020.5
"Post scheduled trip end time",5,164,159,4020.5
"Post scheduled trip end time",5,13,8,4020.5
"Post scheduled trip end time",5,54,49,4020.5
"Post scheduled trip end time",5,64,59,4020.5
"Post scheduled trip end time",5,817,812,4020.5
"Post scheduled trip end time",5,226,221,4020.5
"Post scheduled trip end time",5,46,41,4020.5
"Post scheduled trip end time",5,176,171,4020.5
"Post scheduled trip end time",5,377,372,4020.5
"Post scheduled trip end time",5,75,70,4020.5
"Post scheduled trip end time",5,5,0,4020.5
"Post scheduled trip end time",5,69,64,4020.5
"Post scheduled trip end time",5,309,304,4020.5
"Post scheduled trip end time",5,310,305,4020.5
"Post scheduled trip end time",5,79,74,4020.5
"Post scheduled trip end time",5,212,207,4020.5
"Post scheduled trip end time",5,108,103,4020.5
"Post scheduled trip end time",5,198,193,4020.5
"Post scheduled trip end time",5,112,107,4020.5
"Post scheduled trip end time",5,697,692,4020.5
"Post scheduled trip end time",5,106,101,4020.5
"Post scheduled trip end time",5,94,89,4020.5
"Post scheduled trip end time",5,489,484,4020.5
"Post scheduled trip end time",5,347,342,4020.5
"Post scheduled trip end time",5,577,572,4020.5
"Post scheduled trip end time",5,267,262,4020.5
"Post scheduled trip end time",5,36,31,4020.5
"Post scheduled trip end time",5,409,404,4020.5
"Post scheduled trip end time",5,63,58,4020.5
"Post scheduled trip end time",5,609,604,4020.5
"Post scheduled trip end time",5,15,10,4020.5
"Post scheduled trip end time",5,205,200,4020.5
"Post scheduled trip end time",5,33,28,4020.5
"Post scheduled trip end time",5,315,310,4020.5
"Post scheduled trip end time",5,412,407,4020.5
"Post scheduled trip end time",5,194,189,4020.5
"Post scheduled trip end time",5,11,6,4020.5
"Post scheduled trip end time",5,429,424,4020.5
"Post scheduled trip end time",5,28,23,4020.5
"Post scheduled trip end time",5,16,11,4020.5
"Post scheduled trip end time",5,190,185,4020.5
"Post scheduled trip end time",5,482,477,4020.5
"Post scheduled trip end time",5,391,386,4020.5
"Post scheduled trip end time",5,937,932,4020.5
"Post scheduled trip end time",5,1117,1112,4020.5
"Post scheduled trip end time",5,447,442,4020.5
"Post scheduled trip end time",5,789,784,4020.5
"Post scheduled trip end time",5,55,50,4020.5
"Post scheduled trip end time",5,14,9,4020.5
"Post scheduled trip end time",5,92,87,4020.5
"Post scheduled trip end time",5,211,206,4020.5
"Post scheduled trip end time",5,168,163,4020.5
"Post scheduled trip end time",5,277,272,4020.5
"Post scheduled trip end time",5,135,130,4020.5
"Post scheduled trip end time",5,71,66,4020.5
"Post scheduled trip end time",5,97,92,4020.5
"Post scheduled trip end time",5,59,54,4020.5
"Post scheduled trip end time",5,174,169,4020.5
"Post scheduled trip end time",5,988,983,4020.5
"Post scheduled trip end time",5,408,403,4020.5
"Post scheduled trip end time",5,669,664,4020.5
"Post scheduled trip end time",5,119,114,4020.5
"Post scheduled trip end time",5,96,91,4020.5
"Post scheduled trip end time",5,56,51,4020.5
"Post scheduled trip end time",5,66,61,4020.5
"Post scheduled trip end time",5,93,88,4020.5
"Post scheduled trip end time",5,148,143,4020.5
"Post scheduled trip end time",5,126,121,4020.5
"Post scheduled trip end time",5,291,286,4020.5
"Post scheduled trip end time",5,47,42,4020.5
"Post scheduled trip end time",5,375,370,4020.5
"Post scheduled trip end time",5,151,146,4020.5
"Post scheduled trip end time",5,1228,1223,4020.5
"Post scheduled trip end time",5,214,209,4020.5
"Post scheduled trip end time",5,272,267,4020.5
"Post scheduled trip end time",5,31,26,4020.5
"Post scheduled trip end time",5,10,5,4020.5
"Post scheduled trip end time",5,304,299,4020.5
"Post scheduled trip end time",5,102,97,4020.5
"Post scheduled trip end time",5,80,75,4020.5
"Post scheduled trip end time",5,8,3,4020.5
"Post scheduled trip end time",5,157,152,4020.5
"Post scheduled trip end time",5,48,43,4020.5
"Post scheduled trip end time",5,34,29,4020.5
"Post scheduled trip end time",5,49,44,4020.5
"Post scheduled trip end time",5,90,85,4020.5
"Post scheduled trip end time",5,84,79,4020.5
"Post scheduled trip end time",5,25,20,4020.5
"Post scheduled trip end time",5,1168,1163,4020.5
"Post scheduled trip end time",5,82,77,4020.5
"Post scheduled trip end time",5,297,292,4020.5
"Post scheduled trip end time",5,160,155,4020.5
"Post scheduled trip end time",5,428,423,4020.5
"Post scheduled trip end time",5,336,331,4020.5
"Post scheduled trip end time",5,116,111,4020.5
"Post scheduled trip end time",5,288,283,4020.5
"Post scheduled trip end time",5,237,232,4020.5
"Post scheduled trip end time",5,517,512,4020.5
"Post scheduled trip end time",5,241,236,4020.5
"Post scheduled trip end time",5,274,269,4020.5
"Post scheduled trip end time",5,366,361,4020.5
"Post scheduled trip end time",5,95,90,4020.5
"Post scheduled trip end time",5,170,165,4020.5
"Post scheduled trip end time",5,528,523,4020.5
"Post scheduled trip end time",5,23,18,4020.5
"Post scheduled trip end time",5,76,71,4020.5
"Post scheduled trip end time",5,43,38,4020.5
"Post scheduled trip end time",5,24,19,4020.5
"Post scheduled trip end time",5,68,63,4020.5
"Post scheduled trip end time",5,85,80,4020.5
"Post scheduled trip end time",5,40,35,4020.5
"Post scheduled trip end time",5,87,82,4020.5
"Post scheduled trip end time",5,86,81,4020.5
"Post scheduled trip end time",5,145,140,4020.5
"Post scheduled trip end time",5,997,992,4020.5
"Post scheduled trip end time",5,230,225,4020.5
"Post scheduled trip end time",5,107,102,4020.5
"Post scheduled trip end time",5,1528,1523,4020.5
"Post scheduled trip end time",5,136,131,4020.5
"Post scheduled trip end time",5,1348,1343,4020.5
"Post scheduled trip end time",5,218,213,4020.5
"Post scheduled trip end time",5,32,27,4020.5
"Post scheduled trip end time",5,370,365,4020.5
"Post scheduled trip end time",5,35,30,4020.5
"Post scheduled trip end time",5,342,337,4020.5
"Post scheduled trip end time",5,511,506,4020.5
"Post scheduled trip end time",5,1468,1463,4020.5
"Post scheduled trip end time",5,150,145,4020.5
"Post scheduled trip end time",5,152,147,4020.5
"Post scheduled trip end time",5,99,94,4020.5
"Post scheduled trip end time",5,1048,1043,4020.5
"Post scheduled trip end time",5,246,241,4020.5
"Post scheduled trip end time",5,45,40,4020.5
"Post scheduled trip end time",5,105,100,4020.5
"Post scheduled trip end time",5,298,293,4020.5
"Post scheduled trip end time",5,70,65,4020.5
"Post scheduled trip end time",5,100,95,4020.5
"Post scheduled trip end time",5,553,548,4020.5
"Post scheduled trip end time",5,332,327,4020.5
"Post scheduled trip end time",5,1057,1052,4020.5
"Post scheduled trip end time",5,312,307,4020.5
"Post scheduled trip end time",5,22,17,4020.5
"Post scheduled trip end time",5,39,34,4020.5
"Post scheduled trip end time",5,60,55,4020.5
"Post scheduled trip end time",5,6,1,4020.5
"Post scheduled trip end time",5,109,104,4020.5
"Post scheduled trip end time",5,220,215,4020.5
"Post scheduled trip end time",5,227,222,4020.5
"Post scheduled trip end time",5,706,701,4020.5
"Post scheduled trip end time",5,392,387,4020.5
"Post scheduled trip end time",5,306,301,4020.5
"Post scheduled trip end time",5,350,345,4020.5
"Post scheduled trip end time",5,74,69,4020.5
"Post scheduled trip end time",5,648,643,4020.5
"Post scheduled trip end time",5,165,160,4020.5
"Post scheduled trip end time",5,406,401,4020.5
"Post scheduled trip end time",5,501,496,4020.5
"Post scheduled trip end time",5,457,452,4020.5
"Post scheduled trip end time",5,130,125,4020.5
"Post scheduled trip end time",5,167,162,4020.5
"Post scheduled trip end time",5,1177,1172,4020.5
"Post scheduled trip end time",5,736,731,4020.5
"Post scheduled trip end time",5,757,752,4020.5
"Post scheduled trip end time",5,101,96,4020.5
"Post scheduled trip end time",5,280,275,4020.5
"Post scheduled trip end time",5,123,118,4020.5
"Post scheduled trip end time",5,58,53,4020.5
"Post scheduled trip end time",5,1588,1583,4020.5
"Post scheduled trip end time",5,1768,1763,4020.5
"Post scheduled trip end time",5,286,281,4020.5
"Post scheduled trip end time",5,723,718,4020.5
"Post scheduled trip end time",5,127,122,4020.5
"Post scheduled trip end time",5,30,25,4020.5
"Post scheduled trip end time",5,21,16,4020.5
"Post scheduled trip end time",5,19,14,4020.5
"Post scheduled trip end time",5,180,175,4020.5
"Post scheduled trip end time",5,588,583,4020.5
"Post scheduled trip end time",5,37,32,4020.5
"Post scheduled trip end time",5,134,129,4020.5
"Post scheduled trip end time",5,1108,1103,4020.5
"Post scheduled trip end time",5,171,166,4020.5
"Post scheduled trip end time",5,9,4,4020.5
"Post scheduled trip end time",5,117,112,4020.5
"Post scheduled trip end time",5,254,249,4020.5
"Post scheduled trip end time",5,91,86,4020.5
"Post scheduled trip end time",5,17,12,4020.5
"Post scheduled trip end time",5,255,250,4020.5
"Post scheduled trip end time",5,50,45,4020.5
"Post scheduled trip end time",5,346,341,4020.5
"Post scheduled trip end time",5,434,429,4020.5
"Post scheduled trip end time",5,877,872,4020.5
"Post scheduled trip end time",5,327,322,4020.5
"Post scheduled trip end time",5,41,36,4020.5
"Post scheduled trip end time",5,26,21,4020.5
"Post scheduled trip end time",5,72,67,4020.5
"Post scheduled trip end time",5,217,212,4020.5
"Post scheduled trip end time",5,228,223,4020.5
"Post scheduled trip end time",5,140,135,4020.5
"Post scheduled trip end time",5,453,448,4020.5
"Post scheduled trip end time",5,146,141,4020.5
"Post scheduled trip end time",5,88,83,4020.5
"Post scheduled trip end time",5,340,335,4020.5
"Post scheduled trip end time",5,452,447,4020.5
"Post scheduled trip end time",5,53,48,4020.5
"Post scheduled trip end time",5,512,507,4020.5
"Post scheduled trip end time",5,51,46,4020.5
"Post scheduled trip end time",5,120,115,4020.5
"Post scheduled trip end time",5,369,364,4020.5
"Post scheduled trip end time",5,474,469,4020.5
"Post scheduled trip end time",5,104,99,4020.5
"Post scheduled trip end time",5,121,116,4020.5
"Post scheduled trip end time",5,189,184,4020.5
"Post scheduled trip end time",5,27,22,4020.5
"Post scheduled trip end time",5,122,117,4020.5
"Post scheduled trip end time",5,81,76,4020.5
"Post scheduled trip end time",5,73,68,4020.5
"Post scheduled trip end time",5,155,150,4020.5
"Post scheduled trip end time",5,61,56,4020.5
"Post scheduled trip end time",5,83,78,4020.5
"Post scheduled trip end time",5,637,632,4020.5
"Post scheduled trip end time",5,909,904,4020.5
"Post scheduled trip end time",5,469,464,4020.5
"Post scheduled trip end time",5,397,392,4020.5
"Post scheduled trip end time",5,159,154,4020.5
"Post scheduled trip end time",5,256,251,4020.5
"Post scheduled trip end time",5,20,15,4020.5
"Post scheduled trip end time",5,646,641,4020.5
"Post scheduled trip end time",5,287,282,4020.5
"Post scheduled trip end time",5,466,461,4020.5
"Post scheduled trip end time",5,586,581,4020.5
"Post scheduled trip end time",5,114,109,4020.5
"Post scheduled trip end time",5,184,179,4020.5
"Post scheduled trip end time",5,271,266,4020.5
"Post scheduled trip end time",5,231,226,4020.5
"Post scheduled trip end time",5,549,544,4020.5
"Post scheduled trip end time",5,207,202,4020.5
"Post scheduled trip end time",5,129,124,4020.5
"Post scheduled trip end time",5,44,39,4020.5
"Post scheduled trip end time",5,147,142,4020.5
"Post scheduled trip end time",5,561,556,4020.5
"Post scheduled trip end time",5,547,542,4020.5
"Post scheduled trip end time",5,144,139,4020.5
"Post scheduled trip end time",5,729,724,4020.5
"Post scheduled trip end time",5,111,106,4020.5
"Before scheduled trip start time",6,7,1,8038
"Before scheduled trip start time",6,30,24,8038
"Before scheduled trip start time",6,16,10,8038
"Before scheduled trip start time",6,66,60,8038
"Before scheduled trip start time",6,43,37,8038
"Before scheduled trip start time",6,26,20,8038
"Before scheduled trip start time",6,11,5,8038
"Before scheduled trip start time",6,63,57,8038
"Before scheduled trip start time",6,9,3,8038
"Before scheduled trip start time",6,15,9,8038
"Before scheduled trip start time",6,32,26,8038
"Before scheduled trip start time",6,27,21,8038
"Before scheduled trip start time",6,21,15,8038
"Before scheduled trip start time",6,193,187,8038
"Before scheduled trip start time",6,50,44,8038
"Before scheduled trip start time",6,19,13,8038
"Before scheduled trip start time",6,6,0,8038
"Before scheduled trip start time",6,40,34,8038
"Before scheduled trip start time",6,36,30,8038
"Before scheduled trip start time",6,8,2,8038
"Before scheduled trip start time",6,49,43,8038
"Before scheduled trip start time",6,59,53,8038
"Before scheduled trip start time",6,211,205,8038
"Before scheduled trip start time",6,46,40,8038
"Before scheduled trip start time",6,47,41,8038
"Before scheduled trip start time",6,41,35,8038
"Before scheduled trip start time",6,151,145,8038
"Before scheduled trip start time",6,48,42,8038
"Before scheduled trip start time",6,60,54,8038
"Before scheduled trip start time",6,74,68,8038
"Before scheduled trip start time",6,23,17,8038
"Before scheduled trip start time",6,91,85,8038
"Before scheduled trip start time",6,108,102,8038
"Before scheduled trip start time",6,53,47,8038
"Before scheduled trip start time",6,18,12,8038
"Before scheduled trip start time",6,253,247,8038
"Before scheduled trip start time",6,54,48,8038
"Before scheduled trip start time",6,45,39,8038
"Before scheduled trip start time",6,12,6,8038
"Before scheduled trip start time",6,28,22,8038
"Before scheduled trip start time",6,105,99,8038
"Before scheduled trip start time",6,84,78,8038
"Before scheduled trip start time",6,25,19,8038
"Before scheduled trip start time",6,61,55,8038
"Before scheduled trip start time",6,14,8,8038
"Before scheduled trip start time",6,33,27,8038
"Before scheduled trip start time",6,133,127,8038
"Before scheduled trip start time",6,34,28,8038
"Before scheduled trip start time",6,13,7,8038
"Before scheduled trip start time",6,17,11,8038
"Before scheduled trip start time",6,38,32,8038
"Before scheduled trip start time",6,39,33,8038
"Before scheduled trip start time",6,98,92,8038
"Before scheduled trip start time",6,10,4,8038
"Before scheduled trip start time",6,20,14,8038
"Before scheduled trip start time",6,86,80,8038
"Before scheduled trip start time",6,52,46,8038
"Before scheduled trip start time",6,73,67,8038
"Before scheduled trip start time",6,64,58,8038
"Before scheduled trip start time",6,177,171,8038
"Before scheduled trip start time",6,24,18,8038
"Before scheduled trip start time",6,29,23,8038
"Before scheduled trip start time",6,42,36,8038
"Before scheduled trip start time",6,31,25,8038
"Before scheduled trip start time",6,37,31,8038
"Before scheduled trip start time",6,22,16,8038
"Before scheduled trip start time",6,35,29,8038
"During scheduled trip",6,11,5,291
"During scheduled trip",6,355,349,291
"During scheduled trip",6,163,157,291
"During scheduled trip",6,229,223,291
"During scheduled trip",6,99,93,291
"During scheduled trip",6,299,293,291
"During scheduled trip",6,32,26,291
"During scheduled trip",6,52,46,291
"During scheduled trip",6,78,72,291
"During scheduled trip",6,264,258,291
"During scheduled trip",6,126,120,291
"During scheduled trip",6,118,112,291
"During scheduled trip",6,84,78,291
"During scheduled trip",6,359,353,291
"During scheduled trip",6,203,197,291
"During scheduled trip",6,79,73,291
"During scheduled trip",6,125,119,291
"During scheduled trip",6,151,145,291
"During scheduled trip",6,76,70,291
"During scheduled trip",6,182,176,291
"During scheduled trip",6,44,38,291
"During scheduled trip",6,241,235,291
"During scheduled trip",6,87,81,291
"During scheduled trip",6,551,545,291
"During scheduled trip",6,205,199,291
"During scheduled trip",6,12,6,291
"During scheduled trip",6,10,4,291
"During scheduled trip",6,211,205,291
"During scheduled trip",6,91,85,291
"During scheduled trip",6,33,27,291
"During scheduled trip",6,35,29,291
"During scheduled trip",6,90,84,291
"During scheduled trip",6,162,156,291
"During scheduled trip",6,37,31,291
"During scheduled trip",6,58,52,291
"During scheduled trip",6,67,61,291
"During scheduled trip",6,61,55,291
"During scheduled trip",6,201,195,291
"During scheduled trip",6,128,122,291
"During scheduled trip",6,301,295,291
"During scheduled trip",6,17,11,291
"During scheduled trip",6,36,30,291
"During scheduled trip",6,69,63,291
"During scheduled trip",6,20,14,291
"During scheduled trip",6,117,111,291
"During scheduled trip",6,97,91,291
"During scheduled trip",6,120,114,291
"During scheduled trip",6,475,469,291
"During scheduled trip",6,146,140,291
"During scheduled trip",6,130,124,291
"During scheduled trip",6,145,139,291
"During scheduled trip",6,391,385,291
"During scheduled trip",6,34,28,291
"During scheduled trip",6,77,71,291
"During scheduled trip",6,127,121,291
"During scheduled trip",6,56,50,291
"During scheduled trip",6,295,289,291
"During scheduled trip",6,40,34,291
"During scheduled trip",6,121,115,291
"During scheduled trip",6,18,12,291
"During scheduled trip",6,258,252,291
"During scheduled trip",6,111,105,291
"During scheduled trip",6,19,13,291
"During scheduled trip",6,179,173,291
"During scheduled trip",6,92,86,291
"During scheduled trip",6,102,96,291
"During scheduled trip",6,153,147,291
"During scheduled trip",6,216,210,291
"During scheduled trip",6,8,2,291
"During scheduled trip",6,173,167,291
"During scheduled trip",6,123,117,291
"During scheduled trip",6,415,409,291
"During scheduled trip",6,143,137,291
"During scheduled trip",6,493,487,291
"During scheduled trip",6,140,134,291
"During scheduled trip",6,110,104,291
"During scheduled trip",6,147,141,291
"During scheduled trip",6,23,17,291
"During scheduled trip",6,85,79,291
"During scheduled trip",6,25,19,291
"During scheduled trip",6,46,40,291
"During scheduled trip",6,89,83,291
"During scheduled trip",6,98,92,291
"During scheduled trip",6,535,529,291
"During scheduled trip",6,6,0,291
"During scheduled trip",6,54,48,291
"During scheduled trip",6,112,106,291
"During scheduled trip",6,407,401,291
"During scheduled trip",6,119,113,291
"During scheduled trip",6,43,37,291
"During scheduled trip",6,30,24,291
"During scheduled trip",6,81,75,291
"During scheduled trip",6,105,99,291
"During scheduled trip",6,96,90,291
"During scheduled trip",6,70,64,291
"During scheduled trip",6,108,102,291
"During scheduled trip",6,113,107,291
"During scheduled trip",6,28,22,291
"During scheduled trip",6,347,341,291
"During scheduled trip",6,74,68,291
"During scheduled trip",6,71,65,291
"During scheduled trip",6,263,257,291
"During scheduled trip",6,62,56,291
"During scheduled trip",6,38,32,291
"During scheduled trip",6,68,62,291
"During scheduled trip",6,155,149,291
"During scheduled trip",6,181,175,291
"During scheduled trip",6,45,39,291
"During scheduled trip",6,39,33,291
"During scheduled trip",6,53,47,291
"During scheduled trip",6,250,244,291
"During scheduled trip",6,83,77,291
"During scheduled trip",6,175,169,291
"During scheduled trip",6,154,148,291
"During scheduled trip",6,141,135,291
"During scheduled trip",6,177,171,291
"During scheduled trip",6,527,521,291
"During scheduled trip",6,16,10,291
"During scheduled trip",6,95,89,291
"During scheduled trip",6,42,36,291
"During scheduled trip",6,24,18,291
"During scheduled trip",6,161,155,291
"During scheduled trip",6,21,15,291
"During scheduled trip",6,7,1,291
"During scheduled trip",6,237,231,291
"During scheduled trip",6,190,184,291
"During scheduled trip",6,239,233,291
"During scheduled trip",6,88,82,291
"During scheduled trip",6,331,325,291
"During scheduled trip",6,139,133,291
"During scheduled trip",6,94,88,291
"During scheduled trip",6,168,162,291
"During scheduled trip",6,14,8,291
"During scheduled trip",6,138,132,291
"During scheduled trip",6,204,198,291
"During scheduled trip",6,156,150,291
"During scheduled trip",6,152,146,291
"During scheduled trip",6,64,58,291
"During scheduled trip",6,60,54,291
"During scheduled trip",6,93,87,291
"During scheduled trip",6,65,59,291
"During scheduled trip",6,287,281,291
"During scheduled trip",6,80,74,291
"During scheduled trip",6,13,7,291
"During scheduled trip",6,159,153,291
"During scheduled trip",6,47,41,291
"During scheduled trip",6,261,255,291
"During scheduled trip",6,29,23,291
"During scheduled trip",6,107,101,291
"During scheduled trip",6,48,42,291
"During scheduled trip",6,304,298,291
"During scheduled trip",6,26,20,291
"During scheduled trip",6,244,238,291
"During scheduled trip",6,637,631,291
"During scheduled trip",6,230,224,291
"During scheduled trip",6,467,461,291
"During scheduled trip",6,22,16,291
"During scheduled trip",6,31,25,291
"During scheduled trip",6,15,9,291
"During scheduled trip",6,103,97,291
"During scheduled trip",6,227,221,291
"During scheduled trip",6,167,161,291
"During scheduled trip",6,184,178,291
"During scheduled trip",6,135,129,291
"During scheduled trip",6,9,3,291
"During scheduled trip",6,100,94,291
"During scheduled trip",6,55,49,291
"During scheduled trip",6,63,57,291
"During scheduled trip",6,601,595,291
"During scheduled trip",6,198,192,291
"During scheduled trip",6,170,164,291
"During scheduled trip",6,109,103,291
"During scheduled trip",6,57,51,291
"During scheduled trip",6,169,163,291
"During scheduled trip",6,150,144,291
"During scheduled trip",6,133,127,291
"During scheduled trip",6,115,109,291
"During scheduled trip",6,86,80,291
"During scheduled trip",6,75,69,291
"During scheduled trip",6,51,45,291
"During scheduled trip",6,73,67,291
"During scheduled trip",6,66,60,291
"During scheduled trip",6,116,110,291
"During scheduled trip",6,106,100,291
"During scheduled trip",6,27,21,291
"During scheduled trip",6,101,95,291
"During scheduled trip",6,41,35,291
"During scheduled trip",6,165,159,291
"During scheduled trip",6,124,118,291
"During scheduled trip",6,49,43,291
"During scheduled trip",6,122,116,291
"During scheduled trip",6,611,605,291
"During scheduled trip",6,82,76,291
"During scheduled trip",6,235,229,291
"During scheduled trip",6,50,44,291
"During scheduled trip",6,144,138,291
"During scheduled trip",6,289,283,291
"During scheduled trip",6,228,222,291
"During scheduled trip",6,186,180,291
"During scheduled trip",6,271,265,291
"During scheduled trip",6,72,66,291
"During scheduled trip",6,114,108,291
"During scheduled trip",6,222,216,291
"During scheduled trip",6,59,53,291
"Post scheduled trip end time",6,287,281,4020.5
"Post scheduled trip end time",6,121,115,4020.5
"Post scheduled trip end time",6,77,71,4020.5
"Post scheduled trip end time",6,251,245,4020.5
"Post scheduled trip end time",6,140,134,4020.5
"Post scheduled trip end time",6,118,112,4020.5
"Post scheduled trip end time",6,222,216,4020.5
"Post scheduled trip end time",6,104,98,4020.5
"Post scheduled trip end time",6,79,73,4020.5
"Post scheduled trip end time",6,25,19,4020.5
"Post scheduled trip end time",6,137,131,4020.5
"Post scheduled trip end time",6,6,0,4020.5
"Post scheduled trip end time",6,19,13,4020.5
"Post scheduled trip end time",6,184,178,4020.5
"Post scheduled trip end time",6,641,635,4020.5
"Post scheduled trip end time",6,355,349,4020.5
"Post scheduled trip end time",6,46,40,4020.5
"Post scheduled trip end time",6,60,54,4020.5
"Post scheduled trip end time",6,383,377,4020.5
"Post scheduled trip end time",6,354,348,4020.5
"Post scheduled trip end time",6,171,165,4020.5
"Post scheduled trip end time",6,56,50,4020.5
"Post scheduled trip end time",6,49,43,4020.5
"Post scheduled trip end time",6,39,33,4020.5
"Post scheduled trip end time",6,131,125,4020.5
"Post scheduled trip end time",6,120,114,4020.5
"Post scheduled trip end time",6,40,34,4020.5
"Post scheduled trip end time",6,61,55,4020.5
"Post scheduled trip end time",6,125,119,4020.5
"Post scheduled trip end time",6,201,195,4020.5
"Post scheduled trip end time",6,426,420,4020.5
"Post scheduled trip end time",6,175,169,4020.5
"Post scheduled trip end time",6,455,449,4020.5
"Post scheduled trip end time",6,55,49,4020.5
"Post scheduled trip end time",6,30,24,4020.5
"Post scheduled trip end time",6,162,156,4020.5
"Post scheduled trip end time",6,167,161,4020.5
"Post scheduled trip end time",6,281,275,4020.5
"Post scheduled trip end time",6,103,97,4020.5
"Post scheduled trip end time",6,9,3,4020.5
"Post scheduled trip end time",6,69,63,4020.5
"Post scheduled trip end time",6,415,409,4020.5
"Post scheduled trip end time",6,242,236,4020.5
"Post scheduled trip end time",6,22,16,4020.5
"Post scheduled trip end time",6,63,57,4020.5
"Post scheduled trip end time",6,52,46,4020.5
"Post scheduled trip end time",6,16,10,4020.5
"Post scheduled trip end time",6,503,497,4020.5
"Post scheduled trip end time",6,200,194,4020.5
"Post scheduled trip end time",6,17,11,4020.5
"Post scheduled trip end time",6,128,122,4020.5
"Post scheduled trip end time",6,221,215,4020.5
"Post scheduled trip end time",6,191,185,4020.5
"Post scheduled trip end time",6,135,129,4020.5
"Post scheduled trip end time",6,521,515,4020.5
"Post scheduled trip end time",6,7,1,4020.5
"Post scheduled trip end time",6,32,26,4020.5
"Post scheduled trip end time",6,235,229,4020.5
"Post scheduled trip end time",6,18,12,4020.5
"Post scheduled trip end time",6,215,209,4020.5
"Post scheduled trip end time",6,76,70,4020.5
"Post scheduled trip end time",6,143,137,4020.5
"Post scheduled trip end time",6,196,190,4020.5
"Post scheduled trip end time",6,192,186,4020.5
"Post scheduled trip end time",6,138,132,4020.5
"Post scheduled trip end time",6,21,15,4020.5
"Post scheduled trip end time",6,36,30,4020.5
"Post scheduled trip end time",6,475,469,4020.5
"Post scheduled trip end time",6,33,27,4020.5
"Post scheduled trip end time",6,227,221,4020.5
"Post scheduled trip end time",6,53,47,4020.5
"Post scheduled trip end time",6,70,64,4020.5
"Post scheduled trip end time",6,64,58,4020.5
"Post scheduled trip end time",6,581,575,4020.5
"Post scheduled trip end time",6,93,87,4020.5
"Post scheduled trip end time",6,441,435,4020.5
"Post scheduled trip end time",6,57,51,4020.5
"Post scheduled trip end time",6,285,279,4020.5
"Post scheduled trip end time",6,715,709,4020.5
"Post scheduled trip end time",6,13,7,4020.5
"Post scheduled trip end time",6,345,339,4020.5
"Post scheduled trip end time",6,51,45,4020.5
"Post scheduled trip end time",6,122,116,4020.5
"Post scheduled trip end time",6,83,77,4020.5
"Post scheduled trip end time",6,335,329,4020.5
"Post scheduled trip end time",6,263,257,4020.5
"Post scheduled trip end time",6,81,75,4020.5
"Post scheduled trip end time",6,198,192,4020.5
"Post scheduled trip end time",6,41,35,4020.5
"Post scheduled trip end time",6,161,155,4020.5
"Post scheduled trip end time",6,141,135,4020.5
"Post scheduled trip end time",6,68,62,4020.5
"Post scheduled trip end time",6,461,455,4020.5
"Post scheduled trip end time",6,252,246,4020.5
"Post scheduled trip end time",6,84,78,4020.5
"Post scheduled trip end time",6,156,150,4020.5
"Post scheduled trip end time",6,151,145,4020.5
"Post scheduled trip end time",6,35,29,4020.5
"Post scheduled trip end time",6,145,139,4020.5
"Post scheduled trip end time",6,282,276,4020.5
"Post scheduled trip end time",6,366,360,4020.5
"Post scheduled trip end time",6,326,320,4020.5
"Post scheduled trip end time",6,24,18,4020.5
"Post scheduled trip end time",6,250,244,4020.5
"Post scheduled trip end time",6,20,14,4020.5
"Post scheduled trip end time",6,75,69,4020.5
"Post scheduled trip end time",6,655,649,4020.5
"Post scheduled trip end time",6,29,23,4020.5
"Post scheduled trip end time",6,199,193,4020.5
"Post scheduled trip end time",6,43,37,4020.5
"Post scheduled trip end time",6,246,240,4020.5
"Post scheduled trip end time",6,50,44,4020.5
"Post scheduled trip end time",6,260,254,4020.5
"Post scheduled trip end time",6,186,180,4020.5
"Post scheduled trip end time",6,551,545,4020.5
"Post scheduled trip end time",6,34,28,4020.5
"Post scheduled trip end time",6,48,42,4020.5
"Post scheduled trip end time",6,139,133,4020.5
"Post scheduled trip end time",6,73,67,4020.5
"Post scheduled trip end time",6,72,66,4020.5
"Post scheduled trip end time",6,275,269,4020.5
"Post scheduled trip end time",6,45,39,4020.5
"Post scheduled trip end time",6,89,83,4020.5
"Post scheduled trip end time",6,584,578,4020.5
"Post scheduled trip end time",6,10,4,4020.5
"Post scheduled trip end time",6,86,80,4020.5
"Post scheduled trip end time",6,96,90,4020.5
"Post scheduled trip end time",6,71,65,4020.5
"Post scheduled trip end time",6,12,6,4020.5
"Post scheduled trip end time",6,123,117,4020.5
"Post scheduled trip end time",6,38,32,4020.5
"Post scheduled trip end time",6,436,430,4020.5
"Post scheduled trip end time",6,182,176,4020.5
"Post scheduled trip end time",6,266,260,4020.5
"Post scheduled trip end time",6,80,74,4020.5
"Post scheduled trip end time",6,26,20,4020.5
"Post scheduled trip end time",6,78,72,4020.5
"Post scheduled trip end time",6,62,56,4020.5
"Post scheduled trip end time",6,98,92,4020.5
"Post scheduled trip end time",6,395,389,4020.5
"Post scheduled trip end time",6,101,95,4020.5
"Post scheduled trip end time",6,91,85,4020.5
"Post scheduled trip end time",6,195,189,4020.5
"Post scheduled trip end time",6,42,36,4020.5
"Post scheduled trip end time",6,225,219,4020.5
"Post scheduled trip end time",6,386,380,4020.5
"Post scheduled trip end time",6,165,159,4020.5
"Post scheduled trip end time",6,124,118,4020.5
"Post scheduled trip end time",6,115,109,4020.5
"Post scheduled trip end time",6,47,41,4020.5
"Post scheduled trip end time",6,203,197,4020.5
"Post scheduled trip end time",6,23,17,4020.5
"Post scheduled trip end time",6,306,300,4020.5
"Post scheduled trip end time",6,54,48,4020.5
"Post scheduled trip end time",6,107,101,4020.5
"Post scheduled trip end time",6,66,60,4020.5
"Post scheduled trip end time",6,376,370,4020.5
"Post scheduled trip end time",6,611,605,4020.5
"Post scheduled trip end time",6,216,210,4020.5
"Post scheduled trip end time",6,381,375,4020.5
"Post scheduled trip end time",6,486,480,4020.5
"Post scheduled trip end time",6,11,5,4020.5
"Post scheduled trip end time",6,347,341,4020.5
"Post scheduled trip end time",6,105,99,4020.5
"Post scheduled trip end time",6,65,59,4020.5
"Post scheduled trip end time",6,320,314,4020.5
"Post scheduled trip end time",6,102,96,4020.5
"Post scheduled trip end time",6,15,9,4020.5
"Post scheduled trip end time",6,190,184,4020.5
"Post scheduled trip end time",6,95,89,4020.5
"Post scheduled trip end time",6,206,200,4020.5
"Post scheduled trip end time",6,295,289,4020.5
"Post scheduled trip end time",6,27,21,4020.5
"Post scheduled trip end time",6,244,238,4020.5
"Post scheduled trip end time",6,316,310,4020.5
"Post scheduled trip end time",6,535,529,4020.5
"Post scheduled trip end time",6,401,395,4020.5
"Post scheduled trip end time",6,126,120,4020.5
"Post scheduled trip end time",6,8,2,4020.5
"Post scheduled trip end time",6,146,140,4020.5
"Post scheduled trip end time",6,341,335,4020.5
"Post scheduled trip end time",6,28,22,4020.5
"Post scheduled trip end time",6,113,107,4020.5
"Post scheduled trip end time",6,501,495,4020.5
"Post scheduled trip end time",6,14,8,4020.5
"Post scheduled trip end time",6,443,437,4020.5
"Post scheduled trip end time",6,595,589,4020.5
"Post scheduled trip end time",6,111,105,4020.5
"Post scheduled trip end time",6,85,79,4020.5
"Post scheduled trip end time",6,160,154,4020.5
"Post scheduled trip end time",6,563,557,4020.5
"Post scheduled trip end time",6,493,487,4020.5
"Post scheduled trip end time",6,31,25,4020.5
"Post scheduled trip end time",6,257,251,4020.5
"Post scheduled trip end time",6,323,317,4020.5
"Post scheduled trip end time",6,44,38,4020.5
"Post scheduled trip end time",6,130,124,4020.5
"Post scheduled trip end time",6,542,536,4020.5
"Post scheduled trip end time",6,37,31,4020.5
"Post scheduled trip end time",6,136,130,4020.5
"Post scheduled trip end time",6,258,252,4020.5
"Post scheduled trip end time",6,67,61,4020.5
"Post scheduled trip end time",6,58,52,4020.5
"Post scheduled trip end time",6,109,103,4020.5
"Post scheduled trip end time",6,97,91,4020.5
"Post scheduled trip end time",6,100,94,4020.5
"Post scheduled trip end time",6,276,270,4020.5
"Post scheduled trip end time",6,256,250,4020.5
"Post scheduled trip end time",6,433,427,4020.5
"Post scheduled trip end time",6,155,149,4020.5
"Post scheduled trip end time",6,59,53,4020.5
"Before scheduled trip start time",7,18,11,8038
"Before scheduled trip start time",7,12,5,8038
"Before scheduled trip start time",7,65,58,8038
"Before scheduled trip start time",7,31,24,8038
"Before scheduled trip start time",7,19,12,8038
"Before scheduled trip start time",7,41,34,8038
"Before scheduled trip start time",7,134,127,8038
"Before scheduled trip start time",7,84,77,8038
"Before scheduled trip start time",7,57,50,8038
"Before scheduled trip start time",7,117,110,8038
"Before scheduled trip start time",7,27,20,8038
"Before scheduled trip start time",7,52,45,8038
"Before scheduled trip start time",7,38,31,8038
"Before scheduled trip start time",7,9,2,8038
"Before scheduled trip start time",7,29,22,8038
"Before scheduled trip start time",7,51,44,8038
"Before scheduled trip start time",7,14,7,8038
"Before scheduled trip start time",7,241,234,8038
"Before scheduled trip start time",7,26,19,8038
"Before scheduled trip start time",7,81,74,8038
"Before scheduled trip start time",7,56,49,8038
"Before scheduled trip start time",7,121,114,8038
"Before scheduled trip start time",7,181,174,8038
"Before scheduled trip start time",7,25,18,8038
"Before scheduled trip start time",7,139,132,8038
"Before scheduled trip start time",7,17,10,8038
"Before scheduled trip start time",7,16,9,8038
"Before scheduled trip start time",7,33,26,8038
"Before scheduled trip start time",7,28,21,8038
"Before scheduled trip start time",7,32,25,8038
"Before scheduled trip start time",7,73,66,8038
"Before scheduled trip start time",7,8,1,8038
"Before scheduled trip start time",7,53,46,8038
"Before scheduled trip start time",7,58,51,8038
"Before scheduled trip start time",7,23,16,8038
"Before scheduled trip start time",7,74,67,8038
"Before scheduled trip start time",7,48,41,8038
"Before scheduled trip start time",7,30,23,8038
"Before scheduled trip start time",7,36,29,8038
"Before scheduled trip start time",7,61,54,8038
"Before scheduled trip start time",7,20,13,8038
"Before scheduled trip start time",7,35,28,8038
"Before scheduled trip start time",7,21,14,8038
"Before scheduled trip start time",7,49,42,8038
"Before scheduled trip start time",7,40,33,8038
"Before scheduled trip start time",7,43,36,8038
"Before scheduled trip start time",7,13,6,8038
"Before scheduled trip start time",7,44,37,8038
"Before scheduled trip start time",7,69,62,8038
"Before scheduled trip start time",7,34,27,8038
"Before scheduled trip start time",7,22,15,8038
"Before scheduled trip start time",7,11,4,8038
"Before scheduled trip start time",7,42,35,8038
"Before scheduled trip start time",7,97,90,8038
"Before scheduled trip start time",7,24,17,8038
"Before scheduled trip start time",7,15,8,8038
"Before scheduled trip start time",7,39,32,8038
"Before scheduled trip start time",7,67,60,8038
"Before scheduled trip start time",7,37,30,8038
"Before scheduled trip start time",7,45,38,8038
"Before scheduled trip start time",7,133,126,8038
"Before scheduled trip start time",7,10,3,8038
"Before scheduled trip start time",7,7,0,8038
"Before scheduled trip start time",7,64,57,8038
"During scheduled trip",7,588,581,291
"During scheduled trip",7,51,44,291
"During scheduled trip",7,176,169,291
"During scheduled trip",7,195,188,291
"During scheduled trip",7,41,34,291
"During scheduled trip",7,228,221,291
"During scheduled trip",7,32,25,291
"During scheduled trip",7,12,5,291
"During scheduled trip",7,144,137,291
"During scheduled trip",7,79,72,291
"During scheduled trip",7,70,63,291
"During scheduled trip",7,68,61,291
"During scheduled trip",7,790,783,291
"During scheduled trip",7,10,3,291
"During scheduled trip",7,61,54,291
"During scheduled trip",7,19,12,291
"During scheduled trip",7,224,217,291
"During scheduled trip",7,108,101,291
"During scheduled trip",7,281,274,291
"During scheduled trip",7,590,583,291
"During scheduled trip",7,99,92,291
"During scheduled trip",7,64,57,291
"During scheduled trip",7,36,29,291
"During scheduled trip",7,491,484,291
"During scheduled trip",7,48,41,291
"During scheduled trip",7,62,55,291
"During scheduled trip",7,168,161,291
"During scheduled trip",7,94,87,291
"During scheduled trip",7,66,59,291
"During scheduled trip",7,40,33,291
"During scheduled trip",7,152,145,291
"During scheduled trip",7,47,40,291
"During scheduled trip",7,44,37,291
"During scheduled trip",7,310,303,291
"During scheduled trip",7,91,84,291
"During scheduled trip",7,156,149,291
"During scheduled trip",7,276,269,291
"During scheduled trip",7,57,50,291
"During scheduled trip",7,332,325,291
"During scheduled trip",7,13,6,291
"During scheduled trip",7,71,64,291
"During scheduled trip",7,35,28,291
"During scheduled trip",7,102,95,291
"During scheduled trip",7,18,11,291
"During scheduled trip",7,397,390,291
"During scheduled trip",7,87,80,291
"During scheduled trip",7,179,172,291
"During scheduled trip",7,30,23,291
"During scheduled trip",7,34,27,291
"During scheduled trip",7,11,4,291
"During scheduled trip",7,109,102,291
"During scheduled trip",7,181,174,291
"During scheduled trip",7,670,663,291
"During scheduled trip",7,73,66,291
"During scheduled trip",7,250,243,291
"During scheduled trip",7,86,79,291
"During scheduled trip",7,325,318,291
"During scheduled trip",7,490,483,291
"During scheduled trip",7,341,334,291
"During scheduled trip",7,110,103,291
"During scheduled trip",7,101,94,291
"During scheduled trip",7,135,128,291
"During scheduled trip",7,370,363,291
"During scheduled trip",7,138,131,291
"During scheduled trip",7,9,2,291
"During scheduled trip",7,100,93,291
"During scheduled trip",7,139,132,291
"During scheduled trip",7,401,394,291
"During scheduled trip",7,53,46,291
"During scheduled trip",7,114,107,291
"During scheduled trip",7,129,122,291
"During scheduled trip",7,151,144,291
"During scheduled trip",7,122,115,291
"During scheduled trip",7,52,45,291
"During scheduled trip",7,88,81,291
"During scheduled trip",7,187,180,291
"During scheduled trip",7,25,18,291
"During scheduled trip",7,72,65,291
"During scheduled trip",7,97,90,291
"During scheduled trip",7,550,543,291
"During scheduled trip",7,221,214,291
"During scheduled trip",7,27,20,291
"During scheduled trip",7,278,271,291
"During scheduled trip",7,253,246,291
"During scheduled trip",7,37,30,291
"During scheduled trip",7,118,111,291
"During scheduled trip",7,577,570,291
"During scheduled trip",7,307,300,291
"During scheduled trip",7,75,68,291
"During scheduled trip",7,430,423,291
"During scheduled trip",7,517,510,291
"During scheduled trip",7,265,258,291
"During scheduled trip",7,65,58,291
"During scheduled trip",7,56,49,291
"During scheduled trip",7,98,91,291
"During scheduled trip",7,163,156,291
"During scheduled trip",7,8,1,291
"During scheduled trip",7,38,31,291
"During scheduled trip",7,161,154,291
"During scheduled trip",7,126,119,291
"During scheduled trip",7,22,15,291
"During scheduled trip",7,63,56,291
"During scheduled trip",7,54,47,291
"During scheduled trip",7,272,265,291
"During scheduled trip",7,23,16,291
"During scheduled trip",7,130,123,291
"During scheduled trip",7,21,14,291
"During scheduled trip",7,431,424,291
"During scheduled trip",7,155,148,291
"During scheduled trip",7,145,138,291
"During scheduled trip",7,247,240,291
"During scheduled trip",7,59,52,291
"During scheduled trip",7,970,963,291
"During scheduled trip",7,119,112,291
"During scheduled trip",7,96,89,291
"During scheduled trip",7,28,21,291
"During scheduled trip",7,227,220,291
"During scheduled trip",7,69,62,291
"During scheduled trip",7,146,139,291
"During scheduled trip",7,31,24,291
"During scheduled trip",7,77,70,291
"During scheduled trip",7,81,74,291
"During scheduled trip",7,206,199,291
"During scheduled trip",7,164,157,291
"During scheduled trip",7,89,82,291
"During scheduled trip",7,43,36,291
"During scheduled trip",7,95,88,291
"During scheduled trip",7,127,120,291
"During scheduled trip",7,730,723,291
"During scheduled trip",7,541,534,291
"During scheduled trip",7,125,118,291
"During scheduled trip",7,93,86,291
"During scheduled trip",7,92,85,291
"During scheduled trip",7,117,110,291
"During scheduled trip",7,113,106,291
"During scheduled trip",7,128,121,291
"During scheduled trip",7,850,843,291
"During scheduled trip",7,84,77,291
"During scheduled trip",7,184,177,291
"During scheduled trip",7,67,60,291
"During scheduled trip",7,373,366,291
"During scheduled trip",7,83,76,291
"During scheduled trip",7,167,160,291
"During scheduled trip",7,17,10,291
"During scheduled trip",7,33,26,291
"During scheduled trip",7,216,209,291
"During scheduled trip",7,284,277,291
"During scheduled trip",7,208,201,291
"During scheduled trip",7,123,116,291
"During scheduled trip",7,85,78,291
"During scheduled trip",7,218,211,291
"During scheduled trip",7,137,130,291
"During scheduled trip",7,76,69,291
"During scheduled trip",7,90,83,291
"During scheduled trip",7,131,124,291
"During scheduled trip",7,74,67,291
"During scheduled trip",7,150,143,291
"During scheduled trip",7,140,133,291
"During scheduled trip",7,481,474,291
"During scheduled trip",7,20,13,291
"During scheduled trip",7,104,97,291
"During scheduled trip",7,105,98,291
"During scheduled trip",7,610,603,291
"During scheduled trip",7,116,109,291
"During scheduled trip",7,7,0,291
"During scheduled trip",7,530,523,291
"During scheduled trip",7,14,7,291
"During scheduled trip",7,82,75,291
"During scheduled trip",7,106,99,291
"During scheduled trip",7,313,306,291
"During scheduled trip",7,121,114,291
"During scheduled trip",7,26,19,291
"During scheduled trip",7,160,153,291
"During scheduled trip",7,49,42,291
"During scheduled trip",7,39,32,291
"During scheduled trip",7,115,108,291
"During scheduled trip",7,148,141,291
"During scheduled trip",7,80,73,291
"During scheduled trip",7,157,150,291
"During scheduled trip",7,143,136,291
"During scheduled trip",7,103,96,291
"During scheduled trip",7,58,51,291
"During scheduled trip",7,158,151,291
"During scheduled trip",7,107,100,291
"During scheduled trip",7,50,43,291
"During scheduled trip",7,433,426,291
"During scheduled trip",7,46,39,291
"During scheduled trip",7,16,9,291
"During scheduled trip",7,124,117,291
"During scheduled trip",7,287,280,291
"During scheduled trip",7,910,903,291
"During scheduled trip",7,133,126,291
"During scheduled trip",7,29,22,291
"During scheduled trip",7,24,17,291
"During scheduled trip",7,205,198,291
"During scheduled trip",7,78,71,291
"During scheduled trip",7,45,38,291
"During scheduled trip",7,15,8,291
"During scheduled trip",7,60,53,291
"During scheduled trip",7,55,48,291
"During scheduled trip",7,215,208,291
"During scheduled trip",7,42,35,291
"During scheduled trip",7,190,183,291
"Post scheduled trip end time",7,84,77,4020.5
"Post scheduled trip end time",7,47,40,4020.5
"Post scheduled trip end time",7,85,78,4020.5
"Post scheduled trip end time",7,235,228,4020.5
"Post scheduled trip end time",7,43,36,4020.5
"Post scheduled trip end time",7,60,53,4020.5
"Post scheduled trip end time",7,126,119,4020.5
"Post scheduled trip end time",7,313,306,4020.5
"Post scheduled trip end time",7,42,35,4020.5
"Post scheduled trip end time",7,375,368,4020.5
"Post scheduled trip end time",7,1450,1443,4020.5
"Post scheduled trip end time",7,7,0,4020.5
"Post scheduled trip end time",7,371,364,4020.5
"Post scheduled trip end time",7,100,93,4020.5
"Post scheduled trip end time",7,441,434,4020.5
"Post scheduled trip end time",7,201,194,4020.5
"Post scheduled trip end time",7,91,84,4020.5
"Post scheduled trip end time",7,175,168,4020.5
"Post scheduled trip end time",7,491,484,4020.5
"Post scheduled trip end time",7,69,62,4020.5
"Post scheduled trip end time",7,20,13,4020.5
"Post scheduled trip end time",7,237,230,4020.5
"Post scheduled trip end time",7,81,74,4020.5
"Post scheduled trip end time",7,16,9,4020.5
"Post scheduled trip end time",7,71,64,4020.5
"Post scheduled trip end time",7,50,43,4020.5
"Post scheduled trip end time",7,8,1,4020.5
"Post scheduled trip end time",7,78,71,4020.5
"Post scheduled trip end time",7,35,28,4020.5
"Post scheduled trip end time",7,9,2,4020.5
"Post scheduled trip end time",7,70,63,4020.5
"Post scheduled trip end time",7,32,25,4020.5
"Post scheduled trip end time",7,109,102,4020.5
"Post scheduled trip end time",7,31,24,4020.5
"Post scheduled trip end time",7,675,668,4020.5
"Post scheduled trip end time",7,56,49,4020.5
"Post scheduled trip end time",7,30,23,4020.5
"Post scheduled trip end time",7,486,479,4020.5
"Post scheduled trip end time",7,36,29,4020.5
"Post scheduled trip end time",7,294,287,4020.5
"Post scheduled trip end time",7,23,16,4020.5
"Post scheduled trip end time",7,102,95,4020.5
"Post scheduled trip end time",7,167,160,4020.5
"Post scheduled trip end time",7,1750,1743,4020.5
"Post scheduled trip end time",7,1390,1383,4020.5
"Post scheduled trip end time",7,186,179,4020.5
"Post scheduled trip end time",7,422,415,4020.5
"Post scheduled trip end time",7,94,87,4020.5
"Post scheduled trip end time",7,14,7,4020.5
"Post scheduled trip end time",7,96,89,4020.5
"Post scheduled trip end time",7,555,548,4020.5
"Post scheduled trip end time",7,93,86,4020.5
"Post scheduled trip end time",7,83,76,4020.5
"Post scheduled trip end time",7,45,38,4020.5
"Post scheduled trip end time",7,74,67,4020.5
"Post scheduled trip end time",7,87,80,4020.5
"Post scheduled trip end time",7,115,108,4020.5
"Post scheduled trip end time",7,435,428,4020.5
"Post scheduled trip end time",7,59,52,4020.5
"Post scheduled trip end time",7,1270,1263,4020.5
"Post scheduled trip end time",7,246,239,4020.5
"Post scheduled trip end time",7,321,314,4020.5
"Post scheduled trip end time",7,174,167,4020.5
"Post scheduled trip end time",7,195,188,4020.5
"Post scheduled trip end time",7,72,65,4020.5
"Post scheduled trip end time",7,52,45,4020.5
"Post scheduled trip end time",7,119,112,4020.5
"Post scheduled trip end time",7,357,350,4020.5
"Post scheduled trip end time",7,12,5,4020.5
"Post scheduled trip end time",7,106,99,4020.5
"Post scheduled trip end time",7,287,280,4020.5
"Post scheduled trip end time",7,464,457,4020.5
"Post scheduled trip end time",7,162,155,4020.5
"Post scheduled trip end time",7,342,335,4020.5
"Post scheduled trip end time",7,49,42,4020.5
"Post scheduled trip end time",7,135,128,4020.5
"Post scheduled trip end time",7,1510,1503,4020.5
"Post scheduled trip end time",7,21,14,4020.5
"Post scheduled trip end time",7,73,66,4020.5
"Post scheduled trip end time",7,77,70,4020.5
"Post scheduled trip end time",7,1330,1323,4020.5
"Post scheduled trip end time",7,37,30,4020.5
"Post scheduled trip end time",7,417,410,4020.5
"Post scheduled trip end time",7,197,190,4020.5
"Post scheduled trip end time",7,524,517,4020.5
"Post scheduled trip end time",7,182,175,4020.5
"Post scheduled trip end time",7,40,33,4020.5
"Post scheduled trip end time",7,76,69,4020.5
"Post scheduled trip end time",7,147,140,4020.5
"Post scheduled trip end time",7,114,107,4020.5
"Post scheduled trip end time",7,64,57,4020.5
"Post scheduled trip end time",7,62,55,4020.5
"Post scheduled trip end time",7,1690,1683,4020.5
"Post scheduled trip end time",7,404,397,4020.5
"Post scheduled trip end time",7,54,47,4020.5
"Post scheduled trip end time",7,1630,1623,4020.5
"Post scheduled trip end time",7,426,419,4020.5
"Post scheduled trip end time",7,107,100,4020.5
"Post scheduled trip end time",7,297,290,4020.5
"Post scheduled trip end time",7,67,60,4020.5
"Post scheduled trip end time",7,234,227,4020.5
"Post scheduled trip end time",7,431,424,4020.5
"Post scheduled trip end time",7,26,19,4020.5
"Post scheduled trip end time",7,243,236,4020.5
"Post scheduled trip end time",7,134,127,4020.5
"Post scheduled trip end time",7,117,110,4020.5
"Post scheduled trip end time",7,1570,1563,4020.5
"Post scheduled trip end time",7,33,26,4020.5
"Post scheduled trip end time",7,24,17,4020.5
"Post scheduled trip end time",7,92,85,4020.5
"Post scheduled trip end time",7,38,31,4020.5
"Post scheduled trip end time",7,27,20,4020.5
"Post scheduled trip end time",7,227,220,4020.5
"Post scheduled trip end time",7,261,254,4020.5
"Post scheduled trip end time",7,137,130,4020.5
"Post scheduled trip end time",7,22,15,4020.5
"Post scheduled trip end time",7,141,134,4020.5
"Post scheduled trip end time",7,10,3,4020.5
"Post scheduled trip end time",7,65,58,4020.5
"Post scheduled trip end time",7,381,374,4020.5
"Post scheduled trip end time",7,34,27,4020.5
"Post scheduled trip end time",7,604,597,4020.5
"Post scheduled trip end time",7,29,22,4020.5
"Post scheduled trip end time",7,477,470,4020.5
"Post scheduled trip end time",7,1030,1023,4020.5
"Post scheduled trip end time",7,15,8,4020.5
"Post scheduled trip end time",7,177,170,4020.5
"Post scheduled trip end time",7,46,39,4020.5
"Post scheduled trip end time",7,53,46,4020.5
"Post scheduled trip end time",7,57,50,4020.5
"Post scheduled trip end time",7,615,608,4020.5
"Post scheduled trip end time",7,373,366,4020.5
"Post scheduled trip end time",7,66,59,4020.5
"Post scheduled trip end time",7,495,488,4020.5
"Post scheduled trip end time",7,55,48,4020.5
"Post scheduled trip end time",7,48,41,4020.5
"Post scheduled trip end time",7,132,125,4020.5
"Post scheduled trip end time",7,63,56,4020.5
"Post scheduled trip end time",7,315,308,4020.5
"Post scheduled trip end time",7,129,122,4020.5
"Post scheduled trip end time",7,138,131,4020.5
"Post scheduled trip end time",7,1150,1143,4020.5
"Post scheduled trip end time",7,58,51,4020.5
"Post scheduled trip end time",7,51,44,4020.5
"Post scheduled trip end time",7,282,275,4020.5
"Post scheduled trip end time",7,169,162,4020.5
"Post scheduled trip end time",7,97,90,4020.5
"Post scheduled trip end time",7,411,404,4020.5
"Post scheduled trip end time",7,255,248,4020.5
"Post scheduled trip end time",7,79,72,4020.5
"Post scheduled trip end time",7,17,10,4020.5
"Post scheduled trip end time",7,385,378,4020.5
"Post scheduled trip end time",7,295,288,4020.5
"Post scheduled trip end time",7,82,75,4020.5
"Post scheduled trip end time",7,306,299,4020.5
"Post scheduled trip end time",7,39,32,4020.5
"Post scheduled trip end time",7,222,215,4020.5
"Post scheduled trip end time",7,362,355,4020.5
"Post scheduled trip end time",7,1090,1083,4020.5
"Post scheduled trip end time",7,302,295,4020.5
"Post scheduled trip end time",7,25,18,4020.5
"Post scheduled trip end time",7,1210,1203,4020.5
"Post scheduled trip end time",7,68,61,4020.5
"Post scheduled trip end time",7,41,34,4020.5
"Post scheduled trip end time",7,44,37,4020.5
"Post scheduled trip end time",7,75,68,4020.5
"Post scheduled trip end time",7,528,521,4020.5
"Post scheduled trip end time",7,366,359,4020.5
"Post scheduled trip end time",7,61,54,4020.5
"Post scheduled trip end time",7,18,11,4020.5
"Post scheduled trip end time",7,13,6,4020.5
"Post scheduled trip end time",7,28,21,4020.5
"Post scheduled trip end time",7,537,530,4020.5
"Post scheduled trip end time",7,11,4,4020.5
"Post scheduled trip end time",7,229,222,4020.5
"Post scheduled trip end time",7,19,12,4020.5
"Before scheduled trip start time",9,100,91,8038
"Before scheduled trip start time",9,58,49,8038
"Before scheduled trip start time",9,13,4,8038
"Before scheduled trip start time",9,65,56,8038
"Before scheduled trip start time",9,28,19,8038
"Before scheduled trip start time",9,29,20,8038
"Before scheduled trip start time",9,26,17,8038
"Before scheduled trip start time",9,154,145,8038
"Before scheduled trip start time",9,16,7,8038
"Before scheduled trip start time",9,24,15,8038
"Before scheduled trip start time",9,68,59,8038
"Before scheduled trip start time",9,38,29,8038
"Before scheduled trip start time",9,18,9,8038
"Before scheduled trip start time",9,40,31,8038
"Before scheduled trip start time",9,34,25,8038
"Before scheduled trip start time",9,10,1,8038
"Before scheduled trip start time",9,70,61,8038
"Before scheduled trip start time",9,57,48,8038
"Before scheduled trip start time",9,25,16,8038
"Before scheduled trip start time",9,85,76,8038
"Before scheduled trip start time",9,17,8,8038
"Before scheduled trip start time",9,47,38,8038
"Before scheduled trip start time",9,21,12,8038
"Before scheduled trip start time",9,43,34,8038
"Before scheduled trip start time",9,27,18,8038
"Before scheduled trip start time",9,15,6,8038
"Before scheduled trip start time",9,92,83,8038
"Before scheduled trip start time",9,9,0,8038
"Before scheduled trip start time",9,63,54,8038
"Before scheduled trip start time",9,48,39,8038
"Before scheduled trip start time",9,54,45,8038
"Before scheduled trip start time",9,56,47,8038
"Before scheduled trip start time",9,62,53,8038
"Before scheduled trip start time",9,22,13,8038
"Before scheduled trip start time",9,23,14,8038
"Before scheduled trip start time",9,32,23,8038
"Before scheduled trip start time",9,53,44,8038
"Before scheduled trip start time",9,42,33,8038
"Before scheduled trip start time",9,102,93,8038
"Before scheduled trip start time",9,35,26,8038
"Before scheduled trip start time",9,30,21,8038
"Before scheduled trip start time",9,51,42,8038
"Before scheduled trip start time",9,36,27,8038
"Before scheduled trip start time",9,41,32,8038
"Before scheduled trip start time",9,49,40,8038
"Before scheduled trip start time",9,94,85,8038
"Before scheduled trip start time",9,33,24,8038
"Before scheduled trip start time",9,39,30,8038
"Before scheduled trip start time",9,12,3,8038
"Before scheduled trip start time",9,19,10,8038
"Before scheduled trip start time",9,61,52,8038
"Before scheduled trip start time",9,14,5,8038
"Before scheduled trip start time",9,79,70,8038
"Before scheduled trip start time",9,11,2,8038
"Before scheduled trip start time",9,31,22,8038
"Before scheduled trip start time",9,37,28,8038
"Before scheduled trip start time",9,20,11,8038
"Before scheduled trip start time",9,52,43,8038
"Before scheduled trip start time",9,55,46,8038
"Before scheduled trip start time",9,46,37,8038
"During scheduled trip",9,66,57,291
"During scheduled trip",9,10,1,291
"During scheduled trip",9,277,268,291
"During scheduled trip",9,190,181,291
"During scheduled trip",9,346,337,291
"During scheduled trip",9,121,112,291
"During scheduled trip",9,305,296,291
"During scheduled trip",9,113,104,291
"During scheduled trip",9,385,376,291
"During scheduled trip",9,73,64,291
"During scheduled trip",9,183,174,291
"During scheduled trip",9,20,11,291
"During scheduled trip",9,172,163,291
"During scheduled trip",9,61,52,291
"During scheduled trip",9,350,341,291
"During scheduled trip",9,14,5,291
"During scheduled trip",9,110,101,291
"During scheduled trip",9,120,111,291
"During scheduled trip",9,129,120,291
"During scheduled trip",9,633,624,291
"During scheduled trip",9,59,50,291
"During scheduled trip",9,68,59,291
"During scheduled trip",9,230,221,291
"During scheduled trip",9,100,91,291
"During scheduled trip",9,453,444,291
"During scheduled trip",9,62,53,291
"During scheduled trip",9,21,12,291
"During scheduled trip",9,47,38,291
"During scheduled trip",9,204,195,291
"During scheduled trip",9,513,504,291
"During scheduled trip",9,99,90,291
"During scheduled trip",9,351,342,291
"During scheduled trip",9,69,60,291
"During scheduled trip",9,130,121,291
"During scheduled trip",9,18,9,291
"During scheduled trip",9,72,63,291
"During scheduled trip",9,753,744,291
"During scheduled trip",9,85,76,291
"During scheduled trip",9,147,138,291
"During scheduled trip",9,162,153,291
"During scheduled trip",9,93,84,291
"During scheduled trip",9,191,182,291
"During scheduled trip",9,310,301,291
"During scheduled trip",9,77,68,291
"During scheduled trip",9,23,14,291
"During scheduled trip",9,96,87,291
"During scheduled trip",9,27,18,291
"During scheduled trip",9,65,56,291
"During scheduled trip",9,144,135,291
"During scheduled trip",9,104,95,291
"During scheduled trip",9,56,47,291
"During scheduled trip",9,98,89,291
"During scheduled trip",9,92,83,291
"During scheduled trip",9,46,37,291
"During scheduled trip",9,29,20,291
"During scheduled trip",9,187,178,291
"During scheduled trip",9,112,103,291
"During scheduled trip",9,159,150,291
"During scheduled trip",9,265,256,291
"During scheduled trip",9,45,36,291
"During scheduled trip",9,153,144,291
"During scheduled trip",9,365,356,291
"During scheduled trip",9,19,10,291
"During scheduled trip",9,127,118,291
"During scheduled trip",9,12,3,291
"During scheduled trip",9,166,157,291
"During scheduled trip",9,41,32,291
"During scheduled trip",9,80,71,291
"During scheduled trip",9,290,281,291
"During scheduled trip",9,15,6,291
"During scheduled trip",9,64,55,291
"During scheduled trip",9,145,136,291
"During scheduled trip",9,138,129,291
"During scheduled trip",9,53,44,291
"During scheduled trip",9,16,7,291
"During scheduled trip",9,17,8,291
"During scheduled trip",9,167,158,291
"During scheduled trip",9,182,173,291
"During scheduled trip",9,615,606,291
"During scheduled trip",9,286,277,291
"During scheduled trip",9,89,80,291
"During scheduled trip",9,158,149,291
"During scheduled trip",9,58,49,291
"During scheduled trip",9,75,66,291
"During scheduled trip",9,86,77,291
"During scheduled trip",9,348,339,291
"During scheduled trip",9,52,43,291
"During scheduled trip",9,304,295,291
"During scheduled trip",9,133,124,291
"During scheduled trip",9,333,324,291
"During scheduled trip",9,30,21,291
"During scheduled trip",9,294,285,291
"During scheduled trip",9,933,924,291
"During scheduled trip",9,116,107,291
"During scheduled trip",9,151,142,291
"During scheduled trip",9,48,39,291
"During scheduled trip",9,42,33,291
"During scheduled trip",9,25,16,291
"During scheduled trip",9,43,34,291
"During scheduled trip",9,245,236,291
"During scheduled trip",9,573,564,291
"During scheduled trip",9,22,13,291
"During scheduled trip",9,122,113,291
"During scheduled trip",9,55,46,291
"During scheduled trip",9,234,225,291
"During scheduled trip",9,140,131,291
"During scheduled trip",9,95,86,291
"During scheduled trip",9,109,100,291
"During scheduled trip",9,60,51,291
"During scheduled trip",9,32,23,291
"During scheduled trip",9,425,416,291
"During scheduled trip",9,263,254,291
"During scheduled trip",9,168,159,291
"During scheduled trip",9,106,97,291
"During scheduled trip",9,79,70,291
"During scheduled trip",9,117,108,291
"During scheduled trip",9,88,79,291
"During scheduled trip",9,125,116,291
"During scheduled trip",9,693,684,291
"During scheduled trip",9,406,397,291
"During scheduled trip",9,114,105,291
"During scheduled trip",9,241,232,291
"During scheduled trip",9,485,476,291
"During scheduled trip",9,325,316,291
"During scheduled trip",9,149,140,291
"During scheduled trip",9,287,278,291
"During scheduled trip",9,36,27,291
"During scheduled trip",9,264,255,291
"During scheduled trip",9,185,176,291
"During scheduled trip",9,198,189,291
"During scheduled trip",9,71,62,291
"During scheduled trip",9,50,41,291
"During scheduled trip",9,115,106,291
"During scheduled trip",9,37,28,291
"During scheduled trip",9,139,130,291
"During scheduled trip",9,87,78,291
"During scheduled trip",9,74,65,291
"During scheduled trip",9,26,17,291
"During scheduled trip",9,39,30,291
"During scheduled trip",9,49,40,291
"During scheduled trip",9,81,72,291
"During scheduled trip",9,57,48,291
"During scheduled trip",9,276,267,291
"During scheduled trip",9,107,98,291
"During scheduled trip",9,142,133,291
"During scheduled trip",9,213,204,291
"During scheduled trip",9,78,69,291
"During scheduled trip",9,813,804,291
"During scheduled trip",9,67,58,291
"During scheduled trip",9,13,4,291
"During scheduled trip",9,83,74,291
"During scheduled trip",9,226,217,291
"During scheduled trip",9,70,61,291
"During scheduled trip",9,8,-1,291
"During scheduled trip",9,157,148,291
"During scheduled trip",9,97,88,291
"During scheduled trip",9,231,222,291
"During scheduled trip",9,11,2,291
"During scheduled trip",9,84,75,291
"During scheduled trip",9,108,99,291
"During scheduled trip",9,63,54,291
"During scheduled trip",9,250,241,291
"During scheduled trip",9,91,82,291
"During scheduled trip",9,124,115,291
"During scheduled trip",9,227,218,291
"During scheduled trip",9,132,123,291
"During scheduled trip",9,200,191,291
"During scheduled trip",9,273,264,291
"During scheduled trip",9,291,282,291
"During scheduled trip",9,33,24,291
"During scheduled trip",9,34,25,291
"During scheduled trip",9,76,67,291
"During scheduled trip",9,217,208,291
"During scheduled trip",9,94,85,291
"During scheduled trip",9,31,22,291
"During scheduled trip",9,364,355,291
"During scheduled trip",9,243,234,291
"During scheduled trip",9,54,45,291
"During scheduled trip",9,873,864,291
"During scheduled trip",9,205,196,291
"During scheduled trip",9,123,114,291
"During scheduled trip",9,35,26,291
"During scheduled trip",9,40,31,291
"During scheduled trip",9,38,29,291
"During scheduled trip",9,143,134,291
"During scheduled trip",9,199,190,291
"During scheduled trip",9,90,81,291
"During scheduled trip",9,24,15,291
"During scheduled trip",9,202,193,291
"During scheduled trip",9,174,165,291
"During scheduled trip",9,288,279,291
"During scheduled trip",9,28,19,291
"During scheduled trip",9,175,166,291
"During scheduled trip",9,181,172,291
"During scheduled trip",9,203,194,291
"During scheduled trip",9,44,35,291
"During scheduled trip",9,51,42,291
"During scheduled trip",9,101,92,291
"During scheduled trip",9,445,436,291
"During scheduled trip",9,9,0,291
"During scheduled trip",9,393,384,291
"During scheduled trip",9,102,93,291
"During scheduled trip",9,82,73,291
"Post scheduled trip end time",9,405,396,4020.5
"Post scheduled trip end time",9,97,88,4020.5
"Post scheduled trip end time",9,146,137,4020.5
"Post scheduled trip end time",9,105,96,4020.5
"Post scheduled trip end time",9,1317,1308,4020.5
"Post scheduled trip end time",9,41,32,4020.5
"Post scheduled trip end time",9,777,768,4020.5
"Post scheduled trip end time",9,587,578,4020.5
"Post scheduled trip end time",9,10,1,4020.5
"Post scheduled trip end time",9,66,57,4020.5
"Post scheduled trip end time",9,345,336,4020.5
"Post scheduled trip end time",9,58,49,4020.5
"Post scheduled trip end time",9,122,113,4020.5
"Post scheduled trip end time",9,215,206,4020.5
"Post scheduled trip end time",9,597,588,4020.5
"Post scheduled trip end time",9,18,9,4020.5
"Post scheduled trip end time",9,585,576,4020.5
"Post scheduled trip end time",9,299,290,4020.5
"Post scheduled trip end time",9,657,648,4020.5
"Post scheduled trip end time",9,190,181,4020.5
"Post scheduled trip end time",9,120,111,4020.5
"Post scheduled trip end time",9,57,48,4020.5
"Post scheduled trip end time",9,140,131,4020.5
"Post scheduled trip end time",9,155,146,4020.5
"Post scheduled trip end time",9,705,696,4020.5
"Post scheduled trip end time",9,1017,1008,4020.5
"Post scheduled trip end time",9,1377,1368,4020.5
"Post scheduled trip end time",9,131,122,4020.5
"Post scheduled trip end time",9,49,40,4020.5
"Post scheduled trip end time",9,45,36,4020.5
"Post scheduled trip end time",9,415,406,4020.5
"Post scheduled trip end time",9,172,163,4020.5
"Post scheduled trip end time",9,64,55,4020.5
"Post scheduled trip end time",9,285,276,4020.5
"Post scheduled trip end time",9,53,44,4020.5
"Post scheduled trip end time",9,76,67,4020.5
"Post scheduled trip end time",9,31,22,4020.5
"Post scheduled trip end time",9,94,85,4020.5
"Post scheduled trip end time",9,191,182,4020.5
"Post scheduled trip end time",9,69,60,4020.5
"Post scheduled trip end time",9,314,305,4020.5
"Post scheduled trip end time",9,78,69,4020.5
"Post scheduled trip end time",9,85,76,4020.5
"Post scheduled trip end time",9,124,115,4020.5
"Post scheduled trip end time",9,81,72,4020.5
"Post scheduled trip end time",9,25,16,4020.5
"Post scheduled trip end time",9,837,828,4020.5
"Post scheduled trip end time",9,55,46,4020.5
"Post scheduled trip end time",9,17,8,4020.5
"Post scheduled trip end time",9,292,283,4020.5
"Post scheduled trip end time",9,154,145,4020.5
"Post scheduled trip end time",9,98,89,4020.5
"Post scheduled trip end time",9,164,155,4020.5
"Post scheduled trip end time",9,21,12,4020.5
"Post scheduled trip end time",9,51,42,4020.5
"Post scheduled trip end time",9,957,948,4020.5
"Post scheduled trip end time",9,1437,1428,4020.5
"Post scheduled trip end time",9,35,26,4020.5
"Post scheduled trip end time",9,357,348,4020.5
"Post scheduled trip end time",9,87,78,4020.5
"Post scheduled trip end time",9,92,83,4020.5
"Post scheduled trip end time",9,24,15,4020.5
"Post scheduled trip end time",9,194,185,4020.5
"Post scheduled trip end time",9,295,286,4020.5
"Post scheduled trip end time",9,134,125,4020.5
"Post scheduled trip end time",9,250,241,4020.5
"Post scheduled trip end time",9,318,309,4020.5
"Post scheduled trip end time",9,75,66,4020.5
"Post scheduled trip end time",9,239,230,4020.5
"Post scheduled trip end time",9,417,408,4020.5
"Post scheduled trip end time",9,477,468,4020.5
"Post scheduled trip end time",9,255,246,4020.5
"Post scheduled trip end time",9,1137,1128,4020.5
"Post scheduled trip end time",9,47,38,4020.5
"Post scheduled trip end time",9,48,39,4020.5
"Post scheduled trip end time",9,181,172,4020.5
"Post scheduled trip end time",9,506,497,4020.5
"Post scheduled trip end time",9,46,37,4020.5
"Post scheduled trip end time",9,254,245,4020.5
"Post scheduled trip end time",9,29,20,4020.5
"Post scheduled trip end time",9,36,27,4020.5
"Post scheduled trip end time",9,50,41,4020.5
"Post scheduled trip end time",9,566,557,4020.5
"Post scheduled trip end time",9,43,34,4020.5
"Post scheduled trip end time",9,626,617,4020.5
"Post scheduled trip end time",9,297,288,4020.5
"Post scheduled trip end time",9,284,275,4020.5
"Post scheduled trip end time",9,37,28,4020.5
"Post scheduled trip end time",9,1497,1488,4020.5
"Post scheduled trip end time",9,198,189,4020.5
"Post scheduled trip end time",9,27,18,4020.5
"Post scheduled trip end time",9,232,223,4020.5
"Post scheduled trip end time",9,42,33,4020.5
"Post scheduled trip end time",9,165,156,4020.5
"Post scheduled trip end time",9,60,51,4020.5
"Post scheduled trip end time",9,54,45,4020.5
"Post scheduled trip end time",9,71,62,4020.5
"Post scheduled trip end time",9,82,73,4020.5
"Post scheduled trip end time",9,348,339,4020.5
"Post scheduled trip end time",9,717,708,4020.5
"Post scheduled trip end time",9,205,196,4020.5
"Post scheduled trip end time",9,90,81,4020.5
"Post scheduled trip end time",9,19,10,4020.5
"Post scheduled trip end time",9,44,35,4020.5
"Post scheduled trip end time",9,61,52,4020.5
"Post scheduled trip end time",9,52,43,4020.5
"Post scheduled trip end time",9,102,93,4020.5
"Post scheduled trip end time",9,9,0,4020.5
"Post scheduled trip end time",9,56,47,4020.5
"Post scheduled trip end time",9,645,636,4020.5
"Post scheduled trip end time",9,310,301,4020.5
"Post scheduled trip end time",9,70,61,4020.5
"Post scheduled trip end time",9,224,215,4020.5
"Post scheduled trip end time",9,14,5,4020.5
"Post scheduled trip end time",9,80,71,4020.5
"Post scheduled trip end time",9,104,95,4020.5
"Post scheduled trip end time",9,68,59,4020.5
"Post scheduled trip end time",9,1257,1248,4020.5
"Post scheduled trip end time",9,96,87,4020.5
"Post scheduled trip end time",9,40,31,4020.5
"Post scheduled trip end time",9,355,346,4020.5
"Post scheduled trip end time",9,121,112,4020.5
"Post scheduled trip end time",9,13,4,4020.5
"Post scheduled trip end time",9,106,97,4020.5
"Post scheduled trip end time",9,225,216,4020.5
"Post scheduled trip end time",9,72,63,4020.5
"Post scheduled trip end time",9,33,24,4020.5
"Post scheduled trip end time",9,11,2,4020.5
"Post scheduled trip end time",9,67,58,4020.5
"Post scheduled trip end time",9,12,3,4020.5
"Post scheduled trip end time",9,142,133,4020.5
"Post scheduled trip end time",9,150,141,4020.5
"Post scheduled trip end time",9,237,228,4020.5
"Post scheduled trip end time",9,141,132,4020.5
"Post scheduled trip end time",9,130,121,4020.5
"Post scheduled trip end time",9,315,306,4020.5
"Post scheduled trip end time",9,91,82,4020.5
"Post scheduled trip end time",9,117,108,4020.5
"Post scheduled trip end time",9,63,54,4020.5
"Post scheduled trip end time",9,32,23,4020.5
"Post scheduled trip end time",9,145,136,4020.5
"Post scheduled trip end time",9,16,7,4020.5
"Post scheduled trip end time",9,59,50,4020.5
"Post scheduled trip end time",9,28,19,4020.5
"Post scheduled trip end time",9,228,219,4020.5
"Post scheduled trip end time",9,62,53,4020.5
"Post scheduled trip end time",9,288,279,4020.5
"Post scheduled trip end time",9,34,25,4020.5
"Post scheduled trip end time",9,23,14,4020.5
"Post scheduled trip end time",9,465,456,4020.5
"Post scheduled trip end time",9,86,77,4020.5
"Post scheduled trip end time",9,15,6,4020.5
"Post scheduled trip end time",9,1197,1188,4020.5
"Post scheduled trip end time",9,133,124,4020.5
"Post scheduled trip end time",9,195,186,4020.5
"Post scheduled trip end time",9,258,249,4020.5
"Post scheduled trip end time",9,201,192,4020.5
"Post scheduled trip end time",9,275,266,4020.5
"Post scheduled trip end time",9,26,17,4020.5
"Post scheduled trip end time",9,352,343,4020.5
"Post scheduled trip end time",9,112,103,4020.5
"Post scheduled trip end time",9,378,369,4020.5
"Post scheduled trip end time",9,138,129,4020.5
"Post scheduled trip end time",9,897,888,4020.5
"Post scheduled trip end time",9,73,64,4020.5
"Post scheduled trip end time",9,22,13,4020.5
"Post scheduled trip end time",9,334,325,4020.5
"Post scheduled trip end time",9,30,21,4020.5
"Post scheduled trip end time",9,543,534,4020.5
"Post scheduled trip end time",9,177,168,4020.5
"Post scheduled trip end time",9,251,242,4020.5
"Post scheduled trip end time",9,39,30,4020.5
"Post scheduled trip end time",9,65,56,4020.5
"Post scheduled trip end time",9,438,429,4020.5
"Post scheduled trip end time",9,1077,1068,4020.5
"Post scheduled trip end time",9,993,984,4020.5
"Post scheduled trip end time",9,525,516,4020.5
"Post scheduled trip end time",9,537,528,4020.5
"Post scheduled trip end time",9,135,126,4020.5
"Post scheduled trip end time",9,344,335,4020.5
"Post scheduled trip end time",9,38,29,4020.5
"Post scheduled trip end time",9,93,84,4020.5
"Post scheduled trip end time",9,20,11,4020.5
"Post scheduled trip end time",9,95,86,4020.5
"Before scheduled trip start time",10,108,98,8038
"Before scheduled trip start time",10,441,431,8038
"Before scheduled trip start time",10,55,45,8038
"Before scheduled trip start time",10,72,62,8038
"Before scheduled trip start time",10,321,311,8038
"Before scheduled trip start time",10,237,227,8038
"Before scheduled trip start time",10,107,97,8038
"Before scheduled trip start time",10,106,96,8038
"Before scheduled trip start time",10,187,177,8038
"Before scheduled trip start time",10,201,191,8038
"Before scheduled trip start time",10,53,43,8038
"Before scheduled trip start time",10,95,85,8038
"Before scheduled trip start time",10,597,587,8038
"Before scheduled trip start time",10,84,74,8038
"Before scheduled trip start time",10,27,17,8038
"Before scheduled trip start time",10,425,415,8038
"Before scheduled trip start time",10,417,407,8038
"Before scheduled trip start time",10,77,67,8038
"Before scheduled trip start time",10,70,60,8038
"Before scheduled trip start time",10,118,108,8038
"Before scheduled trip start time",10,122,112,8038
"Before scheduled trip start time",10,65,55,8038
"Before scheduled trip start time",10,25,15,8038
"Before scheduled trip start time",10,150,140,8038
"Before scheduled trip start time",10,186,176,8038
"Before scheduled trip start time",10,413,403,8038
"Before scheduled trip start time",10,173,163,8038
"Before scheduled trip start time",10,178,168,8038
"Before scheduled trip start time",10,179,169,8038
"Before scheduled trip start time",10,14,4,8038
"Before scheduled trip start time",10,48,38,8038
"Before scheduled trip start time",10,143,133,8038
"Before scheduled trip start time",10,120,110,8038
"Before scheduled trip start time",10,1085,1075,8038
"Before scheduled trip start time",10,112,102,8038
"Before scheduled trip start time",10,203,193,8038
"Before scheduled trip start time",10,159,149,8038
"Before scheduled trip start time",10,167,157,8038
"Before scheduled trip start time",10,86,76,8038
"Before scheduled trip start time",10,144,134,8038
"Before scheduled trip start time",10,665,655,8038
"Before scheduled trip start time",10,182,172,8038
"Before scheduled trip start time",10,657,647,8038
"Before scheduled trip start time",10,98,88,8038
"Before scheduled trip start time",10,398,388,8038
"Before scheduled trip start time",10,245,235,8038
"Before scheduled trip start time",10,99,89,8038
"Before scheduled trip start time",10,970,960,8038
"Before scheduled trip start time",10,47,37,8038
"Before scheduled trip start time",10,184,174,8038
"Before scheduled trip start time",10,105,95,8038
"Before scheduled trip start time",10,12,2,8038
"Before scheduled trip start time",10,102,92,8038
"Before scheduled trip start time",10,278,268,8038
"Before scheduled trip start time",10,161,151,8038
"Before scheduled trip start time",10,83,73,8038
"Before scheduled trip start time",10,51,41,8038
"Before scheduled trip start time",10,185,175,8038
"Before scheduled trip start time",10,190,180,8038
"Before scheduled trip start time",10,138,128,8038
"Before scheduled trip start time",10,29,19,8038
"Before scheduled trip start time",10,297,287,8038
"Before scheduled trip start time",10,91,81,8038
"Before scheduled trip start time",10,96,86,8038
"Before scheduled trip start time",10,18,8,8038
"Before scheduled trip start time",10,537,527,8038
"Before scheduled trip start time",10,217,207,8038
"Before scheduled trip start time",10,153,143,8038
"Before scheduled trip start time",10,1270,1260,8038
"Before scheduled trip start time",10,251,241,8038
"Before scheduled trip start time",10,518,508,8038
"Before scheduled trip start time",10,117,107,8038
"Before scheduled trip start time",10,365,355,8038
"Before scheduled trip start time",10,381,371,8038
"Before scheduled trip start time",10,80,70,8038
"Before scheduled trip start time",10,221,211,8038
"Before scheduled trip start time",10,68,58,8038
"Before scheduled trip start time",10,88,78,8038
"Before scheduled trip start time",10,109,99,8038
"Before scheduled trip start time",10,15,5,8038
"Before scheduled trip start time",10,181,171,8038
"Before scheduled trip start time",10,156,146,8038
"Before scheduled trip start time",10,670,660,8038
"Before scheduled trip start time",10,352,342,8038
"Before scheduled trip start time",10,160,150,8038
"Before scheduled trip start time",10,545,535,8038
"Before scheduled trip start time",10,78,68,8038
"Before scheduled trip start time",10,165,155,8038
"Before scheduled trip start time",10,172,162,8038
"Before scheduled trip start time",10,148,138,8038
"Before scheduled trip start time",10,81,71,8038
"Before scheduled trip start time",10,501,491,8038
"Before scheduled trip start time",10,145,135,8038
"Before scheduled trip start time",10,43,33,8038
"Before scheduled trip start time",10,74,64,8038
"Before scheduled trip start time",10,60,50,8038
"Before scheduled trip start time",10,35,25,8038
"Before scheduled trip start time",10,124,114,8038
"Before scheduled trip start time",10,10,0,8038
"Before scheduled trip start time",10,100,90,8038
"Before scheduled trip start time",10,128,118,8038
"Before scheduled trip start time",10,130,120,8038
"Before scheduled trip start time",10,1030,1020,8038
"Before scheduled trip start time",10,38,28,8038
"Before scheduled trip start time",10,32,22,8038
"Before scheduled trip start time",10,845,835,8038
"Before scheduled trip start time",10,137,127,8038
"Before scheduled trip start time",10,31,21,8038
"Before scheduled trip start time",10,194,184,8038
"Before scheduled trip start time",10,430,420,8038
"Before scheduled trip start time",10,45,35,8038
"Before scheduled trip start time",10,82,72,8038
"Before scheduled trip start time",10,965,955,8038
"Before scheduled trip start time",10,1205,1195,8038
"Before scheduled trip start time",10,243,233,8038
"Before scheduled trip start time",10,168,158,8038
"Before scheduled trip start time",10,477,467,8038
"Before scheduled trip start time",10,162,152,8038
"Before scheduled trip start time",10,33,23,8038
"Before scheduled trip start time",10,73,63,8038
"Before scheduled trip start time",10,101,91,8038
"Before scheduled trip start time",10,129,119,8038
"Before scheduled trip start time",10,67,57,8038
"Before scheduled trip start time",10,79,69,8038
"Before scheduled trip start time",10,41,31,8038
"Before scheduled trip start time",10,126,116,8038
"Before scheduled trip start time",10,56,46,8038
"Before scheduled trip start time",10,191,181,8038
"Before scheduled trip start time",10,36,26,8038
"Before scheduled trip start time",10,158,148,8038
"Before scheduled trip start time",10,37,27,8038
"Before scheduled trip start time",10,87,77,8038
"Before scheduled trip start time",10,146,136,8038
"Before scheduled trip start time",10,63,53,8038
"Before scheduled trip start time",10,11,1,8038
"Before scheduled trip start time",10,44,34,8038
"Before scheduled trip start time",10,681,671,8038
"Before scheduled trip start time",10,785,775,8038
"Before scheduled trip start time",10,97,87,8038
"Before scheduled trip start time",10,741,731,8038
"Before scheduled trip start time",10,310,300,8038
"Before scheduled trip start time",10,131,121,8038
"Before scheduled trip start time",10,132,122,8038
"Before scheduled trip start time",10,89,79,8038
"Before scheduled trip start time",10,24,14,8038
"Before scheduled trip start time",10,174,164,8038
"Before scheduled trip start time",10,141,131,8038
"Before scheduled trip start time",10,241,231,8038
"Before scheduled trip start time",10,561,551,8038
"Before scheduled trip start time",10,578,568,8038
"Before scheduled trip start time",10,135,125,8038
"Before scheduled trip start time",10,473,463,8038
"Before scheduled trip start time",10,50,40,8038
"Before scheduled trip start time",10,16,6,8038
"Before scheduled trip start time",10,66,56,8038
"Before scheduled trip start time",10,157,147,8038
"Before scheduled trip start time",10,59,49,8038
"Before scheduled trip start time",10,338,328,8038
"Before scheduled trip start time",10,730,720,8038
"Before scheduled trip start time",10,305,295,8038
"Before scheduled trip start time",10,76,66,8038
"Before scheduled trip start time",10,54,44,8038
"Before scheduled trip start time",10,34,24,8038
"Before scheduled trip start time",10,1390,1380,8038
"Before scheduled trip start time",10,75,65,8038
"Before scheduled trip start time",10,910,900,8038
"Before scheduled trip start time",10,46,36,8038
"Before scheduled trip start time",10,170,160,8038
"Before scheduled trip start time",10,790,780,8038
"Before scheduled trip start time",10,293,283,8038
"Before scheduled trip start time",10,62,52,8038
"Before scheduled trip start time",10,1025,1015,8038
"Before scheduled trip start time",10,114,104,8038
"Before scheduled trip start time",10,20,10,8038
"Before scheduled trip start time",10,30,20,8038
"Before scheduled trip start time",10,127,117,8038
"Before scheduled trip start time",10,57,47,8038
"Before scheduled trip start time",10,94,84,8038
"Before scheduled trip start time",10,39,29,8038
"Before scheduled trip start time",10,149,139,8038
"Before scheduled trip start time",10,113,103,8038
"Before scheduled trip start time",10,26,16,8038
"Before scheduled trip start time",10,166,156,8038
"Before scheduled trip start time",10,725,715,8038
"Before scheduled trip start time",10,139,129,8038
"Before scheduled trip start time",10,142,132,8038
"Before scheduled trip start time",10,232,222,8038
"Before scheduled trip start time",10,58,48,8038
"Before scheduled trip start time",10,177,167,8038
"Before scheduled trip start time",10,103,93,8038
"Before scheduled trip start time",10,171,161,8038
"Before scheduled trip start time",10,169,159,8038
"Before scheduled trip start time",10,154,144,8038
"Before scheduled trip start time",10,93,83,8038
"Before scheduled trip start time",10,42,32,8038
"Before scheduled trip start time",10,1150,1140,8038
"Before scheduled trip start time",10,292,282,8038
"Before scheduled trip start time",10,610,600,8038
"Before scheduled trip start time",10,134,124,8038
"Before scheduled trip start time",10,163,153,8038
"Before scheduled trip start time",10,115,105,8038
"Before scheduled trip start time",10,121,111,8038
"Before scheduled trip start time",10,1145,1135,8038
"Before scheduled trip start time",10,133,123,8038
"Before scheduled trip start time",10,71,61,8038
"Before scheduled trip start time",10,85,75,8038
"Before scheduled trip start time",10,490,480,8038
"Before scheduled trip start time",10,52,42,8038
"Before scheduled trip start time",10,104,94,8038
"Before scheduled trip start time",10,189,179,8038
"Before scheduled trip start time",10,218,208,8038
"Before scheduled trip start time",10,119,109,8038
"Before scheduled trip start time",10,61,51,8038
"Before scheduled trip start time",10,231,221,8038
"Before scheduled trip start time",10,92,82,8038
"Before scheduled trip start time",10,357,347,8038
"Before scheduled trip start time",10,49,39,8038
"Before scheduled trip start time",10,180,170,8038
"Before scheduled trip start time",10,111,101,8038
"Before scheduled trip start time",10,123,113,8038
"Before scheduled trip start time",10,1090,1080,8038
"Before scheduled trip start time",10,64,54,8038
"Before scheduled trip start time",10,151,141,8038
"Before scheduled trip start time",10,250,240,8038
"Before scheduled trip start time",10,90,80,8038
"Before scheduled trip start time",10,23,13,8038
"Before scheduled trip start time",10,485,475,8038
"Before scheduled trip start time",10,19,9,8038
"Before scheduled trip start time",10,28,18,8038
"Before scheduled trip start time",10,188,178,8038
"Before scheduled trip start time",10,21,11,8038
"Before scheduled trip start time",10,458,448,8038
"Before scheduled trip start time",10,550,540,8038
"Before scheduled trip start time",10,147,137,8038
"Before scheduled trip start time",10,605,595,8038
"Before scheduled trip start time",10,136,126,8038
"Before scheduled trip start time",10,1330,1320,8038
"Before scheduled trip start time",10,233,223,8038
"Before scheduled trip start time",10,164,154,8038
"Before scheduled trip start time",10,13,3,8038
"Before scheduled trip start time",10,353,343,8038
"Before scheduled trip start time",10,905,895,8038
"Before scheduled trip start time",10,40,30,8038
"Before scheduled trip start time",10,1210,1200,8038
"Before scheduled trip start time",10,69,59,8038
"Before scheduled trip start time",10,850,840,8038
"Before scheduled trip start time",10,261,251,8038
"Before scheduled trip start time",10,116,106,8038
"Before scheduled trip start time",10,17,7,8038
"Before scheduled trip start time",10,717,707,8038
"Before scheduled trip start time",10,621,611,8038
"Before scheduled trip start time",10,22,12,8038
"Before scheduled trip start time",10,110,100,8038
"Before scheduled trip start time",10,125,115,8038
"Before scheduled trip start time",10,183,173,8038
"Before scheduled trip start time",10,370,360,8038
"Before scheduled trip start time",10,140,130,8038
"During scheduled trip",10,281,271,291
"During scheduled trip",10,180,170,291
"During scheduled trip",10,16,6,291
"During scheduled trip",10,777,767,291
"During scheduled trip",10,413,403,291
"During scheduled trip",10,145,135,291
"During scheduled trip",10,833,823,291
"During scheduled trip",10,125,115,291
"During scheduled trip",10,540,530,291
"During scheduled trip",10,593,583,291
"During scheduled trip",10,780,770,291
"During scheduled trip",10,1186,1176,291
"During scheduled trip",10,679,669,291
"During scheduled trip",10,301,291,291
"During scheduled trip",10,265,255,291
"During scheduled trip",10,303,293,291
"During scheduled trip",10,636,626,291
"During scheduled trip",10,40,30,291
"During scheduled trip",10,28,18,291
"During scheduled trip",10,503,493,291
"During scheduled trip",10,741,731,291
"During scheduled trip",10,1500,1490,291
"During scheduled trip",10,382,372,291
"During scheduled trip",10,279,269,291
"During scheduled trip",10,149,139,291
"During scheduled trip",10,942,932,291
"During scheduled trip",10,346,336,291
"During scheduled trip",10,219,209,291
"During scheduled trip",10,598,588,291
"During scheduled trip",10,334,324,291
"During scheduled trip",10,20,10,291
"During scheduled trip",10,325,315,291
"During scheduled trip",10,39,29,291
"During scheduled trip",10,60,50,291
"During scheduled trip",10,209,199,291
"During scheduled trip",10,14,4,291
"During scheduled trip",10,101,91,291
"During scheduled trip",10,565,555,291
"During scheduled trip",10,411,401,291
"During scheduled trip",10,460,450,291
"During scheduled trip",10,611,601,291
"During scheduled trip",10,118,108,291
"During scheduled trip",10,146,136,291
"During scheduled trip",10,805,795,291
"During scheduled trip",10,103,93,291
"During scheduled trip",10,78,68,291
"During scheduled trip",10,1306,1296,291
"During scheduled trip",10,1600,1590,291
"During scheduled trip",10,222,212,291
"During scheduled trip",10,341,331,291
"During scheduled trip",10,625,615,291
"During scheduled trip",10,56,46,291
"During scheduled trip",10,502,492,291
"During scheduled trip",10,242,232,291
"During scheduled trip",10,122,112,291
"During scheduled trip",10,1161,1151,291
"During scheduled trip",10,826,816,291
"During scheduled trip",10,294,284,291
"During scheduled trip",10,946,936,291
"During scheduled trip",10,109,99,291
"During scheduled trip",10,653,643,291
"During scheduled trip",10,203,193,291
"During scheduled trip",10,1133,1123,291
"During scheduled trip",10,299,289,291
"During scheduled trip",10,62,52,291
"During scheduled trip",10,264,254,291
"During scheduled trip",10,138,128,291
"During scheduled trip",10,96,86,291
"During scheduled trip",10,600,590,291
"During scheduled trip",10,83,73,291
"During scheduled trip",10,863,853,291
"During scheduled trip",10,207,197,291
"During scheduled trip",10,1620,1610,291
"During scheduled trip",10,897,887,291
"During scheduled trip",10,923,913,291
"During scheduled trip",10,82,72,291
"During scheduled trip",10,157,147,291
"During scheduled trip",10,838,828,291
"During scheduled trip",10,235,225,291
"During scheduled trip",10,660,650,291
"During scheduled trip",10,251,241,291
"During scheduled trip",10,582,572,291
"During scheduled trip",10,202,192,291
"During scheduled trip",10,81,71,291
"During scheduled trip",10,87,77,291
"During scheduled trip",10,477,467,291
"During scheduled trip",10,499,489,291
"During scheduled trip",10,297,287,291
"During scheduled trip",10,1426,1416,291
"During scheduled trip",10,790,780,291
"During scheduled trip",10,646,636,291
"During scheduled trip",10,358,348,291
"During scheduled trip",10,743,733,291
"During scheduled trip",10,35,25,291
"During scheduled trip",10,307,297,291
"During scheduled trip",10,190,180,291
"During scheduled trip",10,528,518,291
"During scheduled trip",10,58,48,291
"During scheduled trip",10,462,452,291
"During scheduled trip",10,1120,1110,291
"During scheduled trip",10,121,111,291
"During scheduled trip",10,418,408,291
"During scheduled trip",10,501,491,291
"During scheduled trip",10,559,549,291
"During scheduled trip",10,194,184,291
"During scheduled trip",10,233,223,291
"During scheduled trip",10,983,973,291
"During scheduled trip",10,610,600,291
"During scheduled trip",10,1080,1070,291
"During scheduled trip",10,259,249,291
"During scheduled trip",10,439,429,291
"During scheduled trip",10,31,21,291
"During scheduled trip",10,263,253,291
"During scheduled trip",10,561,551,291
"During scheduled trip",10,861,851,291
"During scheduled trip",10,1060,1050,291
"During scheduled trip",10,1325,1315,291
"During scheduled trip",10,706,696,291
"During scheduled trip",10,197,187,291
"During scheduled trip",10,391,381,291
"During scheduled trip",10,1041,1031,291
"During scheduled trip",10,226,216,291
"During scheduled trip",10,71,61,291
"During scheduled trip",10,480,470,291
"During scheduled trip",10,182,172,291
"During scheduled trip",10,133,123,291
"During scheduled trip",10,114,104,291
"During scheduled trip",10,191,181,291
"During scheduled trip",10,1126,1116,291
"During scheduled trip",10,163,153,291
"During scheduled trip",10,55,45,291
"During scheduled trip",10,224,214,291
"During scheduled trip",10,173,163,291
"During scheduled trip",10,1480,1470,291
"During scheduled trip",10,158,148,291
"During scheduled trip",10,435,425,291
"During scheduled trip",10,293,283,291
"During scheduled trip",10,165,155,291
"During scheduled trip",10,514,504,291
"During scheduled trip",10,172,162,291
"During scheduled trip",10,490,480,291
"During scheduled trip",10,1602,1592,291
"During scheduled trip",10,683,673,291
"During scheduled trip",10,137,127,291
"During scheduled trip",10,351,341,291
"During scheduled trip",10,1373,1363,291
"During scheduled trip",10,298,288,291
"During scheduled trip",10,33,23,291
"During scheduled trip",10,370,360,291
"During scheduled trip",10,84,74,291
"During scheduled trip",10,718,708,291
"During scheduled trip",10,1740,1730,291
"During scheduled trip",10,642,632,291
"During scheduled trip",10,67,57,291
"During scheduled trip",10,360,350,291
"During scheduled trip",10,580,570,291
"During scheduled trip",10,132,122,291
"During scheduled trip",10,495,485,291
"During scheduled trip",10,624,614,291
"During scheduled trip",10,1510,1500,291
"During scheduled trip",10,64,54,291
"During scheduled trip",10,681,671,291
"During scheduled trip",10,516,506,291
"During scheduled trip",10,295,285,291
"During scheduled trip",10,1221,1211,291
"During scheduled trip",10,1380,1370,291
"During scheduled trip",10,193,183,291
"During scheduled trip",10,140,130,291
"During scheduled trip",10,1733,1723,291
"During scheduled trip",10,898,888,291
"During scheduled trip",10,685,675,291
"During scheduled trip",10,22,12,291
"During scheduled trip",10,240,230,291
"During scheduled trip",10,319,309,291
"During scheduled trip",10,353,343,291
"During scheduled trip",10,70,60,291
"During scheduled trip",10,321,311,291
"During scheduled trip",10,417,407,291
"During scheduled trip",10,1720,1710,291
"During scheduled trip",10,322,312,291
"During scheduled trip",10,92,82,291
"During scheduled trip",10,136,126,291
"During scheduled trip",10,1401,1391,291
"During scheduled trip",10,384,374,291
"During scheduled trip",10,43,33,291
"During scheduled trip",10,61,51,291
"During scheduled trip",10,79,69,291
"During scheduled trip",10,621,611,291
"During scheduled trip",10,147,137,291
"During scheduled trip",10,124,114,291
"During scheduled trip",10,44,34,291
"During scheduled trip",10,1193,1183,291
"During scheduled trip",10,708,698,291
"During scheduled trip",10,337,327,291
"During scheduled trip",10,478,468,291
"During scheduled trip",10,296,286,291
"During scheduled trip",10,362,352,291
"During scheduled trip",10,30,20,291
"During scheduled trip",10,473,463,291
"During scheduled trip",10,170,160,291
"During scheduled trip",10,211,201,291
"During scheduled trip",10,37,27,291
"During scheduled trip",10,381,371,291
"During scheduled trip",10,166,156,291
"During scheduled trip",10,162,152,291
"During scheduled trip",10,336,326,291
"During scheduled trip",10,239,229,291
"During scheduled trip",10,152,142,291
"During scheduled trip",10,574,564,291
"During scheduled trip",10,563,553,291
"During scheduled trip",10,394,384,291
"During scheduled trip",10,19,9,291
"During scheduled trip",10,159,149,291
"During scheduled trip",10,609,599,291
"During scheduled trip",10,225,215,291
"During scheduled trip",10,576,566,291
"During scheduled trip",10,262,252,291
"During scheduled trip",10,1242,1232,291
"During scheduled trip",10,1200,1190,291
"During scheduled trip",10,1360,1350,291
"During scheduled trip",10,537,527,291
"During scheduled trip",10,1320,1310,291
"During scheduled trip",10,15,5,291
"During scheduled trip",10,1793,1783,291
"During scheduled trip",10,400,390,291
"During scheduled trip",10,282,272,291
"During scheduled trip",10,1246,1236,291
"During scheduled trip",10,822,812,291
"During scheduled trip",10,272,262,291
"During scheduled trip",10,430,420,291
"During scheduled trip",10,623,613,291
"During scheduled trip",10,837,827,291
"During scheduled trip",10,921,911,291
"During scheduled trip",10,13,3,291
"During scheduled trip",10,99,89,291
"During scheduled trip",10,198,188,291
"During scheduled trip",10,276,266,291
"During scheduled trip",10,127,117,291
"During scheduled trip",10,210,200,291
"During scheduled trip",10,91,81,291
"During scheduled trip",10,641,631,291
"During scheduled trip",10,129,119,291
"During scheduled trip",10,73,63,291
"During scheduled trip",10,340,330,291
"During scheduled trip",10,27,17,291
"During scheduled trip",10,504,494,291
"During scheduled trip",10,57,47,291
"During scheduled trip",10,487,477,291
"During scheduled trip",10,533,523,291
"During scheduled trip",10,236,226,291
"During scheduled trip",10,1780,1770,291
"During scheduled trip",10,508,498,291
"During scheduled trip",10,416,406,291
"During scheduled trip",10,555,545,291
"During scheduled trip",10,123,113,291
"During scheduled trip",10,32,22,291
"During scheduled trip",10,1140,1130,291
"During scheduled trip",10,97,87,291
"During scheduled trip",10,178,168,291
"During scheduled trip",10,521,511,291
"During scheduled trip",10,597,587,291
"During scheduled trip",10,355,345,291
"During scheduled trip",10,143,133,291
"During scheduled trip",10,38,28,291
"During scheduled trip",10,208,198,291
"During scheduled trip",10,1313,1303,291
"During scheduled trip",10,117,107,291
"During scheduled trip",10,657,647,291
"During scheduled trip",10,893,883,291
"During scheduled trip",10,167,157,291
"During scheduled trip",10,268,258,291
"During scheduled trip",10,53,43,291
"During scheduled trip",10,1366,1356,291
"During scheduled trip",10,199,189,291
"During scheduled trip",10,102,92,291
"During scheduled trip",10,258,248,291
"During scheduled trip",10,229,219,291
"During scheduled trip",10,231,221,291
"During scheduled trip",10,237,227,291
"During scheduled trip",10,415,405,291
"During scheduled trip",10,175,165,291
"During scheduled trip",10,17,7,291
"During scheduled trip",10,177,167,291
"During scheduled trip",10,828,818,291
"During scheduled trip",10,48,38,291
"During scheduled trip",10,1281,1271,291
"During scheduled trip",10,1450,1440,291
"During scheduled trip",10,1000,990,291
"During scheduled trip",10,11,1,291
"During scheduled trip",10,150,140,291
"During scheduled trip",10,111,101,291
"During scheduled trip",10,29,19,291
"During scheduled trip",10,148,138,291
"During scheduled trip",10,311,301,291
"During scheduled trip",10,363,353,291
"During scheduled trip",10,286,276,291
"During scheduled trip",10,120,110,291
"During scheduled trip",10,51,41,291
"During scheduled trip",10,760,750,291
"During scheduled trip",10,89,79,291
"During scheduled trip",10,1800,1790,291
"During scheduled trip",10,36,26,291
"During scheduled trip",10,402,392,291
"During scheduled trip",10,448,438,291
"During scheduled trip",10,10,0,291
"During scheduled trip",10,803,793,291
"During scheduled trip",10,408,398,291
"During scheduled trip",10,1420,1410,291
"During scheduled trip",10,505,495,291
"During scheduled trip",10,164,154,291
"During scheduled trip",10,271,261,291
"During scheduled trip",10,441,431,291
"During scheduled trip",10,250,240,291
"During scheduled trip",10,581,571,291
"During scheduled trip",10,108,98,291
"During scheduled trip",10,1066,1056,291
"During scheduled trip",10,160,150,291
"During scheduled trip",10,383,373,291
"During scheduled trip",10,107,97,291
"During scheduled trip",10,444,434,291
"During scheduled trip",10,1540,1530,291
"During scheduled trip",10,1265,1255,291
"During scheduled trip",10,522,512,291
"During scheduled trip",10,378,368,291
"During scheduled trip",10,195,185,291
"During scheduled trip",10,670,660,291
"During scheduled trip",10,25,15,291
"During scheduled trip",10,34,24,291
"During scheduled trip",10,52,42,291
"During scheduled trip",10,234,224,291
"During scheduled trip",10,619,609,291
"During scheduled trip",10,54,44,291
"During scheduled trip",10,176,166,291
"During scheduled trip",10,1341,1331,291
"During scheduled trip",10,205,195,291
"During scheduled trip",10,454,444,291
"During scheduled trip",10,12,2,291
"During scheduled trip",10,154,144,291
"During scheduled trip",10,76,66,291
"During scheduled trip",10,249,239,291
"During scheduled trip",10,75,65,291
"During scheduled trip",10,309,299,291
"During scheduled trip",10,865,855,291
"During scheduled trip",10,90,80,291
"During scheduled trip",10,520,510,291
"During scheduled trip",10,86,76,291
"During scheduled trip",10,156,146,291
"During scheduled trip",10,443,433,291
"During scheduled trip",10,331,321,291
"During scheduled trip",10,77,67,291
"During scheduled trip",10,300,290,291
"During scheduled trip",10,171,161,291
"During scheduled trip",10,134,124,291
"During scheduled trip",10,310,300,291
"During scheduled trip",10,745,735,291
"During scheduled trip",10,169,159,291
"During scheduled trip",10,217,207,291
"During scheduled trip",10,1260,1250,291
"During scheduled trip",10,640,630,291
"During scheduled trip",10,1660,1650,291
"During scheduled trip",10,371,361,291
"During scheduled trip",10,45,35,291
"During scheduled trip",10,634,624,291
"During scheduled trip",10,1680,1670,291
"During scheduled trip",10,49,39,291
"During scheduled trip",10,72,62,291
"During scheduled trip",10,379,369,291
"During scheduled trip",10,220,210,291
"During scheduled trip",10,1433,1423,291
"During scheduled trip",10,476,466,291
"During scheduled trip",10,187,177,291
"During scheduled trip",10,93,83,291
"During scheduled trip",10,261,251,291
"During scheduled trip",10,94,84,291
"During scheduled trip",10,1440,1430,291
"During scheduled trip",10,273,263,291
"During scheduled trip",10,21,11,291
"During scheduled trip",10,47,37,291
"During scheduled trip",10,957,947,291
"During scheduled trip",10,953,943,291
"During scheduled trip",10,196,186,291
"During scheduled trip",10,1253,1243,291
"During scheduled trip",10,1553,1543,291
"During scheduled trip",10,538,528,291
"During scheduled trip",10,456,446,291
"During scheduled trip",10,85,75,291
"During scheduled trip",10,1101,1091,291
"During scheduled trip",10,23,13,291
"During scheduled trip",10,702,692,291
"During scheduled trip",10,69,59,291
"During scheduled trip",10,536,526,291
"During scheduled trip",10,1240,1230,291
"During scheduled trip",10,184,174,291
"During scheduled trip",10,228,218,291
"During scheduled trip",10,174,164,291
"During scheduled trip",10,388,378,291
"During scheduled trip",10,280,270,291
"During scheduled trip",10,151,141,291
"During scheduled trip",10,1362,1352,291
"During scheduled trip",10,130,120,291
"During scheduled trip",10,1302,1292,291
"During scheduled trip",10,564,554,291
"During scheduled trip",10,183,173,291
"During scheduled trip",10,981,971,291
"During scheduled trip",10,153,143,291
"During scheduled trip",10,218,208,291
"During scheduled trip",10,104,94,291
"During scheduled trip",10,960,950,291
"During scheduled trip",10,238,228,291
"During scheduled trip",10,155,145,291
"During scheduled trip",10,204,194,291
"During scheduled trip",10,442,432,291
"During scheduled trip",10,422,412,291
"During scheduled trip",10,427,417,291
"During scheduled trip",10,820,810,291
"During scheduled trip",10,88,78,291
"During scheduled trip",10,367,357,291
"During scheduled trip",10,551,541,291
"During scheduled trip",10,1013,1003,291
"During scheduled trip",10,232,222,291
"During scheduled trip",10,586,576,291
"During scheduled trip",10,247,237,291
"During scheduled trip",10,348,338,291
"During scheduled trip",10,66,56,291
"During scheduled trip",10,18,8,291
"During scheduled trip",10,1020,1010,291
"During scheduled trip",10,332,322,291
"During scheduled trip",10,910,900,291
"During scheduled trip",10,1422,1412,291
"During scheduled trip",10,1673,1663,291
"During scheduled trip",10,1006,996,291
"During scheduled trip",10,1180,1170,291
"During scheduled trip",10,730,720,291
"During scheduled trip",10,244,234,291
"During scheduled trip",10,74,64,291
"During scheduled trip",10,216,206,291
"During scheduled trip",10,700,690,291
"During scheduled trip",10,255,245,291
"During scheduled trip",10,330,320,291
"During scheduled trip",10,461,451,291
"During scheduled trip",10,142,132,291
"During scheduled trip",10,840,830,291
"During scheduled trip",10,212,202,291
"During scheduled trip",10,168,158,291
"During scheduled trip",10,95,85,291
"During scheduled trip",10,41,31,291
"During scheduled trip",10,385,375,291
"During scheduled trip",10,257,247,291
"During scheduled trip",10,468,458,291
"During scheduled trip",10,406,396,291
"During scheduled trip",10,318,308,291
"During scheduled trip",10,339,329,291
"During scheduled trip",10,359,349,291
"During scheduled trip",10,277,267,291
"During scheduled trip",10,1073,1063,291
"During scheduled trip",10,445,435,291
"During scheduled trip",10,179,169,291
"During scheduled trip",10,68,58,291
"During scheduled trip",10,1002,992,291
"During scheduled trip",10,1493,1483,291
"During scheduled trip",10,63,53,291
"During scheduled trip",10,717,707,291
"During scheduled trip",10,328,318,291
"During scheduled trip",10,1542,1532,291
"During scheduled trip",10,214,204,291
"During scheduled trip",10,256,246,291
"During scheduled trip",10,396,386,291
"During scheduled trip",10,46,36,291
"During scheduled trip",10,26,16,291
"During scheduled trip",10,144,134,291
"During scheduled trip",10,762,752,291
"During scheduled trip",10,267,257,291
"During scheduled trip",10,420,410,291
"During scheduled trip",10,1482,1472,291
"During scheduled trip",10,648,638,291
"During scheduled trip",10,50,40,291
"During scheduled trip",10,189,179,291
"During scheduled trip",10,213,203,291
"During scheduled trip",10,106,96,291
"During scheduled trip",10,278,268,291
"During scheduled trip",10,375,365,291
"During scheduled trip",10,270,260,291
"During scheduled trip",10,139,129,291
"During scheduled trip",10,113,103,291
"During scheduled trip",10,42,32,291
"During scheduled trip",10,888,878,291
"During scheduled trip",10,1182,1172,291
"During scheduled trip",10,126,116,291
"During scheduled trip",10,766,756,291
"During scheduled trip",10,119,109,291
"During scheduled trip",10,288,278,291
"During scheduled trip",10,105,95,291
"During scheduled trip",10,227,217,291
"During scheduled trip",10,302,292,291
"During scheduled trip",10,940,930,291
"During scheduled trip",10,658,648,291
"During scheduled trip",10,323,313,291
"During scheduled trip",10,342,332,291
"During scheduled trip",10,1062,1052,291
"During scheduled trip",10,1122,1112,291
"During scheduled trip",10,900,890,291
"During scheduled trip",10,1300,1290,291
"During scheduled trip",10,588,578,291
"During scheduled trip",10,880,870,291
"During scheduled trip",10,112,102,291
"During scheduled trip",10,253,243,291
"During scheduled trip",10,181,171,291
"During scheduled trip",10,243,233,291
"During scheduled trip",10,128,118,291
"During scheduled trip",10,315,305,291
"During scheduled trip",10,356,346,291
"During scheduled trip",10,778,768,291
"During scheduled trip",10,694,684,291
"During scheduled trip",10,116,106,291
"During scheduled trip",10,131,121,291
"During scheduled trip",10,24,14,291
"During scheduled trip",10,201,191,291
"During scheduled trip",10,550,540,291
"During scheduled trip",10,801,791,291
"During scheduled trip",10,850,840,291
"During scheduled trip",10,274,264,291
"During scheduled trip",10,186,176,291
"During scheduled trip",10,188,178,291
"During scheduled trip",10,401,391,291
"During scheduled trip",10,98,88,291
"During scheduled trip",10,65,55,291
"During scheduled trip",10,161,151,291
"During scheduled trip",10,773,763,291
"During scheduled trip",10,80,70,291
"During scheduled trip",10,720,710,291
"During scheduled trip",10,886,876,291
"During scheduled trip",10,357,347,291
"During scheduled trip",10,882,872,291
"During scheduled trip",10,526,516,291
"During scheduled trip",10,713,703,291
"During scheduled trip",10,768,758,291
"During scheduled trip",10,141,131,291
"During scheduled trip",10,1560,1550,291
"During scheduled trip",10,1613,1603,291
"During scheduled trip",10,100,90,291
"During scheduled trip",10,115,105,291
"During scheduled trip",10,562,552,291
"During scheduled trip",10,135,125,291
"During scheduled trip",10,291,281,291
"During scheduled trip",10,59,49,291
"During scheduled trip",10,324,314,291
"During scheduled trip",10,948,938,291
"During scheduled trip",10,192,182,291
"During scheduled trip",10,466,456,291
"During scheduled trip",10,110,100,291
"Post scheduled trip end time",10,283,273,4020.5
"Post scheduled trip end time",10,160,150,4020.5
"Post scheduled trip end time",10,126,116,4020.5
"Post scheduled trip end time",10,1578,1568,4020.5
"Post scheduled trip end time",10,1641,1631,4020.5
"Post scheduled trip end time",10,594,584,4020.5
"Post scheduled trip end time",10,618,608,4020.5
"Post scheduled trip end time",10,660,650,4020.5
"Post scheduled trip end time",10,30,20,4020.5
"Post scheduled trip end time",10,294,284,4020.5
"Post scheduled trip end time",10,473,463,4020.5
"Post scheduled trip end time",10,1128,1118,4020.5
"Post scheduled trip end time",10,120,110,4020.5
"Post scheduled trip end time",10,938,928,4020.5
"Post scheduled trip end time",10,1668,1658,4020.5
"Post scheduled trip end time",10,261,251,4020.5
"Post scheduled trip end time",10,307,297,4020.5
"Post scheduled trip end time",10,347,337,4020.5
"Post scheduled trip end time",10,98,88,4020.5
"Post scheduled trip end time",10,118,108,4020.5
"Post scheduled trip end time",10,240,230,4020.5
"Post scheduled trip end time",10,16,6,4020.5
"Post scheduled trip end time",10,758,748,4020.5
"Post scheduled trip end time",10,306,296,4020.5
"Post scheduled trip end time",10,397,387,4020.5
"Post scheduled trip end time",10,109,99,4020.5
"Post scheduled trip end time",10,1740,1730,4020.5
"Post scheduled trip end time",10,134,124,4020.5
"Post scheduled trip end time",10,83,73,4020.5
"Post scheduled trip end time",10,88,78,4020.5
"Post scheduled trip end time",10,62,52,4020.5
"Post scheduled trip end time",10,398,388,4020.5
"Post scheduled trip end time",10,186,176,4020.5
"Post scheduled trip end time",10,266,256,4020.5
"Post scheduled trip end time",10,197,187,4020.5
"Post scheduled trip end time",10,546,536,4020.5
"Post scheduled trip end time",10,1398,1388,4020.5
"Post scheduled trip end time",10,1548,1538,4020.5
"Post scheduled trip end time",10,172,162,4020.5
"Post scheduled trip end time",10,257,247,4020.5
"Post scheduled trip end time",10,58,48,4020.5
"Post scheduled trip end time",10,458,448,4020.5
"Post scheduled trip end time",10,108,98,4020.5
"Post scheduled trip end time",10,101,91,4020.5
"Post scheduled trip end time",10,103,93,4020.5
"Post scheduled trip end time",10,1248,1238,4020.5
"Post scheduled trip end time",10,665,655,4020.5
"Post scheduled trip end time",10,756,746,4020.5
"Post scheduled trip end time",10,1518,1508,4020.5
"Post scheduled trip end time",10,218,208,4020.5
"Post scheduled trip end time",10,1525,1515,4020.5
"Post scheduled trip end time",10,537,527,4020.5
"Post scheduled trip end time",10,146,136,4020.5
"Post scheduled trip end time",10,527,517,4020.5
"Post scheduled trip end time",10,39,29,4020.5
"Post scheduled trip end time",10,66,56,4020.5
"Post scheduled trip end time",10,1480,1470,4020.5
"Post scheduled trip end time",10,69,59,4020.5
"Post scheduled trip end time",10,20,10,4020.5
"Post scheduled trip end time",10,77,67,4020.5
"Post scheduled trip end time",10,235,225,4020.5
"Post scheduled trip end time",10,59,49,4020.5
"Post scheduled trip end time",10,90,80,4020.5
"Post scheduled trip end time",10,1608,1598,4020.5
"Post scheduled trip end time",10,1461,1451,4020.5
"Post scheduled trip end time",10,548,538,4020.5
"Post scheduled trip end time",10,816,806,4020.5
"Post scheduled trip end time",10,369,359,4020.5
"Post scheduled trip end time",10,1068,1058,4020.5
"Post scheduled trip end time",10,106,96,4020.5
"Post scheduled trip end time",10,85,75,4020.5
"Post scheduled trip end time",10,75,65,4020.5
"Post scheduled trip end time",10,35,25,4020.5
"Post scheduled trip end time",10,177,167,4020.5
"Post scheduled trip end time",10,173,163,4020.5
"Post scheduled trip end time",10,27,17,4020.5
"Post scheduled trip end time",10,578,568,4020.5
"Post scheduled trip end time",10,777,767,4020.5
"Post scheduled trip end time",10,115,105,4020.5
"Post scheduled trip end time",10,274,264,4020.5
"Post scheduled trip end time",10,1546,1536,4020.5
"Post scheduled trip end time",10,291,281,4020.5
"Post scheduled trip end time",10,13,3,4020.5
"Post scheduled trip end time",10,1038,1028,4020.5
"Post scheduled trip end time",10,81,71,4020.5
"Post scheduled trip end time",10,47,37,4020.5
"Post scheduled trip end time",10,21,11,4020.5
"Post scheduled trip end time",10,460,450,4020.5
"Post scheduled trip end time",10,360,350,4020.5
"Post scheduled trip end time",10,337,327,4020.5
"Post scheduled trip end time",10,175,165,4020.5
"Post scheduled trip end time",10,292,282,4020.5
"Post scheduled trip end time",10,622,612,4020.5
"Post scheduled trip end time",10,1285,1275,4020.5
"Post scheduled trip end time",10,1705,1695,4020.5
"Post scheduled trip end time",10,40,30,4020.5
"Post scheduled trip end time",10,809,799,4020.5
"Post scheduled trip end time",10,640,630,4020.5
"Post scheduled trip end time",10,1120,1110,4020.5
"Post scheduled trip end time",10,1540,1530,4020.5
"Post scheduled trip end time",10,1077,1067,4020.5
"Post scheduled trip end time",10,1008,998,4020.5
"Post scheduled trip end time",10,52,42,4020.5
"Post scheduled trip end time",10,12,2,4020.5
"Post scheduled trip end time",10,92,82,4020.5
"Post scheduled trip end time",10,225,215,4020.5
"Post scheduled trip end time",10,43,33,4020.5
"Post scheduled trip end time",10,187,177,4020.5
"Post scheduled trip end time",10,1060,1050,4020.5
"Post scheduled trip end time",10,472,462,4020.5
"Post scheduled trip end time",10,1486,1476,4020.5
"Post scheduled trip end time",10,1701,1691,4020.5
"Post scheduled trip end time",10,1197,1187,4020.5
"Post scheduled trip end time",10,26,16,4020.5
"Post scheduled trip end time",10,31,21,4020.5
"Post scheduled trip end time",10,798,788,4020.5
"Post scheduled trip end time",10,107,97,4020.5
"Post scheduled trip end time",10,22,12,4020.5
"Post scheduled trip end time",10,1600,1590,4020.5
"Post scheduled trip end time",10,1045,1035,4020.5
"Post scheduled trip end time",10,429,419,4020.5
"Post scheduled trip end time",10,531,521,4020.5
"Post scheduled trip end time",10,135,125,4020.5
"Post scheduled trip end time",10,1278,1268,4020.5
"Post scheduled trip end time",10,145,135,4020.5
"Post scheduled trip end time",10,1465,1455,4020.5
"Post scheduled trip end time",10,209,199,4020.5
"Post scheduled trip end time",10,1638,1628,4020.5
"Post scheduled trip end time",10,749,739,4020.5
"Post scheduled trip end time",10,370,360,4020.5
"Post scheduled trip end time",10,56,46,4020.5
"Post scheduled trip end time",10,188,178,4020.5
"Post scheduled trip end time",10,119,109,4020.5
"Post scheduled trip end time",10,278,268,4020.5
"Post scheduled trip end time",10,141,131,4020.5
"Post scheduled trip end time",10,520,510,4020.5
"Post scheduled trip end time",10,1800,1790,4020.5
"Post scheduled trip end time",10,818,808,4020.5
"Post scheduled trip end time",10,717,707,4020.5
"Post scheduled trip end time",10,110,100,4020.5
"Post scheduled trip end time",10,111,101,4020.5
"Post scheduled trip end time",10,1098,1088,4020.5
"Post scheduled trip end time",10,1660,1650,4020.5
"Post scheduled trip end time",10,682,672,4020.5
"Post scheduled trip end time",10,449,439,4020.5
"Post scheduled trip end time",10,60,50,4020.5
"Post scheduled trip end time",10,412,402,4020.5
"Post scheduled trip end time",10,300,290,4020.5
"Post scheduled trip end time",10,869,859,4020.5
"Post scheduled trip end time",10,10,0,4020.5
"Post scheduled trip end time",10,666,656,4020.5
"Post scheduled trip end time",10,73,63,4020.5
"Post scheduled trip end time",10,153,143,4020.5
"Post scheduled trip end time",10,498,488,4020.5
"Post scheduled trip end time",10,65,55,4020.5
"Post scheduled trip end time",10,630,620,4020.5
"Post scheduled trip end time",10,1345,1335,4020.5
"Post scheduled trip end time",10,169,159,4020.5
"Post scheduled trip end time",10,629,619,4020.5
"Post scheduled trip end time",10,1368,1358,4020.5
"Post scheduled trip end time",10,180,170,4020.5
"Post scheduled trip end time",10,112,102,4020.5
"Post scheduled trip end time",10,201,191,4020.5
"Post scheduled trip end time",10,329,319,4020.5
"Post scheduled trip end time",10,49,39,4020.5
"Post scheduled trip end time",10,79,69,4020.5
"Post scheduled trip end time",10,29,19,4020.5
"Post scheduled trip end time",10,1521,1511,4020.5
"Post scheduled trip end time",10,54,44,4020.5
"Post scheduled trip end time",10,42,32,4020.5
"Post scheduled trip end time",10,477,467,4020.5
"Post scheduled trip end time",10,97,87,4020.5
"Post scheduled trip end time",10,1218,1208,4020.5
"Post scheduled trip end time",10,918,908,4020.5
"Post scheduled trip end time",10,1188,1178,4020.5
"Post scheduled trip end time",10,287,277,4020.5
"Post scheduled trip end time",10,1405,1395,4020.5
"Post scheduled trip end time",10,657,647,4020.5
"Post scheduled trip end time",10,1420,1410,4020.5
"Post scheduled trip end time",10,277,267,4020.5
"Post scheduled trip end time",10,880,870,4020.5
"Post scheduled trip end time",10,957,947,4020.5
"Post scheduled trip end time",10,86,76,4020.5
"Post scheduled trip end time",10,34,24,4020.5
"Post scheduled trip end time",10,368,358,4020.5
"Post scheduled trip end time",10,1645,1635,4020.5
"Post scheduled trip end time",10,590,580,4020.5
"Post scheduled trip end time",10,608,598,4020.5
"Post scheduled trip end time",10,238,228,4020.5
"Post scheduled trip end time",10,925,915,4020.5
"Post scheduled trip end time",10,1728,1718,4020.5
"Post scheduled trip end time",10,1240,1230,4020.5
"Post scheduled trip end time",10,72,62,4020.5
"Post scheduled trip end time",10,1581,1571,4020.5
"Post scheduled trip end time",10,178,168,4020.5
"Post scheduled trip end time",10,1225,1215,4020.5
"Post scheduled trip end time",10,104,94,4020.5
"Post scheduled trip end time",10,1488,1478,4020.5
"Post scheduled trip end time",10,638,628,4020.5
"Post scheduled trip end time",10,174,164,4020.5
"Post scheduled trip end time",10,405,395,4020.5
"Post scheduled trip end time",10,1758,1748,4020.5
"Post scheduled trip end time",10,1000,990,4020.5
"Post scheduled trip end time",10,1585,1575,4020.5
"Post scheduled trip end time",10,428,418,4020.5
"Post scheduled trip end time",10,488,478,4020.5
"Post scheduled trip end time",10,114,104,4020.5
"Post scheduled trip end time",10,394,384,4020.5
"Post scheduled trip end time",10,407,397,4020.5
"Post scheduled trip end time",10,726,716,4020.5
"Post scheduled trip end time",10,147,137,4020.5
"Post scheduled trip end time",10,326,316,4020.5
"Post scheduled trip end time",10,569,559,4020.5
"Post scheduled trip end time",10,48,38,4020.5
"Post scheduled trip end time",10,297,287,4020.5
"Post scheduled trip end time",10,858,848,4020.5
"Post scheduled trip end time",10,760,750,4020.5
"Post scheduled trip end time",10,217,207,4020.5
"Post scheduled trip end time",10,137,127,4020.5
"Post scheduled trip end time",10,11,1,4020.5
"Post scheduled trip end time",10,985,975,4020.5
"Post scheduled trip end time",10,78,68,4020.5
"Post scheduled trip end time",10,738,728,4020.5
"Post scheduled trip end time",10,123,113,4020.5
"Post scheduled trip end time",10,929,919,4020.5
"Post scheduled trip end time",10,1158,1148,4020.5
"Post scheduled trip end time",10,247,237,4020.5
"Post scheduled trip end time",10,19,9,4020.5
"Post scheduled trip end time",10,558,548,4020.5
"Post scheduled trip end time",10,1180,1170,4020.5
"Post scheduled trip end time",10,940,930,4020.5
"Post scheduled trip end time",10,1666,1656,4020.5
"Post scheduled trip end time",10,64,54,4020.5
"Post scheduled trip end time",10,113,103,4020.5
"Post scheduled trip end time",10,597,587,4020.5
"Post scheduled trip end time",10,310,300,4020.5
"Post scheduled trip end time",10,351,341,4020.5
"Post scheduled trip end time",10,1308,1298,4020.5
"Post scheduled trip end time",10,46,36,4020.5
"Post scheduled trip end time",10,897,887,4020.5
"Post scheduled trip end time",10,400,390,4020.5
"Post scheduled trip end time",10,87,77,4020.5
"Post scheduled trip end time",10,250,240,4020.5
"Post scheduled trip end time",10,878,868,4020.5
"Post scheduled trip end time",10,1680,1670,4020.5
"Post scheduled trip end time",10,133,123,4020.5
"Post scheduled trip end time",10,269,259,4020.5
"Post scheduled trip end time",10,352,342,4020.5
"Post scheduled trip end time",10,1428,1418,4020.5
"Post scheduled trip end time",10,61,51,4020.5
"Post scheduled trip end time",10,95,85,4020.5
"Post scheduled trip end time",10,471,461,4020.5
"Post scheduled trip end time",10,486,476,4020.5
"Post scheduled trip end time",10,158,148,4020.5
"Post scheduled trip end time",10,1780,1770,4020.5
"Post scheduled trip end time",10,102,92,4020.5
"Post scheduled trip end time",10,438,428,4020.5
"Post scheduled trip end time",10,125,115,4020.5
"Post scheduled trip end time",10,1726,1716,4020.5
"Post scheduled trip end time",10,231,221,4020.5
"Post scheduled trip end time",10,70,60,4020.5
"Post scheduled trip end time",10,82,72,4020.5
"Post scheduled trip end time",10,28,18,4020.5
"Post scheduled trip end time",10,32,22,4020.5
"Post scheduled trip end time",10,1300,1290,4020.5
"Post scheduled trip end time",10,1720,1710,4020.5
"Post scheduled trip end time",10,467,457,4020.5
"Post scheduled trip end time",10,41,31,4020.5
"Post scheduled trip end time",10,509,499,4020.5
"Post scheduled trip end time",10,163,153,4020.5
"Post scheduled trip end time",10,223,213,4020.5
"Post scheduled trip end time",10,339,329,4020.5
"Post scheduled trip end time",10,606,596,4020.5
"Post scheduled trip end time",10,696,686,4020.5
"Post scheduled trip end time",10,678,668,4020.5
"Post scheduled trip end time",10,367,357,4020.5
"Post scheduled trip end time",10,683,673,4020.5
"Post scheduled trip end time",10,128,118,4020.5
"Post scheduled trip end time",10,1360,1350,4020.5
"Post scheduled trip end time",10,148,138,4020.5
"Post scheduled trip end time",10,1765,1755,4020.5
"Post scheduled trip end time",10,15,5,4020.5
"Post scheduled trip end time",10,237,227,4020.5
"Post scheduled trip end time",10,94,84,4020.5
"Post scheduled trip end time",10,99,89,4020.5
"Post scheduled trip end time",10,1761,1751,4020.5
"Post scheduled trip end time",10,441,431,4020.5
"Post scheduled trip end time",10,232,222,4020.5
"Post scheduled trip end time",10,700,690,4020.5
"Post scheduled trip end time",10,580,570,4020.5
"Post scheduled trip end time",10,63,53,4020.5
"Post scheduled trip end time",10,150,140,4020.5
"Post scheduled trip end time",10,381,371,4020.5
"Post scheduled trip end time",10,698,688,4020.5
"Post scheduled trip end time",10,206,196,4020.5
"Post scheduled trip end time",10,130,120,4020.5
"Post scheduled trip end time",10,51,41,4020.5
"Post scheduled trip end time",10,446,436,4020.5
"Post scheduled trip end time",10,144,134,4020.5
"Post scheduled trip end time",10,1606,1596,4020.5
"Post scheduled trip end time",10,37,27,4020.5
"Post scheduled trip end time",10,36,26,4020.5
"Post scheduled trip end time",10,74,64,4020.5
"Post scheduled trip end time",10,308,298,4020.5
"Post scheduled trip end time",10,837,827,4020.5
"Post scheduled trip end time",10,820,810,4020.5
"Post scheduled trip end time",10,600,590,4020.5
"Post scheduled trip end time",10,44,34,4020.5
"Post scheduled trip end time",10,100,90,4020.5
"Post scheduled trip end time",10,334,324,4020.5
"Post scheduled trip end time",10,149,139,4020.5
"Post scheduled trip end time",10,71,61,4020.5
"Post scheduled trip end time",10,234,224,4020.5
"Post scheduled trip end time",10,1137,1127,4020.5
"Post scheduled trip end time",10,978,968,4020.5
"Post scheduled trip end time",10,413,403,4020.5
"Post scheduled trip end time",10,89,79,4020.5
"Post scheduled trip end time",10,84,74,4020.5
"Post scheduled trip end time",10,1338,1328,4020.5
"Post scheduled trip end time",10,170,160,4020.5
"Post scheduled trip end time",10,518,508,4020.5
"Post scheduled trip end time",10,25,15,4020.5
"Post scheduled trip end time",10,14,4,4020.5
"Post scheduled trip end time",10,214,204,4020.5
"Post scheduled trip end time",10,167,157,4020.5
"Post scheduled trip end time",10,96,86,4020.5
"Post scheduled trip end time",10,57,47,4020.5
"Post scheduled trip end time",10,728,718,4020.5
"Post scheduled trip end time",10,603,593,4020.5
"Post scheduled trip end time",10,1017,1007,4020.5
"Post scheduled trip end time",10,127,117,4020.5
"Post scheduled trip end time",10,532,522,4020.5
"Post scheduled trip end time",10,239,229,4020.5
"Post scheduled trip end time",10,1458,1448,4020.5
"Post scheduled trip end time",10,227,217,4020.5
"Post scheduled trip end time",10,366,356,4020.5
"Post scheduled trip end time",10,45,35,4020.5
"Post scheduled trip end time",10,417,407,4020.5
"Post scheduled trip end time",10,23,13,4020.5
"Post scheduled trip end time",10,1105,1095,4020.5
"Post scheduled trip end time",10,168,158,4020.5
"Post scheduled trip end time",10,689,679,4020.5
"Post scheduled trip end time",10,55,45,4020.5
"Post scheduled trip end time",10,668,658,4020.5
"Post scheduled trip end time",10,357,347,4020.5
"Post scheduled trip end time",10,345,335,4020.5
"Post scheduled trip end time",10,38,28,4020.5
"Post scheduled trip end time",10,68,58,4020.5
"Post scheduled trip end time",10,480,470,4020.5
"Post scheduled trip end time",10,67,57,4020.5
"Post scheduled trip end time",10,1698,1688,4020.5
"Post scheduled trip end time",10,246,236,4020.5
"Post scheduled trip end time",10,426,416,4020.5
"Post scheduled trip end time",10,124,114,4020.5
"Post scheduled trip end time",10,76,66,4020.5
"Post scheduled trip end time",10,93,83,4020.5
"Post scheduled trip end time",10,1165,1155,4020.5
"Post scheduled trip end time",10,171,161,4020.5
"Post scheduled trip end time",10,248,238,4020.5
"Post scheduled trip end time",10,190,180,4020.5
"Post scheduled trip end time",10,50,40,4020.5
"Post scheduled trip end time",10,386,376,4020.5
"Post scheduled trip end time",10,321,311,4020.5
"Post scheduled trip end time",10,24,14,4020.5
"Post scheduled trip end time",10,389,379,4020.5
"Post scheduled trip end time",10,411,401,4020.5
"Post scheduled trip end time",10,143,133,4020.5
"Post scheduled trip end time",10,17,7,4020.5
"Post scheduled trip end time",10,18,8,4020.5
"Post scheduled trip end time",10,33,23,4020.5
"Post scheduled trip end time",10,117,107,4020.5
"Post scheduled trip end time",10,53,43,4020.5
"Post scheduled trip end time",10,154,144,4020.5
"Post scheduled trip end time",10,338,328,4020.5
"Post scheduled trip end time",10,1786,1776,4020.5
"Post scheduled trip end time",10,179,169,4020.5
"Before scheduled trip start time",11,58,47,8038
"Before scheduled trip start time",11,66,55,8038
"Before scheduled trip start time",11,39,28,8038
"Before scheduled trip start time",11,29,18,8038
"Before scheduled trip start time",11,65,54,8038
"Before scheduled trip start time",11,28,17,8038
"Before scheduled trip start time",11,231,220,8038
"Before scheduled trip start time",11,41,30,8038
"Before scheduled trip start time",11,50,39,8038
"Before scheduled trip start time",11,17,6,8038
"Before scheduled trip start time",11,27,16,8038
"Before scheduled trip start time",11,33,22,8038
"Before scheduled trip start time",11,21,10,8038
"Before scheduled trip start time",11,35,24,8038
"Before scheduled trip start time",11,25,14,8038
"Before scheduled trip start time",11,64,53,8038
"Before scheduled trip start time",11,47,36,8038
"Before scheduled trip start time",11,38,27,8038
"Before scheduled trip start time",11,20,9,8038
"Before scheduled trip start time",11,22,11,8038
"Before scheduled trip start time",11,36,25,8038
"Before scheduled trip start time",11,40,29,8038
"Before scheduled trip start time",11,54,43,8038
"Before scheduled trip start time",11,26,15,8038
"Before scheduled trip start time",11,31,20,8038
"Before scheduled trip start time",11,19,8,8038
"Before scheduled trip start time",11,24,13,8038
"Before scheduled trip start time",11,30,19,8038
"Before scheduled trip start time",11,13,2,8038
"Before scheduled trip start time",11,37,26,8038
"Before scheduled trip start time",11,46,35,8038
"Before scheduled trip start time",11,12,1,8038
"Before scheduled trip start time",11,43,32,8038
"Before scheduled trip start time",11,34,23,8038
"Before scheduled trip start time",11,23,12,8038
"Before scheduled trip start time",11,171,160,8038
"Before scheduled trip start time",11,56,45,8038
"Before scheduled trip start time",11,18,7,8038
"Before scheduled trip start time",11,11,0,8038
"Before scheduled trip start time",11,16,5,8038
"Before scheduled trip start time",11,15,4,8038
"Before scheduled trip start time",11,32,21,8038
"Before scheduled trip start time",11,51,40,8038
"Before scheduled trip start time",11,14,3,8038
"Before scheduled trip start time",11,42,31,8038
"Before scheduled trip start time",11,71,60,8038
"Before scheduled trip start time",11,111,100,8038
"During scheduled trip",11,68,57,291
"During scheduled trip",11,196,185,291
"During scheduled trip",11,187,176,291
"During scheduled trip",11,36,25,291
"During scheduled trip",11,123,112,291
"During scheduled trip",11,15,4,291
"During scheduled trip",11,171,160,291
"During scheduled trip",11,14,3,291
"During scheduled trip",11,83,72,291
"During scheduled trip",11,459,448,291
"During scheduled trip",11,42,31,291
"During scheduled trip",11,249,238,291
"During scheduled trip",11,189,178,291
"During scheduled trip",11,166,155,291
"During scheduled trip",11,19,8,291
"During scheduled trip",11,319,308,291
"During scheduled trip",11,44,33,291
"During scheduled trip",11,30,19,291
"During scheduled trip",11,130,119,291
"During scheduled trip",11,145,134,291
"During scheduled trip",11,33,22,291
"During scheduled trip",11,104,93,291
"During scheduled trip",11,164,153,291
"During scheduled trip",11,23,12,291
"During scheduled trip",11,63,52,291
"During scheduled trip",11,76,65,291
"During scheduled trip",11,134,123,291
"During scheduled trip",11,107,96,291
"During scheduled trip",11,12,1,291
"During scheduled trip",11,111,100,291
"During scheduled trip",11,379,368,291
"During scheduled trip",11,204,193,291
"During scheduled trip",11,56,45,291
"During scheduled trip",11,210,199,291
"During scheduled trip",11,25,14,291
"During scheduled trip",11,147,136,291
"During scheduled trip",11,158,147,291
"During scheduled trip",11,115,104,291
"During scheduled trip",11,72,61,291
"During scheduled trip",11,231,220,291
"During scheduled trip",11,177,166,291
"During scheduled trip",11,60,49,291
"During scheduled trip",11,53,42,291
"During scheduled trip",11,71,60,291
"During scheduled trip",11,241,230,291
"During scheduled trip",11,148,137,291
"During scheduled trip",11,103,92,291
"During scheduled trip",11,141,130,291
"During scheduled trip",11,179,168,291
"During scheduled trip",11,108,97,291
"During scheduled trip",11,165,154,291
"During scheduled trip",11,94,83,291
"During scheduled trip",11,84,73,291
"During scheduled trip",11,325,314,291
"During scheduled trip",11,121,110,291
"During scheduled trip",11,142,131,291
"During scheduled trip",11,170,159,291
"During scheduled trip",11,202,191,291
"During scheduled trip",11,223,212,291
"During scheduled trip",11,59,48,291
"During scheduled trip",11,62,51,291
"During scheduled trip",11,32,21,291
"During scheduled trip",11,278,267,291
"During scheduled trip",11,351,340,291
"During scheduled trip",11,176,165,291
"During scheduled trip",11,90,79,291
"During scheduled trip",11,375,364,291
"During scheduled trip",11,321,310,291
"During scheduled trip",11,40,29,291
"During scheduled trip",11,16,5,291
"During scheduled trip",11,555,544,291
"During scheduled trip",11,491,480,291
"During scheduled trip",11,70,59,291
"During scheduled trip",11,50,39,291
"During scheduled trip",11,65,54,291
"During scheduled trip",11,163,152,291
"During scheduled trip",11,139,128,291
"During scheduled trip",11,203,192,291
"During scheduled trip",11,39,28,291
"During scheduled trip",11,97,86,291
"During scheduled trip",11,371,360,291
"During scheduled trip",11,109,98,291
"During scheduled trip",11,48,37,291
"During scheduled trip",11,67,56,291
"During scheduled trip",11,49,38,291
"During scheduled trip",11,641,630,291
"During scheduled trip",11,34,23,291
"During scheduled trip",11,265,254,291
"During scheduled trip",11,57,46,291
"During scheduled trip",11,201,190,291
"During scheduled trip",11,101,90,291
"During scheduled trip",11,117,106,291
"During scheduled trip",11,41,30,291
"During scheduled trip",11,221,210,291
"During scheduled trip",11,361,350,291
"During scheduled trip",11,51,40,291
"During scheduled trip",11,96,85,291
"During scheduled trip",11,126,115,291
"During scheduled trip",11,137,126,291
"During scheduled trip",11,153,142,291
"During scheduled trip",11,91,80,291
"During scheduled trip",11,80,69,291
"During scheduled trip",11,17,6,291
"During scheduled trip",11,118,107,291
"During scheduled trip",11,255,244,291
"During scheduled trip",11,169,158,291
"During scheduled trip",11,122,111,291
"During scheduled trip",11,247,236,291
"During scheduled trip",11,161,150,291
"During scheduled trip",11,52,41,291
"During scheduled trip",11,58,47,291
"During scheduled trip",11,102,91,291
"During scheduled trip",11,28,17,291
"During scheduled trip",11,195,184,291
"During scheduled trip",11,263,252,291
"During scheduled trip",11,89,78,291
"During scheduled trip",11,47,36,291
"During scheduled trip",11,74,63,291
"During scheduled trip",11,43,32,291
"During scheduled trip",11,270,259,291
"During scheduled trip",11,27,16,291
"During scheduled trip",11,385,374,291
"During scheduled trip",11,132,121,291
"During scheduled trip",11,144,133,291
"During scheduled trip",11,85,74,291
"During scheduled trip",11,114,103,291
"During scheduled trip",11,199,188,291
"During scheduled trip",11,125,114,291
"During scheduled trip",11,24,13,291
"During scheduled trip",11,112,101,291
"During scheduled trip",11,66,55,291
"During scheduled trip",11,138,127,291
"During scheduled trip",11,261,250,291
"During scheduled trip",11,549,538,291
"During scheduled trip",11,367,356,291
"During scheduled trip",11,133,122,291
"During scheduled trip",11,82,71,291
"During scheduled trip",11,218,207,291
"During scheduled trip",11,31,20,291
"During scheduled trip",11,37,26,291
"During scheduled trip",11,64,53,291
"During scheduled trip",11,315,304,291
"During scheduled trip",11,98,87,291
"During scheduled trip",11,236,225,291
"During scheduled trip",11,93,82,291
"During scheduled trip",11,86,75,291
"During scheduled trip",11,55,44,291
"During scheduled trip",11,105,94,291
"During scheduled trip",11,185,174,291
"During scheduled trip",11,307,296,291
"During scheduled trip",11,284,273,291
"During scheduled trip",11,13,2,291
"During scheduled trip",11,29,18,291
"During scheduled trip",11,129,118,291
"During scheduled trip",11,224,213,291
"During scheduled trip",11,73,62,291
"During scheduled trip",11,206,195,291
"During scheduled trip",11,95,84,291
"During scheduled trip",11,81,70,291
"During scheduled trip",11,547,536,291
"During scheduled trip",11,146,135,291
"During scheduled trip",11,435,424,291
"During scheduled trip",11,77,66,291
"During scheduled trip",11,116,105,291
"During scheduled trip",11,127,116,291
"During scheduled trip",11,519,508,291
"During scheduled trip",11,431,420,291
"During scheduled trip",11,79,68,291
"During scheduled trip",11,92,81,291
"During scheduled trip",11,26,15,291
"During scheduled trip",11,182,171,291
"During scheduled trip",11,427,416,291
"During scheduled trip",11,110,99,291
"During scheduled trip",11,193,182,291
"During scheduled trip",11,301,290,291
"During scheduled trip",11,487,476,291
"During scheduled trip",11,248,237,291
"During scheduled trip",11,495,484,291
"During scheduled trip",11,136,125,291
"During scheduled trip",11,11,0,291
"During scheduled trip",11,106,95,291
"During scheduled trip",11,579,568,291
"During scheduled trip",11,135,124,291
"During scheduled trip",11,75,64,291
"During scheduled trip",11,100,89,291
"During scheduled trip",11,128,117,291
"During scheduled trip",11,38,27,291
"During scheduled trip",11,291,280,291
"During scheduled trip",11,188,177,291
"During scheduled trip",11,181,170,291
"During scheduled trip",11,281,270,291
"During scheduled trip",11,124,113,291
"During scheduled trip",11,22,11,291
"During scheduled trip",11,160,149,291
"During scheduled trip",11,61,50,291
"During scheduled trip",11,88,77,291
"During scheduled trip",11,78,67,291
"During scheduled trip",11,489,478,291
"During scheduled trip",11,21,10,291
"During scheduled trip",11,54,43,291
"During scheduled trip",11,99,88,291
"During scheduled trip",11,18,7,291
"During scheduled trip",11,35,24,291
"During scheduled trip",11,69,58,291
"During scheduled trip",11,45,34,291
"During scheduled trip",11,20,9,291
"During scheduled trip",11,150,139,291
"During scheduled trip",11,119,108,291
"During scheduled trip",11,264,253,291
"During scheduled trip",11,87,76,291
"During scheduled trip",11,259,248,291
"During scheduled trip",11,46,35,291
"Post scheduled trip end time",11,223,212,4020.5
"Post scheduled trip end time",11,57,46,4020.5
"Post scheduled trip end time",11,202,191,4020.5
"Post scheduled trip end time",11,336,325,4020.5
"Post scheduled trip end time",11,64,53,4020.5
"Post scheduled trip end time",11,340,329,4020.5
"Post scheduled trip end time",11,315,304,4020.5
"Post scheduled trip end time",11,266,255,4020.5
"Post scheduled trip end time",11,286,275,4020.5
"Post scheduled trip end time",11,483,472,4020.5
"Post scheduled trip end time",11,242,231,4020.5
"Post scheduled trip end time",11,125,114,4020.5
"Post scheduled trip end time",11,278,267,4020.5
"Post scheduled trip end time",11,120,109,4020.5
"Post scheduled trip end time",11,54,43,4020.5
"Post scheduled trip end time",11,106,95,4020.5
"Post scheduled trip end time",11,41,30,4020.5
"Post scheduled trip end time",11,368,357,4020.5
"Post scheduled trip end time",11,375,364,4020.5
"Post scheduled trip end time",11,51,40,4020.5
"Post scheduled trip end time",11,80,69,4020.5
"Post scheduled trip end time",11,122,111,4020.5
"Post scheduled trip end time",11,30,19,4020.5
"Post scheduled trip end time",11,46,35,4020.5
"Post scheduled trip end time",11,361,350,4020.5
"Post scheduled trip end time",11,18,7,4020.5
"Post scheduled trip end time",11,264,253,4020.5
"Post scheduled trip end time",11,53,42,4020.5
"Post scheduled trip end time",11,115,104,4020.5
"Post scheduled trip end time",11,421,410,4020.5
"Post scheduled trip end time",11,499,488,4020.5
"Post scheduled trip end time",11,166,155,4020.5
"Post scheduled trip end time",11,15,4,4020.5
"Post scheduled trip end time",11,29,18,4020.5
"Post scheduled trip end time",11,142,131,4020.5
"Post scheduled trip end time",11,362,351,4020.5
"Post scheduled trip end time",11,475,464,4020.5
"Post scheduled trip end time",11,171,160,4020.5
"Post scheduled trip end time",11,89,78,4020.5
"Post scheduled trip end time",11,128,117,4020.5
"Post scheduled trip end time",11,570,559,4020.5
"Post scheduled trip end time",11,11,0,4020.5
"Post scheduled trip end time",11,28,17,4020.5
"Post scheduled trip end time",11,305,294,4020.5
"Post scheduled trip end time",11,301,290,4020.5
"Post scheduled trip end time",11,93,82,4020.5
"Post scheduled trip end time",11,34,23,4020.5
"Post scheduled trip end time",11,428,417,4020.5
"Post scheduled trip end time",11,87,76,4020.5
"Post scheduled trip end time",11,83,72,4020.5
"Post scheduled trip end time",11,86,75,4020.5
"Post scheduled trip end time",11,127,116,4020.5
"Post scheduled trip end time",11,374,363,4020.5
"Post scheduled trip end time",11,175,164,4020.5
"Post scheduled trip end time",11,66,55,4020.5
"Post scheduled trip end time",11,555,544,4020.5
"Post scheduled trip end time",11,262,251,4020.5
"Post scheduled trip end time",11,40,29,4020.5
"Post scheduled trip end time",11,661,650,4020.5
"Post scheduled trip end time",11,13,2,4020.5
"Post scheduled trip end time",11,20,9,4020.5
"Post scheduled trip end time",11,510,499,4020.5
"Post scheduled trip end time",11,675,664,4020.5
"Post scheduled trip end time",11,119,108,4020.5
"Post scheduled trip end time",11,276,265,4020.5
"Post scheduled trip end time",11,24,13,4020.5
"Post scheduled trip end time",11,285,274,4020.5
"Post scheduled trip end time",11,71,60,4020.5
"Post scheduled trip end time",11,133,122,4020.5
"Post scheduled trip end time",11,456,445,4020.5
"Post scheduled trip end time",11,12,1,4020.5
"Post scheduled trip end time",11,16,5,4020.5
"Post scheduled trip end time",11,545,534,4020.5
"Post scheduled trip end time",11,151,140,4020.5
"Post scheduled trip end time",11,100,89,4020.5
"Post scheduled trip end time",11,68,57,4020.5
"Post scheduled trip end time",11,99,88,4020.5
"Post scheduled trip end time",11,241,230,4020.5
"Post scheduled trip end time",11,39,28,4020.5
"Post scheduled trip end time",11,245,234,4020.5
"Post scheduled trip end time",11,113,102,4020.5
"Post scheduled trip end time",11,195,184,4020.5
"Post scheduled trip end time",11,85,74,4020.5
"Post scheduled trip end time",11,65,54,4020.5
"Post scheduled trip end time",11,495,484,4020.5
"Post scheduled trip end time",11,601,590,4020.5
"Post scheduled trip end time",11,280,269,4020.5
"Post scheduled trip end time",11,187,176,4020.5
"Post scheduled trip end time",11,271,260,4020.5
"Post scheduled trip end time",11,355,344,4020.5
"Post scheduled trip end time",11,243,232,4020.5
"Post scheduled trip end time",11,56,45,4020.5
"Post scheduled trip end time",11,58,47,4020.5
"Post scheduled trip end time",11,343,332,4020.5
"Post scheduled trip end time",11,435,424,4020.5
"Post scheduled trip end time",11,59,48,4020.5
"Post scheduled trip end time",11,605,594,4020.5
"Post scheduled trip end time",11,81,70,4020.5
"Post scheduled trip end time",11,463,452,4020.5
"Post scheduled trip end time",11,33,22,4020.5
"Post scheduled trip end time",11,111,100,4020.5
"Post scheduled trip end time",11,74,63,4020.5
"Post scheduled trip end time",11,158,147,4020.5
"Post scheduled trip end time",11,225,214,4020.5
"Post scheduled trip end time",11,407,396,4020.5
"Post scheduled trip end time",11,63,52,4020.5
"Post scheduled trip end time",11,438,427,4020.5
"Post scheduled trip end time",11,735,724,4020.5
"Post scheduled trip end time",11,44,33,4020.5
"Post scheduled trip end time",11,221,210,4020.5
"Post scheduled trip end time",11,45,34,4020.5
"Post scheduled trip end time",11,14,3,4020.5
"Post scheduled trip end time",11,69,58,4020.5
"Post scheduled trip end time",11,42,31,4020.5
"Post scheduled trip end time",11,110,99,4020.5
"Post scheduled trip end time",11,156,145,4020.5
"Post scheduled trip end time",11,161,150,4020.5
"Post scheduled trip end time",11,23,12,4020.5
"Post scheduled trip end time",11,423,412,4020.5
"Post scheduled trip end time",11,135,124,4020.5
"Post scheduled trip end time",11,255,244,4020.5
"Post scheduled trip end time",11,283,272,4020.5
"Post scheduled trip end time",11,619,608,4020.5
"Post scheduled trip end time",11,219,208,4020.5
"Post scheduled trip end time",11,559,548,4020.5
"Post scheduled trip end time",11,295,284,4020.5
"Post scheduled trip end time",11,226,215,4020.5
"Post scheduled trip end time",11,302,291,4020.5
"Post scheduled trip end time",11,37,26,4020.5
"Post scheduled trip end time",11,88,77,4020.5
"Post scheduled trip end time",11,79,68,4020.5
"Post scheduled trip end time",11,163,152,4020.5
"Post scheduled trip end time",11,346,335,4020.5
"Post scheduled trip end time",11,415,404,4020.5
"Post scheduled trip end time",11,541,530,4020.5
"Post scheduled trip end time",11,540,529,4020.5
"Post scheduled trip end time",11,534,523,4020.5
"Post scheduled trip end time",11,148,137,4020.5
"Post scheduled trip end time",11,583,572,4020.5
"Post scheduled trip end time",11,425,414,4020.5
"Post scheduled trip end time",11,32,21,4020.5
"Post scheduled trip end time",11,55,44,4020.5
"Post scheduled trip end time",11,235,224,4020.5
"Post scheduled trip end time",11,206,195,4020.5
"Post scheduled trip end time",11,144,133,4020.5
"Post scheduled trip end time",11,75,64,4020.5
"Post scheduled trip end time",11,38,27,4020.5
"Post scheduled trip end time",11,396,385,4020.5
"Post scheduled trip end time",11,378,367,4020.5
"Post scheduled trip end time",11,481,470,4020.5
"Post scheduled trip end time",11,61,50,4020.5
"Post scheduled trip end time",11,129,118,4020.5
"Post scheduled trip end time",11,354,343,4020.5
"Post scheduled trip end time",11,247,236,4020.5
"Post scheduled trip end time",11,98,87,4020.5
"Post scheduled trip end time",11,17,6,4020.5
"Post scheduled trip end time",11,60,49,4020.5
"Post scheduled trip end time",11,36,25,4020.5
"Post scheduled trip end time",11,25,14,4020.5
"Post scheduled trip end time",11,121,110,4020.5
"Post scheduled trip end time",11,31,20,4020.5
"Post scheduled trip end time",11,49,38,4020.5
"Post scheduled trip end time",11,159,148,4020.5
"Post scheduled trip end time",11,21,10,4020.5
"Post scheduled trip end time",11,204,193,4020.5
"Post scheduled trip end time",11,91,80,4020.5
"Post scheduled trip end time",11,82,71,4020.5
"Post scheduled trip end time",11,67,56,4020.5
"Post scheduled trip end time",11,185,174,4020.5
"Post scheduled trip end time",11,216,205,4020.5
"Post scheduled trip end time",11,160,149,4020.5
"Post scheduled trip end time",11,218,207,4020.5
"Post scheduled trip end time",11,615,604,4020.5
"Post scheduled trip end time",11,19,8,4020.5
"Post scheduled trip end time",11,103,92,4020.5
"Post scheduled trip end time",11,50,39,4020.5
"Post scheduled trip end time",11,22,11,4020.5
"Post scheduled trip end time",11,220,209,4020.5
"Post scheduled trip end time",11,181,170,4020.5
"Post scheduled trip end time",11,97,86,4020.5
"Post scheduled trip end time",11,112,101,4020.5
"Post scheduled trip end time",11,26,15,4020.5
"Post scheduled trip end time",11,84,73,4020.5
"Post scheduled trip end time",11,307,296,4020.5
"Post scheduled trip end time",11,48,37,4020.5
"Post scheduled trip end time",11,347,336,4020.5
"Post scheduled trip end time",11,47,36,4020.5
"Post scheduled trip end time",11,523,512,4020.5
"Post scheduled trip end time",11,70,59,4020.5
"Post scheduled trip end time",11,35,24,4020.5
"Post scheduled trip end time",11,211,200,4020.5
"Post scheduled trip end time",11,43,32,4020.5
"Post scheduled trip end time",11,52,41,4020.5
"Post scheduled trip end time",11,62,51,4020.5
"Post scheduled trip end time",11,96,85,4020.5
"Post scheduled trip end time",11,73,62,4020.5
"Post scheduled trip end time",11,403,392,4020.5
"Post scheduled trip end time",11,27,16,4020.5
"Post scheduled trip end time",11,72,61,4020.5
"Before scheduled trip start time",12,30,18,8038
"Before scheduled trip start time",12,34,22,8038
"Before scheduled trip start time",12,25,13,8038
"Before scheduled trip start time",12,18,6,8038
"Before scheduled trip start time",12,98,86,8038
"Before scheduled trip start time",12,20,8,8038
"Before scheduled trip start time",12,64,52,8038
"Before scheduled trip start time",12,14,2,8038
"Before scheduled trip start time",12,61,49,8038
"Before scheduled trip start time",12,93,81,8038
"Before scheduled trip start time",12,39,27,8038
"Before scheduled trip start time",12,201,189,8038
"Before scheduled trip start time",12,13,1,8038
"Before scheduled trip start time",12,81,69,8038
"Before scheduled trip start time",12,26,14,8038
"Before scheduled trip start time",12,42,30,8038
"Before scheduled trip start time",12,72,60,8038
"Before scheduled trip start time",12,1749,1737,8038
"Before scheduled trip start time",12,21,9,8038
"Before scheduled trip start time",12,37,25,8038
"Before scheduled trip start time",12,117,105,8038
"Before scheduled trip start time",12,23,11,8038
"Before scheduled trip start time",12,19,7,8038
"Before scheduled trip start time",12,41,29,8038
"Before scheduled trip start time",12,60,48,8038
"Before scheduled trip start time",12,51,39,8038
"Before scheduled trip start time",12,45,33,8038
"Before scheduled trip start time",12,67,55,8038
"Before scheduled trip start time",12,32,20,8038
"Before scheduled trip start time",12,1689,1677,8038
"Before scheduled trip start time",12,40,28,8038
"Before scheduled trip start time",12,16,4,8038
"Before scheduled trip start time",12,69,57,8038
"Before scheduled trip start time",12,35,23,8038
"Before scheduled trip start time",12,101,89,8038
"Before scheduled trip start time",12,133,121,8038
"Before scheduled trip start time",12,49,37,8038
"Before scheduled trip start time",12,33,21,8038
"Before scheduled trip start time",12,46,34,8038
"Before scheduled trip start time",12,58,46,8038
"Before scheduled trip start time",12,65,53,8038
"Before scheduled trip start time",12,24,12,8038
"Before scheduled trip start time",12,28,16,8038
"Before scheduled trip start time",12,36,24,8038
"Before scheduled trip start time",12,15,3,8038
"Before scheduled trip start time",12,31,19,8038
"Before scheduled trip start time",12,193,181,8038
"Before scheduled trip start time",12,22,10,8038
"Before scheduled trip start time",12,141,129,8038
"Before scheduled trip start time",12,62,50,8038
"Before scheduled trip start time",12,29,17,8038
"Before scheduled trip start time",12,43,31,8038
"Before scheduled trip start time",12,71,59,8038
"Before scheduled trip start time",12,27,15,8038
"Before scheduled trip start time",12,44,32,8038
"Before scheduled trip start time",12,83,71,8038
"Before scheduled trip start time",12,17,5,8038
"Before scheduled trip start time",12,89,77,8038
"Before scheduled trip start time",12,38,26,8038
"During scheduled trip",12,267,255,291
"During scheduled trip",12,25,13,291
"During scheduled trip",12,199,187,291
"During scheduled trip",12,178,166,291
"During scheduled trip",12,78,66,291
"During scheduled trip",12,39,27,291
"During scheduled trip",12,319,307,291
"During scheduled trip",12,59,47,291
"During scheduled trip",12,56,44,291
"During scheduled trip",12,235,223,291
"During scheduled trip",12,51,39,291
"During scheduled trip",12,311,299,291
"During scheduled trip",12,296,284,291
"During scheduled trip",12,26,14,291
"During scheduled trip",12,84,72,291
"During scheduled trip",12,95,83,291
"During scheduled trip",12,117,105,291
"During scheduled trip",12,23,11,291
"During scheduled trip",12,105,93,291
"During scheduled trip",12,750,738,291
"During scheduled trip",12,241,229,291
"During scheduled trip",12,41,29,291
"During scheduled trip",12,236,224,291
"During scheduled trip",12,53,41,291
"During scheduled trip",12,301,289,291
"During scheduled trip",12,115,103,291
"During scheduled trip",12,112,100,291
"During scheduled trip",12,144,132,291
"During scheduled trip",12,399,387,291
"During scheduled trip",12,330,318,291
"During scheduled trip",12,34,22,291
"During scheduled trip",12,184,172,291
"During scheduled trip",12,361,349,291
"During scheduled trip",12,143,131,291
"During scheduled trip",12,390,378,291
"During scheduled trip",12,121,109,291
"During scheduled trip",12,72,60,291
"During scheduled trip",12,224,212,291
"During scheduled trip",12,104,92,291
"During scheduled trip",12,116,104,291
"During scheduled trip",12,114,102,291
"During scheduled trip",12,205,193,291
"During scheduled trip",12,270,258,291
"During scheduled trip",12,20,8,291
"During scheduled trip",12,83,71,291
"During scheduled trip",12,76,64,291
"During scheduled trip",12,38,26,291
"During scheduled trip",12,81,69,291
"During scheduled trip",12,315,303,291
"During scheduled trip",12,141,129,291
"During scheduled trip",12,160,148,291
"During scheduled trip",12,177,165,291
"During scheduled trip",12,19,7,291
"During scheduled trip",12,119,107,291
"During scheduled trip",12,16,4,291
"During scheduled trip",12,82,70,291
"During scheduled trip",12,62,50,291
"During scheduled trip",12,101,89,291
"During scheduled trip",12,93,81,291
"During scheduled trip",12,88,76,291
"During scheduled trip",12,171,159,291
"During scheduled trip",12,109,97,291
"During scheduled trip",12,176,164,291
"During scheduled trip",12,91,79,291
"During scheduled trip",12,30,18,291
"During scheduled trip",12,309,297,291
"During scheduled trip",12,201,189,291
"During scheduled trip",12,33,21,291
"During scheduled trip",12,50,38,291
"During scheduled trip",12,196,184,291
"During scheduled trip",12,271,259,291
"During scheduled trip",12,175,163,291
"During scheduled trip",12,46,34,291
"During scheduled trip",12,248,236,291
"During scheduled trip",12,21,9,291
"During scheduled trip",12,298,286,291
"During scheduled trip",12,52,40,291
"During scheduled trip",12,168,156,291
"During scheduled trip",12,32,20,291
"During scheduled trip",12,69,57,291
"During scheduled trip",12,181,169,291
"During scheduled trip",12,188,176,291
"During scheduled trip",12,27,15,291
"During scheduled trip",12,146,134,291
"During scheduled trip",12,402,390,291
"During scheduled trip",12,150,138,291
"During scheduled trip",12,159,147,291
"During scheduled trip",12,77,65,291
"During scheduled trip",12,129,117,291
"During scheduled trip",12,65,53,291
"During scheduled trip",12,930,918,291
"During scheduled trip",12,17,5,291
"During scheduled trip",12,122,110,291
"During scheduled trip",12,158,146,291
"During scheduled trip",12,204,192,291
"During scheduled trip",12,63,51,291
"During scheduled trip",12,60,48,291
"During scheduled trip",12,307,295,291
"During scheduled trip",12,66,54,291
"During scheduled trip",12,259,247,291
"During scheduled trip",12,94,82,291
"During scheduled trip",12,14,2,291
"During scheduled trip",12,24,12,291
"During scheduled trip",12,92,80,291
"During scheduled trip",12,225,213,291
"During scheduled trip",12,37,25,291
"During scheduled trip",12,238,226,291
"During scheduled trip",12,22,10,291
"During scheduled trip",12,218,206,291
"During scheduled trip",12,68,56,291
"During scheduled trip",12,113,101,291
"During scheduled trip",12,147,135,291
"During scheduled trip",12,139,127,291
"During scheduled trip",12,85,73,291
"During scheduled trip",12,55,43,291
"During scheduled trip",12,187,175,291
"During scheduled trip",12,98,86,291
"During scheduled trip",12,42,30,291
"During scheduled trip",12,58,46,291
"During scheduled trip",12,510,498,291
"During scheduled trip",12,228,216,291
"During scheduled trip",12,44,32,291
"During scheduled trip",12,80,68,291
"During scheduled trip",12,124,112,291
"During scheduled trip",12,120,108,291
"During scheduled trip",12,99,87,291
"During scheduled trip",12,165,153,291
"During scheduled trip",12,247,235,291
"During scheduled trip",12,73,61,291
"During scheduled trip",12,327,315,291
"During scheduled trip",12,570,558,291
"During scheduled trip",12,172,160,291
"During scheduled trip",12,54,42,291
"During scheduled trip",12,134,122,291
"During scheduled trip",12,162,150,291
"During scheduled trip",12,128,116,291
"During scheduled trip",12,690,678,291
"During scheduled trip",12,67,55,291
"During scheduled trip",12,64,52,291
"During scheduled trip",12,870,858,291
"During scheduled trip",12,61,49,291
"During scheduled trip",12,261,249,291
"During scheduled trip",12,630,618,291
"During scheduled trip",12,28,16,291
"During scheduled trip",12,43,31,291
"During scheduled trip",12,255,243,291
"During scheduled trip",12,15,3,291
"During scheduled trip",12,75,63,291
"During scheduled trip",12,237,225,291
"During scheduled trip",12,135,123,291
"During scheduled trip",12,97,85,291
"During scheduled trip",12,157,145,291
"During scheduled trip",12,102,90,291
"During scheduled trip",12,207,195,291
"During scheduled trip",12,251,239,291
"During scheduled trip",12,111,99,291
"During scheduled trip",12,810,798,291
"During scheduled trip",12,151,139,291
"During scheduled trip",12,110,98,291
"During scheduled trip",12,581,569,291
"During scheduled trip",12,31,19,291
"During scheduled trip",12,86,74,291
"During scheduled trip",12,57,45,291
"During scheduled trip",12,36,24,291
"During scheduled trip",12,70,58,291
"During scheduled trip",12,211,199,291
"During scheduled trip",12,429,417,291
"During scheduled trip",12,103,91,291
"During scheduled trip",12,45,33,291
"During scheduled trip",12,74,62,291
"During scheduled trip",12,90,78,291
"During scheduled trip",12,100,88,291
"During scheduled trip",12,106,94,291
"During scheduled trip",12,79,67,291
"During scheduled trip",12,118,106,291
"During scheduled trip",12,339,327,291
"During scheduled trip",12,450,438,291
"During scheduled trip",12,87,75,291
"During scheduled trip",12,12,0,291
"During scheduled trip",12,35,23,291
"During scheduled trip",12,29,17,291
"During scheduled trip",12,145,133,291
"During scheduled trip",12,108,96,291
"During scheduled trip",12,285,273,291
"During scheduled trip",12,127,115,291
"During scheduled trip",12,89,77,291
"During scheduled trip",12,130,118,291
"During scheduled trip",12,40,28,291
"During scheduled trip",12,48,36,291
"During scheduled trip",12,210,198,291
"During scheduled trip",12,521,509,291
"During scheduled trip",12,173,161,291
"During scheduled trip",12,161,149,291
"During scheduled trip",12,164,152,291
"During scheduled trip",12,18,6,291
"During scheduled trip",12,47,35,291
"During scheduled trip",12,369,357,291
"During scheduled trip",12,125,113,291
"During scheduled trip",12,49,37,291
"During scheduled trip",12,13,1,291
"During scheduled trip",12,71,59,291
"Post scheduled trip end time",12,146,134,4020.5
"Post scheduled trip end time",12,1350,1338,4020.5
"Post scheduled trip end time",12,1530,1518,4020.5
"Post scheduled trip end time",12,36,24,4020.5
"Post scheduled trip end time",12,414,402,4020.5
"Post scheduled trip end time",12,1230,1218,4020.5
"Post scheduled trip end time",12,50,38,4020.5
"Post scheduled trip end time",12,72,60,4020.5
"Post scheduled trip end time",12,38,26,4020.5
"Post scheduled trip end time",12,48,36,4020.5
"Post scheduled trip end time",12,446,434,4020.5
"Post scheduled trip end time",12,55,43,4020.5
"Post scheduled trip end time",12,644,632,4020.5
"Post scheduled trip end time",12,26,14,4020.5
"Post scheduled trip end time",12,61,49,4020.5
"Post scheduled trip end time",12,17,5,4020.5
"Post scheduled trip end time",12,515,503,4020.5
"Post scheduled trip end time",12,1770,1758,4020.5
"Post scheduled trip end time",12,242,230,4020.5
"Post scheduled trip end time",12,22,10,4020.5
"Post scheduled trip end time",12,180,168,4020.5
"Post scheduled trip end time",12,34,22,4020.5
"Post scheduled trip end time",12,52,40,4020.5
"Post scheduled trip end time",12,272,260,4020.5
"Post scheduled trip end time",12,107,95,4020.5
"Post scheduled trip end time",12,198,186,4020.5
"Post scheduled trip end time",12,275,263,4020.5
"Post scheduled trip end time",12,257,245,4020.5
"Post scheduled trip end time",12,62,50,4020.5
"Post scheduled trip end time",12,365,353,4020.5
"Post scheduled trip end time",12,25,13,4020.5
"Post scheduled trip end time",12,96,84,4020.5
"Post scheduled trip end time",12,78,66,4020.5
"Post scheduled trip end time",12,485,473,4020.5
"Post scheduled trip end time",12,81,69,4020.5
"Post scheduled trip end time",12,295,283,4020.5
"Post scheduled trip end time",12,63,51,4020.5
"Post scheduled trip end time",12,21,9,4020.5
"Post scheduled trip end time",12,1410,1398,4020.5
"Post scheduled trip end time",12,308,296,4020.5
"Post scheduled trip end time",12,64,52,4020.5
"Post scheduled trip end time",12,314,302,4020.5
"Post scheduled trip end time",12,1470,1458,4020.5
"Post scheduled trip end time",12,439,427,4020.5
"Post scheduled trip end time",12,179,167,4020.5
"Post scheduled trip end time",12,287,275,4020.5
"Post scheduled trip end time",12,56,44,4020.5
"Post scheduled trip end time",12,557,545,4020.5
"Post scheduled trip end time",12,302,290,4020.5
"Post scheduled trip end time",12,326,314,4020.5
"Post scheduled trip end time",12,32,20,4020.5
"Post scheduled trip end time",12,654,642,4020.5
"Post scheduled trip end time",12,188,176,4020.5
"Post scheduled trip end time",12,18,6,4020.5
"Post scheduled trip end time",12,19,7,4020.5
"Post scheduled trip end time",12,83,71,4020.5
"Post scheduled trip end time",12,187,175,4020.5
"Post scheduled trip end time",12,53,41,4020.5
"Post scheduled trip end time",12,1590,1578,4020.5
"Post scheduled trip end time",12,71,59,4020.5
"Post scheduled trip end time",12,119,107,4020.5
"Post scheduled trip end time",12,126,114,4020.5
"Post scheduled trip end time",12,137,125,4020.5
"Post scheduled trip end time",12,68,56,4020.5
"Post scheduled trip end time",12,420,408,4020.5
"Post scheduled trip end time",12,990,978,4020.5
"Post scheduled trip end time",12,474,462,4020.5
"Post scheduled trip end time",12,57,45,4020.5
"Post scheduled trip end time",12,194,182,4020.5
"Post scheduled trip end time",12,395,383,4020.5
"Post scheduled trip end time",12,12,0,4020.5
"Post scheduled trip end time",12,695,683,4020.5
"Post scheduled trip end time",12,307,295,4020.5
"Post scheduled trip end time",12,101,89,4020.5
"Post scheduled trip end time",12,39,27,4020.5
"Post scheduled trip end time",12,35,23,4020.5
"Post scheduled trip end time",12,1290,1278,4020.5
"Post scheduled trip end time",12,127,115,4020.5
"Post scheduled trip end time",12,1110,1098,4020.5
"Post scheduled trip end time",12,66,54,4020.5
"Post scheduled trip end time",12,76,64,4020.5
"Post scheduled trip end time",12,1050,1038,4020.5
"Post scheduled trip end time",12,29,17,4020.5
"Post scheduled trip end time",12,266,254,4020.5
"Post scheduled trip end time",12,315,303,4020.5
"Post scheduled trip end time",12,431,419,4020.5
"Post scheduled trip end time",12,363,351,4020.5
"Post scheduled trip end time",12,84,72,4020.5
"Post scheduled trip end time",12,49,37,4020.5
"Post scheduled trip end time",12,31,19,4020.5
"Post scheduled trip end time",12,43,31,4020.5
"Post scheduled trip end time",12,67,55,4020.5
"Post scheduled trip end time",12,33,21,4020.5
"Post scheduled trip end time",12,14,2,4020.5
"Post scheduled trip end time",12,80,68,4020.5
"Post scheduled trip end time",12,20,8,4020.5
"Post scheduled trip end time",12,95,83,4020.5
"Post scheduled trip end time",12,65,53,4020.5
"Post scheduled trip end time",12,1170,1158,4020.5
"Post scheduled trip end time",12,318,306,4020.5
"Post scheduled trip end time",12,42,30,4020.5
"Post scheduled trip end time",12,291,279,4020.5
"Post scheduled trip end time",12,73,61,4020.5
"Post scheduled trip end time",12,82,70,4020.5
"Post scheduled trip end time",12,594,582,4020.5
"Post scheduled trip end time",12,58,46,4020.5
"Post scheduled trip end time",12,258,246,4020.5
"Post scheduled trip end time",12,635,623,4020.5
"Post scheduled trip end time",12,16,4,4020.5
"Post scheduled trip end time",12,40,28,4020.5
"Post scheduled trip end time",12,155,143,4020.5
"Post scheduled trip end time",12,51,39,4020.5
"Post scheduled trip end time",12,54,42,4020.5
"Post scheduled trip end time",12,575,563,4020.5
"Post scheduled trip end time",12,70,58,4020.5
"Post scheduled trip end time",12,255,243,4020.5
"Post scheduled trip end time",12,24,12,4020.5
"Post scheduled trip end time",12,497,485,4020.5
"Post scheduled trip end time",12,74,62,4020.5
"Post scheduled trip end time",12,86,74,4020.5
"Post scheduled trip end time",12,197,185,4020.5
"Post scheduled trip end time",12,91,79,4020.5
"Post scheduled trip end time",12,182,170,4020.5
"Post scheduled trip end time",12,450,438,4020.5
"Post scheduled trip end time",12,560,548,4020.5
"Post scheduled trip end time",12,105,93,4020.5
"Post scheduled trip end time",12,335,323,4020.5
"Post scheduled trip end time",12,122,110,4020.5
"Post scheduled trip end time",12,437,425,4020.5
"Post scheduled trip end time",12,47,35,4020.5
"Post scheduled trip end time",12,317,305,4020.5
"Post scheduled trip end time",12,165,153,4020.5
"Post scheduled trip end time",12,206,194,4020.5
"Post scheduled trip end time",12,254,242,4020.5
"Post scheduled trip end time",12,506,494,4020.5
"Post scheduled trip end time",12,142,130,4020.5
"Post scheduled trip end time",12,37,25,4020.5
"Post scheduled trip end time",12,360,348,4020.5
"Post scheduled trip end time",12,15,3,4020.5
"Post scheduled trip end time",12,13,1,4020.5
"Post scheduled trip end time",12,60,48,4020.5
"Post scheduled trip end time",12,215,203,4020.5
"Post scheduled trip end time",12,248,236,4020.5
"Post scheduled trip end time",12,303,291,4020.5
"Post scheduled trip end time",12,227,215,4020.5
"Post scheduled trip end time",12,455,443,4020.5
"Post scheduled trip end time",12,134,122,4020.5
"Post scheduled trip end time",12,23,11,4020.5
"Post scheduled trip end time",12,171,159,4020.5
"Post scheduled trip end time",12,46,34,4020.5
"Post scheduled trip end time",12,534,522,4020.5
"Post scheduled trip end time",12,59,47,4020.5
"Post scheduled trip end time",12,69,57,4020.5
"Post scheduled trip end time",12,620,608,4020.5
"Post scheduled trip end time",12,28,16,4020.5
"Post scheduled trip end time",12,1710,1698,4020.5
"Post scheduled trip end time",12,294,282,4020.5
"Post scheduled trip end time",12,102,90,4020.5
"Post scheduled trip end time",12,30,18,4020.5
"Post scheduled trip end time",12,45,33,4020.5
"Post scheduled trip end time",12,75,63,4020.5
"Post scheduled trip end time",12,386,374,4020.5
"Post scheduled trip end time",12,41,29,4020.5
"Post scheduled trip end time",12,1650,1638,4020.5
"Post scheduled trip end time",12,135,123,4020.5
"Post scheduled trip end time",12,27,15,4020.5
"Post scheduled trip end time",12,195,183,4020.5
"Post scheduled trip end time",12,77,65,4020.5
"Post scheduled trip end time",12,377,365,4020.5
"Post scheduled trip end time",12,44,32,4020.5
"Post scheduled trip end time",12,354,342,4020.5
"Post scheduled trip end time",12,247,235,4020.5
"Before scheduled trip start time",13,22,9,8038
"Before scheduled trip start time",13,1029,1016,8038
"Before scheduled trip start time",13,1389,1376,8038
"Before scheduled trip start time",13,609,596,8038
"Before scheduled trip start time",13,45,32,8038
"Before scheduled trip start time",13,18,5,8038
"Before scheduled trip start time",13,30,17,8038
"Before scheduled trip start time",13,34,21,8038
"Before scheduled trip start time",13,27,14,8038
"Before scheduled trip start time",13,40,27,8038
"Before scheduled trip start time",13,59,46,8038
"Before scheduled trip start time",13,42,29,8038
"Before scheduled trip start time",13,46,33,8038
"Before scheduled trip start time",13,189,176,8038
"Before scheduled trip start time",13,1269,1256,8038
"Before scheduled trip start time",13,142,129,8038
"Before scheduled trip start time",13,669,656,8038
"Before scheduled trip start time",13,105,92,8038
"Before scheduled trip start time",13,1569,1556,8038
"Before scheduled trip start time",13,369,356,8038
"Before scheduled trip start time",13,198,185,8038
"Before scheduled trip start time",13,729,716,8038
"Before scheduled trip start time",13,17,4,8038
"Before scheduled trip start time",13,73,60,8038
"Before scheduled trip start time",13,21,8,8038
"Before scheduled trip start time",13,429,416,8038
"Before scheduled trip start time",13,41,28,8038
"Before scheduled trip start time",13,249,236,8038
"Before scheduled trip start time",13,309,296,8038
"Before scheduled trip start time",13,29,16,8038
"Before scheduled trip start time",13,19,6,8038
"Before scheduled trip start time",13,20,7,8038
"Before scheduled trip start time",13,26,13,8038
"Before scheduled trip start time",13,28,15,8038
"Before scheduled trip start time",13,489,476,8038
"Before scheduled trip start time",13,138,125,8038
"Before scheduled trip start time",13,78,65,8038
"Before scheduled trip start time",13,91,78,8038
"Before scheduled trip start time",13,32,19,8038
"Before scheduled trip start time",13,38,25,8038
"Before scheduled trip start time",13,849,836,8038
"Before scheduled trip start time",13,58,45,8038
"Before scheduled trip start time",13,71,58,8038
"Before scheduled trip start time",13,969,956,8038
"Before scheduled trip start time",13,119,106,8038
"Before scheduled trip start time",13,16,3,8038
"Before scheduled trip start time",13,51,38,8038
"Before scheduled trip start time",13,909,896,8038
"Before scheduled trip start time",13,1449,1436,8038
"Before scheduled trip start time",13,31,18,8038
"Before scheduled trip start time",13,37,24,8038
"Before scheduled trip start time",13,1629,1616,8038
"Before scheduled trip start time",13,1329,1316,8038
"Before scheduled trip start time",13,25,12,8038
"Before scheduled trip start time",13,549,536,8038
"Before scheduled trip start time",13,35,22,8038
"Before scheduled trip start time",13,68,55,8038
"Before scheduled trip start time",13,47,34,8038
"Before scheduled trip start time",13,48,35,8038
"Before scheduled trip start time",13,43,30,8038
"Before scheduled trip start time",13,79,66,8038
"Before scheduled trip start time",13,1209,1196,8038
"Before scheduled trip start time",13,258,245,8038
"Before scheduled trip start time",13,24,11,8038
"Before scheduled trip start time",13,69,56,8038
"Before scheduled trip start time",13,1089,1076,8038
"Before scheduled trip start time",13,33,20,8038
"Before scheduled trip start time",13,129,116,8038
"Before scheduled trip start time",13,102,89,8038
"Before scheduled trip start time",13,36,23,8038
"Before scheduled trip start time",13,55,42,8038
"Before scheduled trip start time",13,23,10,8038
"Before scheduled trip start time",13,44,31,8038
"Before scheduled trip start time",13,789,776,8038
"Before scheduled trip start time",13,1509,1496,8038
"Before scheduled trip start time",13,60,47,8038
"Before scheduled trip start time",13,1149,1136,8038
"Before scheduled trip start time",13,82,69,8038
"Before scheduled trip start time",13,15,2,8038
"Before scheduled trip start time",13,14,1,8038
"Before scheduled trip start time",13,39,26,8038
"During scheduled trip",13,108,95,291
"During scheduled trip",13,69,56,291
"During scheduled trip",13,282,269,291
"During scheduled trip",13,461,448,291
"During scheduled trip",13,37,24,291
"During scheduled trip",13,65,52,291
"During scheduled trip",13,219,206,291
"During scheduled trip",13,79,66,291
"During scheduled trip",13,249,236,291
"During scheduled trip",13,410,397,291
"During scheduled trip",13,110,97,291
"During scheduled trip",13,46,33,291
"During scheduled trip",13,60,47,291
"During scheduled trip",13,105,92,291
"During scheduled trip",13,99,86,291
"During scheduled trip",13,35,22,291
"During scheduled trip",13,71,58,291
"During scheduled trip",13,261,248,291
"During scheduled trip",13,141,128,291
"During scheduled trip",13,70,57,291
"During scheduled trip",13,68,55,291
"During scheduled trip",13,195,182,291
"During scheduled trip",13,124,111,291
"During scheduled trip",13,139,126,291
"During scheduled trip",13,221,208,291
"During scheduled trip",13,16,3,291
"During scheduled trip",13,95,82,291
"During scheduled trip",13,175,162,291
"During scheduled trip",13,32,19,291
"During scheduled trip",13,127,114,291
"During scheduled trip",13,56,43,291
"During scheduled trip",13,62,49,291
"During scheduled trip",13,118,105,291
"During scheduled trip",13,92,79,291
"During scheduled trip",13,88,75,291
"During scheduled trip",13,130,117,291
"During scheduled trip",13,30,17,291
"During scheduled trip",13,53,40,291
"During scheduled trip",13,614,601,291
"During scheduled trip",13,206,193,291
"During scheduled trip",13,161,148,291
"During scheduled trip",13,80,67,291
"During scheduled trip",13,93,80,291
"During scheduled trip",13,87,74,291
"During scheduled trip",13,85,72,291
"During scheduled trip",13,49,36,291
"During scheduled trip",13,122,109,291
"During scheduled trip",13,144,131,291
"During scheduled trip",13,21,8,291
"During scheduled trip",13,229,216,291
"During scheduled trip",13,25,12,291
"During scheduled trip",13,51,38,291
"During scheduled trip",13,13,0,291
"During scheduled trip",13,86,73,291
"During scheduled trip",13,74,61,291
"During scheduled trip",13,321,308,291
"During scheduled trip",13,36,23,291
"During scheduled trip",13,96,83,291
"During scheduled trip",13,114,101,291
"During scheduled trip",13,50,37,291
"During scheduled trip",13,119,106,291
"During scheduled trip",13,59,46,291
"During scheduled trip",13,170,157,291
"During scheduled trip",13,73,60,291
"During scheduled trip",13,28,15,291
"During scheduled trip",13,98,85,291
"During scheduled trip",13,121,108,291
"During scheduled trip",13,100,87,291
"During scheduled trip",13,111,98,291
"During scheduled trip",13,64,51,291
"During scheduled trip",13,45,32,291
"During scheduled trip",13,152,139,291
"During scheduled trip",13,160,147,291
"During scheduled trip",13,138,125,291
"During scheduled trip",13,41,28,291
"During scheduled trip",13,137,124,291
"During scheduled trip",13,22,9,291
"During scheduled trip",13,212,199,291
"During scheduled trip",13,177,164,291
"During scheduled trip",13,19,6,291
"During scheduled trip",13,15,2,291
"During scheduled trip",13,83,70,291
"During scheduled trip",13,201,188,291
"During scheduled trip",13,31,18,291
"During scheduled trip",13,94,81,291
"During scheduled trip",13,342,329,291
"During scheduled trip",13,78,65,291
"During scheduled trip",13,113,100,291
"During scheduled trip",13,72,59,291
"During scheduled trip",13,17,4,291
"During scheduled trip",13,104,91,291
"During scheduled trip",13,101,88,291
"During scheduled trip",13,42,29,291
"During scheduled trip",13,26,13,291
"During scheduled trip",13,20,7,291
"During scheduled trip",13,33,20,291
"During scheduled trip",13,112,99,291
"During scheduled trip",13,145,132,291
"During scheduled trip",13,82,69,291
"During scheduled trip",13,135,122,291
"During scheduled trip",13,401,388,291
"During scheduled trip",13,169,156,291
"During scheduled trip",13,63,50,291
"During scheduled trip",13,133,120,291
"During scheduled trip",13,34,21,291
"During scheduled trip",13,191,178,291
"During scheduled trip",13,97,84,291
"During scheduled trip",13,106,93,291
"During scheduled trip",13,38,25,291
"During scheduled trip",13,44,31,291
"During scheduled trip",13,131,118,291
"During scheduled trip",13,117,104,291
"During scheduled trip",13,66,53,291
"During scheduled trip",13,23,10,291
"During scheduled trip",13,47,34,291
"During scheduled trip",13,146,133,291
"During scheduled trip",13,81,68,291
"During scheduled trip",13,57,44,291
"During scheduled trip",13,115,102,291
"During scheduled trip",13,61,48,291
"During scheduled trip",13,55,42,291
"During scheduled trip",13,102,89,291
"During scheduled trip",13,103,90,291
"During scheduled trip",13,58,45,291
"During scheduled trip",13,125,112,291
"During scheduled trip",13,470,457,291
"During scheduled trip",13,120,107,291
"During scheduled trip",13,39,26,291
"During scheduled trip",13,199,186,291
"During scheduled trip",13,90,77,291
"During scheduled trip",13,91,78,291
"During scheduled trip",13,29,16,291
"During scheduled trip",13,279,266,291
"During scheduled trip",13,14,1,291
"During scheduled trip",13,554,541,291
"During scheduled trip",13,48,35,291
"During scheduled trip",13,40,27,291
"During scheduled trip",13,67,54,291
"During scheduled trip",13,76,63,291
"During scheduled trip",13,54,41,291
"During scheduled trip",13,52,39,291
"During scheduled trip",13,18,5,291
"During scheduled trip",13,147,134,291
"During scheduled trip",13,24,11,291
"During scheduled trip",13,186,173,291
"During scheduled trip",13,89,76,291
"During scheduled trip",13,43,30,291
"During scheduled trip",13,189,176,291
"During scheduled trip",13,27,14,291
"During scheduled trip",13,75,62,291
"During scheduled trip",13,107,94,291
"During scheduled trip",13,116,103,291
"During scheduled trip",13,223,210,291
"During scheduled trip",13,163,150,291
"During scheduled trip",13,77,64,291
"During scheduled trip",13,143,130,291
"During scheduled trip",13,84,71,291
"During scheduled trip",13,109,96,291
"Post scheduled trip end time",13,341,328,4020.5
"Post scheduled trip end time",13,64,51,4020.5
"Post scheduled trip end time",13,87,74,4020.5
"Post scheduled trip end time",13,365,352,4020.5
"Post scheduled trip end time",13,425,412,4020.5
"Post scheduled trip end time",13,76,63,4020.5
"Post scheduled trip end time",13,27,14,4020.5
"Post scheduled trip end time",13,440,427,4020.5
"Post scheduled trip end time",13,79,66,4020.5
"Post scheduled trip end time",13,46,33,4020.5
"Post scheduled trip end time",13,22,9,4020.5
"Post scheduled trip end time",13,500,487,4020.5
"Post scheduled trip end time",13,524,511,4020.5
"Post scheduled trip end time",13,60,47,4020.5
"Post scheduled trip end time",13,1180,1167,4020.5
"Post scheduled trip end time",13,114,101,4020.5
"Post scheduled trip end time",13,102,89,4020.5
"Post scheduled trip end time",13,57,44,4020.5
"Post scheduled trip end time",13,152,139,4020.5
"Post scheduled trip end time",13,299,286,4020.5
"Post scheduled trip end time",13,175,162,4020.5
"Post scheduled trip end time",13,132,119,4020.5
"Post scheduled trip end time",13,54,41,4020.5
"Post scheduled trip end time",13,67,54,4020.5
"Post scheduled trip end time",13,517,504,4020.5
"Post scheduled trip end time",13,390,377,4020.5
"Post scheduled trip end time",13,90,77,4020.5
"Post scheduled trip end time",13,97,84,4020.5
"Post scheduled trip end time",13,35,22,4020.5
"Post scheduled trip end time",13,371,358,4020.5
"Post scheduled trip end time",13,15,2,4020.5
"Post scheduled trip end time",13,221,208,4020.5
"Post scheduled trip end time",13,48,35,4020.5
"Post scheduled trip end time",13,58,45,4020.5
"Post scheduled trip end time",13,16,3,4020.5
"Post scheduled trip end time",13,580,567,4020.5
"Post scheduled trip end time",13,18,5,4020.5
"Post scheduled trip end time",13,89,76,4020.5
"Post scheduled trip end time",13,14,1,4020.5
"Post scheduled trip end time",13,319,306,4020.5
"Post scheduled trip end time",13,1060,1047,4020.5
"Post scheduled trip end time",13,252,239,4020.5
"Post scheduled trip end time",13,91,78,4020.5
"Post scheduled trip end time",13,154,141,4020.5
"Post scheduled trip end time",13,294,281,4020.5
"Post scheduled trip end time",13,75,62,4020.5
"Post scheduled trip end time",13,77,64,4020.5
"Post scheduled trip end time",13,597,584,4020.5
"Post scheduled trip end time",13,1120,1107,4020.5
"Post scheduled trip end time",13,240,227,4020.5
"Post scheduled trip end time",13,38,25,4020.5
"Post scheduled trip end time",13,192,179,4020.5
"Post scheduled trip end time",13,28,15,4020.5
"Post scheduled trip end time",13,577,564,4020.5
"Post scheduled trip end time",13,34,21,4020.5
"Post scheduled trip end time",13,820,807,4020.5
"Post scheduled trip end time",13,36,23,4020.5
"Post scheduled trip end time",13,30,17,4020.5
"Post scheduled trip end time",13,457,444,4020.5
"Post scheduled trip end time",13,52,39,4020.5
"Post scheduled trip end time",13,1300,1287,4020.5
"Post scheduled trip end time",13,55,42,4020.5
"Post scheduled trip end time",13,100,87,4020.5
"Post scheduled trip end time",13,880,867,4020.5
"Post scheduled trip end time",13,167,154,4020.5
"Post scheduled trip end time",13,41,28,4020.5
"Post scheduled trip end time",13,235,222,4020.5
"Post scheduled trip end time",13,17,4,4020.5
"Post scheduled trip end time",13,94,81,4020.5
"Post scheduled trip end time",13,105,92,4020.5
"Post scheduled trip end time",13,13,0,4020.5
"Post scheduled trip end time",13,101,88,4020.5
"Post scheduled trip end time",13,133,120,4020.5
"Post scheduled trip end time",13,134,121,4020.5
"Post scheduled trip end time",13,171,158,4020.5
"Post scheduled trip end time",13,166,153,4020.5
"Post scheduled trip end time",13,85,72,4020.5
"Post scheduled trip end time",13,214,201,4020.5
"Post scheduled trip end time",13,33,20,4020.5
"Post scheduled trip end time",13,72,59,4020.5
"Post scheduled trip end time",13,59,46,4020.5
"Post scheduled trip end time",13,39,26,4020.5
"Post scheduled trip end time",13,70,57,4020.5
"Post scheduled trip end time",13,88,75,4020.5
"Post scheduled trip end time",13,300,287,4020.5
"Post scheduled trip end time",13,78,65,4020.5
"Post scheduled trip end time",13,159,146,4020.5
"Post scheduled trip end time",13,380,367,4020.5
"Post scheduled trip end time",13,96,83,4020.5
"Post scheduled trip end time",13,23,10,4020.5
"Post scheduled trip end time",13,56,43,4020.5
"Post scheduled trip end time",13,1000,987,4020.5
"Post scheduled trip end time",13,109,96,4020.5
"Post scheduled trip end time",13,290,277,4020.5
"Post scheduled trip end time",13,251,238,4020.5
"Post scheduled trip end time",13,595,582,4020.5
"Post scheduled trip end time",13,104,91,4020.5
"Post scheduled trip end time",13,31,18,4020.5
"Post scheduled trip end time",13,115,102,4020.5
"Post scheduled trip end time",13,592,579,4020.5
"Post scheduled trip end time",13,174,161,4020.5
"Post scheduled trip end time",13,29,16,4020.5
"Post scheduled trip end time",13,93,80,4020.5
"Post scheduled trip end time",13,62,49,4020.5
"Post scheduled trip end time",13,111,98,4020.5
"Post scheduled trip end time",13,379,366,4020.5
"Post scheduled trip end time",13,191,178,4020.5
"Post scheduled trip end time",13,95,82,4020.5
"Post scheduled trip end time",13,71,58,4020.5
"Post scheduled trip end time",13,92,79,4020.5
"Post scheduled trip end time",13,212,199,4020.5
"Post scheduled trip end time",13,47,34,4020.5
"Post scheduled trip end time",13,125,112,4020.5
"Post scheduled trip end time",13,305,292,4020.5
"Post scheduled trip end time",13,86,73,4020.5
"Post scheduled trip end time",13,25,12,4020.5
"Post scheduled trip end time",13,110,97,4020.5
"Post scheduled trip end time",13,234,221,4020.5
"Post scheduled trip end time",13,199,186,4020.5
"Post scheduled trip end time",13,121,108,4020.5
"Post scheduled trip end time",13,20,7,4020.5
"Post scheduled trip end time",13,477,464,4020.5
"Post scheduled trip end time",13,44,31,4020.5
"Post scheduled trip end time",13,530,517,4020.5
"Post scheduled trip end time",13,63,50,4020.5
"Post scheduled trip end time",13,74,61,4020.5
"Post scheduled trip end time",13,128,115,4020.5
"Post scheduled trip end time",13,84,71,4020.5
"Post scheduled trip end time",13,183,170,4020.5
"Post scheduled trip end time",13,136,123,4020.5
"Post scheduled trip end time",13,80,67,4020.5
"Post scheduled trip end time",13,640,627,4020.5
"Post scheduled trip end time",13,940,927,4020.5
"Post scheduled trip end time",13,42,29,4020.5
"Post scheduled trip end time",13,99,86,4020.5
"Post scheduled trip end time",13,26,13,4020.5
"Post scheduled trip end time",13,82,69,4020.5
"Post scheduled trip end time",13,83,70,4020.5
"Post scheduled trip end time",13,131,118,4020.5
"Post scheduled trip end time",13,53,40,4020.5
"Post scheduled trip end time",13,19,6,4020.5
"Post scheduled trip end time",13,106,93,4020.5
"Post scheduled trip end time",13,43,30,4020.5
"Post scheduled trip end time",13,69,56,4020.5
"Post scheduled trip end time",13,37,24,4020.5
"Post scheduled trip end time",13,24,11,4020.5
"Post scheduled trip end time",13,45,32,4020.5
"Post scheduled trip end time",13,700,687,4020.5
"Post scheduled trip end time",13,118,105,4020.5
"Post scheduled trip end time",13,65,52,4020.5
"Post scheduled trip end time",13,330,317,4020.5
"Post scheduled trip end time",13,73,60,4020.5
"Post scheduled trip end time",13,66,53,4020.5
"Post scheduled trip end time",13,21,8,4020.5
"Post scheduled trip end time",13,103,90,4020.5
"Post scheduled trip end time",13,32,19,4020.5
"Post scheduled trip end time",13,51,38,4020.5
"Post scheduled trip end time",13,40,27,4020.5
"Post scheduled trip end time",13,49,36,4020.5
"Post scheduled trip end time",13,1240,1227,4020.5
"Post scheduled trip end time",13,281,268,4020.5
"Post scheduled trip end time",13,231,218,4020.5
"Post scheduled trip end time",13,61,48,4020.5
"Post scheduled trip end time",13,760,747,4020.5
"Post scheduled trip end time",13,108,95,4020.5
"Post scheduled trip end time",13,68,55,4020.5
"Post scheduled trip end time",13,584,571,4020.5
"Post scheduled trip end time",13,138,125,4020.5
"Post scheduled trip end time",13,81,68,4020.5
"Post scheduled trip end time",13,107,94,4020.5
"Post scheduled trip end time",13,239,226,4020.5
"Post scheduled trip end time",13,50,37,4020.5
"Before scheduled trip start time",14,19,5,8038
"Before scheduled trip start time",14,37,23,8038
"Before scheduled trip start time",14,1566,1552,8038
"Before scheduled trip start time",14,65,51,8038
"Before scheduled trip start time",14,426,412,8038
"Before scheduled trip start time",14,20,6,8038
"Before scheduled trip start time",14,25,11,8038
"Before scheduled trip start time",14,52,38,8038
"Before scheduled trip start time",14,14,0,8038
"Before scheduled trip start time",14,126,112,8038
"Before scheduled trip start time",14,186,172,8038
"Before scheduled trip start time",14,1446,1432,8038
"Before scheduled trip start time",14,74,60,8038
"Before scheduled trip start time",14,308,294,8038
"Before scheduled trip start time",14,188,174,8038
"Before scheduled trip start time",14,51,37,8038
"Before scheduled trip start time",14,64,50,8038
"Before scheduled trip start time",14,58,44,8038
"Before scheduled trip start time",14,846,832,8038
"Before scheduled trip start time",14,66,52,8038
"Before scheduled trip start time",14,786,772,8038
"Before scheduled trip start time",14,110,96,8038
"Before scheduled trip start time",14,34,20,8038
"Before scheduled trip start time",14,41,27,8038
"Before scheduled trip start time",14,71,57,8038
"Before scheduled trip start time",14,15,1,8038
"Before scheduled trip start time",14,726,712,8038
"Before scheduled trip start time",14,118,104,8038
"Before scheduled trip start time",14,100,86,8038
"Before scheduled trip start time",14,1746,1732,8038
"Before scheduled trip start time",14,223,209,8038
"Before scheduled trip start time",14,1026,1012,8038
"Before scheduled trip start time",14,43,29,8038
"Before scheduled trip start time",14,606,592,8038
"Before scheduled trip start time",14,906,892,8038
"Before scheduled trip start time",14,46,32,8038
"Before scheduled trip start time",14,1326,1312,8038
"Before scheduled trip start time",14,39,25,8038
"Before scheduled trip start time",14,22,8,8038
"Before scheduled trip start time",14,56,42,8038
"Before scheduled trip start time",14,1146,1132,8038
"Before scheduled trip start time",14,75,61,8038
"Before scheduled trip start time",14,18,4,8038
"Before scheduled trip start time",14,246,232,8038
"Before scheduled trip start time",14,227,213,8038
"Before scheduled trip start time",14,16,2,8038
"Before scheduled trip start time",14,38,24,8038
"Before scheduled trip start time",14,86,72,8038
"Before scheduled trip start time",14,47,33,8038
"Before scheduled trip start time",14,1266,1252,8038
"Before scheduled trip start time",14,32,18,8038
"Before scheduled trip start time",14,109,95,8038
"Before scheduled trip start time",14,63,49,8038
"Before scheduled trip start time",14,27,13,8038
"Before scheduled trip start time",14,966,952,8038
"Before scheduled trip start time",14,1626,1612,8038
"Before scheduled trip start time",14,1686,1672,8038
"Before scheduled trip start time",14,33,19,8038
"Before scheduled trip start time",14,1206,1192,8038
"Before scheduled trip start time",14,368,354,8038
"Before scheduled trip start time",14,50,36,8038
"Before scheduled trip start time",14,486,472,8038
"Before scheduled trip start time",14,49,35,8038
"Before scheduled trip start time",14,57,43,8038
"Before scheduled trip start time",14,306,292,8038
"Before scheduled trip start time",14,85,71,8038
"Before scheduled trip start time",14,40,26,8038
"Before scheduled trip start time",14,31,17,8038
"Before scheduled trip start time",14,1386,1372,8038
"Before scheduled trip start time",14,82,68,8038
"Before scheduled trip start time",14,53,39,8038
"Before scheduled trip start time",14,17,3,8038
"Before scheduled trip start time",14,170,156,8038
"Before scheduled trip start time",14,96,82,8038
"Before scheduled trip start time",14,546,532,8038
"Before scheduled trip start time",14,104,90,8038
"Before scheduled trip start time",14,1506,1492,8038
"Before scheduled trip start time",14,125,111,8038
"Before scheduled trip start time",14,107,93,8038
"Before scheduled trip start time",14,67,53,8038
"Before scheduled trip start time",14,61,47,8038
"Before scheduled trip start time",14,248,234,8038
"Before scheduled trip start time",14,29,15,8038
"Before scheduled trip start time",14,103,89,8038
"Before scheduled trip start time",14,35,21,8038
"Before scheduled trip start time",14,70,56,8038
"Before scheduled trip start time",14,81,67,8038
"Before scheduled trip start time",14,45,31,8038
"Before scheduled trip start time",14,21,7,8038
"Before scheduled trip start time",14,30,16,8038
"Before scheduled trip start time",14,68,54,8038
"Before scheduled trip start time",14,26,12,8038
"Before scheduled trip start time",14,36,22,8038
"Before scheduled trip start time",14,80,66,8038
"Before scheduled trip start time",14,666,652,8038
"Before scheduled trip start time",14,128,114,8038
"Before scheduled trip start time",14,28,14,8038
"Before scheduled trip start time",14,366,352,8038
"Before scheduled trip start time",14,42,28,8038
"Before scheduled trip start time",14,1086,1072,8038
"Before scheduled trip start time",14,24,10,8038
"Before scheduled trip start time",14,44,30,8038
"Before scheduled trip start time",14,23,9,8038
"Before scheduled trip start time",14,48,34,8038
"During scheduled trip",14,45,31,291
"During scheduled trip",14,290,276,291
"During scheduled trip",14,90,76,291
"During scheduled trip",14,127,113,291
"During scheduled trip",14,174,160,291
"During scheduled trip",14,337,323,291
"During scheduled trip",14,44,30,291
"During scheduled trip",14,121,107,291
"During scheduled trip",14,220,206,291
"During scheduled trip",14,88,74,291
"During scheduled trip",14,281,267,291
"During scheduled trip",14,434,420,291
"During scheduled trip",14,14,0,291
"During scheduled trip",14,26,12,291
"During scheduled trip",14,112,98,291
"During scheduled trip",14,153,139,291
"During scheduled trip",14,32,18,291
"During scheduled trip",14,43,29,291
"During scheduled trip",14,339,325,291
"During scheduled trip",14,53,39,291
"During scheduled trip",14,95,81,291
"During scheduled trip",14,84,70,291
"During scheduled trip",14,494,480,291
"During scheduled trip",14,18,4,291
"During scheduled trip",14,133,119,291
"During scheduled trip",14,65,51,291
"During scheduled trip",14,38,24,291
"During scheduled trip",14,37,23,291
"During scheduled trip",14,58,44,291
"During scheduled trip",14,219,205,291
"During scheduled trip",14,20,6,291
"During scheduled trip",14,87,73,291
"During scheduled trip",14,39,25,291
"During scheduled trip",14,114,100,291
"During scheduled trip",14,521,507,291
"During scheduled trip",14,221,207,291
"During scheduled trip",14,254,240,291
"During scheduled trip",14,83,69,291
"During scheduled trip",14,581,567,291
"During scheduled trip",14,98,84,291
"During scheduled trip",14,46,32,291
"During scheduled trip",14,82,68,291
"During scheduled trip",14,22,8,291
"During scheduled trip",14,17,3,291
"During scheduled trip",14,103,89,291
"During scheduled trip",14,119,105,291
"During scheduled trip",14,70,56,291
"During scheduled trip",14,81,67,291
"During scheduled trip",14,33,19,291
"During scheduled trip",14,263,249,291
"During scheduled trip",14,66,52,291
"During scheduled trip",14,110,96,291
"During scheduled trip",14,16,2,291
"During scheduled trip",14,41,27,291
"During scheduled trip",14,130,116,291
"During scheduled trip",14,157,143,291
"During scheduled trip",14,155,141,291
"During scheduled trip",14,100,86,291
"During scheduled trip",14,71,57,291
"During scheduled trip",14,94,80,291
"During scheduled trip",14,144,130,291
"During scheduled trip",14,162,148,291
"During scheduled trip",14,188,174,291
"During scheduled trip",14,109,95,291
"During scheduled trip",14,323,309,291
"During scheduled trip",14,89,75,291
"During scheduled trip",14,160,146,291
"During scheduled trip",14,75,61,291
"During scheduled trip",14,123,109,291
"During scheduled trip",14,117,103,291
"During scheduled trip",14,156,142,291
"During scheduled trip",14,232,218,291
"During scheduled trip",14,60,46,291
"During scheduled trip",14,35,21,291
"During scheduled trip",14,52,38,291
"During scheduled trip",14,76,62,291
"During scheduled trip",14,186,172,291
"During scheduled trip",14,54,40,291
"During scheduled trip",14,74,60,291
"During scheduled trip",14,63,49,291
"During scheduled trip",14,27,13,291
"During scheduled trip",14,61,47,291
"During scheduled trip",14,104,90,291
"During scheduled trip",14,108,94,291
"During scheduled trip",14,92,78,291
"During scheduled trip",14,80,66,291
"During scheduled trip",14,111,97,291
"During scheduled trip",14,341,327,291
"During scheduled trip",14,131,117,291
"During scheduled trip",14,55,41,291
"During scheduled trip",14,67,53,291
"During scheduled trip",14,277,263,291
"During scheduled trip",14,49,35,291
"During scheduled trip",14,115,101,291
"During scheduled trip",14,101,87,291
"During scheduled trip",14,203,189,291
"During scheduled trip",14,29,15,291
"During scheduled trip",14,64,50,291
"During scheduled trip",14,40,26,291
"During scheduled trip",14,146,132,291
"During scheduled trip",14,135,121,291
"During scheduled trip",14,218,204,291
"During scheduled trip",14,124,110,291
"During scheduled trip",14,159,145,291
"During scheduled trip",14,69,55,291
"During scheduled trip",14,15,1,291
"During scheduled trip",14,25,11,291
"During scheduled trip",14,31,17,291
"During scheduled trip",14,172,158,291
"During scheduled trip",14,158,144,291
"During scheduled trip",14,68,54,291
"During scheduled trip",14,129,115,291
"During scheduled trip",14,209,195,291
"During scheduled trip",14,30,16,291
"During scheduled trip",14,21,7,291
"During scheduled trip",14,279,265,291
"During scheduled trip",14,42,28,291
"During scheduled trip",14,142,128,291
"During scheduled trip",14,138,124,291
"During scheduled trip",14,59,45,291
"During scheduled trip",14,171,157,291
"During scheduled trip",14,206,192,291
"During scheduled trip",14,62,48,291
"During scheduled trip",14,189,175,291
"During scheduled trip",14,79,65,291
"During scheduled trip",14,107,93,291
"During scheduled trip",14,105,91,291
"During scheduled trip",14,207,193,291
"During scheduled trip",14,48,34,291
"During scheduled trip",14,99,85,291
"During scheduled trip",14,50,36,291
"During scheduled trip",14,120,106,291
"During scheduled trip",14,167,153,291
"During scheduled trip",14,96,82,291
"During scheduled trip",14,73,59,291
"During scheduled trip",14,194,180,291
"During scheduled trip",14,51,37,291
"During scheduled trip",14,278,264,291
"During scheduled trip",14,125,111,291
"During scheduled trip",14,78,64,291
"During scheduled trip",14,140,126,291
"During scheduled trip",14,36,22,291
"During scheduled trip",14,97,83,291
"During scheduled trip",14,170,156,291
"During scheduled trip",14,85,71,291
"During scheduled trip",14,166,152,291
"During scheduled trip",14,57,43,291
"During scheduled trip",14,134,120,291
"During scheduled trip",14,461,447,291
"During scheduled trip",14,128,114,291
"During scheduled trip",14,106,92,291
"During scheduled trip",14,19,5,291
"During scheduled trip",14,350,336,291
"During scheduled trip",14,145,131,291
"During scheduled trip",14,163,149,291
"During scheduled trip",14,28,14,291
"During scheduled trip",14,47,33,291
"During scheduled trip",14,113,99,291
"During scheduled trip",14,24,10,291
"During scheduled trip",14,165,151,291
"During scheduled trip",14,86,72,291
"During scheduled trip",14,283,269,291
"During scheduled trip",14,202,188,291
"During scheduled trip",14,93,79,291
"During scheduled trip",14,72,58,291
"During scheduled trip",14,149,135,291
"During scheduled trip",14,34,20,291
"During scheduled trip",14,23,9,291
"During scheduled trip",14,143,129,291
"During scheduled trip",14,118,104,291
"During scheduled trip",14,132,118,291
"During scheduled trip",14,102,88,291
"During scheduled trip",14,217,203,291
"During scheduled trip",14,161,147,291
"During scheduled trip",14,126,112,291
"During scheduled trip",14,151,137,291
"During scheduled trip",14,77,63,291
"During scheduled trip",14,222,208,291
"During scheduled trip",14,91,77,291
"During scheduled trip",14,150,136,291
"During scheduled trip",14,56,42,291
"Post scheduled trip end time",14,127,113,4020.5
"Post scheduled trip end time",14,115,101,4020.5
"Post scheduled trip end time",14,550,536,4020.5
"Post scheduled trip end time",14,59,45,4020.5
"Post scheduled trip end time",14,670,656,4020.5
"Post scheduled trip end time",14,30,16,4020.5
"Post scheduled trip end time",14,75,61,4020.5
"Post scheduled trip end time",14,24,10,4020.5
"Post scheduled trip end time",14,48,34,4020.5
"Post scheduled trip end time",14,60,46,4020.5
"Post scheduled trip end time",14,111,97,4020.5
"Post scheduled trip end time",14,147,133,4020.5
"Post scheduled trip end time",14,397,383,4020.5
"Post scheduled trip end time",14,38,24,4020.5
"Post scheduled trip end time",14,171,157,4020.5
"Post scheduled trip end time",14,259,245,4020.5
"Post scheduled trip end time",14,28,14,4020.5
"Post scheduled trip end time",14,610,596,4020.5
"Post scheduled trip end time",14,391,377,4020.5
"Post scheduled trip end time",14,430,416,4020.5
"Post scheduled trip end time",14,61,47,4020.5
"Post scheduled trip end time",14,74,60,4020.5
"Post scheduled trip end time",14,49,35,4020.5
"Post scheduled trip end time",14,31,17,4020.5
"Post scheduled trip end time",14,63,49,4020.5
"Post scheduled trip end time",14,142,128,4020.5
"Post scheduled trip end time",14,250,236,4020.5
"Post scheduled trip end time",14,22,8,4020.5
"Post scheduled trip end time",14,73,59,4020.5
"Post scheduled trip end time",14,94,80,4020.5
"Post scheduled trip end time",14,82,68,4020.5
"Post scheduled trip end time",14,18,4,4020.5
"Post scheduled trip end time",14,331,317,4020.5
"Post scheduled trip end time",14,133,119,4020.5
"Post scheduled trip end time",14,34,20,4020.5
"Post scheduled trip end time",14,464,450,4020.5
"Post scheduled trip end time",14,101,87,4020.5
"Post scheduled trip end time",14,58,44,4020.5
"Post scheduled trip end time",14,87,73,4020.5
"Post scheduled trip end time",14,71,57,4020.5
"Post scheduled trip end time",14,51,37,4020.5
"Post scheduled trip end time",14,95,81,4020.5
"Post scheduled trip end time",14,470,456,4020.5
"Post scheduled trip end time",14,537,523,4020.5
"Post scheduled trip end time",14,271,257,4020.5
"Post scheduled trip end time",14,105,91,4020.5
"Post scheduled trip end time",14,36,22,4020.5
"Post scheduled trip end time",14,79,65,4020.5
"Post scheduled trip end time",14,83,69,4020.5
"Post scheduled trip end time",14,159,145,4020.5
"Post scheduled trip end time",14,404,390,4020.5
"Post scheduled trip end time",14,78,64,4020.5
"Post scheduled trip end time",14,110,96,4020.5
"Post scheduled trip end time",14,532,518,4020.5
"Post scheduled trip end time",14,210,196,4020.5
"Post scheduled trip end time",14,490,476,4020.5
"Post scheduled trip end time",14,104,90,4020.5
"Post scheduled trip end time",14,17,3,4020.5
"Post scheduled trip end time",14,185,171,4020.5
"Post scheduled trip end time",14,76,62,4020.5
"Post scheduled trip end time",14,129,115,4020.5
"Post scheduled trip end time",14,370,356,4020.5
"Post scheduled trip end time",14,113,99,4020.5
"Post scheduled trip end time",14,20,6,4020.5
"Post scheduled trip end time",14,65,51,4020.5
"Post scheduled trip end time",14,32,18,4020.5
"Post scheduled trip end time",14,116,102,4020.5
"Post scheduled trip end time",14,80,66,4020.5
"Post scheduled trip end time",14,114,100,4020.5
"Post scheduled trip end time",14,45,31,4020.5
"Post scheduled trip end time",14,118,104,4020.5
"Post scheduled trip end time",14,103,89,4020.5
"Post scheduled trip end time",14,270,256,4020.5
"Post scheduled trip end time",14,27,13,4020.5
"Post scheduled trip end time",14,40,26,4020.5
"Post scheduled trip end time",14,56,42,4020.5
"Post scheduled trip end time",14,121,107,4020.5
"Post scheduled trip end time",14,67,53,4020.5
"Post scheduled trip end time",14,26,12,4020.5
"Post scheduled trip end time",14,136,122,4020.5
"Post scheduled trip end time",14,23,9,4020.5
"Post scheduled trip end time",14,174,160,4020.5
"Post scheduled trip end time",14,215,201,4020.5
"Post scheduled trip end time",14,69,55,4020.5
"Post scheduled trip end time",14,119,105,4020.5
"Post scheduled trip end time",14,77,63,4020.5
"Post scheduled trip end time",14,16,2,4020.5
"Post scheduled trip end time",14,41,27,4020.5
"Post scheduled trip end time",14,415,401,4020.5
"Post scheduled trip end time",14,410,396,4020.5
"Post scheduled trip end time",14,91,77,4020.5
"Post scheduled trip end time",14,55,41,4020.5
"Post scheduled trip end time",14,107,93,4020.5
"Post scheduled trip end time",14,92,78,4020.5
"Post scheduled trip end time",14,365,351,4020.5
"Post scheduled trip end time",14,46,32,4020.5
"Post scheduled trip end time",14,460,446,4020.5
"Post scheduled trip end time",14,260,246,4020.5
"Post scheduled trip end time",14,280,266,4020.5
"Post scheduled trip end time",14,190,176,4020.5
"Post scheduled trip end time",14,141,127,4020.5
"Post scheduled trip end time",14,520,506,4020.5
"Post scheduled trip end time",14,340,326,4020.5
"Post scheduled trip end time",14,170,156,4020.5
"Post scheduled trip end time",14,93,79,4020.5
"Post scheduled trip end time",14,181,167,4020.5
"Post scheduled trip end time",14,320,306,4020.5
"Post scheduled trip end time",14,70,56,4020.5
"Post scheduled trip end time",14,89,75,4020.5
"Post scheduled trip end time",14,97,83,4020.5
"Post scheduled trip end time",14,145,131,4020.5
"Post scheduled trip end time",14,166,152,4020.5
"Post scheduled trip end time",14,417,403,4020.5
"Post scheduled trip end time",14,66,52,4020.5
"Post scheduled trip end time",14,72,58,4020.5
"Post scheduled trip end time",14,54,40,4020.5
"Post scheduled trip end time",14,44,30,4020.5
"Post scheduled trip end time",14,81,67,4020.5
"Post scheduled trip end time",14,52,38,4020.5
"Post scheduled trip end time",14,310,296,4020.5
"Post scheduled trip end time",14,14,0,4020.5
"Post scheduled trip end time",14,160,146,4020.5
"Post scheduled trip end time",14,86,72,4020.5
"Post scheduled trip end time",14,275,261,4020.5
"Post scheduled trip end time",14,35,21,4020.5
"Post scheduled trip end time",14,337,323,4020.5
"Post scheduled trip end time",14,96,82,4020.5
"Post scheduled trip end time",14,85,71,4020.5
"Post scheduled trip end time",14,123,109,4020.5
"Post scheduled trip end time",14,305,291,4020.5
"Post scheduled trip end time",14,106,92,4020.5
"Post scheduled trip end time",14,472,458,4020.5
"Post scheduled trip end time",14,37,23,4020.5
"Post scheduled trip end time",14,226,212,4020.5
"Post scheduled trip end time",14,120,106,4020.5
"Post scheduled trip end time",14,62,48,4020.5
"Post scheduled trip end time",14,400,386,4020.5
"Post scheduled trip end time",14,33,19,4020.5
"Post scheduled trip end time",14,64,50,4020.5
"Post scheduled trip end time",14,99,85,4020.5
"Post scheduled trip end time",14,475,461,4020.5
"Post scheduled trip end time",14,15,1,4020.5
"Post scheduled trip end time",14,57,43,4020.5
"Post scheduled trip end time",14,43,29,4020.5
"Post scheduled trip end time",14,19,5,4020.5
"Post scheduled trip end time",14,29,15,4020.5
"Post scheduled trip end time",14,100,86,4020.5
"Post scheduled trip end time",14,21,7,4020.5
"Post scheduled trip end time",14,425,411,4020.5
"Post scheduled trip end time",14,68,54,4020.5
"Post scheduled trip end time",14,25,11,4020.5
"Post scheduled trip end time",14,245,231,4020.5
"Post scheduled trip end time",14,50,36,4020.5
"Post scheduled trip end time",14,53,39,4020.5
"Post scheduled trip end time",14,220,206,4020.5
"Post scheduled trip end time",14,42,28,4020.5
"Post scheduled trip end time",14,130,116,4020.5
"Post scheduled trip end time",14,39,25,4020.5
"Post scheduled trip end time",14,535,521,4020.5
"Post scheduled trip end time",14,47,33,4020.5
"Post scheduled trip end time",14,108,94,4020.5
"Before scheduled trip start time",15,24,9,8038
"Before scheduled trip start time",15,87,72,8038
"Before scheduled trip start time",15,122,107,8038
"Before scheduled trip start time",15,41,26,8038
"Before scheduled trip start time",15,44,29,8038
"Before scheduled trip start time",15,93,78,8038
"Before scheduled trip start time",15,254,239,8038
"Before scheduled trip start time",15,25,10,8038
"Before scheduled trip start time",15,66,51,8038
"Before scheduled trip start time",15,278,263,8038
"Before scheduled trip start time",15,158,143,8038
"Before scheduled trip start time",15,22,7,8038
"Before scheduled trip start time",15,398,383,8038
"Before scheduled trip start time",15,58,43,8038
"Before scheduled trip start time",15,46,31,8038
"Before scheduled trip start time",15,53,38,8038
"Before scheduled trip start time",15,134,119,8038
"Before scheduled trip start time",15,89,74,8038
"Before scheduled trip start time",15,194,179,8038
"Before scheduled trip start time",15,101,86,8038
"Before scheduled trip start time",15,698,683,8038
"Before scheduled trip start time",15,94,79,8038
"Before scheduled trip start time",15,35,20,8038
"Before scheduled trip start time",15,118,103,8038
"Before scheduled trip start time",15,38,23,8038
"Before scheduled trip start time",15,578,563,8038
"Before scheduled trip start time",15,79,64,8038
"Before scheduled trip start time",15,28,13,8038
"Before scheduled trip start time",15,19,4,8038
"Before scheduled trip start time",15,314,299,8038
"Before scheduled trip start time",15,61,46,8038
"Before scheduled trip start time",15,29,14,8038
"Before scheduled trip start time",15,88,73,8038
"Before scheduled trip start time",15,518,503,8038
"Before scheduled trip start time",15,69,54,8038
"Before scheduled trip start time",15,374,359,8038
"Before scheduled trip start time",15,26,11,8038
"Before scheduled trip start time",15,59,44,8038
"Before scheduled trip start time",15,163,148,8038
"Before scheduled trip start time",15,83,68,8038
"Before scheduled trip start time",15,48,33,8038
"Before scheduled trip start time",15,358,343,8038
"Before scheduled trip start time",15,418,403,8038
"Before scheduled trip start time",15,47,32,8038
"Before scheduled trip start time",15,97,82,8038
"Before scheduled trip start time",15,458,443,8038
"Before scheduled trip start time",15,72,57,8038
"Before scheduled trip start time",15,32,17,8038
"Before scheduled trip start time",15,49,34,8038
"Before scheduled trip start time",15,178,163,8038
"Before scheduled trip start time",15,145,130,8038
"Before scheduled trip start time",15,175,160,8038
"Before scheduled trip start time",15,36,21,8038
"Before scheduled trip start time",15,20,5,8038
"Before scheduled trip start time",15,51,36,8038
"Before scheduled trip start time",15,42,27,8038
"Before scheduled trip start time",15,33,18,8038
"Before scheduled trip start time",15,18,3,8038
"Before scheduled trip start time",15,238,223,8038
"Before scheduled trip start time",15,34,19,8038
"Before scheduled trip start time",15,65,50,8038
"Before scheduled trip start time",15,113,98,8038
"Before scheduled trip start time",15,295,280,8038
"Before scheduled trip start time",15,121,106,8038
"Before scheduled trip start time",15,40,25,8038
"Before scheduled trip start time",15,54,39,8038
"Before scheduled trip start time",15,638,623,8038
"Before scheduled trip start time",15,355,340,8038
"Before scheduled trip start time",15,71,56,8038
"Before scheduled trip start time",15,23,8,8038
"Before scheduled trip start time",15,16,1,8038
"Before scheduled trip start time",15,76,61,8038
"Before scheduled trip start time",15,74,59,8038
"Before scheduled trip start time",15,50,35,8038
"Before scheduled trip start time",15,57,42,8038
"Before scheduled trip start time",15,82,67,8038
"Before scheduled trip start time",15,99,84,8038
"Before scheduled trip start time",15,37,22,8038
"Before scheduled trip start time",15,115,100,8038
"Before scheduled trip start time",15,30,15,8038
"Before scheduled trip start time",15,338,323,8038
"Before scheduled trip start time",15,31,16,8038
"Before scheduled trip start time",15,45,30,8038
"Before scheduled trip start time",15,85,70,8038
"Before scheduled trip start time",15,39,24,8038
"Before scheduled trip start time",15,73,58,8038
"Before scheduled trip start time",15,81,66,8038
"Before scheduled trip start time",15,60,45,8038
"Before scheduled trip start time",15,64,49,8038
"Before scheduled trip start time",15,55,40,8038
"Before scheduled trip start time",15,68,53,8038
"Before scheduled trip start time",15,62,47,8038
"Before scheduled trip start time",15,21,6,8038
"Before scheduled trip start time",15,75,60,8038
"Before scheduled trip start time",15,77,62,8038
"Before scheduled trip start time",15,70,55,8038
"Before scheduled trip start time",15,98,83,8038
"Before scheduled trip start time",15,43,28,8038
"Before scheduled trip start time",15,63,48,8038
"Before scheduled trip start time",15,27,12,8038
"Before scheduled trip start time",15,103,88,8038
"Before scheduled trip start time",15,78,63,8038
"Before scheduled trip start time",15,298,283,8038
"Before scheduled trip start time",15,107,92,8038
"Before scheduled trip start time",15,17,2,8038
"Before scheduled trip start time",15,102,87,8038
"Before scheduled trip start time",15,15,0,8038
"Before scheduled trip start time",15,67,52,8038
"Before scheduled trip start time",15,147,132,8038
"Before scheduled trip start time",15,235,220,8038
"Before scheduled trip start time",15,218,203,8038
"Before scheduled trip start time",15,143,128,8038
"During scheduled trip",15,415,400,291
"During scheduled trip",15,74,59,291
"During scheduled trip",15,103,88,291
"During scheduled trip",15,161,146,291
"During scheduled trip",15,260,245,291
"During scheduled trip",15,129,114,291
"During scheduled trip",15,61,46,291
"During scheduled trip",15,196,181,291
"During scheduled trip",15,404,389,291
"During scheduled trip",15,51,36,291
"During scheduled trip",15,106,91,291
"During scheduled trip",15,60,45,291
"During scheduled trip",15,16,1,291
"During scheduled trip",15,98,83,291
"During scheduled trip",15,178,163,291
"During scheduled trip",15,20,5,291
"During scheduled trip",15,552,537,291
"During scheduled trip",15,173,158,291
"During scheduled trip",15,340,325,291
"During scheduled trip",15,107,92,291
"During scheduled trip",15,157,142,291
"During scheduled trip",15,189,174,291
"During scheduled trip",15,852,837,291
"During scheduled trip",15,28,13,291
"During scheduled trip",15,105,90,291
"During scheduled trip",15,153,138,291
"During scheduled trip",15,146,131,291
"During scheduled trip",15,59,44,291
"During scheduled trip",15,464,449,291
"During scheduled trip",15,49,34,291
"During scheduled trip",15,95,80,291
"During scheduled trip",15,18,3,291
"During scheduled trip",15,164,149,291
"During scheduled trip",15,97,82,291
"During scheduled trip",15,94,79,291
"During scheduled trip",15,63,48,291
"During scheduled trip",15,43,28,291
"During scheduled trip",15,112,97,291
"During scheduled trip",15,67,52,291
"During scheduled trip",15,127,112,291
"During scheduled trip",15,912,897,291
"During scheduled trip",15,40,25,291
"During scheduled trip",15,114,99,291
"During scheduled trip",15,145,130,291
"During scheduled trip",15,154,139,291
"During scheduled trip",15,133,118,291
"During scheduled trip",15,155,140,291
"During scheduled trip",15,136,121,291
"During scheduled trip",15,298,283,291
"During scheduled trip",15,401,386,291
"During scheduled trip",15,344,329,291
"During scheduled trip",15,372,357,291
"During scheduled trip",15,108,93,291
"During scheduled trip",15,160,145,291
"During scheduled trip",15,56,41,291
"During scheduled trip",15,44,29,291
"During scheduled trip",15,31,16,291
"During scheduled trip",15,595,580,291
"During scheduled trip",15,65,50,291
"During scheduled trip",15,80,65,291
"During scheduled trip",15,350,335,291
"During scheduled trip",15,172,157,291
"During scheduled trip",15,653,638,291
"During scheduled trip",15,57,42,291
"During scheduled trip",15,208,193,291
"During scheduled trip",15,232,217,291
"During scheduled trip",15,62,47,291
"During scheduled trip",15,110,95,291
"During scheduled trip",15,45,30,291
"During scheduled trip",15,475,460,291
"During scheduled trip",15,245,230,291
"During scheduled trip",15,117,102,291
"During scheduled trip",15,41,26,291
"During scheduled trip",15,148,133,291
"During scheduled trip",15,195,180,291
"During scheduled trip",15,102,87,291
"During scheduled trip",15,66,51,291
"During scheduled trip",15,192,177,291
"During scheduled trip",15,186,171,291
"During scheduled trip",15,280,265,291
"During scheduled trip",15,22,7,291
"During scheduled trip",15,138,123,291
"During scheduled trip",15,147,132,291
"During scheduled trip",15,612,597,291
"During scheduled trip",15,200,185,291
"During scheduled trip",15,305,290,291
"During scheduled trip",15,30,15,291
"During scheduled trip",15,221,206,291
"During scheduled trip",15,35,20,291
"During scheduled trip",15,234,219,291
"During scheduled trip",15,21,6,291
"During scheduled trip",15,34,19,291
"During scheduled trip",15,46,31,291
"During scheduled trip",15,492,477,291
"During scheduled trip",15,732,717,291
"During scheduled trip",15,197,182,291
"During scheduled trip",15,337,322,291
"During scheduled trip",15,79,64,291
"During scheduled trip",15,142,127,291
"During scheduled trip",15,252,237,291
"During scheduled trip",15,90,75,291
"During scheduled trip",15,81,66,291
"During scheduled trip",15,174,159,291
"During scheduled trip",15,140,125,291
"During scheduled trip",15,33,18,291
"During scheduled trip",15,53,38,291
"During scheduled trip",15,131,116,291
"During scheduled trip",15,37,22,291
"During scheduled trip",15,149,134,291
"During scheduled trip",15,126,111,291
"During scheduled trip",15,52,37,291
"During scheduled trip",15,123,108,291
"During scheduled trip",15,71,56,291
"During scheduled trip",15,50,35,291
"During scheduled trip",15,137,122,291
"During scheduled trip",15,27,12,291
"During scheduled trip",15,187,172,291
"During scheduled trip",15,26,11,291
"During scheduled trip",15,92,77,291
"During scheduled trip",15,121,106,291
"During scheduled trip",15,143,128,291
"During scheduled trip",15,122,107,291
"During scheduled trip",15,70,55,291
"During scheduled trip",15,185,170,291
"During scheduled trip",15,73,58,291
"During scheduled trip",15,134,119,291
"During scheduled trip",15,77,62,291
"During scheduled trip",15,181,166,291
"During scheduled trip",15,118,103,291
"During scheduled trip",15,15,0,291
"During scheduled trip",15,99,84,291
"During scheduled trip",15,281,266,291
"During scheduled trip",15,87,72,291
"During scheduled trip",15,69,54,291
"During scheduled trip",15,47,32,291
"During scheduled trip",15,220,205,291
"During scheduled trip",15,119,104,291
"During scheduled trip",15,277,262,291
"During scheduled trip",15,341,326,291
"During scheduled trip",15,224,209,291
"During scheduled trip",15,432,417,291
"During scheduled trip",15,152,137,291
"During scheduled trip",15,190,175,291
"During scheduled trip",15,314,299,291
"During scheduled trip",15,75,60,291
"During scheduled trip",15,88,73,291
"During scheduled trip",15,410,395,291
"During scheduled trip",15,124,109,291
"During scheduled trip",15,93,78,291
"During scheduled trip",15,109,94,291
"During scheduled trip",15,64,49,291
"During scheduled trip",15,104,89,291
"During scheduled trip",15,25,10,291
"During scheduled trip",15,130,115,291
"During scheduled trip",15,39,24,291
"During scheduled trip",15,68,53,291
"During scheduled trip",15,198,183,291
"During scheduled trip",15,294,279,291
"During scheduled trip",15,82,67,291
"During scheduled trip",15,116,101,291
"During scheduled trip",15,290,275,291
"During scheduled trip",15,374,359,291
"During scheduled trip",15,170,155,291
"During scheduled trip",15,111,96,291
"During scheduled trip",15,36,21,291
"During scheduled trip",15,42,27,291
"During scheduled trip",15,54,39,291
"During scheduled trip",15,284,269,291
"During scheduled trip",15,132,117,291
"During scheduled trip",15,17,2,291
"During scheduled trip",15,535,520,291
"During scheduled trip",15,58,43,291
"During scheduled trip",15,83,68,291
"During scheduled trip",15,29,14,291
"During scheduled trip",15,72,57,291
"During scheduled trip",15,165,150,291
"During scheduled trip",15,972,957,291
"During scheduled trip",15,230,215,291
"During scheduled trip",15,76,61,291
"During scheduled trip",15,792,777,291
"During scheduled trip",15,48,33,291
"During scheduled trip",15,89,74,291
"During scheduled trip",15,101,86,291
"During scheduled trip",15,312,297,291
"During scheduled trip",15,158,143,291
"During scheduled trip",15,85,70,291
"During scheduled trip",15,115,100,291
"During scheduled trip",15,24,9,291
"During scheduled trip",15,23,8,291
"During scheduled trip",15,125,110,291
"During scheduled trip",15,524,509,291
"During scheduled trip",15,91,76,291
"During scheduled trip",15,238,223,291
"During scheduled trip",15,84,69,291
"During scheduled trip",15,86,71,291
"During scheduled trip",15,32,17,291
"During scheduled trip",15,217,202,291
"During scheduled trip",15,19,4,291
"During scheduled trip",15,55,40,291
"During scheduled trip",15,100,85,291
"During scheduled trip",15,78,63,291
"During scheduled trip",15,38,23,291
"During scheduled trip",15,113,98,291
"During scheduled trip",15,96,81,291
"During scheduled trip",15,672,657,291
"Post scheduled trip end time",15,42,27,4020.5
"Post scheduled trip end time",15,82,67,4020.5
"Post scheduled trip end time",15,58,43,4020.5
"Post scheduled trip end time",15,69,54,4020.5
"Post scheduled trip end time",15,44,29,4020.5
"Post scheduled trip end time",15,95,80,4020.5
"Post scheduled trip end time",15,23,8,4020.5
"Post scheduled trip end time",15,75,60,4020.5
"Post scheduled trip end time",15,118,103,4020.5
"Post scheduled trip end time",15,86,71,4020.5
"Post scheduled trip end time",15,51,36,4020.5
"Post scheduled trip end time",15,133,118,4020.5
"Post scheduled trip end time",15,45,30,4020.5
"Post scheduled trip end time",15,53,38,4020.5
"Post scheduled trip end time",15,382,367,4020.5
"Post scheduled trip end time",15,24,9,4020.5
"Post scheduled trip end time",15,65,50,4020.5
"Post scheduled trip end time",15,126,111,4020.5
"Post scheduled trip end time",15,28,13,4020.5
"Post scheduled trip end time",15,85,70,4020.5
"Post scheduled trip end time",15,103,88,4020.5
"Post scheduled trip end time",15,159,144,4020.5
"Post scheduled trip end time",15,161,146,4020.5
"Post scheduled trip end time",15,46,31,4020.5
"Post scheduled trip end time",15,16,1,4020.5
"Post scheduled trip end time",15,357,342,4020.5
"Post scheduled trip end time",15,79,64,4020.5
"Post scheduled trip end time",15,145,130,4020.5
"Post scheduled trip end time",15,80,65,4020.5
"Post scheduled trip end time",15,38,23,4020.5
"Post scheduled trip end time",15,66,51,4020.5
"Post scheduled trip end time",15,57,42,4020.5
"Post scheduled trip end time",15,109,94,4020.5
"Post scheduled trip end time",15,31,16,4020.5
"Post scheduled trip end time",15,271,256,4020.5
"Post scheduled trip end time",15,64,49,4020.5
"Post scheduled trip end time",15,87,72,4020.5
"Post scheduled trip end time",15,104,89,4020.5
"Post scheduled trip end time",15,266,251,4020.5
"Post scheduled trip end time",15,32,17,4020.5
"Post scheduled trip end time",15,642,627,4020.5
"Post scheduled trip end time",15,77,62,4020.5
"Post scheduled trip end time",15,93,78,4020.5
"Post scheduled trip end time",15,21,6,4020.5
"Post scheduled trip end time",15,47,32,4020.5
"Post scheduled trip end time",15,185,170,4020.5
"Post scheduled trip end time",15,39,24,4020.5
"Post scheduled trip end time",15,125,110,4020.5
"Post scheduled trip end time",15,55,40,4020.5
"Post scheduled trip end time",15,582,567,4020.5
"Post scheduled trip end time",15,277,262,4020.5
"Post scheduled trip end time",15,355,340,4020.5
"Post scheduled trip end time",15,61,46,4020.5
"Post scheduled trip end time",15,541,526,4020.5
"Post scheduled trip end time",15,352,337,4020.5
"Post scheduled trip end time",15,157,142,4020.5
"Post scheduled trip end time",15,593,578,4020.5
"Post scheduled trip end time",15,105,90,4020.5
"Post scheduled trip end time",15,35,20,4020.5
"Post scheduled trip end time",15,148,133,4020.5
"Post scheduled trip end time",15,36,21,4020.5
"Post scheduled trip end time",15,601,586,4020.5
"Post scheduled trip end time",15,30,15,4020.5
"Post scheduled trip end time",15,26,11,4020.5
"Post scheduled trip end time",15,151,136,4020.5
"Post scheduled trip end time",15,96,81,4020.5
"Post scheduled trip end time",15,150,135,4020.5
"Post scheduled trip end time",15,62,47,4020.5
"Post scheduled trip end time",15,63,48,4020.5
"Post scheduled trip end time",15,137,122,4020.5
"Post scheduled trip end time",15,73,58,4020.5
"Post scheduled trip end time",15,101,86,4020.5
"Post scheduled trip end time",15,15,0,4020.5
"Post scheduled trip end time",15,211,196,4020.5
"Post scheduled trip end time",15,71,56,4020.5
"Post scheduled trip end time",15,90,75,4020.5
"Post scheduled trip end time",15,60,45,4020.5
"Post scheduled trip end time",15,295,280,4020.5
"Post scheduled trip end time",15,70,55,4020.5
"Post scheduled trip end time",15,78,63,4020.5
"Post scheduled trip end time",15,40,25,4020.5
"Post scheduled trip end time",15,140,125,4020.5
"Post scheduled trip end time",15,97,82,4020.5
"Post scheduled trip end time",15,108,93,4020.5
"Post scheduled trip end time",15,284,269,4020.5
"Post scheduled trip end time",15,130,115,4020.5
"Post scheduled trip end time",15,102,87,4020.5
"Post scheduled trip end time",15,88,73,4020.5
"Post scheduled trip end time",15,25,10,4020.5
"Post scheduled trip end time",15,18,3,4020.5
"Post scheduled trip end time",15,19,4,4020.5
"Post scheduled trip end time",15,59,44,4020.5
"Post scheduled trip end time",15,147,132,4020.5
"Post scheduled trip end time",15,322,307,4020.5
"Post scheduled trip end time",15,48,33,4020.5
"Post scheduled trip end time",15,50,35,4020.5
"Post scheduled trip end time",15,27,12,4020.5
"Post scheduled trip end time",15,113,98,4020.5
"Post scheduled trip end time",15,106,91,4020.5
"Post scheduled trip end time",15,43,28,4020.5
"Post scheduled trip end time",15,344,329,4020.5
"Post scheduled trip end time",15,316,301,4020.5
"Post scheduled trip end time",15,481,466,4020.5
"Post scheduled trip end time",15,111,96,4020.5
"Post scheduled trip end time",15,22,7,4020.5
"Post scheduled trip end time",15,29,14,4020.5
"Post scheduled trip end time",15,56,41,4020.5
"Post scheduled trip end time",15,170,155,4020.5
"Post scheduled trip end time",15,72,57,4020.5
"Post scheduled trip end time",15,146,131,4020.5
"Post scheduled trip end time",15,199,184,4020.5
"Post scheduled trip end time",15,99,84,4020.5
"Post scheduled trip end time",15,224,209,4020.5
"Post scheduled trip end time",15,94,79,4020.5
"Post scheduled trip end time",15,33,18,4020.5
"Post scheduled trip end time",15,350,335,4020.5
"Post scheduled trip end time",15,139,124,4020.5
"Post scheduled trip end time",15,49,34,4020.5
"Post scheduled trip end time",15,81,66,4020.5
"Post scheduled trip end time",15,17,2,4020.5
"Post scheduled trip end time",15,154,139,4020.5
"Post scheduled trip end time",15,412,397,4020.5
"Post scheduled trip end time",15,110,95,4020.5
"Post scheduled trip end time",15,52,37,4020.5
"Post scheduled trip end time",15,68,53,4020.5
"Post scheduled trip end time",15,134,119,4020.5
"Post scheduled trip end time",15,54,39,4020.5
"Post scheduled trip end time",15,177,162,4020.5
"Post scheduled trip end time",15,292,277,4020.5
"Post scheduled trip end time",15,162,147,4020.5
"Post scheduled trip end time",15,76,61,4020.5
"Post scheduled trip end time",15,206,191,4020.5
"Post scheduled trip end time",15,34,19,4020.5
"Post scheduled trip end time",15,128,113,4020.5
"Post scheduled trip end time",15,653,638,4020.5
"Post scheduled trip end time",15,20,5,4020.5
"Post scheduled trip end time",15,37,22,4020.5
"Post scheduled trip end time",15,41,26,4020.5
"Post scheduled trip end time",15,74,59,4020.5
"Post scheduled trip end time",15,84,69,4020.5
"Post scheduled trip end time",15,91,76,4020.5
"Post scheduled trip end time",15,200,185,4020.5
"Post scheduled trip end time",15,67,52,4020.5
"Post scheduled trip end time",15,92,77,4020.5
"Before scheduled trip start time",20,498,478,8038
"Before scheduled trip start time",20,112,92,8038
"Before scheduled trip start time",20,124,104,8038
"Before scheduled trip start time",20,465,445,8038
"Before scheduled trip start time",20,1130,1110,8038
"Before scheduled trip start time",20,89,69,8038
"Before scheduled trip start time",20,165,145,8038
"Before scheduled trip start time",20,182,162,8038
"Before scheduled trip start time",20,42,22,8038
"Before scheduled trip start time",20,161,141,8038
"Before scheduled trip start time",20,186,166,8038
"Before scheduled trip start time",20,173,153,8038
"Before scheduled trip start time",20,190,170,8038
"Before scheduled trip start time",20,85,65,8038
"Before scheduled trip start time",20,138,118,8038
"Before scheduled trip start time",20,290,270,8038
"Before scheduled trip start time",20,45,25,8038
"Before scheduled trip start time",20,54,34,8038
"Before scheduled trip start time",20,169,149,8038
"Before scheduled trip start time",20,530,510,8038
"Before scheduled trip start time",20,73,53,8038
"Before scheduled trip start time",20,25444,25424,8038
"Before scheduled trip start time",20,105,85,8038
"Before scheduled trip start time",20,590,570,8038
"Before scheduled trip start time",20,114,94,8038
"Before scheduled trip start time",20,171,151,8038
"Before scheduled trip start time",20,20,0,8038
"Before scheduled trip start time",20,525,505,8038
"Before scheduled trip start time",20,132,112,8038
"Before scheduled trip start time",20,25282,25262,8038
"Before scheduled trip start time",20,27,7,8038
"Before scheduled trip start time",20,111,91,8038
"Before scheduled trip start time",20,33,13,8038
"Before scheduled trip start time",20,63,43,8038
"Before scheduled trip start time",20,150,130,8038
"Before scheduled trip start time",20,87,67,8038
"Before scheduled trip start time",20,142,122,8038
"Before scheduled trip start time",20,1125,1105,8038
"Before scheduled trip start time",20,438,418,8038
"Before scheduled trip start time",20,146,126,8038
"Before scheduled trip start time",20,765,745,8038
"Before scheduled trip start time",20,94,74,8038
"Before scheduled trip start time",20,47,27,8038
"Before scheduled trip start time",20,36,16,8038
"Before scheduled trip start time",20,825,805,8038
"Before scheduled trip start time",20,58,38,8038
"Before scheduled trip start time",20,88,68,8038
"Before scheduled trip start time",20,145,125,8038
"Before scheduled trip start time",20,481,461,8038
"Before scheduled trip start time",20,410,390,8038
"Before scheduled trip start time",20,25466,25446,8038
"Before scheduled trip start time",20,24,4,8038
"Before scheduled trip start time",20,44,24,8038
"Before scheduled trip start time",20,25420,25400,8038
"Before scheduled trip start time",20,37,17,8038
"Before scheduled trip start time",20,213,193,8038
"Before scheduled trip start time",20,25359,25339,8038
"Before scheduled trip start time",20,121,101,8038
"Before scheduled trip start time",20,301,281,8038
"Before scheduled trip start time",20,147,127,8038
"Before scheduled trip start time",20,25462,25442,8038
"Before scheduled trip start time",20,144,124,8038
"Before scheduled trip start time",20,231,211,8038
"Before scheduled trip start time",20,143,123,8038
"Before scheduled trip start time",20,46,26,8038
"Before scheduled trip start time",20,185,165,8038
"Before scheduled trip start time",20,1370,1350,8038
"Before scheduled trip start time",20,30,10,8038
"Before scheduled trip start time",20,86,66,8038
"Before scheduled trip start time",20,118,98,8038
"Before scheduled trip start time",20,71,51,8038
"Before scheduled trip start time",20,1190,1170,8038
"Before scheduled trip start time",20,193,173,8038
"Before scheduled trip start time",20,183,163,8038
"Before scheduled trip start time",20,134,114,8038
"Before scheduled trip start time",20,230,210,8038
"Before scheduled trip start time",20,103,83,8038
"Before scheduled trip start time",20,200,180,8038
"Before scheduled trip start time",20,82,62,8038
"Before scheduled trip start time",20,156,136,8038
"Before scheduled trip start time",20,96,76,8038
"Before scheduled trip start time",20,421,401,8038
"Before scheduled trip start time",20,108,88,8038
"Before scheduled trip start time",20,40,20,8038
"Before scheduled trip start time",20,170,150,8038
"Before scheduled trip start time",20,55,35,8038
"Before scheduled trip start time",20,130,110,8038
"Before scheduled trip start time",20,107,87,8038
"Before scheduled trip start time",20,179,159,8038
"Before scheduled trip start time",20,225,205,8038
"Before scheduled trip start time",20,167,147,8038
"Before scheduled trip start time",20,1070,1050,8038
"Before scheduled trip start time",20,128,108,8038
"Before scheduled trip start time",20,241,221,8038
"Before scheduled trip start time",20,25574,25554,8038
"Before scheduled trip start time",20,721,701,8038
"Before scheduled trip start time",20,28,8,8038
"Before scheduled trip start time",20,223,203,8038
"Before scheduled trip start time",20,175,155,8038
"Before scheduled trip start time",20,211,191,8038
"Before scheduled trip start time",20,48,28,8038
"Before scheduled trip start time",20,75,55,8038
"Before scheduled trip start time",20,25438,25418,8038
"Before scheduled trip start time",20,189,169,8038
"Before scheduled trip start time",20,585,565,8038
"Before scheduled trip start time",20,23,3,8038
"Before scheduled trip start time",20,39,19,8038
"Before scheduled trip start time",20,645,625,8038
"Before scheduled trip start time",20,174,154,8038
"Before scheduled trip start time",20,117,97,8038
"Before scheduled trip start time",20,650,630,8038
"Before scheduled trip start time",20,79,59,8038
"Before scheduled trip start time",20,1005,985,8038
"Before scheduled trip start time",20,188,168,8038
"Before scheduled trip start time",20,164,144,8038
"Before scheduled trip start time",20,106,86,8038
"Before scheduled trip start time",20,162,142,8038
"Before scheduled trip start time",20,168,148,8038
"Before scheduled trip start time",20,52,32,8038
"Before scheduled trip start time",20,95,75,8038
"Before scheduled trip start time",20,99,79,8038
"Before scheduled trip start time",20,332,312,8038
"Before scheduled trip start time",20,91,71,8038
"Before scheduled trip start time",20,25503,25483,8038
"Before scheduled trip start time",20,90,70,8038
"Before scheduled trip start time",20,159,139,8038
"Before scheduled trip start time",20,123,103,8038
"Before scheduled trip start time",20,35,15,8038
"Before scheduled trip start time",20,113,93,8038
"Before scheduled trip start time",20,59,39,8038
"Before scheduled trip start time",20,74,54,8038
"Before scheduled trip start time",20,21,1,8038
"Before scheduled trip start time",20,149,129,8038
"Before scheduled trip start time",20,100,80,8038
"Before scheduled trip start time",20,61,41,8038
"Before scheduled trip start time",20,32,12,8038
"Before scheduled trip start time",20,49,29,8038
"Before scheduled trip start time",20,154,134,8038
"Before scheduled trip start time",20,67,47,8038
"Before scheduled trip start time",20,199,179,8038
"Before scheduled trip start time",20,160,140,8038
"Before scheduled trip start time",20,221,201,8038
"Before scheduled trip start time",20,1065,1045,8038
"Before scheduled trip start time",20,51,31,8038
"Before scheduled trip start time",20,945,925,8038
"Before scheduled trip start time",20,148,128,8038
"Before scheduled trip start time",20,1250,1230,8038
"Before scheduled trip start time",20,43,23,8038
"Before scheduled trip start time",20,115,95,8038
"Before scheduled trip start time",20,198,178,8038
"Before scheduled trip start time",20,333,313,8038
"Before scheduled trip start time",20,29,9,8038
"Before scheduled trip start time",20,661,641,8038
"Before scheduled trip start time",20,22,2,8038
"Before scheduled trip start time",20,178,158,8038
"Before scheduled trip start time",20,104,84,8038
"Before scheduled trip start time",20,217,197,8038
"Before scheduled trip start time",20,80,60,8038
"Before scheduled trip start time",20,770,750,8038
"Before scheduled trip start time",20,31,11,8038
"Before scheduled trip start time",20,1310,1290,8038
"Before scheduled trip start time",20,66,46,8038
"Before scheduled trip start time",20,601,581,8038
"Before scheduled trip start time",20,176,156,8038
"Before scheduled trip start time",20,25473,25453,8038
"Before scheduled trip start time",20,133,113,8038
"Before scheduled trip start time",20,122,102,8038
"Before scheduled trip start time",20,405,385,8038
"Before scheduled trip start time",20,1185,1165,8038
"Before scheduled trip start time",20,110,90,8038
"Before scheduled trip start time",20,26,6,8038
"Before scheduled trip start time",20,350,330,8038
"Before scheduled trip start time",20,194,174,8038
"Before scheduled trip start time",20,83,63,8038
"Before scheduled trip start time",20,77,57,8038
"Before scheduled trip start time",20,70,50,8038
"Before scheduled trip start time",20,181,161,8038
"Before scheduled trip start time",20,139,119,8038
"Before scheduled trip start time",20,72,52,8038
"Before scheduled trip start time",20,102,82,8038
"Before scheduled trip start time",20,541,521,8038
"Before scheduled trip start time",20,131,111,8038
"Before scheduled trip start time",20,76,56,8038
"Before scheduled trip start time",20,201,181,8038
"Before scheduled trip start time",20,140,120,8038
"Before scheduled trip start time",20,25,5,8038
"Before scheduled trip start time",20,93,73,8038
"Before scheduled trip start time",20,453,433,8038
"Before scheduled trip start time",20,705,685,8038
"Before scheduled trip start time",20,151,131,8038
"Before scheduled trip start time",20,558,538,8038
"Before scheduled trip start time",20,127,107,8038
"Before scheduled trip start time",20,157,137,8038
"Before scheduled trip start time",20,197,177,8038
"Before scheduled trip start time",20,318,298,8038
"Before scheduled trip start time",20,885,865,8038
"Before scheduled trip start time",20,137,117,8038
"Before scheduled trip start time",20,38,18,8038
"Before scheduled trip start time",20,129,109,8038
"Before scheduled trip start time",20,272,252,8038
"Before scheduled trip start time",20,81,61,8038
"Before scheduled trip start time",20,57,37,8038
"Before scheduled trip start time",20,710,690,8038
"Before scheduled trip start time",20,25317,25297,8038
"Before scheduled trip start time",20,56,36,8038
"Before scheduled trip start time",20,84,64,8038
"Before scheduled trip start time",20,950,930,8038
"Before scheduled trip start time",20,285,265,8038
"Before scheduled trip start time",20,78,58,8038
"Before scheduled trip start time",20,25348,25328,8038
"Before scheduled trip start time",20,25335,25315,8038
"Before scheduled trip start time",20,1010,990,8038
"Before scheduled trip start time",20,119,99,8038
"Before scheduled trip start time",20,25407,25387,8038
"Before scheduled trip start time",20,890,870,8038
"Before scheduled trip start time",20,136,116,8038
"Before scheduled trip start time",20,65,45,8038
"Before scheduled trip start time",20,141,121,8038
"Before scheduled trip start time",20,68,48,8038
"Before scheduled trip start time",20,41,21,8038
"Before scheduled trip start time",20,116,96,8038
"Before scheduled trip start time",20,64,44,8038
"Before scheduled trip start time",20,152,132,8038
"Before scheduled trip start time",20,98,78,8038
"Before scheduled trip start time",20,62,42,8038
"Before scheduled trip start time",20,50,30,8038
"Before scheduled trip start time",20,830,810,8038
"Before scheduled trip start time",20,109,89,8038
"Before scheduled trip start time",20,180,160,8038
"Before scheduled trip start time",20,166,146,8038
"Before scheduled trip start time",20,125,105,8038
"Before scheduled trip start time",20,60,40,8038
"Before scheduled trip start time",20,361,341,8038
"Before scheduled trip start time",20,126,106,8038
"Before scheduled trip start time",20,163,143,8038
"Before scheduled trip start time",20,153,133,8038
"Before scheduled trip start time",20,212,192,8038
"Before scheduled trip start time",20,34,14,8038
"Before scheduled trip start time",20,184,164,8038
"Before scheduled trip start time",20,470,450,8038
"Before scheduled trip start time",20,101,81,8038
"Before scheduled trip start time",20,378,358,8038
"Before scheduled trip start time",20,158,138,8038
"Before scheduled trip start time",20,53,33,8038
"Before scheduled trip start time",20,228,208,8038
"Before scheduled trip start time",20,177,157,8038
"Before scheduled trip start time",20,393,373,8038
"Before scheduled trip start time",20,92,72,8038
"Before scheduled trip start time",20,187,167,8038
"Before scheduled trip start time",20,120,100,8038
"Before scheduled trip start time",20,258,238,8038
"Before scheduled trip start time",20,25546,25526,8038
"Before scheduled trip start time",20,97,77,8038
"Before scheduled trip start time",20,172,152,8038
"Before scheduled trip start time",20,273,253,8038
"Before scheduled trip start time",20,69,49,8038
"Before scheduled trip start time",20,155,135,8038
"Before scheduled trip start time",20,345,325,8038
"During scheduled trip",20,980,960,291
"During scheduled trip",20,168,148,291
"During scheduled trip",20,77,57,291
"During scheduled trip",20,55,35,291
"During scheduled trip",20,880,860,291
"During scheduled trip",20,223,203,291
"During scheduled trip",20,76,56,291
"During scheduled trip",20,94,74,291
"During scheduled trip",20,25367,25347,291
"During scheduled trip",20,399,379,291
"During scheduled trip",20,1820,1800,291
"During scheduled trip",20,282,262,291
"During scheduled trip",20,227,207,291
"During scheduled trip",20,331,311,291
"During scheduled trip",20,25479,25459,291
"During scheduled trip",20,620,600,291
"During scheduled trip",20,25466,25446,291
"During scheduled trip",20,1773,1753,291
"During scheduled trip",20,393,373,291
"During scheduled trip",20,212,192,291
"During scheduled trip",20,700,680,291
"During scheduled trip",20,121,101,291
"During scheduled trip",20,374,354,291
"During scheduled trip",20,535,515,291
"During scheduled trip",20,114,94,291
"During scheduled trip",20,281,261,291
"During scheduled trip",20,124,104,291
"During scheduled trip",20,25396,25376,291
"During scheduled trip",20,25298,25278,291
"During scheduled trip",20,35,15,291
"During scheduled trip",20,25321,25301,291
"During scheduled trip",20,46,26,291
"During scheduled trip",20,813,793,291
"During scheduled trip",20,248,228,291
"During scheduled trip",20,391,371,291
"During scheduled trip",20,817,797,291
"During scheduled trip",20,441,421,291
"During scheduled trip",20,52,32,291
"During scheduled trip",20,25434,25414,291
"During scheduled trip",20,1473,1453,291
"During scheduled trip",20,202,182,291
"During scheduled trip",20,407,387,291
"During scheduled trip",20,56,36,291
"During scheduled trip",20,25301,25281,291
"During scheduled trip",20,1321,1301,291
"During scheduled trip",20,48,28,291
"During scheduled trip",20,27,7,291
"During scheduled trip",20,102,82,291
"During scheduled trip",20,266,246,291
"During scheduled trip",20,661,641,291
"During scheduled trip",20,21,1,291
"During scheduled trip",20,25449,25429,291
"During scheduled trip",20,191,171,291
"During scheduled trip",20,488,468,291
"During scheduled trip",20,961,941,291
"During scheduled trip",20,1240,1220,291
"During scheduled trip",20,1220,1200,291
"During scheduled trip",20,785,765,291
"During scheduled trip",20,132,112,291
"During scheduled trip",20,172,152,291
"During scheduled trip",20,1420,1400,291
"During scheduled trip",20,43,23,291
"During scheduled trip",20,362,342,291
"During scheduled trip",20,933,913,291
"During scheduled trip",20,1430,1410,291
"During scheduled trip",20,440,420,291
"During scheduled trip",20,78,58,291
"During scheduled trip",20,424,404,291
"During scheduled trip",20,25388,25368,291
"During scheduled trip",20,156,136,291
"During scheduled trip",20,386,366,291
"During scheduled trip",20,183,163,291
"During scheduled trip",20,171,151,291
"During scheduled trip",20,770,750,291
"During scheduled trip",20,364,344,291
"During scheduled trip",20,25324,25304,291
"During scheduled trip",20,484,464,291
"During scheduled trip",20,181,161,291
"During scheduled trip",20,25,5,291
"During scheduled trip",20,81,61,291
"During scheduled trip",20,1106,1086,291
"During scheduled trip",20,32,12,291
"During scheduled trip",20,25423,25403,291
"During scheduled trip",20,25276,25256,291
"During scheduled trip",20,200,180,291
"During scheduled trip",20,25363,25343,291
"During scheduled trip",20,326,306,291
"During scheduled trip",20,680,660,291
"During scheduled trip",20,423,403,291
"During scheduled trip",20,279,259,291
"During scheduled trip",20,253,233,291
"During scheduled trip",20,278,258,291
"During scheduled trip",20,150,130,291
"During scheduled trip",20,920,900,291
"During scheduled trip",20,148,128,291
"During scheduled trip",20,164,144,291
"During scheduled trip",20,502,482,291
"During scheduled trip",20,1293,1273,291
"During scheduled trip",20,129,109,291
"During scheduled trip",20,174,154,291
"During scheduled trip",20,24,4,291
"During scheduled trip",20,217,197,291
"During scheduled trip",20,25334,25314,291
"During scheduled trip",20,1102,1082,291
"During scheduled trip",20,1261,1241,291
"During scheduled trip",20,1365,1345,291
"During scheduled trip",20,1021,1001,291
"During scheduled trip",20,262,242,291
"During scheduled trip",20,185,165,291
"During scheduled trip",20,252,232,291
"During scheduled trip",20,107,87,291
"During scheduled trip",20,1660,1640,291
"During scheduled trip",20,37,17,291
"During scheduled trip",20,1053,1033,291
"During scheduled trip",20,25454,25434,291
"During scheduled trip",20,554,534,291
"During scheduled trip",20,96,76,291
"During scheduled trip",20,290,270,291
"During scheduled trip",20,518,498,291
"During scheduled trip",20,71,51,291
"During scheduled trip",20,25328,25308,291
"During scheduled trip",20,194,174,291
"During scheduled trip",20,1480,1460,291
"During scheduled trip",20,25382,25362,291
"During scheduled trip",20,189,169,291
"During scheduled trip",20,545,525,291
"During scheduled trip",20,1166,1146,291
"During scheduled trip",20,922,902,291
"During scheduled trip",20,259,239,291
"During scheduled trip",20,271,251,291
"During scheduled trip",20,210,190,291
"During scheduled trip",20,29,9,291
"During scheduled trip",20,92,72,291
"During scheduled trip",20,108,88,291
"During scheduled trip",20,30,10,291
"During scheduled trip",20,116,96,291
"During scheduled trip",20,428,408,291
"During scheduled trip",20,25318,25298,291
"During scheduled trip",20,113,93,291
"During scheduled trip",20,460,440,291
"During scheduled trip",20,25326,25306,291
"During scheduled trip",20,95,75,291
"During scheduled trip",20,494,474,291
"During scheduled trip",20,97,77,291
"During scheduled trip",20,133,113,291
"During scheduled trip",20,841,821,291
"During scheduled trip",20,322,302,291
"During scheduled trip",20,368,348,291
"During scheduled trip",20,25402,25382,291
"During scheduled trip",20,25291,25271,291
"During scheduled trip",20,220,200,291
"During scheduled trip",20,244,224,291
"During scheduled trip",20,25308,25288,291
"During scheduled trip",20,25399,25379,291
"During scheduled trip",20,36,16,291
"During scheduled trip",20,482,462,291
"During scheduled trip",20,566,546,291
"During scheduled trip",20,295,275,291
"During scheduled trip",20,234,214,291
"During scheduled trip",20,560,540,291
"During scheduled trip",20,422,402,291
"During scheduled trip",20,1113,1093,291
"During scheduled trip",20,257,237,291
"During scheduled trip",20,25287,25267,291
"During scheduled trip",20,783,763,291
"During scheduled trip",20,305,285,291
"During scheduled trip",20,818,798,291
"During scheduled trip",20,209,189,291
"During scheduled trip",20,758,738,291
"During scheduled trip",20,314,294,291
"During scheduled trip",20,258,238,291
"During scheduled trip",20,138,118,291
"During scheduled trip",20,1580,1560,291
"During scheduled trip",20,75,55,291
"During scheduled trip",20,65,45,291
"During scheduled trip",20,355,335,291
"During scheduled trip",20,1286,1266,291
"During scheduled trip",20,123,103,291
"During scheduled trip",20,25336,25316,291
"During scheduled trip",20,25487,25467,291
"During scheduled trip",20,62,42,291
"During scheduled trip",20,302,282,291
"During scheduled trip",20,1120,1100,291
"During scheduled trip",20,1023,1003,291
"During scheduled trip",20,1282,1262,291
"During scheduled trip",20,298,278,291
"During scheduled trip",20,740,720,291
"During scheduled trip",20,901,881,291
"During scheduled trip",20,33,13,291
"During scheduled trip",20,119,99,291
"During scheduled trip",20,590,570,291
"During scheduled trip",20,31,11,291
"During scheduled trip",20,142,122,291
"During scheduled trip",20,25322,25302,291
"During scheduled trip",20,380,360,291
"During scheduled trip",20,106,86,291
"During scheduled trip",20,25319,25299,291
"During scheduled trip",20,1406,1386,291
"During scheduled trip",20,303,283,291
"During scheduled trip",20,1141,1121,291
"During scheduled trip",20,63,43,291
"During scheduled trip",20,182,162,291
"During scheduled trip",20,25313,25293,291
"During scheduled trip",20,351,331,291
"During scheduled trip",20,25409,25389,291
"During scheduled trip",20,115,95,291
"During scheduled trip",20,53,33,291
"During scheduled trip",20,219,199,291
"During scheduled trip",20,232,212,291
"During scheduled trip",20,98,78,291
"During scheduled trip",20,1360,1340,291
"During scheduled trip",20,193,173,291
"During scheduled trip",20,342,322,291
"During scheduled trip",20,1413,1393,291
"During scheduled trip",20,1245,1225,291
"During scheduled trip",20,144,124,291
"During scheduled trip",20,25309,25289,291
"During scheduled trip",20,126,106,291
"During scheduled trip",20,287,267,291
"During scheduled trip",20,25329,25309,291
"During scheduled trip",20,1522,1502,291
"During scheduled trip",20,131,111,291
"During scheduled trip",20,214,194,291
"During scheduled trip",20,54,34,291
"During scheduled trip",20,158,138,291
"During scheduled trip",20,1462,1442,291
"During scheduled trip",20,1540,1520,291
"During scheduled trip",20,213,193,291
"During scheduled trip",20,207,187,291
"During scheduled trip",20,153,133,291
"During scheduled trip",20,25348,25328,291
"During scheduled trip",20,781,761,291
"During scheduled trip",20,245,225,291
"During scheduled trip",20,111,91,291
"During scheduled trip",20,1653,1633,291
"During scheduled trip",20,64,44,291
"During scheduled trip",20,637,617,291
"During scheduled trip",20,188,168,291
"During scheduled trip",20,410,390,291
"During scheduled trip",20,145,125,291
"During scheduled trip",20,283,263,291
"During scheduled trip",20,402,382,291
"During scheduled trip",20,137,117,291
"During scheduled trip",20,698,678,291
"During scheduled trip",20,963,943,291
"During scheduled trip",20,25482,25462,291
"During scheduled trip",20,104,84,291
"During scheduled trip",20,173,153,291
"During scheduled trip",20,742,722,291
"During scheduled trip",20,434,414,291
"During scheduled trip",20,198,178,291
"During scheduled trip",20,101,81,291
"During scheduled trip",20,25275,25255,291
"During scheduled trip",20,233,213,291
"During scheduled trip",20,310,290,291
"During scheduled trip",20,723,703,291
"During scheduled trip",20,163,143,291
"During scheduled trip",20,155,135,291
"During scheduled trip",20,398,378,291
"During scheduled trip",20,543,523,291
"During scheduled trip",20,548,528,291
"During scheduled trip",20,721,701,291
"During scheduled trip",20,1400,1380,291
"During scheduled trip",20,254,234,291
"During scheduled trip",20,139,119,291
"During scheduled trip",20,663,643,291
"During scheduled trip",20,58,38,291
"During scheduled trip",20,169,149,291
"During scheduled trip",20,50,30,291
"During scheduled trip",20,105,85,291
"During scheduled trip",20,25537,25517,291
"During scheduled trip",20,470,450,291
"During scheduled trip",20,34,14,291
"During scheduled trip",20,1593,1573,291
"During scheduled trip",20,127,107,291
"During scheduled trip",20,1460,1440,291
"During scheduled trip",20,1713,1693,291
"During scheduled trip",20,86,66,291
"During scheduled trip",20,242,222,291
"During scheduled trip",20,238,218,291
"During scheduled trip",20,1233,1213,291
"During scheduled trip",20,25310,25290,291
"During scheduled trip",20,26,6,291
"During scheduled trip",20,1340,1320,291
"During scheduled trip",20,421,401,291
"During scheduled trip",20,530,510,291
"During scheduled trip",20,199,179,291
"During scheduled trip",20,866,846,291
"During scheduled trip",20,1700,1680,291
"During scheduled trip",20,134,114,291
"During scheduled trip",20,170,150,291
"During scheduled trip",20,400,380,291
"During scheduled trip",20,79,59,291
"During scheduled trip",20,268,248,291
"During scheduled trip",20,561,541,291
"During scheduled trip",20,347,327,291
"During scheduled trip",20,187,167,291
"During scheduled trip",20,350,330,291
"During scheduled trip",20,710,690,291
"During scheduled trip",20,280,260,291
"During scheduled trip",20,42,22,291
"During scheduled trip",20,1173,1153,291
"During scheduled trip",20,25293,25273,291
"During scheduled trip",20,243,223,291
"During scheduled trip",20,224,204,291
"During scheduled trip",20,72,52,291
"During scheduled trip",20,235,215,291
"During scheduled trip",20,1353,1333,291
"During scheduled trip",20,603,583,291
"During scheduled trip",20,25297,25277,291
"During scheduled trip",20,458,438,291
"During scheduled trip",20,25269,25249,291
"During scheduled trip",20,1402,1382,291
"During scheduled trip",20,1780,1760,291
"During scheduled trip",20,175,155,291
"During scheduled trip",20,25342,25322,291
"During scheduled trip",20,573,553,291
"During scheduled trip",20,1381,1361,291
"During scheduled trip",20,1342,1322,291
"During scheduled trip",20,159,139,291
"During scheduled trip",20,1280,1260,291
"During scheduled trip",20,160,140,291
"During scheduled trip",20,371,351,291
"During scheduled trip",20,517,497,291
"During scheduled trip",20,25292,25272,291
"During scheduled trip",20,51,31,291
"During scheduled trip",20,47,27,291
"During scheduled trip",20,74,54,291
"During scheduled trip",20,1162,1142,291
"During scheduled trip",20,178,158,291
"During scheduled trip",20,141,121,291
"During scheduled trip",20,1582,1562,291
"During scheduled trip",20,143,123,291
"During scheduled trip",20,136,116,291
"During scheduled trip",20,25368,25348,291
"During scheduled trip",20,25281,25261,291
"During scheduled trip",20,877,857,291
"During scheduled trip",20,1160,1140,291
"During scheduled trip",20,1222,1202,291
"During scheduled trip",20,1226,1206,291
"During scheduled trip",20,59,39,291
"During scheduled trip",20,135,115,291
"During scheduled trip",20,337,317,291
"During scheduled trip",20,501,481,291
"During scheduled trip",20,640,620,291
"During scheduled trip",20,462,442,291
"During scheduled trip",20,1640,1620,291
"During scheduled trip",20,1520,1500,291
"During scheduled trip",20,860,840,291
"During scheduled trip",20,277,257,291
"During scheduled trip",20,197,177,291
"During scheduled trip",20,982,962,291
"During scheduled trip",20,335,315,291
"During scheduled trip",20,196,176,291
"During scheduled trip",20,363,343,291
"During scheduled trip",20,446,426,291
"During scheduled trip",20,88,68,291
"During scheduled trip",20,403,383,291
"During scheduled trip",20,100,80,291
"During scheduled trip",20,467,447,291
"During scheduled trip",20,312,292,291
"During scheduled trip",20,321,301,291
"During scheduled trip",20,481,461,291
"During scheduled trip",20,638,618,291
"During scheduled trip",20,23,3,291
"During scheduled trip",20,91,71,291
"During scheduled trip",20,1201,1181,291
"During scheduled trip",20,25282,25262,291
"During scheduled trip",20,734,714,291
"During scheduled trip",20,802,782,291
"During scheduled trip",20,562,542,291
"During scheduled trip",20,311,291,291
"During scheduled trip",20,49,29,291
"During scheduled trip",20,109,89,291
"During scheduled trip",20,622,602,291
"During scheduled trip",20,66,46,291
"During scheduled trip",20,541,521,291
"During scheduled trip",20,25331,25311,291
"During scheduled trip",20,333,313,291
"During scheduled trip",20,247,227,291
"During scheduled trip",20,274,254,291
"During scheduled trip",20,619,599,291
"During scheduled trip",20,67,47,291
"During scheduled trip",20,1046,1026,291
"During scheduled trip",20,90,70,291
"During scheduled trip",20,25376,25356,291
"During scheduled trip",20,25415,25395,291
"During scheduled trip",20,89,69,291
"During scheduled trip",20,87,67,291
"During scheduled trip",20,697,677,291
"During scheduled trip",20,621,601,291
"During scheduled trip",20,1490,1470,291
"During scheduled trip",20,757,737,291
"During scheduled trip",20,128,108,291
"During scheduled trip",20,251,231,291
"During scheduled trip",20,73,53,291
"During scheduled trip",20,149,129,291
"During scheduled trip",20,340,320,291
"During scheduled trip",20,60,40,291
"During scheduled trip",20,800,780,291
"During scheduled trip",20,25335,25315,291
"During scheduled trip",20,61,41,291
"During scheduled trip",20,25299,25279,291
"During scheduled trip",20,890,870,291
"During scheduled trip",20,261,241,291
"During scheduled trip",20,753,733,291
"During scheduled trip",20,25392,25372,291
"During scheduled trip",20,25406,25386,291
"During scheduled trip",20,1305,1285,291
"During scheduled trip",20,940,920,291
"During scheduled trip",20,843,823,291
"During scheduled trip",20,633,613,291
"During scheduled trip",20,147,127,291
"During scheduled trip",20,84,64,291
"During scheduled trip",20,165,145,291
"During scheduled trip",20,25317,25297,291
"During scheduled trip",20,275,255,291
"During scheduled trip",20,250,230,291
"During scheduled trip",20,215,195,291
"During scheduled trip",20,70,50,291
"During scheduled trip",20,25390,25370,291
"During scheduled trip",20,25379,25359,291
"During scheduled trip",20,1100,1080,291
"During scheduled trip",20,1346,1326,291
"During scheduled trip",20,578,558,291
"During scheduled trip",20,903,883,291
"During scheduled trip",20,157,137,291
"During scheduled trip",20,118,98,291
"During scheduled trip",20,520,500,291
"During scheduled trip",20,22,2,291
"During scheduled trip",20,25445,25425,291
"During scheduled trip",20,457,437,291
"During scheduled trip",20,513,493,291
"During scheduled trip",20,1300,1280,291
"During scheduled trip",20,1042,1022,291
"During scheduled trip",20,241,221,291
"During scheduled trip",20,260,240,291
"During scheduled trip",20,25349,25329,291
"During scheduled trip",20,370,350,291
"During scheduled trip",20,1000,980,291
"During scheduled trip",20,122,102,291
"During scheduled trip",20,192,172,291
"During scheduled trip",20,1760,1740,291
"During scheduled trip",20,25344,25324,291
"During scheduled trip",20,284,264,291
"During scheduled trip",20,392,372,291
"During scheduled trip",20,304,284,291
"During scheduled trip",20,862,842,291
"During scheduled trip",20,103,83,291
"During scheduled trip",20,230,210,291
"During scheduled trip",20,68,48,291
"During scheduled trip",20,605,585,291
"During scheduled trip",20,28,8,291
"During scheduled trip",20,1081,1061,291
"During scheduled trip",20,184,164,291
"During scheduled trip",20,25333,25313,291
"During scheduled trip",20,222,202,291
"During scheduled trip",20,308,288,291
"During scheduled trip",20,25273,25253,291
"During scheduled trip",20,85,65,291
"During scheduled trip",20,44,24,291
"During scheduled trip",20,208,188,291
"During scheduled trip",20,682,662,291
"During scheduled trip",20,25347,25327,291
"During scheduled trip",20,760,740,291
"During scheduled trip",20,358,338,291
"During scheduled trip",20,425,405,291
"During scheduled trip",20,179,159,291
"During scheduled trip",20,938,918,291
"During scheduled trip",20,415,395,291
"During scheduled trip",20,301,281,291
"During scheduled trip",20,25389,25369,291
"During scheduled trip",20,1533,1513,291
"During scheduled trip",20,1600,1580,291
"During scheduled trip",20,20,0,291
"During scheduled trip",20,1060,1040,291
"During scheduled trip",20,542,522,291
"During scheduled trip",20,228,208,291
"During scheduled trip",20,25337,25317,291
"During scheduled trip",20,614,594,291
"During scheduled trip",20,166,146,291
"During scheduled trip",20,686,666,291
"During scheduled trip",20,595,575,291
"During scheduled trip",20,93,73,291
"During scheduled trip",20,201,181,291
"During scheduled trip",20,25400,25380,291
"During scheduled trip",20,25325,25305,291
"During scheduled trip",20,146,126,291
"During scheduled trip",20,873,853,291
"During scheduled trip",20,993,973,291
"During scheduled trip",20,83,63,291
"During scheduled trip",20,25469,25449,291
"During scheduled trip",20,154,134,291
"During scheduled trip",20,431,411,291
"During scheduled trip",20,343,323,291
"During scheduled trip",20,177,157,291
"During scheduled trip",20,39,19,291
"During scheduled trip",20,273,253,291
"During scheduled trip",20,1720,1700,291
"During scheduled trip",20,206,186,291
"During scheduled trip",20,25296,25276,291
"During scheduled trip",20,267,247,291
"During scheduled trip",20,25327,25307,291
"During scheduled trip",20,693,673,291
"During scheduled trip",20,25290,25270,291
"During scheduled trip",20,1040,1020,291
"During scheduled trip",20,339,319,291
"During scheduled trip",20,211,191,291
"During scheduled trip",20,320,300,291
"During scheduled trip",20,25338,25318,291
"During scheduled trip",20,725,705,291
"During scheduled trip",20,218,198,291
"During scheduled trip",20,845,825,291
"During scheduled trip",20,40,20,291
"During scheduled trip",20,140,120,291
"During scheduled trip",20,485,465,291
"During scheduled trip",20,506,486,291
"During scheduled trip",20,176,156,291
"During scheduled trip",20,45,25,291
"During scheduled trip",20,125,105,291
"During scheduled trip",20,99,79,291
"During scheduled trip",20,395,375,291
"During scheduled trip",20,591,571,291
"During scheduled trip",20,69,49,291
"During scheduled trip",20,237,217,291
"During scheduled trip",20,25332,25312,291
"During scheduled trip",20,112,92,291
"During scheduled trip",20,746,726,291
"During scheduled trip",20,25294,25274,291
"During scheduled trip",20,381,361,291
"During scheduled trip",20,80,60,291
"During scheduled trip",20,161,141,291
"During scheduled trip",20,25258,25238,291
"During scheduled trip",20,830,810,291
"During scheduled trip",20,162,142,291
"During scheduled trip",20,25284,25264,291
"During scheduled trip",20,82,62,291
"During scheduled trip",20,577,557,291
"During scheduled trip",20,25311,25291,291
"During scheduled trip",20,291,271,291
"During scheduled trip",20,186,166,291
"During scheduled trip",20,453,433,291
"During scheduled trip",20,151,131,291
"During scheduled trip",20,397,377,291
"During scheduled trip",20,601,581,291
"During scheduled trip",20,117,97,291
"During scheduled trip",20,500,480,291
"During scheduled trip",20,681,661,291
"During scheduled trip",20,167,147,291
"During scheduled trip",20,25385,25365,291
"During scheduled trip",20,25395,25375,291
"During scheduled trip",20,926,906,291
"During scheduled trip",20,361,341,291
"During scheduled trip",20,25341,25321,291
"During scheduled trip",20,25278,25258,291
"During scheduled trip",20,626,606,291
"During scheduled trip",20,674,654,291
"During scheduled trip",20,25421,25401,291
"During scheduled trip",20,665,645,291
"During scheduled trip",20,650,630,291
"During scheduled trip",20,38,18,291
"During scheduled trip",20,580,560,291
"During scheduled trip",20,986,966,291
"During scheduled trip",20,365,345,291
"During scheduled trip",20,25272,25252,291
"During scheduled trip",20,120,100,291
"During scheduled trip",20,820,800,291
"During scheduled trip",20,806,786,291
"During scheduled trip",20,1642,1622,291
"During scheduled trip",20,231,211,291
"During scheduled trip",20,190,170,291
"During scheduled trip",20,25339,25319,291
"During scheduled trip",20,878,858,291
"During scheduled trip",20,937,917,291
"During scheduled trip",20,130,110,291
"During scheduled trip",20,483,463,291
"During scheduled trip",20,1180,1160,291
"During scheduled trip",20,57,37,291
"During scheduled trip",20,41,21,291
"During scheduled trip",20,152,132,291
"During scheduled trip",20,110,90,291
"During scheduled trip",20,442,422,291
"During scheduled trip",20,382,362,291
"During scheduled trip",20,338,318,291
"During scheduled trip",20,25391,25371,291
"During scheduled trip",20,25295,25275,291
"Post scheduled trip end time",20,37,17,4020.5
"Post scheduled trip end time",20,89,69,4020.5
"Post scheduled trip end time",20,1340,1320,4020.5
"Post scheduled trip end time",20,95,75,4020.5
"Post scheduled trip end time",20,418,398,4020.5
"Post scheduled trip end time",20,215,195,4020.5
"Post scheduled trip end time",20,738,718,4020.5
"Post scheduled trip end time",20,64,44,4020.5
"Post scheduled trip end time",20,1220,1200,4020.5
"Post scheduled trip end time",20,73,53,4020.5
"Post scheduled trip end time",20,397,377,4020.5
"Post scheduled trip end time",20,567,547,4020.5
"Post scheduled trip end time",20,117,97,4020.5
"Post scheduled trip end time",20,113,93,4020.5
"Post scheduled trip end time",20,620,600,4020.5
"Post scheduled trip end time",20,1018,998,4020.5
"Post scheduled trip end time",20,440,420,4020.5
"Post scheduled trip end time",20,937,917,4020.5
"Post scheduled trip end time",20,71,51,4020.5
"Post scheduled trip end time",20,27,7,4020.5
"Post scheduled trip end time",20,31,11,4020.5
"Post scheduled trip end time",20,670,650,4020.5
"Post scheduled trip end time",20,1325,1305,4020.5
"Post scheduled trip end time",20,101,81,4020.5
"Post scheduled trip end time",20,860,840,4020.5
"Post scheduled trip end time",20,1820,1800,4020.5
"Post scheduled trip end time",20,279,259,4020.5
"Post scheduled trip end time",20,678,658,4020.5
"Post scheduled trip end time",20,778,758,4020.5
"Post scheduled trip end time",20,97,77,4020.5
"Post scheduled trip end time",20,189,169,4020.5
"Post scheduled trip end time",20,63,43,4020.5
"Post scheduled trip end time",20,583,563,4020.5
"Post scheduled trip end time",20,1745,1725,4020.5
"Post scheduled trip end time",20,659,639,4020.5
"Post scheduled trip end time",20,114,94,4020.5
"Post scheduled trip end time",20,153,133,4020.5
"Post scheduled trip end time",20,1625,1605,4020.5
"Post scheduled trip end time",20,478,458,4020.5
"Post scheduled trip end time",20,1640,1620,4020.5
"Post scheduled trip end time",20,91,71,4020.5
"Post scheduled trip end time",20,23,3,4020.5
"Post scheduled trip end time",20,1378,1358,4020.5
"Post scheduled trip end time",20,378,358,4020.5
"Post scheduled trip end time",20,177,157,4020.5
"Post scheduled trip end time",20,107,87,4020.5
"Post scheduled trip end time",20,183,163,4020.5
"Post scheduled trip end time",20,25281,25261,4020.5
"Post scheduled trip end time",20,144,124,4020.5
"Post scheduled trip end time",20,1646,1626,4020.5
"Post scheduled trip end time",20,643,623,4020.5
"Post scheduled trip end time",20,838,818,4020.5
"Post scheduled trip end time",20,1760,1740,4020.5
"Post scheduled trip end time",20,1205,1185,4020.5
"Post scheduled trip end time",20,68,48,4020.5
"Post scheduled trip end time",20,1780,1760,4020.5
"Post scheduled trip end time",20,154,134,4020.5
"Post scheduled trip end time",20,108,88,4020.5
"Post scheduled trip end time",20,48,28,4020.5
"Post scheduled trip end time",20,1520,1500,4020.5
"Post scheduled trip end time",20,366,346,4020.5
"Post scheduled trip end time",20,44,24,4020.5
"Post scheduled trip end time",20,1700,1680,4020.5
"Post scheduled trip end time",20,69,49,4020.5
"Post scheduled trip end time",20,166,146,4020.5
"Post scheduled trip end time",20,877,857,4020.5
"Post scheduled trip end time",20,905,885,4020.5
"Post scheduled trip end time",20,1558,1538,4020.5
"Post scheduled trip end time",20,1618,1598,4020.5
"Post scheduled trip end time",20,1160,1140,4020.5
"Post scheduled trip end time",20,167,147,4020.5
"Post scheduled trip end time",20,158,138,4020.5
"Post scheduled trip end time",20,25,5,4020.5
"Post scheduled trip end time",20,99,79,4020.5
"Post scheduled trip end time",20,337,317,4020.5
"Post scheduled trip end time",20,121,101,4020.5
"Post scheduled trip end time",20,1798,1778,4020.5
"Post scheduled trip end time",20,30,10,4020.5
"Post scheduled trip end time",20,83,63,4020.5
"Post scheduled trip end time",20,1586,1566,4020.5
"Post scheduled trip end time",20,94,74,4020.5
"Post scheduled trip end time",20,898,878,4020.5
"Post scheduled trip end time",20,980,960,4020.5
"Post scheduled trip end time",20,237,217,4020.5
"Post scheduled trip end time",20,112,92,4020.5
"Post scheduled trip end time",20,110,90,4020.5
"Post scheduled trip end time",20,1580,1560,4020.5
"Post scheduled trip end time",20,164,144,4020.5
"Post scheduled trip end time",20,1438,1418,4020.5
"Post scheduled trip end time",20,125,105,4020.5
"Post scheduled trip end time",20,40,20,4020.5
"Post scheduled trip end time",20,1621,1601,4020.5
"Post scheduled trip end time",20,637,617,4020.5
"Post scheduled trip end time",20,1385,1365,4020.5
"Post scheduled trip end time",20,1741,1721,4020.5
"Post scheduled trip end time",20,56,36,4020.5
"Post scheduled trip end time",20,130,110,4020.5
"Post scheduled trip end time",20,55,35,4020.5
"Post scheduled trip end time",20,72,52,4020.5
"Post scheduled trip end time",20,173,153,4020.5
"Post scheduled trip end time",20,920,900,4020.5
"Post scheduled trip end time",20,140,120,4020.5
"Post scheduled trip end time",20,1460,1440,4020.5
"Post scheduled trip end time",20,92,72,4020.5
"Post scheduled trip end time",20,740,720,4020.5
"Post scheduled trip end time",20,426,406,4020.5
"Post scheduled trip end time",20,66,46,4020.5
"Post scheduled trip end time",20,60,40,4020.5
"Post scheduled trip end time",20,213,193,4020.5
"Post scheduled trip end time",20,28,8,4020.5
"Post scheduled trip end time",20,128,108,4020.5
"Post scheduled trip end time",20,77,57,4020.5
"Post scheduled trip end time",20,1138,1118,4020.5
"Post scheduled trip end time",20,1706,1686,4020.5
"Post scheduled trip end time",20,81,61,4020.5
"Post scheduled trip end time",20,175,155,4020.5
"Post scheduled trip end time",20,43,23,4020.5
"Post scheduled trip end time",20,103,83,4020.5
"Post scheduled trip end time",20,143,123,4020.5
"Post scheduled trip end time",20,1505,1485,4020.5
"Post scheduled trip end time",20,85,65,4020.5
"Post scheduled trip end time",20,1441,1421,4020.5
"Post scheduled trip end time",20,358,338,4020.5
"Post scheduled trip end time",20,618,598,4020.5
"Post scheduled trip end time",20,1400,1380,4020.5
"Post scheduled trip end time",20,228,208,4020.5
"Post scheduled trip end time",20,598,578,4020.5
"Post scheduled trip end time",20,98,78,4020.5
"Post scheduled trip end time",20,129,109,4020.5
"Post scheduled trip end time",20,50,30,4020.5
"Post scheduled trip end time",20,86,66,4020.5
"Post scheduled trip end time",20,258,238,4020.5
"Post scheduled trip end time",20,287,267,4020.5
"Post scheduled trip end time",20,1117,1097,4020.5
"Post scheduled trip end time",20,38,18,4020.5
"Post scheduled trip end time",20,146,126,4020.5
"Post scheduled trip end time",20,1078,1058,4020.5
"Post scheduled trip end time",20,135,115,4020.5
"Post scheduled trip end time",20,62,42,4020.5
"Post scheduled trip end time",20,1318,1298,4020.5
"Post scheduled trip end time",20,82,62,4020.5
"Post scheduled trip end time",20,1681,1661,4020.5
"Post scheduled trip end time",20,1445,1425,4020.5
"Post scheduled trip end time",20,70,50,4020.5
"Post scheduled trip end time",20,115,95,4020.5
"Post scheduled trip end time",20,560,540,4020.5
"Post scheduled trip end time",20,29,9,4020.5
"Post scheduled trip end time",20,59,39,4020.5
"Post scheduled trip end time",20,498,478,4020.5
"Post scheduled trip end time",20,132,112,4020.5
"Post scheduled trip end time",20,380,360,4020.5
"Post scheduled trip end time",20,61,41,4020.5
"Post scheduled trip end time",20,104,84,4020.5
"Post scheduled trip end time",20,325,305,4020.5
"Post scheduled trip end time",20,35,15,4020.5
"Post scheduled trip end time",20,306,286,4020.5
"Post scheduled trip end time",20,159,139,4020.5
"Post scheduled trip end time",20,918,898,4020.5
"Post scheduled trip end time",20,33,13,4020.5
"Post scheduled trip end time",20,275,255,4020.5
"Post scheduled trip end time",20,1040,1020,4020.5
"Post scheduled trip end time",20,54,34,4020.5
"Post scheduled trip end time",20,78,58,4020.5
"Post scheduled trip end time",20,318,298,4020.5
"Post scheduled trip end time",20,42,22,4020.5
"Post scheduled trip end time",20,517,497,4020.5
"Post scheduled trip end time",20,106,86,4020.5
"Post scheduled trip end time",20,640,620,4020.5
"Post scheduled trip end time",20,157,137,4020.5
"Post scheduled trip end time",20,205,185,4020.5
"Post scheduled trip end time",20,148,128,4020.5
"Post scheduled trip end time",20,152,132,4020.5
"Post scheduled trip end time",20,22,2,4020.5
"Post scheduled trip end time",20,47,27,4020.5
"Post scheduled trip end time",20,1720,1700,4020.5
"Post scheduled trip end time",20,680,660,4020.5
"Post scheduled trip end time",20,662,642,4020.5
"Post scheduled trip end time",20,198,178,4020.5
"Post scheduled trip end time",20,1561,1541,4020.5
"Post scheduled trip end time",20,1100,1080,4020.5
"Post scheduled trip end time",20,385,365,4020.5
"Post scheduled trip end time",20,958,938,4020.5
"Post scheduled trip end time",20,634,614,4020.5
"Post scheduled trip end time",20,997,977,4020.5
"Post scheduled trip end time",20,1498,1478,4020.5
"Post scheduled trip end time",20,79,59,4020.5
"Post scheduled trip end time",20,1660,1640,4020.5
"Post scheduled trip end time",20,978,958,4020.5
"Post scheduled trip end time",20,127,107,4020.5
"Post scheduled trip end time",20,124,104,4020.5
"Post scheduled trip end time",20,123,103,4020.5
"Post scheduled trip end time",20,1177,1157,4020.5
"Post scheduled trip end time",20,20,0,4020.5
"Post scheduled trip end time",20,169,149,4020.5
"Post scheduled trip end time",20,800,780,4020.5
"Post scheduled trip end time",20,1025,1005,4020.5
"Post scheduled trip end time",20,84,64,4020.5
"Post scheduled trip end time",20,1198,1178,4020.5
"Post scheduled trip end time",20,319,299,4020.5
"Post scheduled trip end time",20,168,148,4020.5
"Post scheduled trip end time",20,45,25,4020.5
"Post scheduled trip end time",20,1805,1785,4020.5
"Post scheduled trip end time",20,21,1,4020.5
"Post scheduled trip end time",20,188,168,4020.5
"Post scheduled trip end time",20,1466,1446,4020.5
"Post scheduled trip end time",20,39,19,4020.5
"Post scheduled trip end time",20,217,197,4020.5
"Post scheduled trip end time",20,119,99,4020.5
"Post scheduled trip end time",20,76,56,4020.5
"Post scheduled trip end time",20,1526,1506,4020.5
"Post scheduled trip end time",20,74,54,4020.5
"Post scheduled trip end time",20,602,582,4020.5
"Post scheduled trip end time",20,1057,1037,4020.5
"Post scheduled trip end time",20,577,557,4020.5
"Post scheduled trip end time",20,149,129,4020.5
"Post scheduled trip end time",20,174,154,4020.5
"Post scheduled trip end time",20,1766,1746,4020.5
"Post scheduled trip end time",20,438,418,4020.5
"Post scheduled trip end time",20,51,31,4020.5
"Post scheduled trip end time",20,67,47,4020.5
"Post scheduled trip end time",20,53,33,4020.5
"Post scheduled trip end time",20,1258,1238,4020.5
"Post scheduled trip end time",20,377,357,4020.5
"Post scheduled trip end time",20,538,518,4020.5
"Post scheduled trip end time",20,457,437,4020.5
"Post scheduled trip end time",20,1145,1125,4020.5
"Post scheduled trip end time",20,93,73,4020.5
"Post scheduled trip end time",20,58,38,4020.5
"Post scheduled trip end time",20,1085,1065,4020.5
"Post scheduled trip end time",20,227,207,4020.5
"Post scheduled trip end time",20,197,177,4020.5
"Post scheduled trip end time",20,57,37,4020.5
"Post scheduled trip end time",20,24,4,4020.5
"Post scheduled trip end time",20,1685,1665,4020.5
"Post scheduled trip end time",20,34,14,4020.5
"Post scheduled trip end time",20,65,45,4020.5
"Post scheduled trip end time",20,757,737,4020.5
"Post scheduled trip end time",20,87,67,4020.5
"Post scheduled trip end time",20,858,838,4020.5
"Post scheduled trip end time",20,277,257,4020.5
"Post scheduled trip end time",20,1265,1245,4020.5
"Post scheduled trip end time",20,1280,1260,4020.5
"Post scheduled trip end time",20,185,165,4020.5
"Post scheduled trip end time",20,1565,1545,4020.5
"Post scheduled trip end time",20,379,359,4020.5
"Post scheduled trip end time",20,817,797,4020.5
"Post scheduled trip end time",20,80,60,4020.5
"Post scheduled trip end time",20,26,6,4020.5
"Post scheduled trip end time",20,257,237,4020.5
"Post scheduled trip end time",20,437,417,4020.5
"Post scheduled trip end time",20,208,188,4020.5
"Post scheduled trip end time",20,558,538,4020.5
"Post scheduled trip end time",20,500,480,4020.5
"Post scheduled trip end time",20,507,487,4020.5
"Post scheduled trip end time",20,184,164,4020.5
"Post scheduled trip end time",20,798,778,4020.5
"Post scheduled trip end time",20,88,68,4020.5
"Post scheduled trip end time",20,46,26,4020.5
"Post scheduled trip end time",20,150,130,4020.5
"Post scheduled trip end time",20,151,131,4020.5
"Post scheduled trip end time",20,219,199,4020.5
"Post scheduled trip end time",20,445,425,4020.5
"Post scheduled trip end time",20,36,16,4020.5
"Post scheduled trip end time",20,697,677,4020.5
"Post scheduled trip end time",20,1501,1481,4020.5
"Post scheduled trip end time",20,49,29,4020.5
"Post scheduled trip end time",20,317,297,4020.5
"Post scheduled trip end time",20,138,118,4020.5
"Post scheduled trip end time",20,90,70,4020.5
"Post scheduled trip end time",20,965,945,4020.5
"Post scheduled trip end time",20,75,55,4020.5
"Post scheduled trip end time",20,52,32,4020.5
"Post scheduled trip end time",20,718,698,4020.5
"Post scheduled trip end time",20,25348,25328,4020.5
"Post scheduled trip end time",20,263,243,4020.5
"Post scheduled trip end time",20,41,21,4020.5
"Post scheduled trip end time",20,658,638,4020.5
"Post scheduled trip end time",20,203,183,4020.5
"Post scheduled trip end time",20,32,12,4020.5
"Post scheduled trip end time",20,139,119,4020.5
"Post scheduled trip end time",20,1678,1658,4020.5
"Post scheduled trip end time",20,1738,1718,4020.5
"Before scheduled trip start time",23,25434,25411,8038
"Before scheduled trip start time",23,86,63,8038
"Before scheduled trip start time",23,25485,25462,8038
"Before scheduled trip start time",23,25662,25639,8038
"Before scheduled trip start time",23,25581,25558,8038
"Before scheduled trip start time",23,36,13,8038
"Before scheduled trip start time",23,25555,25532,8038
"Before scheduled trip start time",23,25616,25593,8038
"Before scheduled trip start time",23,25423,25400,8038
"Before scheduled trip start time",23,25514,25491,8038
"Before scheduled trip start time",23,25473,25450,8038
"Before scheduled trip start time",23,25624,25601,8038
"Before scheduled trip start time",23,25289,25266,8038
"Before scheduled trip start time",23,25521,25498,8038
"Before scheduled trip start time",23,98,75,8038
"Before scheduled trip start time",23,25612,25589,8038
"Before scheduled trip start time",23,25338,25315,8038
"Before scheduled trip start time",23,25357,25334,8038
"Before scheduled trip start time",23,25733,25710,8038
"Before scheduled trip start time",23,39,16,8038
"Before scheduled trip start time",23,25327,25304,8038
"Before scheduled trip start time",23,25408,25385,8038
"Before scheduled trip start time",23,54,31,8038
"Before scheduled trip start time",23,25694,25671,8038
"Before scheduled trip start time",23,25400,25377,8038
"Before scheduled trip start time",23,25312,25289,8038
"Before scheduled trip start time",23,25593,25570,8038
"Before scheduled trip start time",23,25429,25406,8038
"Before scheduled trip start time",23,709,686,8038
"Before scheduled trip start time",23,43,20,8038
"Before scheduled trip start time",23,25456,25433,8038
"Before scheduled trip start time",23,25531,25508,8038
"Before scheduled trip start time",23,25287,25264,8038
"Before scheduled trip start time",23,28,5,8038
"Before scheduled trip start time",23,25809,25786,8038
"Before scheduled trip start time",23,25557,25534,8038
"Before scheduled trip start time",23,25523,25500,8038
"Before scheduled trip start time",23,25386,25363,8038
"Before scheduled trip start time",23,31,8,8038
"Before scheduled trip start time",23,25607,25584,8038
"Before scheduled trip start time",23,159,136,8038
"Before scheduled trip start time",23,25498,25475,8038
"Before scheduled trip start time",23,25503,25480,8038
"Before scheduled trip start time",23,25364,25341,8038
"Before scheduled trip start time",23,25464,25441,8038
"Before scheduled trip start time",23,289,266,8038
"Before scheduled trip start time",23,25529,25506,8038
"Before scheduled trip start time",23,99,76,8038
"Before scheduled trip start time",23,25290,25267,8038
"Before scheduled trip start time",23,25544,25521,8038
"Before scheduled trip start time",23,25339,25316,8038
"Before scheduled trip start time",23,25626,25603,8038
"Before scheduled trip start time",23,25597,25574,8038
"Before scheduled trip start time",23,25566,25543,8038
"Before scheduled trip start time",23,58,35,8038
"Before scheduled trip start time",23,48,25,8038
"Before scheduled trip start time",23,25611,25588,8038
"Before scheduled trip start time",23,25549,25526,8038
"Before scheduled trip start time",23,25528,25505,8038
"Before scheduled trip start time",23,25355,25332,8038
"Before scheduled trip start time",23,25371,25348,8038
"Before scheduled trip start time",23,25419,25396,8038
"Before scheduled trip start time",23,25393,25370,8038
"Before scheduled trip start time",23,25551,25528,8038
"Before scheduled trip start time",23,47,24,8038
"Before scheduled trip start time",23,25358,25335,8038
"Before scheduled trip start time",23,25271,25248,8038
"Before scheduled trip start time",23,25284,25261,8038
"Before scheduled trip start time",23,25442,25419,8038
"Before scheduled trip start time",23,25479,25456,8038
"Before scheduled trip start time",23,25735,25712,8038
"Before scheduled trip start time",23,25439,25416,8038
"Before scheduled trip start time",23,82,59,8038
"Before scheduled trip start time",23,25432,25409,8038
"Before scheduled trip start time",23,25401,25378,8038
"Before scheduled trip start time",23,25535,25512,8038
"Before scheduled trip start time",23,25524,25501,8038
"Before scheduled trip start time",23,67,44,8038
"Before scheduled trip start time",23,25542,25519,8038
"Before scheduled trip start time",23,25314,25291,8038
"Before scheduled trip start time",23,25363,25340,8038
"Before scheduled trip start time",23,25506,25483,8038
"Before scheduled trip start time",23,25348,25325,8038
"Before scheduled trip start time",23,25394,25371,8038
"Before scheduled trip start time",23,25484,25461,8038
"Before scheduled trip start time",23,25262,25239,8038
"Before scheduled trip start time",23,25433,25410,8038
"Before scheduled trip start time",23,25561,25538,8038
"Before scheduled trip start time",23,25362,25339,8038
"Before scheduled trip start time",23,25463,25440,8038
"Before scheduled trip start time",23,25502,25479,8038
"Before scheduled trip start time",23,25467,25444,8038
"Before scheduled trip start time",23,25366,25343,8038
"Before scheduled trip start time",23,25539,25516,8038
"Before scheduled trip start time",23,25625,25602,8038
"Before scheduled trip start time",23,25596,25573,8038
"Before scheduled trip start time",23,25354,25331,8038
"Before scheduled trip start time",23,25512,25489,8038
"Before scheduled trip start time",23,25405,25382,8038
"Before scheduled trip start time",23,118,95,8038
"Before scheduled trip start time",23,1429,1406,8038
"Before scheduled trip start time",23,25482,25459,8038
"Before scheduled trip start time",23,25411,25388,8038
"Before scheduled trip start time",23,25418,25395,8038
"Before scheduled trip start time",23,25489,25466,8038
"Before scheduled trip start time",23,25430,25407,8038
"Before scheduled trip start time",23,26,3,8038
"Before scheduled trip start time",23,25618,25595,8038
"Before scheduled trip start time",23,25511,25488,8038
"Before scheduled trip start time",23,25337,25314,8038
"Before scheduled trip start time",23,25550,25527,8038
"Before scheduled trip start time",23,25324,25301,8038
"Before scheduled trip start time",23,25461,25438,8038
"Before scheduled trip start time",23,25518,25495,8038
"Before scheduled trip start time",23,25606,25583,8038
"Before scheduled trip start time",23,25347,25324,8038
"Before scheduled trip start time",23,25452,25429,8038
"Before scheduled trip start time",23,25446,25423,8038
"Before scheduled trip start time",23,25438,25415,8038
"Before scheduled trip start time",23,25666,25643,8038
"Before scheduled trip start time",23,85,62,8038
"Before scheduled trip start time",23,25373,25350,8038
"Before scheduled trip start time",23,25634,25611,8038
"Before scheduled trip start time",23,25480,25457,8038
"Before scheduled trip start time",23,25365,25342,8038
"Before scheduled trip start time",23,25516,25493,8038
"Before scheduled trip start time",23,25296,25273,8038
"Before scheduled trip start time",23,25585,25562,8038
"Before scheduled trip start time",23,25307,25284,8038
"Before scheduled trip start time",23,25520,25497,8038
"Before scheduled trip start time",23,25372,25349,8038
"Before scheduled trip start time",23,25303,25280,8038
"Before scheduled trip start time",23,25536,25513,8038
"Before scheduled trip start time",23,25454,25431,8038
"Before scheduled trip start time",23,25631,25608,8038
"Before scheduled trip start time",23,25546,25523,8038
"Before scheduled trip start time",23,25431,25408,8038
"Before scheduled trip start time",23,25469,25446,8038
"Before scheduled trip start time",23,25595,25572,8038
"Before scheduled trip start time",23,25302,25279,8038
"Before scheduled trip start time",23,25272,25249,8038
"Before scheduled trip start time",23,25317,25294,8038
"Before scheduled trip start time",23,238,215,8038
"Before scheduled trip start time",23,25275,25252,8038
"Before scheduled trip start time",23,25295,25272,8038
"Before scheduled trip start time",23,25614,25591,8038
"Before scheduled trip start time",23,142,119,8038
"Before scheduled trip start time",23,649,626,8038
"Before scheduled trip start time",23,25341,25318,8038
"Before scheduled trip start time",23,25460,25437,8038
"Before scheduled trip start time",23,1609,1586,8038
"Before scheduled trip start time",23,45,22,8038
"Before scheduled trip start time",23,25515,25492,8038
"Before scheduled trip start time",23,25560,25537,8038
"Before scheduled trip start time",23,25586,25563,8038
"Before scheduled trip start time",23,59,36,8038
"Before scheduled trip start time",23,61,38,8038
"Before scheduled trip start time",23,25395,25372,8038
"Before scheduled trip start time",23,25447,25424,8038
"Before scheduled trip start time",23,25657,25634,8038
"Before scheduled trip start time",23,25260,25237,8038
"Before scheduled trip start time",23,25589,25566,8038
"Before scheduled trip start time",23,25504,25481,8038
"Before scheduled trip start time",23,25685,25662,8038
"Before scheduled trip start time",23,25474,25451,8038
"Before scheduled trip start time",23,25445,25422,8038
"Before scheduled trip start time",23,55,32,8038
"Before scheduled trip start time",23,25527,25504,8038
"Before scheduled trip start time",23,25466,25443,8038
"Before scheduled trip start time",23,25277,25254,8038
"Before scheduled trip start time",23,229,206,8038
"Before scheduled trip start time",23,25545,25522,8038
"Before scheduled trip start time",23,25655,25632,8038
"Before scheduled trip start time",23,25278,25255,8038
"Before scheduled trip start time",23,25679,25656,8038
"Before scheduled trip start time",23,1189,1166,8038
"Before scheduled trip start time",23,25537,25514,8038
"Before scheduled trip start time",23,25421,25398,8038
"Before scheduled trip start time",23,25304,25281,8038
"Before scheduled trip start time",23,769,746,8038
"Before scheduled trip start time",23,25367,25344,8038
"Before scheduled trip start time",23,25591,25568,8038
"Before scheduled trip start time",23,42,19,8038
"Before scheduled trip start time",23,25399,25376,8038
"Before scheduled trip start time",23,25501,25478,8038
"Before scheduled trip start time",23,72,49,8038
"Before scheduled trip start time",23,25578,25555,8038
"Before scheduled trip start time",23,25320,25297,8038
"Before scheduled trip start time",23,25630,25607,8038
"Before scheduled trip start time",23,25388,25365,8038
"Before scheduled trip start time",23,25286,25263,8038
"Before scheduled trip start time",23,25457,25434,8038
"Before scheduled trip start time",23,25468,25445,8038
"Before scheduled trip start time",23,25359,25336,8038
"Before scheduled trip start time",23,32,9,8038
"Before scheduled trip start time",23,589,566,8038
"Before scheduled trip start time",23,25509,25486,8038
"Before scheduled trip start time",23,25417,25394,8038
"Before scheduled trip start time",23,25361,25338,8038
"Before scheduled trip start time",23,25615,25592,8038
"Before scheduled trip start time",23,25869,25846,8038
"Before scheduled trip start time",23,25547,25524,8038
"Before scheduled trip start time",23,25754,25731,8038
"Before scheduled trip start time",23,1489,1466,8038
"Before scheduled trip start time",23,25379,25356,8038
"Before scheduled trip start time",23,25636,25613,8038
"Before scheduled trip start time",23,1369,1346,8038
"Before scheduled trip start time",23,25476,25453,8038
"Before scheduled trip start time",23,25300,25277,8038
"Before scheduled trip start time",23,25435,25412,8038
"Before scheduled trip start time",23,25554,25531,8038
"Before scheduled trip start time",23,25352,25329,8038
"Before scheduled trip start time",23,25609,25586,8038
"Before scheduled trip start time",23,25582,25559,8038
"Before scheduled trip start time",23,51,28,8038
"Before scheduled trip start time",23,25638,25615,8038
"Before scheduled trip start time",23,25377,25354,8038
"Before scheduled trip start time",23,25410,25387,8038
"Before scheduled trip start time",23,25462,25439,8038
"Before scheduled trip start time",23,25623,25600,8038
"Before scheduled trip start time",23,25470,25447,8038
"Before scheduled trip start time",23,169,146,8038
"Before scheduled trip start time",23,25671,25648,8038
"Before scheduled trip start time",23,25494,25471,8038
"Before scheduled trip start time",23,25674,25651,8038
"Before scheduled trip start time",23,77,54,8038
"Before scheduled trip start time",23,25328,25305,8038
"Before scheduled trip start time",23,25569,25546,8038
"Before scheduled trip start time",23,25507,25484,8038
"Before scheduled trip start time",23,71,48,8038
"Before scheduled trip start time",23,25517,25494,8038
"Before scheduled trip start time",23,25490,25467,8038
"Before scheduled trip start time",23,25427,25404,8038
"Before scheduled trip start time",23,25378,25355,8038
"Before scheduled trip start time",23,1309,1286,8038
"Before scheduled trip start time",23,23,0,8038
"Before scheduled trip start time",23,25465,25442,8038
"Before scheduled trip start time",23,25500,25477,8038
"Before scheduled trip start time",23,25602,25579,8038
"Before scheduled trip start time",23,25285,25262,8038
"Before scheduled trip start time",23,25322,25299,8038
"Before scheduled trip start time",23,25334,25311,8038
"Before scheduled trip start time",23,25727,25704,8038
"Before scheduled trip start time",23,25471,25448,8038
"Before scheduled trip start time",23,25450,25427,8038
"Before scheduled trip start time",23,349,326,8038
"Before scheduled trip start time",23,25416,25393,8038
"Before scheduled trip start time",23,25526,25503,8038
"Before scheduled trip start time",23,25580,25557,8038
"Before scheduled trip start time",23,25351,25328,8038
"Before scheduled trip start time",23,25389,25366,8038
"Before scheduled trip start time",23,25368,25345,8038
"Before scheduled trip start time",23,25321,25298,8038
"Before scheduled trip start time",23,25407,25384,8038
"Before scheduled trip start time",23,25420,25397,8038
"Before scheduled trip start time",23,25261,25238,8038
"Before scheduled trip start time",23,949,926,8038
"Before scheduled trip start time",23,25488,25465,8038
"Before scheduled trip start time",23,25567,25544,8038
"Before scheduled trip start time",23,25374,25351,8038
"Before scheduled trip start time",23,25570,25547,8038
"Before scheduled trip start time",23,25448,25425,8038
"Before scheduled trip start time",23,25306,25283,8038
"Before scheduled trip start time",23,50,27,8038
"Before scheduled trip start time",23,25311,25288,8038
"Before scheduled trip start time",23,56,33,8038
"Before scheduled trip start time",23,25689,25666,8038
"Before scheduled trip start time",23,25265,25242,8038
"Before scheduled trip start time",23,25409,25386,8038
"Before scheduled trip start time",23,25443,25420,8038
"Before scheduled trip start time",23,25360,25337,8038
"Before scheduled trip start time",23,25619,25596,8038
"Before scheduled trip start time",23,25345,25322,8038
"Before scheduled trip start time",23,25276,25253,8038
"Before scheduled trip start time",23,25319,25296,8038
"Before scheduled trip start time",23,25610,25587,8038
"Before scheduled trip start time",23,25266,25243,8038
"Before scheduled trip start time",23,25412,25389,8038
"Before scheduled trip start time",23,25929,25906,8038
"Before scheduled trip start time",23,25481,25458,8038
"Before scheduled trip start time",23,25381,25358,8038
"Before scheduled trip start time",23,25605,25582,8038
"Before scheduled trip start time",23,25653,25630,8038
"Before scheduled trip start time",23,25632,25609,8038
"Before scheduled trip start time",23,25413,25390,8038
"Before scheduled trip start time",23,25771,25748,8038
"Before scheduled trip start time",23,25425,25402,8038
"Before scheduled trip start time",23,178,155,8038
"Before scheduled trip start time",23,25600,25577,8038
"Before scheduled trip start time",23,25325,25302,8038
"Before scheduled trip start time",23,25293,25270,8038
"Before scheduled trip start time",23,25279,25256,8038
"Before scheduled trip start time",23,889,866,8038
"Before scheduled trip start time",23,25540,25517,8038
"Before scheduled trip start time",23,35,12,8038
"Before scheduled trip start time",23,25288,25265,8038
"Before scheduled trip start time",23,25492,25469,8038
"Before scheduled trip start time",23,38,15,8038
"Before scheduled trip start time",23,25556,25533,8038
"Before scheduled trip start time",23,25283,25260,8038
"Before scheduled trip start time",23,25562,25539,8038
"Before scheduled trip start time",23,829,806,8038
"Before scheduled trip start time",23,25318,25295,8038
"Before scheduled trip start time",23,25343,25320,8038
"Before scheduled trip start time",23,25604,25581,8038
"Before scheduled trip start time",23,25383,25360,8038
"Before scheduled trip start time",23,25613,25590,8038
"Before scheduled trip start time",23,25415,25392,8038
"Before scheduled trip start time",23,78,55,8038
"Before scheduled trip start time",23,25299,25276,8038
"Before scheduled trip start time",23,25402,25379,8038
"Before scheduled trip start time",23,25525,25502,8038
"Before scheduled trip start time",23,25700,25677,8038
"Before scheduled trip start time",23,25667,25644,8038
"Before scheduled trip start time",23,25495,25472,8038
"Before scheduled trip start time",23,25316,25293,8038
"Before scheduled trip start time",23,84,61,8038
"Before scheduled trip start time",23,25661,25638,8038
"Before scheduled trip start time",23,25370,25347,8038
"Before scheduled trip start time",23,40,17,8038
"Before scheduled trip start time",23,33,10,8038
"Before scheduled trip start time",23,182,159,8038
"Before scheduled trip start time",23,25862,25839,8038
"Before scheduled trip start time",23,25760,25737,8038
"Before scheduled trip start time",23,25305,25282,8038
"Before scheduled trip start time",23,1549,1526,8038
"Before scheduled trip start time",23,109,86,8038
"Before scheduled trip start time",23,25335,25312,8038
"Before scheduled trip start time",23,25510,25487,8038
"Before scheduled trip start time",23,409,386,8038
"Before scheduled trip start time",23,25298,25275,8038
"Before scheduled trip start time",23,25575,25552,8038
"Before scheduled trip start time",23,25552,25529,8038
"Before scheduled trip start time",23,25519,25496,8038
"Before scheduled trip start time",23,25422,25399,8038
"Before scheduled trip start time",23,25635,25612,8038
"Before scheduled trip start time",23,30,7,8038
"Before scheduled trip start time",23,44,21,8038
"Before scheduled trip start time",23,25640,25617,8038
"Before scheduled trip start time",23,25673,25650,8038
"Before scheduled trip start time",23,25,2,8038
"Before scheduled trip start time",23,25647,25624,8038
"Before scheduled trip start time",23,25292,25269,8038
"Before scheduled trip start time",23,25682,25659,8038
"Before scheduled trip start time",23,25641,25618,8038
"Before scheduled trip start time",23,25264,25241,8038
"Before scheduled trip start time",23,25330,25307,8038
"Before scheduled trip start time",23,25414,25391,8038
"Before scheduled trip start time",23,25406,25383,8038
"Before scheduled trip start time",23,25499,25476,8038
"Before scheduled trip start time",23,88,65,8038
"Before scheduled trip start time",23,25315,25292,8038
"Before scheduled trip start time",23,25282,25259,8038
"Before scheduled trip start time",23,25329,25306,8038
"Before scheduled trip start time",23,49,26,8038
"Before scheduled trip start time",23,1129,1106,8038
"Before scheduled trip start time",23,25588,25565,8038
"Before scheduled trip start time",23,25493,25470,8038
"Before scheduled trip start time",23,25387,25364,8038
"Before scheduled trip start time",23,529,506,8038
"Before scheduled trip start time",23,25587,25564,8038
"Before scheduled trip start time",23,25486,25463,8038
"Before scheduled trip start time",23,1069,1046,8038
"Before scheduled trip start time",23,25629,25606,8038
"Before scheduled trip start time",23,25449,25426,8038
"Before scheduled trip start time",23,25541,25518,8038
"Before scheduled trip start time",23,25353,25330,8038
"Before scheduled trip start time",23,25651,25628,8038
"Before scheduled trip start time",23,64,41,8038
"Before scheduled trip start time",23,25390,25367,8038
"Before scheduled trip start time",23,25643,25620,8038
"Before scheduled trip start time",23,25491,25468,8038
"Before scheduled trip start time",23,53,30,8038
"Before scheduled trip start time",23,25336,25313,8038
"Before scheduled trip start time",23,25497,25474,8038
"Before scheduled trip start time",23,25346,25323,8038
"Before scheduled trip start time",23,25565,25542,8038
"Before scheduled trip start time",23,25583,25560,8038
"Before scheduled trip start time",23,25922,25899,8038
"Before scheduled trip start time",23,25267,25244,8038
"Before scheduled trip start time",23,25428,25405,8038
"Before scheduled trip start time",23,52,29,8038
"Before scheduled trip start time",23,25563,25540,8038
"Before scheduled trip start time",23,25522,25499,8038
"Before scheduled trip start time",23,25426,25403,8038
"Before scheduled trip start time",23,25350,25327,8038
"Before scheduled trip start time",23,25297,25274,8038
"Before scheduled trip start time",23,46,23,8038
"Before scheduled trip start time",23,25574,25551,8038
"Before scheduled trip start time",23,25396,25373,8038
"Before scheduled trip start time",23,25444,25421,8038
"Before scheduled trip start time",23,25437,25414,8038
"Before scheduled trip start time",23,25795,25772,8038
"Before scheduled trip start time",23,25313,25290,8038
"Before scheduled trip start time",23,25742,25719,8038
"Before scheduled trip start time",23,25675,25652,8038
"Before scheduled trip start time",23,41,18,8038
"Before scheduled trip start time",23,122,99,8038
"Before scheduled trip start time",23,25332,25309,8038
"Before scheduled trip start time",23,25436,25413,8038
"Before scheduled trip start time",23,25301,25278,8038
"Before scheduled trip start time",23,25722,25699,8038
"Before scheduled trip start time",23,25382,25359,8038
"Before scheduled trip start time",23,25340,25317,8038
"Before scheduled trip start time",23,25385,25362,8038
"Before scheduled trip start time",23,34,11,8038
"Before scheduled trip start time",23,25349,25326,8038
"Before scheduled trip start time",23,25584,25561,8038
"Before scheduled trip start time",23,25664,25641,8038
"Before scheduled trip start time",23,25369,25346,8038
"Before scheduled trip start time",23,1009,986,8038
"Before scheduled trip start time",23,25323,25300,8038
"Before scheduled trip start time",23,62,39,8038
"Before scheduled trip start time",23,25397,25374,8038
"Before scheduled trip start time",23,25375,25352,8038
"Before scheduled trip start time",23,25802,25779,8038
"Before scheduled trip start time",23,25564,25541,8038
"Before scheduled trip start time",23,25404,25381,8038
"Before scheduled trip start time",23,24,1,8038
"Before scheduled trip start time",23,25424,25401,8038
"Before scheduled trip start time",23,25487,25464,8038
"Before scheduled trip start time",23,29,6,8038
"Before scheduled trip start time",23,25455,25432,8038
"Before scheduled trip start time",23,25376,25353,8038
"Before scheduled trip start time",23,25660,25637,8038
"Before scheduled trip start time",23,25576,25553,8038
"Before scheduled trip start time",23,469,446,8038
"Before scheduled trip start time",23,1249,1226,8038
"Before scheduled trip start time",23,25478,25455,8038
"Before scheduled trip start time",23,25558,25535,8038
"Before scheduled trip start time",23,25477,25454,8038
"Before scheduled trip start time",23,25269,25246,8038
"Before scheduled trip start time",23,37,14,8038
"Before scheduled trip start time",23,25273,25250,8038
"Before scheduled trip start time",23,25310,25287,8038
"Before scheduled trip start time",23,25711,25688,8038
"Before scheduled trip start time",23,25391,25368,8038
"Before scheduled trip start time",23,25380,25357,8038
"Before scheduled trip start time",23,25577,25554,8038
"Before scheduled trip start time",23,27,4,8038
"Before scheduled trip start time",23,25440,25417,8038
"Before scheduled trip start time",23,25571,25548,8038
"Before scheduled trip start time",23,25331,25308,8038
"Before scheduled trip start time",23,25274,25251,8038
"Before scheduled trip start time",23,25398,25375,8038
"Before scheduled trip start time",23,25333,25310,8038
"Before scheduled trip start time",23,25263,25240,8038
"Before scheduled trip start time",23,25392,25369,8038
"Before scheduled trip start time",23,25533,25510,8038
"Before scheduled trip start time",23,25475,25452,8038
"Before scheduled trip start time",23,25559,25536,8038
"Before scheduled trip start time",23,25451,25428,8038
"Before scheduled trip start time",23,25459,25436,8038
"Before scheduled trip start time",23,25698,25675,8038
"Before scheduled trip start time",23,25855,25832,8038
"Before scheduled trip start time",23,25749,25726,8038
"Before scheduled trip start time",23,25356,25333,8038
"Before scheduled trip start time",23,25344,25321,8038
"Before scheduled trip start time",23,25538,25515,8038
"Before scheduled trip start time",23,25505,25482,8038
"Before scheduled trip start time",23,25441,25418,8038
"Before scheduled trip start time",23,66,43,8038
"Before scheduled trip start time",23,25268,25245,8038
"Before scheduled trip start time",23,25403,25380,8038
"Before scheduled trip start time",23,25496,25473,8038
"Before scheduled trip start time",23,25384,25361,8038
"Before scheduled trip start time",23,25572,25549,8038
"Before scheduled trip start time",23,25458,25435,8038
"Before scheduled trip start time",23,25294,25271,8038
"Before scheduled trip start time",23,25342,25319,8038
"Before scheduled trip start time",23,25326,25303,8038
"Before scheduled trip start time",23,25553,25530,8038
"Before scheduled trip start time",23,65,42,8038
"During scheduled trip",23,25426,25403,291
"During scheduled trip",23,25335,25312,291
"During scheduled trip",23,25613,25590,291
"During scheduled trip",23,25665,25642,291
"During scheduled trip",23,25661,25638,291
"During scheduled trip",23,25565,25542,291
"During scheduled trip",23,25287,25264,291
"During scheduled trip",23,25586,25563,291
"During scheduled trip",23,25270,25247,291
"During scheduled trip",23,215,192,291
"During scheduled trip",23,61,38,291
"During scheduled trip",23,25268,25245,291
"During scheduled trip",23,25284,25261,291
"During scheduled trip",23,25421,25398,291
"During scheduled trip",23,25394,25371,291
"During scheduled trip",23,25633,25610,291
"During scheduled trip",23,25373,25350,291
"During scheduled trip",23,25323,25300,291
"During scheduled trip",23,149,126,291
"During scheduled trip",23,25417,25394,291
"During scheduled trip",23,25408,25385,291
"During scheduled trip",23,25386,25363,291
"During scheduled trip",23,25549,25526,291
"During scheduled trip",23,25641,25618,291
"During scheduled trip",23,263,240,291
"During scheduled trip",23,25382,25359,291
"During scheduled trip",23,25521,25498,291
"During scheduled trip",23,123,100,291
"During scheduled trip",23,162,139,291
"During scheduled trip",23,113,90,291
"During scheduled trip",23,25340,25317,291
"During scheduled trip",23,25533,25510,291
"During scheduled trip",23,87,64,291
"During scheduled trip",23,169,146,291
"During scheduled trip",23,25502,25479,291
"During scheduled trip",23,97,74,291
"During scheduled trip",23,25669,25646,291
"During scheduled trip",23,25337,25314,291
"During scheduled trip",23,128,105,291
"During scheduled trip",23,25496,25473,291
"During scheduled trip",23,25671,25648,291
"During scheduled trip",23,25330,25307,291
"During scheduled trip",23,25308,25285,291
"During scheduled trip",23,25389,25366,291
"During scheduled trip",23,25285,25262,291
"During scheduled trip",23,262,239,291
"During scheduled trip",23,25456,25433,291
"During scheduled trip",23,25354,25331,291
"During scheduled trip",23,25433,25410,291
"During scheduled trip",23,25545,25522,291
"During scheduled trip",23,25676,25653,291
"During scheduled trip",23,363,340,291
"During scheduled trip",23,25649,25626,291
"During scheduled trip",23,229,206,291
"During scheduled trip",23,25319,25296,291
"During scheduled trip",23,25338,25315,291
"During scheduled trip",23,25342,25319,291
"During scheduled trip",23,25444,25421,291
"During scheduled trip",23,25376,25353,291
"During scheduled trip",23,65,42,291
"During scheduled trip",23,76,53,291
"During scheduled trip",23,25487,25464,291
"During scheduled trip",23,25488,25465,291
"During scheduled trip",23,25652,25629,291
"During scheduled trip",23,25556,25533,291
"During scheduled trip",23,25683,25660,291
"During scheduled trip",23,25711,25688,291
"During scheduled trip",23,25560,25537,291
"During scheduled trip",23,25599,25576,291
"During scheduled trip",23,25677,25654,291
"During scheduled trip",23,83,60,291
"During scheduled trip",23,141,118,291
"During scheduled trip",23,25384,25361,291
"During scheduled trip",23,155,132,291
"During scheduled trip",23,25304,25281,291
"During scheduled trip",23,25638,25615,291
"During scheduled trip",23,25453,25430,291
"During scheduled trip",23,25416,25393,291
"During scheduled trip",23,25435,25412,291
"During scheduled trip",23,25269,25246,291
"During scheduled trip",23,25438,25415,291
"During scheduled trip",23,25504,25481,291
"During scheduled trip",23,111,88,291
"During scheduled trip",23,25380,25357,291
"During scheduled trip",23,25455,25432,291
"During scheduled trip",23,74,51,291
"During scheduled trip",23,124,101,291
"During scheduled trip",23,137,114,291
"During scheduled trip",23,25476,25453,291
"During scheduled trip",23,90,67,291
"During scheduled trip",23,25580,25557,291
"During scheduled trip",23,145,122,291
"During scheduled trip",23,25334,25311,291
"During scheduled trip",23,25292,25269,291
"During scheduled trip",23,25363,25340,291
"During scheduled trip",23,25523,25500,291
"During scheduled trip",23,25621,25598,291
"During scheduled trip",23,25845,25822,291
"During scheduled trip",23,49,26,291
"During scheduled trip",23,25447,25424,291
"During scheduled trip",23,25538,25515,291
"During scheduled trip",23,25511,25488,291
"During scheduled trip",23,25412,25389,291
"During scheduled trip",23,25622,25599,291
"During scheduled trip",23,382,359,291
"During scheduled trip",23,25482,25459,291
"During scheduled trip",23,25609,25586,291
"During scheduled trip",23,289,266,291
"During scheduled trip",23,38,15,291
"During scheduled trip",23,25294,25271,291
"During scheduled trip",23,71,48,291
"During scheduled trip",23,25631,25608,291
"During scheduled trip",23,201,178,291
"During scheduled trip",23,25383,25360,291
"During scheduled trip",23,25443,25420,291
"During scheduled trip",23,81,58,291
"During scheduled trip",23,25424,25401,291
"During scheduled trip",23,25441,25418,291
"During scheduled trip",23,25473,25450,291
"During scheduled trip",23,25282,25259,291
"During scheduled trip",23,25584,25561,291
"During scheduled trip",23,209,186,291
"During scheduled trip",23,25362,25339,291
"During scheduled trip",23,40,17,291
"During scheduled trip",23,25506,25483,291
"During scheduled trip",23,25368,25345,291
"During scheduled trip",23,119,96,291
"During scheduled trip",23,25377,25354,291
"During scheduled trip",23,27,4,291
"During scheduled trip",23,25272,25249,291
"During scheduled trip",23,25500,25477,291
"During scheduled trip",23,107,84,291
"During scheduled trip",23,25618,25595,291
"During scheduled trip",23,25327,25304,291
"During scheduled trip",23,41,18,291
"During scheduled trip",23,25307,25284,291
"During scheduled trip",23,54,31,291
"During scheduled trip",23,35,12,291
"During scheduled trip",23,115,92,291
"During scheduled trip",23,183,160,291
"During scheduled trip",23,110,87,291
"During scheduled trip",23,25351,25328,291
"During scheduled trip",23,322,299,291
"During scheduled trip",23,25576,25553,291
"During scheduled trip",23,101,78,291
"During scheduled trip",23,534,511,291
"During scheduled trip",23,25329,25306,291
"During scheduled trip",23,25495,25472,291
"During scheduled trip",23,25637,25614,291
"During scheduled trip",23,25331,25308,291
"During scheduled trip",23,47,24,291
"During scheduled trip",23,25315,25292,291
"During scheduled trip",23,25401,25378,291
"During scheduled trip",23,48,25,291
"During scheduled trip",23,25587,25564,291
"During scheduled trip",23,25831,25808,291
"During scheduled trip",23,75,52,291
"During scheduled trip",23,39,16,291
"During scheduled trip",23,25555,25532,291
"During scheduled trip",23,25672,25649,291
"During scheduled trip",23,25310,25287,291
"During scheduled trip",23,25378,25355,291
"During scheduled trip",23,25589,25566,291
"During scheduled trip",23,29,6,291
"During scheduled trip",23,25737,25714,291
"During scheduled trip",23,25283,25260,291
"During scheduled trip",23,25348,25325,291
"During scheduled trip",23,93,70,291
"During scheduled trip",23,70,47,291
"During scheduled trip",23,102,79,291
"During scheduled trip",23,73,50,291
"During scheduled trip",23,25513,25490,291
"During scheduled trip",23,25258,25235,291
"During scheduled trip",23,127,104,291
"During scheduled trip",23,25544,25521,291
"During scheduled trip",23,25400,25377,291
"During scheduled trip",23,106,83,291
"During scheduled trip",23,179,156,291
"During scheduled trip",23,25485,25462,291
"During scheduled trip",23,55,32,291
"During scheduled trip",23,142,119,291
"During scheduled trip",23,25398,25375,291
"During scheduled trip",23,86,63,291
"During scheduled trip",23,25333,25310,291
"During scheduled trip",23,25611,25588,291
"During scheduled trip",23,25630,25607,291
"During scheduled trip",23,25520,25497,291
"During scheduled trip",23,25501,25478,291
"During scheduled trip",23,25364,25341,291
"During scheduled trip",23,25536,25513,291
"During scheduled trip",23,25491,25468,291
"During scheduled trip",23,67,44,291
"During scheduled trip",23,25369,25346,291
"During scheduled trip",23,25418,25395,291
"During scheduled trip",23,79,56,291
"During scheduled trip",23,25302,25279,291
"During scheduled trip",23,25498,25475,291
"During scheduled trip",23,25524,25501,291
"During scheduled trip",23,109,86,291
"During scheduled trip",23,25414,25391,291
"During scheduled trip",23,25537,25514,291
"During scheduled trip",23,25265,25242,291
"During scheduled trip",23,25517,25494,291
"During scheduled trip",23,25460,25437,291
"During scheduled trip",23,25374,25351,291
"During scheduled trip",23,25582,25559,291
"During scheduled trip",23,82,59,291
"During scheduled trip",23,25571,25548,291
"During scheduled trip",23,301,278,291
"During scheduled trip",23,25344,25321,291
"During scheduled trip",23,259,236,291
"During scheduled trip",23,25349,25326,291
"During scheduled trip",23,66,43,291
"During scheduled trip",23,33,10,291
"During scheduled trip",23,25605,25582,291
"During scheduled trip",23,25299,25276,291
"During scheduled trip",23,25497,25474,291
"During scheduled trip",23,25601,25578,291
"During scheduled trip",23,25445,25422,291
"During scheduled trip",23,43,20,291
"During scheduled trip",23,25660,25637,291
"During scheduled trip",23,25410,25387,291
"During scheduled trip",23,25653,25630,291
"During scheduled trip",23,117,94,291
"During scheduled trip",23,122,99,291
"During scheduled trip",23,25419,25396,291
"During scheduled trip",23,25259,25236,291
"During scheduled trip",23,77,54,291
"During scheduled trip",23,103,80,291
"During scheduled trip",23,92,69,291
"During scheduled trip",23,25353,25330,291
"During scheduled trip",23,25534,25511,291
"During scheduled trip",23,25442,25419,291
"During scheduled trip",23,25278,25255,291
"During scheduled trip",23,25409,25386,291
"During scheduled trip",23,25367,25344,291
"During scheduled trip",23,25516,25493,291
"During scheduled trip",23,25492,25469,291
"During scheduled trip",23,105,82,291
"During scheduled trip",23,25321,25298,291
"During scheduled trip",23,25483,25460,291
"During scheduled trip",23,25581,25558,291
"During scheduled trip",23,25260,25237,291
"During scheduled trip",23,62,39,291
"During scheduled trip",23,85,62,291
"During scheduled trip",23,88,65,291
"During scheduled trip",23,114,91,291
"During scheduled trip",23,125,102,291
"During scheduled trip",23,25475,25452,291
"During scheduled trip",23,25508,25485,291
"During scheduled trip",23,25415,25392,291
"During scheduled trip",23,25267,25244,291
"During scheduled trip",23,25346,25323,291
"During scheduled trip",23,25530,25507,291
"During scheduled trip",23,25610,25587,291
"During scheduled trip",23,121,98,291
"During scheduled trip",23,25316,25293,291
"During scheduled trip",23,25785,25762,291
"During scheduled trip",23,25557,25534,291
"During scheduled trip",23,25257,25234,291
"During scheduled trip",23,25678,25655,291
"During scheduled trip",23,25411,25388,291
"During scheduled trip",23,25514,25491,291
"During scheduled trip",23,25347,25324,291
"During scheduled trip",23,25634,25611,291
"During scheduled trip",23,25407,25384,291
"During scheduled trip",23,25406,25383,291
"During scheduled trip",23,25646,25623,291
"During scheduled trip",23,36,13,291
"During scheduled trip",23,25431,25408,291
"During scheduled trip",23,91,68,291
"During scheduled trip",23,25590,25567,291
"During scheduled trip",23,166,143,291
"During scheduled trip",23,25298,25275,291
"During scheduled trip",23,25593,25570,291
"During scheduled trip",23,130,107,291
"During scheduled trip",23,25280,25257,291
"During scheduled trip",23,25640,25617,291
"During scheduled trip",23,138,115,291
"During scheduled trip",23,25395,25372,291
"During scheduled trip",23,25499,25476,291
"During scheduled trip",23,25388,25365,291
"During scheduled trip",23,25600,25577,291
"During scheduled trip",23,25489,25466,291
"During scheduled trip",23,25312,25289,291
"During scheduled trip",23,25529,25506,291
"During scheduled trip",23,116,93,291
"During scheduled trip",23,25439,25416,291
"During scheduled trip",23,25518,25495,291
"During scheduled trip",23,46,23,291
"During scheduled trip",23,25402,25379,291
"During scheduled trip",23,25558,25535,291
"During scheduled trip",23,25281,25258,291
"During scheduled trip",23,319,296,291
"During scheduled trip",23,25623,25600,291
"During scheduled trip",23,25588,25565,291
"During scheduled trip",23,25480,25457,291
"During scheduled trip",23,25564,25541,291
"During scheduled trip",23,25519,25496,291
"During scheduled trip",23,143,120,291
"During scheduled trip",23,30,7,291
"During scheduled trip",23,192,169,291
"During scheduled trip",23,57,34,291
"During scheduled trip",23,25345,25322,291
"During scheduled trip",23,25464,25441,291
"During scheduled trip",23,25490,25467,291
"During scheduled trip",23,26,3,291
"During scheduled trip",23,25579,25556,291
"During scheduled trip",23,25387,25364,291
"During scheduled trip",23,100,77,291
"During scheduled trip",23,25561,25538,291
"During scheduled trip",23,199,176,291
"During scheduled trip",23,25261,25238,291
"During scheduled trip",23,25474,25451,291
"During scheduled trip",23,53,30,291
"During scheduled trip",23,25598,25575,291
"During scheduled trip",23,25440,25417,291
"During scheduled trip",23,25311,25288,291
"During scheduled trip",23,25317,25294,291
"During scheduled trip",23,25486,25463,291
"During scheduled trip",23,25563,25540,291
"During scheduled trip",23,25535,25512,291
"During scheduled trip",23,25,2,291
"During scheduled trip",23,44,21,291
"During scheduled trip",23,64,41,291
"During scheduled trip",23,25528,25505,291
"During scheduled trip",23,78,55,291
"During scheduled trip",23,25336,25313,291
"During scheduled trip",23,25503,25480,291
"During scheduled trip",23,25505,25482,291
"During scheduled trip",23,25359,25336,291
"During scheduled trip",23,98,75,291
"During scheduled trip",23,25577,25554,291
"During scheduled trip",23,175,152,291
"During scheduled trip",23,28,5,291
"During scheduled trip",23,25254,25231,291
"During scheduled trip",23,25286,25263,291
"During scheduled trip",23,25552,25529,291
"During scheduled trip",23,203,180,291
"During scheduled trip",23,68,45,291
"During scheduled trip",23,25277,25254,291
"During scheduled trip",23,25430,25407,291
"During scheduled trip",23,25554,25531,291
"During scheduled trip",23,51,28,291
"During scheduled trip",23,25462,25439,291
"During scheduled trip",23,52,29,291
"During scheduled trip",23,25332,25309,291
"During scheduled trip",23,25271,25248,291
"During scheduled trip",23,25595,25572,291
"During scheduled trip",23,95,72,291
"During scheduled trip",23,37,14,291
"During scheduled trip",23,25420,25397,291
"During scheduled trip",23,25355,25332,291
"During scheduled trip",23,104,81,291
"During scheduled trip",23,25372,25349,291
"During scheduled trip",23,25635,25612,291
"During scheduled trip",23,25457,25434,291
"During scheduled trip",23,25624,25601,291
"During scheduled trip",23,25276,25253,291
"During scheduled trip",23,25472,25449,291
"During scheduled trip",23,25583,25560,291
"During scheduled trip",23,441,418,291
"During scheduled trip",23,25290,25267,291
"During scheduled trip",23,25275,25252,291
"During scheduled trip",23,25510,25487,291
"During scheduled trip",23,25403,25380,291
"During scheduled trip",23,25657,25634,291
"During scheduled trip",23,25591,25568,291
"During scheduled trip",23,25392,25369,291
"During scheduled trip",23,89,66,291
"During scheduled trip",23,84,61,291
"During scheduled trip",23,94,71,291
"During scheduled trip",23,25356,25333,291
"During scheduled trip",23,25313,25290,291
"During scheduled trip",23,25532,25509,291
"During scheduled trip",23,25296,25273,291
"During scheduled trip",23,25325,25302,291
"During scheduled trip",23,25301,25278,291
"During scheduled trip",23,25662,25639,291
"During scheduled trip",23,25432,25409,291
"During scheduled trip",23,25515,25492,291
"During scheduled trip",23,25396,25373,291
"During scheduled trip",23,25422,25399,291
"During scheduled trip",23,69,46,291
"During scheduled trip",23,25679,25656,291
"During scheduled trip",23,241,218,291
"During scheduled trip",23,25470,25447,291
"During scheduled trip",23,25391,25368,291
"During scheduled trip",23,25617,25594,291
"During scheduled trip",23,25550,25527,291
"During scheduled trip",23,25674,25651,291
"During scheduled trip",23,25721,25698,291
"During scheduled trip",23,25592,25569,291
"During scheduled trip",23,25739,25716,291
"During scheduled trip",23,135,112,291
"During scheduled trip",23,25451,25428,291
"During scheduled trip",23,32,9,291
"During scheduled trip",23,25526,25503,291
"During scheduled trip",23,381,358,291
"During scheduled trip",23,60,37,291
"During scheduled trip",23,25343,25320,291
"During scheduled trip",23,80,57,291
"During scheduled trip",23,24,1,291
"During scheduled trip",23,34,11,291
"During scheduled trip",23,25465,25442,291
"During scheduled trip",23,126,103,291
"During scheduled trip",23,25454,25431,291
"During scheduled trip",23,25458,25435,291
"During scheduled trip",23,25648,25625,291
"During scheduled trip",23,25425,25402,291
"During scheduled trip",23,186,163,291
"During scheduled trip",23,25305,25282,291
"During scheduled trip",23,118,95,291
"During scheduled trip",23,25448,25425,291
"During scheduled trip",23,25303,25280,291
"During scheduled trip",23,25570,25547,291
"During scheduled trip",23,25551,25528,291
"During scheduled trip",23,42,19,291
"During scheduled trip",23,25525,25502,291
"During scheduled trip",23,25361,25338,291
"During scheduled trip",23,56,33,291
"During scheduled trip",23,25541,25518,291
"During scheduled trip",23,25450,25427,291
"During scheduled trip",23,25357,25334,291
"During scheduled trip",23,25722,25699,291
"During scheduled trip",23,25314,25291,291
"During scheduled trip",23,25546,25523,291
"During scheduled trip",23,25264,25241,291
"During scheduled trip",23,25512,25489,291
"During scheduled trip",23,25274,25251,291
"During scheduled trip",23,25459,25436,291
"During scheduled trip",23,25619,25596,291
"During scheduled trip",23,25568,25545,291
"During scheduled trip",23,25494,25471,291
"During scheduled trip",23,25540,25517,291
"During scheduled trip",23,25562,25539,291
"During scheduled trip",23,59,36,291
"During scheduled trip",23,150,127,291
"During scheduled trip",23,25461,25438,291
"During scheduled trip",23,25616,25593,291
"During scheduled trip",23,25547,25524,291
"During scheduled trip",23,25543,25520,291
"During scheduled trip",23,25293,25270,291
"During scheduled trip",23,25324,25301,291
"During scheduled trip",23,25423,25400,291
"During scheduled trip",23,25322,25299,291
"During scheduled trip",23,25478,25455,291
"During scheduled trip",23,25399,25376,291
"During scheduled trip",23,25339,25316,291
"During scheduled trip",23,25428,25405,291
"During scheduled trip",23,144,121,291
"During scheduled trip",23,25375,25352,291
"During scheduled trip",23,108,85,291
"During scheduled trip",23,25468,25445,291
"During scheduled trip",23,139,116,291
"During scheduled trip",23,25341,25318,291
"During scheduled trip",23,25381,25358,291
"During scheduled trip",23,25300,25277,291
"During scheduled trip",23,25467,25444,291
"During scheduled trip",23,25531,25508,291
"During scheduled trip",23,25559,25536,291
"During scheduled trip",23,25266,25243,291
"During scheduled trip",23,25573,25550,291
"During scheduled trip",23,31,8,291
"During scheduled trip",23,159,136,291
"During scheduled trip",23,25479,25456,291
"During scheduled trip",23,25602,25579,291
"During scheduled trip",23,25360,25337,291
"During scheduled trip",23,157,134,291
"During scheduled trip",23,25615,25592,291
"During scheduled trip",23,25522,25499,291
"During scheduled trip",23,25625,25602,291
"During scheduled trip",23,25725,25702,291
"During scheduled trip",23,23,0,291
"During scheduled trip",23,45,22,291
"During scheduled trip",23,152,129,291
"During scheduled trip",23,25575,25552,291
"During scheduled trip",23,25542,25519,291
"During scheduled trip",23,594,571,291
"During scheduled trip",23,25452,25429,291
"During scheduled trip",23,25642,25619,291
"During scheduled trip",23,25471,25448,291
"During scheduled trip",23,25509,25486,291
"During scheduled trip",23,25493,25470,291
"During scheduled trip",23,25263,25240,291
"During scheduled trip",23,25481,25458,291
"During scheduled trip",23,25658,25635,291
"During scheduled trip",23,25295,25272,291
"During scheduled trip",23,25477,25454,291
"During scheduled trip",23,349,326,291
"During scheduled trip",23,25366,25343,291
"During scheduled trip",23,25585,25562,291
"During scheduled trip",23,132,109,291
"During scheduled trip",23,25350,25327,291
"During scheduled trip",23,25446,25423,291
"During scheduled trip",23,25436,25413,291
"During scheduled trip",23,25291,25268,291
"During scheduled trip",23,25636,25613,291
"During scheduled trip",23,25352,25329,291
"During scheduled trip",23,96,73,291
"During scheduled trip",23,25358,25335,291
"During scheduled trip",23,25279,25256,291
"During scheduled trip",23,99,76,291
"During scheduled trip",23,25539,25516,291
"During scheduled trip",23,72,49,291
"During scheduled trip",23,140,117,291
"During scheduled trip",23,112,89,291
"During scheduled trip",23,25578,25555,291
"During scheduled trip",23,25597,25574,291
"During scheduled trip",23,25306,25283,291
"During scheduled trip",23,25437,25414,291
"During scheduled trip",23,25405,25382,291
"During scheduled trip",23,25463,25440,291
"During scheduled trip",23,25309,25286,291
"During scheduled trip",23,171,148,291
"During scheduled trip",23,25527,25504,291
"During scheduled trip",23,25320,25297,291
"During scheduled trip",23,25393,25370,291
"During scheduled trip",23,25371,25348,291
"During scheduled trip",23,25288,25265,291
"During scheduled trip",23,25469,25446,291
"During scheduled trip",23,25318,25295,291
"During scheduled trip",23,25379,25356,291
"During scheduled trip",23,25449,25426,291
"During scheduled trip",23,25297,25274,291
"During scheduled trip",23,25507,25484,291
"During scheduled trip",23,25651,25628,291
"During scheduled trip",23,25404,25381,291
"During scheduled trip",23,25484,25461,291
"During scheduled trip",23,25413,25390,291
"During scheduled trip",23,58,35,291
"During scheduled trip",23,25397,25374,291
"During scheduled trip",23,25434,25411,291
"During scheduled trip",23,25466,25443,291
"During scheduled trip",23,25370,25347,291
"During scheduled trip",23,25328,25305,291
"During scheduled trip",23,25427,25404,291
"During scheduled trip",23,25614,25591,291
"During scheduled trip",23,63,40,291
"During scheduled trip",23,25553,25530,291
"During scheduled trip",23,25273,25250,291
"During scheduled trip",23,50,27,291
"During scheduled trip",23,25262,25239,291
"During scheduled trip",23,25385,25362,291
"During scheduled trip",23,25365,25342,291
"During scheduled trip",23,25326,25303,291
"During scheduled trip",23,25390,25367,291
"During scheduled trip",23,25289,25266,291
"During scheduled trip",23,25429,25406,291
"Post scheduled trip end time",23,345,322,4020.5
"Post scheduled trip end time",23,25417,25394,4020.5
"Post scheduled trip end time",23,50,27,4020.5
"Post scheduled trip end time",23,25905,25882,4020.5
"Post scheduled trip end time",23,25333,25310,4020.5
"Post scheduled trip end time",23,25498,25475,4020.5
"Post scheduled trip end time",23,25284,25261,4020.5
"Post scheduled trip end time",23,25431,25408,4020.5
"Post scheduled trip end time",23,25384,25361,4020.5
"Post scheduled trip end time",23,66,43,4020.5
"Post scheduled trip end time",23,25591,25568,4020.5
"Post scheduled trip end time",23,25576,25553,4020.5
"Post scheduled trip end time",23,43,20,4020.5
"Post scheduled trip end time",23,25711,25688,4020.5
"Post scheduled trip end time",23,25475,25452,4020.5
"Post scheduled trip end time",23,25325,25302,4020.5
"Post scheduled trip end time",23,163,140,4020.5
"Post scheduled trip end time",23,279,256,4020.5
"Post scheduled trip end time",23,25652,25629,4020.5
"Post scheduled trip end time",23,25359,25336,4020.5
"Post scheduled trip end time",23,29,6,4020.5
"Post scheduled trip end time",23,25383,25360,4020.5
"Post scheduled trip end time",23,25392,25369,4020.5
"Post scheduled trip end time",23,25562,25539,4020.5
"Post scheduled trip end time",23,25537,25514,4020.5
"Post scheduled trip end time",23,76,53,4020.5
"Post scheduled trip end time",23,39,16,4020.5
"Post scheduled trip end time",23,25418,25395,4020.5
"Post scheduled trip end time",23,78,55,4020.5
"Post scheduled trip end time",23,25544,25521,4020.5
"Post scheduled trip end time",23,25516,25493,4020.5
"Post scheduled trip end time",23,53,30,4020.5
"Post scheduled trip end time",23,25480,25457,4020.5
"Post scheduled trip end time",23,25500,25477,4020.5
"Post scheduled trip end time",23,65,42,4020.5
"Post scheduled trip end time",23,25329,25306,4020.5
"Post scheduled trip end time",23,25436,25413,4020.5
"Post scheduled trip end time",23,25430,25407,4020.5
"Post scheduled trip end time",23,25463,25440,4020.5
"Post scheduled trip end time",23,577,554,4020.5
"Post scheduled trip end time",23,25279,25256,4020.5
"Post scheduled trip end time",23,25327,25304,4020.5
"Post scheduled trip end time",23,25300,25277,4020.5
"Post scheduled trip end time",23,25462,25439,4020.5
"Post scheduled trip end time",23,25377,25354,4020.5
"Post scheduled trip end time",23,26,3,4020.5
"Post scheduled trip end time",23,192,169,4020.5
"Post scheduled trip end time",23,117,94,4020.5
"Post scheduled trip end time",23,25287,25264,4020.5
"Post scheduled trip end time",23,1040,1017,4020.5
"Post scheduled trip end time",23,106,83,4020.5
"Post scheduled trip end time",23,145,122,4020.5
"Post scheduled trip end time",23,371,348,4020.5
"Post scheduled trip end time",23,25465,25442,4020.5
"Post scheduled trip end time",23,25489,25466,4020.5
"Post scheduled trip end time",23,25402,25379,4020.5
"Post scheduled trip end time",23,25649,25626,4020.5
"Post scheduled trip end time",23,25364,25341,4020.5
"Post scheduled trip end time",23,25346,25323,4020.5
"Post scheduled trip end time",23,47,24,4020.5
"Post scheduled trip end time",23,25439,25416,4020.5
"Post scheduled trip end time",23,25362,25339,4020.5
"Post scheduled trip end time",23,25326,25303,4020.5
"Post scheduled trip end time",23,132,109,4020.5
"Post scheduled trip end time",23,25407,25384,4020.5
"Post scheduled trip end time",23,56,33,4020.5
"Post scheduled trip end time",23,25317,25294,4020.5
"Post scheduled trip end time",23,25555,25532,4020.5
"Post scheduled trip end time",23,25484,25461,4020.5
"Post scheduled trip end time",23,25589,25566,4020.5
"Post scheduled trip end time",23,90,67,4020.5
"Post scheduled trip end time",23,38,15,4020.5
"Post scheduled trip end time",23,25564,25541,4020.5
"Post scheduled trip end time",23,25423,25400,4020.5
"Post scheduled trip end time",23,25,2,4020.5
"Post scheduled trip end time",23,25452,25429,4020.5
"Post scheduled trip end time",23,64,41,4020.5
"Post scheduled trip end time",23,69,46,4020.5
"Post scheduled trip end time",23,25397,25374,4020.5
"Post scheduled trip end time",23,25509,25486,4020.5
"Post scheduled trip end time",23,560,537,4020.5
"Post scheduled trip end time",23,25464,25441,4020.5
"Post scheduled trip end time",23,860,837,4020.5
"Post scheduled trip end time",23,34,11,4020.5
"Post scheduled trip end time",23,31,8,4020.5
"Post scheduled trip end time",23,67,44,4020.5
"Post scheduled trip end time",23,25391,25368,4020.5
"Post scheduled trip end time",23,25375,25352,4020.5
"Post scheduled trip end time",23,25492,25469,4020.5
"Post scheduled trip end time",23,25399,25376,4020.5
"Post scheduled trip end time",23,25299,25276,4020.5
"Post scheduled trip end time",23,25306,25283,4020.5
"Post scheduled trip end time",23,25387,25364,4020.5
"Post scheduled trip end time",23,109,86,4020.5
"Post scheduled trip end time",23,25400,25377,4020.5
"Post scheduled trip end time",23,25403,25380,4020.5
"Post scheduled trip end time",23,25506,25483,4020.5
"Post scheduled trip end time",23,252,229,4020.5
"Post scheduled trip end time",23,25396,25373,4020.5
"Post scheduled trip end time",23,113,90,4020.5
"Post scheduled trip end time",23,25597,25574,4020.5
"Post scheduled trip end time",23,25291,25268,4020.5
"Post scheduled trip end time",23,25441,25418,4020.5
"Post scheduled trip end time",23,25525,25502,4020.5
"Post scheduled trip end time",23,25355,25332,4020.5
"Post scheduled trip end time",23,25348,25325,4020.5
"Post scheduled trip end time",23,25378,25355,4020.5
"Post scheduled trip end time",23,575,552,4020.5
"Post scheduled trip end time",23,25320,25297,4020.5
"Post scheduled trip end time",23,25499,25476,4020.5
"Post scheduled trip end time",23,54,31,4020.5
"Post scheduled trip end time",23,91,68,4020.5
"Post scheduled trip end time",23,25517,25494,4020.5
"Post scheduled trip end time",23,25342,25319,4020.5
"Post scheduled trip end time",23,25546,25523,4020.5
"Post scheduled trip end time",23,25442,25419,4020.5
"Post scheduled trip end time",23,630,607,4020.5
"Post scheduled trip end time",23,25524,25501,4020.5
"Post scheduled trip end time",23,25493,25470,4020.5
"Post scheduled trip end time",23,147,124,4020.5
"Post scheduled trip end time",23,25303,25280,4020.5
"Post scheduled trip end time",23,68,45,4020.5
"Post scheduled trip end time",23,25371,25348,4020.5
"Post scheduled trip end time",23,33,10,4020.5
"Post scheduled trip end time",23,25282,25259,4020.5
"Post scheduled trip end time",23,25552,25529,4020.5
"Post scheduled trip end time",23,178,155,4020.5
"Post scheduled trip end time",23,48,25,4020.5
"Post scheduled trip end time",23,25409,25386,4020.5
"Post scheduled trip end time",23,25497,25474,4020.5
"Post scheduled trip end time",23,25523,25500,4020.5
"Post scheduled trip end time",23,146,123,4020.5
"Post scheduled trip end time",23,25276,25253,4020.5
"Post scheduled trip end time",23,25724,25701,4020.5
"Post scheduled trip end time",23,25583,25560,4020.5
"Post scheduled trip end time",23,25466,25443,4020.5
"Post scheduled trip end time",23,620,597,4020.5
"Post scheduled trip end time",23,25351,25328,4020.5
"Post scheduled trip end time",23,25577,25554,4020.5
"Post scheduled trip end time",23,72,49,4020.5
"Post scheduled trip end time",23,25376,25353,4020.5
"Post scheduled trip end time",23,25298,25275,4020.5
"Post scheduled trip end time",23,87,64,4020.5
"Post scheduled trip end time",23,25471,25448,4020.5
"Post scheduled trip end time",23,25365,25342,4020.5
"Post scheduled trip end time",23,25575,25552,4020.5
"Post scheduled trip end time",23,25595,25572,4020.5
"Post scheduled trip end time",23,25412,25389,4020.5
"Post scheduled trip end time",23,25358,25335,4020.5
"Post scheduled trip end time",23,25560,25537,4020.5
"Post scheduled trip end time",23,25664,25641,4020.5
"Post scheduled trip end time",23,25446,25423,4020.5
"Post scheduled trip end time",23,25265,25242,4020.5
"Post scheduled trip end time",23,25573,25550,4020.5
"Post scheduled trip end time",23,25628,25605,4020.5
"Post scheduled trip end time",23,25332,25309,4020.5
"Post scheduled trip end time",23,165,142,4020.5
"Post scheduled trip end time",23,25614,25591,4020.5
"Post scheduled trip end time",23,51,28,4020.5
"Post scheduled trip end time",23,25323,25300,4020.5
"Post scheduled trip end time",23,25422,25399,4020.5
"Post scheduled trip end time",23,25513,25490,4020.5
"Post scheduled trip end time",23,25410,25387,4020.5
"Post scheduled trip end time",23,44,21,4020.5
"Post scheduled trip end time",23,25467,25444,4020.5
"Post scheduled trip end time",23,25533,25510,4020.5
"Post scheduled trip end time",23,154,131,4020.5
"Post scheduled trip end time",23,25278,25255,4020.5
"Post scheduled trip end time",23,70,47,4020.5
"Post scheduled trip end time",23,115,92,4020.5
"Post scheduled trip end time",23,25341,25318,4020.5
"Post scheduled trip end time",23,74,51,4020.5
"Post scheduled trip end time",23,25370,25347,4020.5
"Post scheduled trip end time",23,25435,25412,4020.5
"Post scheduled trip end time",23,223,200,4020.5
"Post scheduled trip end time",23,46,23,4020.5
"Post scheduled trip end time",23,25316,25293,4020.5
"Post scheduled trip end time",23,1340,1317,4020.5
"Post scheduled trip end time",23,25508,25485,4020.5
"Post scheduled trip end time",23,25406,25383,4020.5
"Post scheduled trip end time",23,25380,25357,4020.5
"Post scheduled trip end time",23,25459,25436,4020.5
"Post scheduled trip end time",23,25294,25271,4020.5
"Post scheduled trip end time",23,25437,25414,4020.5
"Post scheduled trip end time",23,25705,25682,4020.5
"Post scheduled trip end time",23,25695,25672,4020.5
"Post scheduled trip end time",23,25414,25391,4020.5
"Post scheduled trip end time",23,359,336,4020.5
"Post scheduled trip end time",23,25483,25460,4020.5
"Post scheduled trip end time",23,920,897,4020.5
"Post scheduled trip end time",23,25393,25370,4020.5
"Post scheduled trip end time",23,84,61,4020.5
"Post scheduled trip end time",23,25338,25315,4020.5
"Post scheduled trip end time",23,63,40,4020.5
"Post scheduled trip end time",23,25445,25422,4020.5
"Post scheduled trip end time",23,116,93,4020.5
"Post scheduled trip end time",23,25301,25278,4020.5
"Post scheduled trip end time",23,1160,1137,4020.5
"Post scheduled trip end time",23,25289,25266,4020.5
"Post scheduled trip end time",23,25290,25267,4020.5
"Post scheduled trip end time",23,25411,25388,4020.5
"Post scheduled trip end time",23,25494,25471,4020.5
"Post scheduled trip end time",23,370,347,4020.5
"Post scheduled trip end time",23,118,95,4020.5
"Post scheduled trip end time",23,232,209,4020.5
"Post scheduled trip end time",23,25539,25516,4020.5
"Post scheduled trip end time",23,102,79,4020.5
"Post scheduled trip end time",23,25531,25508,4020.5
"Post scheduled trip end time",23,25505,25482,4020.5
"Post scheduled trip end time",23,25456,25433,4020.5
"Post scheduled trip end time",23,25529,25506,4020.5
"Post scheduled trip end time",23,25458,25435,4020.5
"Post scheduled trip end time",23,25324,25301,4020.5
"Post scheduled trip end time",23,25461,25438,4020.5
"Post scheduled trip end time",23,25526,25503,4020.5
"Post scheduled trip end time",23,25321,25298,4020.5
"Post scheduled trip end time",23,1280,1257,4020.5
"Post scheduled trip end time",23,632,609,4020.5
"Post scheduled trip end time",23,25408,25385,4020.5
"Post scheduled trip end time",23,112,89,4020.5
"Post scheduled trip end time",23,25345,25322,4020.5
"Post scheduled trip end time",23,25620,25597,4020.5
"Post scheduled trip end time",23,1220,1197,4020.5
"Post scheduled trip end time",23,25651,25628,4020.5
"Post scheduled trip end time",23,122,99,4020.5
"Post scheduled trip end time",23,77,54,4020.5
"Post scheduled trip end time",23,151,128,4020.5
"Post scheduled trip end time",23,25264,25241,4020.5
"Post scheduled trip end time",23,25390,25367,4020.5
"Post scheduled trip end time",23,220,197,4020.5
"Post scheduled trip end time",23,25454,25431,4020.5
"Post scheduled trip end time",23,25357,25334,4020.5
"Post scheduled trip end time",23,557,534,4020.5
"Post scheduled trip end time",23,25672,25649,4020.5
"Post scheduled trip end time",23,49,26,4020.5
"Post scheduled trip end time",23,25353,25330,4020.5
"Post scheduled trip end time",23,25334,25311,4020.5
"Post scheduled trip end time",23,62,39,4020.5
"Post scheduled trip end time",23,310,287,4020.5
"Post scheduled trip end time",23,60,37,4020.5
"Post scheduled trip end time",23,134,111,4020.5
"Post scheduled trip end time",23,25307,25284,4020.5
"Post scheduled trip end time",23,25606,25583,4020.5
"Post scheduled trip end time",23,25521,25498,4020.5
"Post scheduled trip end time",23,25554,25531,4020.5
"Post scheduled trip end time",23,25280,25257,4020.5
"Post scheduled trip end time",23,564,541,4020.5
"Post scheduled trip end time",23,86,63,4020.5
"Post scheduled trip end time",23,25434,25411,4020.5
"Post scheduled trip end time",23,25405,25382,4020.5
"Post scheduled trip end time",23,215,192,4020.5
"Post scheduled trip end time",23,114,91,4020.5
"Post scheduled trip end time",23,25401,25378,4020.5
"Post scheduled trip end time",23,25361,25338,4020.5
"Post scheduled trip end time",23,25379,25356,4020.5
"Post scheduled trip end time",23,25356,25333,4020.5
"Post scheduled trip end time",23,93,70,4020.5
"Post scheduled trip end time",23,25257,25234,4020.5
"Post scheduled trip end time",23,96,73,4020.5
"Post scheduled trip end time",23,25349,25326,4020.5
"Post scheduled trip end time",23,119,96,4020.5
"Post scheduled trip end time",23,88,65,4020.5
"Post scheduled trip end time",23,41,18,4020.5
"Post scheduled trip end time",23,25663,25640,4020.5
"Post scheduled trip end time",23,89,66,4020.5
"Post scheduled trip end time",23,61,38,4020.5
"Post scheduled trip end time",23,105,82,4020.5
"Post scheduled trip end time",23,32,9,4020.5
"Post scheduled trip end time",23,25558,25535,4020.5
"Post scheduled trip end time",23,25386,25363,4020.5
"Post scheduled trip end time",23,219,196,4020.5
"Post scheduled trip end time",23,25292,25269,4020.5
"Post scheduled trip end time",23,25340,25317,4020.5
"Post scheduled trip end time",23,25677,25654,4020.5
"Post scheduled trip end time",23,59,36,4020.5
"Post scheduled trip end time",23,104,81,4020.5
"Post scheduled trip end time",23,25568,25545,4020.5
"Post scheduled trip end time",23,25366,25343,4020.5
"Post scheduled trip end time",23,25310,25287,4020.5
"Post scheduled trip end time",23,25565,25542,4020.5
"Post scheduled trip end time",23,419,396,4020.5
"Post scheduled trip end time",23,25636,25613,4020.5
"Post scheduled trip end time",23,25394,25371,4020.5
"Post scheduled trip end time",23,25519,25496,4020.5
"Post scheduled trip end time",23,25485,25462,4020.5
"Post scheduled trip end time",23,980,957,4020.5
"Post scheduled trip end time",23,25429,25406,4020.5
"Post scheduled trip end time",23,25419,25396,4020.5
"Post scheduled trip end time",23,25653,25630,4020.5
"Post scheduled trip end time",23,25479,25456,4020.5
"Post scheduled trip end time",23,25617,25594,4020.5
"Post scheduled trip end time",23,25593,25570,4020.5
"Post scheduled trip end time",23,25450,25427,4020.5
"Post scheduled trip end time",23,92,69,4020.5
"Post scheduled trip end time",23,25473,25450,4020.5
"Post scheduled trip end time",23,214,191,4020.5
"Post scheduled trip end time",23,82,59,4020.5
"Post scheduled trip end time",23,97,74,4020.5
"Post scheduled trip end time",23,292,269,4020.5
"Post scheduled trip end time",23,168,145,4020.5
"Post scheduled trip end time",23,85,62,4020.5
"Post scheduled trip end time",23,27,4,4020.5
"Post scheduled trip end time",23,25527,25504,4020.5
"Post scheduled trip end time",23,45,22,4020.5
"Post scheduled trip end time",23,25343,25320,4020.5
"Post scheduled trip end time",23,25293,25270,4020.5
"Post scheduled trip end time",23,25382,25359,4020.5
"Post scheduled trip end time",23,25350,25327,4020.5
"Post scheduled trip end time",23,25297,25274,4020.5
"Post scheduled trip end time",23,75,52,4020.5
"Post scheduled trip end time",23,25522,25499,4020.5
"Post scheduled trip end time",23,25420,25397,4020.5
"Post scheduled trip end time",23,25569,25546,4020.5
"Post scheduled trip end time",23,125,102,4020.5
"Post scheduled trip end time",23,25388,25365,4020.5
"Post scheduled trip end time",23,25425,25402,4020.5
"Post scheduled trip end time",23,25360,25337,4020.5
"Post scheduled trip end time",23,1100,1077,4020.5
"Post scheduled trip end time",23,25469,25446,4020.5
"Post scheduled trip end time",23,740,717,4020.5
"Post scheduled trip end time",23,25460,25437,4020.5
"Post scheduled trip end time",23,25427,25404,4020.5
"Post scheduled trip end time",23,25274,25251,4020.5
"Post scheduled trip end time",23,25256,25233,4020.5
"Post scheduled trip end time",23,25543,25520,4020.5
"Post scheduled trip end time",23,25585,25562,4020.5
"Post scheduled trip end time",23,25530,25507,4020.5
"Post scheduled trip end time",23,420,397,4020.5
"Post scheduled trip end time",23,25477,25454,4020.5
"Post scheduled trip end time",23,25283,25260,4020.5
"Post scheduled trip end time",23,25542,25519,4020.5
"Post scheduled trip end time",23,80,57,4020.5
"Post scheduled trip end time",23,52,29,4020.5
"Post scheduled trip end time",23,25363,25340,4020.5
"Post scheduled trip end time",23,171,148,4020.5
"Post scheduled trip end time",23,58,35,4020.5
"Post scheduled trip end time",23,25369,25346,4020.5
"Post scheduled trip end time",23,37,14,4020.5
"Post scheduled trip end time",23,25457,25434,4020.5
"Post scheduled trip end time",23,25470,25447,4020.5
"Post scheduled trip end time",23,30,7,4020.5
"Post scheduled trip end time",23,280,257,4020.5
"Post scheduled trip end time",23,25635,25612,4020.5
"Post scheduled trip end time",23,274,251,4020.5
"Post scheduled trip end time",23,25603,25580,4020.5
"Post scheduled trip end time",23,25367,25344,4020.5
"Post scheduled trip end time",23,28,5,4020.5
"Post scheduled trip end time",23,79,56,4020.5
"Post scheduled trip end time",23,25337,25314,4020.5
"Post scheduled trip end time",23,25389,25366,4020.5
"Post scheduled trip end time",23,680,657,4020.5
"Post scheduled trip end time",23,25269,25246,4020.5
"Post scheduled trip end time",23,139,116,4020.5
"Post scheduled trip end time",23,25319,25296,4020.5
"Post scheduled trip end time",23,25385,25362,4020.5
"Post scheduled trip end time",23,25615,25592,4020.5
"Post scheduled trip end time",23,25468,25445,4020.5
"Post scheduled trip end time",23,42,19,4020.5
"Post scheduled trip end time",23,211,188,4020.5
"Post scheduled trip end time",23,635,612,4020.5
"Post scheduled trip end time",23,25421,25398,4020.5
"Post scheduled trip end time",23,40,17,4020.5
"Post scheduled trip end time",23,25426,25403,4020.5
"Post scheduled trip end time",23,25633,25610,4020.5
"Post scheduled trip end time",23,95,72,4020.5
"Post scheduled trip end time",23,107,84,4020.5
"Post scheduled trip end time",23,25515,25492,4020.5
"Post scheduled trip end time",23,73,50,4020.5
"Post scheduled trip end time",23,25432,25409,4020.5
"Post scheduled trip end time",23,25474,25451,4020.5
"Post scheduled trip end time",23,23,0,4020.5
"Post scheduled trip end time",23,24,1,4020.5
"Post scheduled trip end time",23,25318,25295,4020.5
"Post scheduled trip end time",23,25495,25472,4020.5
"Post scheduled trip end time",23,25502,25479,4020.5
"Post scheduled trip end time",23,57,34,4020.5
"Post scheduled trip end time",23,25612,25589,4020.5
"Post scheduled trip end time",23,25604,25581,4020.5
"Post scheduled trip end time",23,405,382,4020.5
"Post scheduled trip end time",23,25453,25430,4020.5
"Post scheduled trip end time",23,25428,25405,4020.5
"Post scheduled trip end time",23,25288,25265,4020.5
"Post scheduled trip end time",23,98,75,4020.5
"Post scheduled trip end time",23,25448,25425,4020.5
"Post scheduled trip end time",23,624,601,4020.5
"Post scheduled trip end time",23,800,777,4020.5
"Post scheduled trip end time",23,497,474,4020.5
"Post scheduled trip end time",23,25281,25258,4020.5
"Post scheduled trip end time",23,25416,25393,4020.5
"Post scheduled trip end time",23,25582,25559,4020.5
"Post scheduled trip end time",23,254,231,4020.5
"Post scheduled trip end time",23,25618,25595,4020.5
"Post scheduled trip end time",23,271,248,4020.5
"Post scheduled trip end time",23,71,48,4020.5
"Post scheduled trip end time",23,25413,25390,4020.5
"Post scheduled trip end time",23,25588,25565,4020.5
"Post scheduled trip end time",23,83,60,4020.5
"Post scheduled trip end time",23,36,13,4020.5
"Post scheduled trip end time",23,25771,25748,4020.5
"Post scheduled trip end time",23,81,58,4020.5
"Post scheduled trip end time",23,172,149,4020.5
"Post scheduled trip end time",23,25535,25512,4020.5
"Post scheduled trip end time",23,25438,25415,4020.5
"Post scheduled trip end time",23,25295,25272,4020.5
"Post scheduled trip end time",23,572,549,4020.5
"Post scheduled trip end time",23,25296,25273,4020.5
"Post scheduled trip end time",23,570,547,4020.5
"Post scheduled trip end time",23,25444,25421,4020.5
"Post scheduled trip end time",23,25302,25279,4020.5
"Post scheduled trip end time",23,25415,25392,4020.5
"Post scheduled trip end time",23,25336,25313,4020.5
"Post scheduled trip end time",23,25424,25401,4020.5
"Post scheduled trip end time",23,25476,25453,4020.5
"Post scheduled trip end time",23,25330,25307,4020.5
"Post scheduled trip end time",23,25496,25473,4020.5
"Post scheduled trip end time",23,25486,25463,4020.5
"Post scheduled trip end time",23,25404,25381,4020.5
"Post scheduled trip end time",23,25557,25534,4020.5
"Post scheduled trip end time",23,25347,25324,4020.5
"Post scheduled trip end time",23,101,78,4020.5
"Post scheduled trip end time",23,25374,25351,4020.5
"Post scheduled trip end time",23,25512,25489,4020.5
"Post scheduled trip end time",23,94,71,4020.5
"Post scheduled trip end time",23,55,32,4020.5
"Post scheduled trip end time",23,108,85,4020.5
"Post scheduled trip end time",23,25354,25331,4020.5
"Post scheduled trip end time",23,25433,25410,4020.5
"Post scheduled trip end time",23,25645,25622,4020.5
"Post scheduled trip end time",23,25273,25250,4020.5
"Post scheduled trip end time",23,99,76,4020.5
"Post scheduled trip end time",23,25267,25244,4020.5
"Post scheduled trip end time",23,25352,25329,4020.5
"Post scheduled trip end time",23,25487,25464,4020.5
"Post scheduled trip end time",23,25674,25651,4020.5
"Post scheduled trip end time",23,25398,25375,4020.5
"Post scheduled trip end time",23,25373,25350,4020.5
"Post scheduled trip end time",23,285,262,4020.5
"Post scheduled trip end time",23,25344,25321,4020.5
"Post scheduled trip end time",23,25381,25358,4020.5
"Post scheduled trip end time",23,334,311,4020.5
"Post scheduled trip end time",23,25331,25308,4020.5
"Post scheduled trip end time",23,25440,25417,4020.5
"Post scheduled trip end time",23,35,12,4020.5
"Post scheduled trip end time",23,480,457,4020.5
"Post scheduled trip end time",23,25368,25345,4020.5
"Post scheduled trip end time",23,194,171,4020.5
"Post scheduled trip end time",23,25449,25426,4020.5
"Before scheduled trip start time",24,103,79,8038
"Before scheduled trip start time",24,49,25,8038
"Before scheduled trip start time",24,1486,1462,8038
"Before scheduled trip start time",24,74,50,8038
"Before scheduled trip start time",24,886,862,8038
"Before scheduled trip start time",24,168,144,8038
"Before scheduled trip start time",24,207,183,8038
"Before scheduled trip start time",24,1426,1402,8038
"Before scheduled trip start time",24,55,31,8038
"Before scheduled trip start time",24,1246,1222,8038
"Before scheduled trip start time",24,79,55,8038
"Before scheduled trip start time",24,766,742,8038
"Before scheduled trip start time",24,53,29,8038
"Before scheduled trip start time",24,946,922,8038
"Before scheduled trip start time",24,90,66,8038
"Before scheduled trip start time",24,1126,1102,8038
"Before scheduled trip start time",24,37,13,8038
"Before scheduled trip start time",24,29,5,8038
"Before scheduled trip start time",24,34,10,8038
"Before scheduled trip start time",24,226,202,8038
"Before scheduled trip start time",24,87,63,8038
"Before scheduled trip start time",24,65,41,8038
"Before scheduled trip start time",24,61,37,8038
"Before scheduled trip start time",24,68,44,8038
"Before scheduled trip start time",24,526,502,8038
"Before scheduled trip start time",24,35,11,8038
"Before scheduled trip start time",24,28,4,8038
"Before scheduled trip start time",24,166,142,8038
"Before scheduled trip start time",24,97,73,8038
"Before scheduled trip start time",24,1786,1762,8038
"Before scheduled trip start time",24,346,322,8038
"Before scheduled trip start time",24,110,86,8038
"Before scheduled trip start time",24,57,33,8038
"Before scheduled trip start time",24,45,21,8038
"Before scheduled trip start time",24,706,682,8038
"Before scheduled trip start time",24,466,442,8038
"Before scheduled trip start time",24,83,59,8038
"Before scheduled trip start time",24,1186,1162,8038
"Before scheduled trip start time",24,33,9,8038
"Before scheduled trip start time",24,51,27,8038
"Before scheduled trip start time",24,1606,1582,8038
"Before scheduled trip start time",24,30,6,8038
"Before scheduled trip start time",24,286,262,8038
"Before scheduled trip start time",24,56,32,8038
"Before scheduled trip start time",24,40,16,8038
"Before scheduled trip start time",24,62,38,8038
"Before scheduled trip start time",24,78,54,8038
"Before scheduled trip start time",24,108,84,8038
"Before scheduled trip start time",24,73,49,8038
"Before scheduled trip start time",24,84,60,8038
"Before scheduled trip start time",24,288,264,8038
"Before scheduled trip start time",24,72,48,8038
"Before scheduled trip start time",24,105,81,8038
"Before scheduled trip start time",24,36,12,8038
"Before scheduled trip start time",24,1366,1342,8038
"Before scheduled trip start time",24,44,20,8038
"Before scheduled trip start time",24,50,26,8038
"Before scheduled trip start time",24,47,23,8038
"Before scheduled trip start time",24,98,74,8038
"Before scheduled trip start time",24,64,40,8038
"Before scheduled trip start time",24,63,39,8038
"Before scheduled trip start time",24,67,43,8038
"Before scheduled trip start time",24,41,17,8038
"Before scheduled trip start time",24,1726,1702,8038
"Before scheduled trip start time",24,69,45,8038
"Before scheduled trip start time",24,646,622,8038
"Before scheduled trip start time",24,25,1,8038
"Before scheduled trip start time",24,586,562,8038
"Before scheduled trip start time",24,348,324,8038
"Before scheduled trip start time",24,1006,982,8038
"Before scheduled trip start time",24,826,802,8038
"Before scheduled trip start time",24,150,126,8038
"Before scheduled trip start time",24,39,15,8038
"Before scheduled trip start time",24,76,52,8038
"Before scheduled trip start time",24,24,0,8038
"Before scheduled trip start time",24,58,34,8038
"Before scheduled trip start time",24,54,30,8038
"Before scheduled trip start time",24,1306,1282,8038
"Before scheduled trip start time",24,111,87,8038
"Before scheduled trip start time",24,1066,1042,8038
"Before scheduled trip start time",24,59,35,8038
"Before scheduled trip start time",24,96,72,8038
"Before scheduled trip start time",24,1666,1642,8038
"Before scheduled trip start time",24,60,36,8038
"Before scheduled trip start time",24,27,3,8038
"Before scheduled trip start time",24,89,65,8038
"Before scheduled trip start time",24,228,204,8038
"Before scheduled trip start time",24,32,8,8038
"Before scheduled trip start time",24,31,7,8038
"Before scheduled trip start time",24,43,19,8038
"Before scheduled trip start time",24,52,28,8038
"Before scheduled trip start time",24,26,2,8038
"Before scheduled trip start time",24,80,56,8038
"Before scheduled trip start time",24,46,22,8038
"Before scheduled trip start time",24,42,18,8038
"Before scheduled trip start time",24,106,82,8038
"Before scheduled trip start time",24,406,382,8038
"Before scheduled trip start time",24,136,112,8038
"Before scheduled trip start time",24,48,24,8038
"Before scheduled trip start time",24,1546,1522,8038
"Before scheduled trip start time",24,38,14,8038
"During scheduled trip",24,149,125,291
"During scheduled trip",24,261,237,291
"During scheduled trip",24,110,86,291
"During scheduled trip",24,60,36,291
"During scheduled trip",24,125,101,291
"During scheduled trip",24,61,37,291
"During scheduled trip",24,106,82,291
"During scheduled trip",24,131,107,291
"During scheduled trip",24,36,12,291
"During scheduled trip",24,48,24,291
"During scheduled trip",24,229,205,291
"During scheduled trip",24,33,9,291
"During scheduled trip",24,54,30,291
"During scheduled trip",24,111,87,291
"During scheduled trip",24,79,55,291
"During scheduled trip",24,303,279,291
"During scheduled trip",24,56,32,291
"During scheduled trip",24,134,110,291
"During scheduled trip",24,189,165,291
"During scheduled trip",24,258,234,291
"During scheduled trip",24,69,45,291
"During scheduled trip",24,169,145,291
"During scheduled trip",24,29,5,291
"During scheduled trip",24,84,60,291
"During scheduled trip",24,57,33,291
"During scheduled trip",24,50,26,291
"During scheduled trip",24,187,163,291
"During scheduled trip",24,40,16,291
"During scheduled trip",24,83,59,291
"During scheduled trip",24,147,123,291
"During scheduled trip",24,73,49,291
"During scheduled trip",24,140,116,291
"During scheduled trip",24,126,102,291
"During scheduled trip",24,174,150,291
"During scheduled trip",24,39,15,291
"During scheduled trip",24,31,7,291
"During scheduled trip",24,120,96,291
"During scheduled trip",24,115,91,291
"During scheduled trip",24,146,122,291
"During scheduled trip",24,144,120,291
"During scheduled trip",24,621,597,291
"During scheduled trip",24,51,27,291
"During scheduled trip",24,561,537,291
"During scheduled trip",24,76,52,291
"During scheduled trip",24,107,83,291
"During scheduled trip",24,330,306,291
"During scheduled trip",24,42,18,291
"During scheduled trip",24,117,93,291
"During scheduled trip",24,212,188,291
"During scheduled trip",24,59,35,291
"During scheduled trip",24,133,109,291
"During scheduled trip",24,121,97,291
"During scheduled trip",24,122,98,291
"During scheduled trip",24,113,89,291
"During scheduled trip",24,319,295,291
"During scheduled trip",24,93,69,291
"During scheduled trip",24,151,127,291
"During scheduled trip",24,390,366,291
"During scheduled trip",24,196,172,291
"During scheduled trip",24,119,95,291
"During scheduled trip",24,181,157,291
"During scheduled trip",24,170,146,291
"During scheduled trip",24,77,53,291
"During scheduled trip",24,46,22,291
"During scheduled trip",24,186,162,291
"During scheduled trip",24,71,47,291
"During scheduled trip",24,81,57,291
"During scheduled trip",24,317,293,291
"During scheduled trip",24,246,222,291
"During scheduled trip",24,35,11,291
"During scheduled trip",24,52,28,291
"During scheduled trip",24,414,390,291
"During scheduled trip",24,129,105,291
"During scheduled trip",24,202,178,291
"During scheduled trip",24,24,0,291
"During scheduled trip",24,86,62,291
"During scheduled trip",24,137,113,291
"During scheduled trip",24,474,450,291
"During scheduled trip",24,67,43,291
"During scheduled trip",24,168,144,291
"During scheduled trip",24,124,100,291
"During scheduled trip",24,197,173,291
"During scheduled trip",24,99,75,291
"During scheduled trip",24,58,34,291
"During scheduled trip",24,108,84,291
"During scheduled trip",24,47,23,291
"During scheduled trip",24,172,148,291
"During scheduled trip",24,158,134,291
"During scheduled trip",24,501,477,291
"During scheduled trip",24,70,46,291
"During scheduled trip",24,259,235,291
"During scheduled trip",24,91,67,291
"During scheduled trip",24,45,21,291
"During scheduled trip",24,104,80,291
"During scheduled trip",24,30,6,291
"During scheduled trip",24,116,92,291
"During scheduled trip",24,89,65,291
"During scheduled trip",24,87,63,291
"During scheduled trip",24,41,17,291
"During scheduled trip",24,102,78,291
"During scheduled trip",24,43,19,291
"During scheduled trip",24,163,139,291
"During scheduled trip",24,103,79,291
"During scheduled trip",24,143,119,291
"During scheduled trip",24,94,70,291
"During scheduled trip",24,142,118,291
"During scheduled trip",24,145,121,291
"During scheduled trip",24,78,54,291
"During scheduled trip",24,123,99,291
"During scheduled trip",24,75,51,291
"During scheduled trip",24,118,94,291
"During scheduled trip",24,243,219,291
"During scheduled trip",24,80,56,291
"During scheduled trip",24,182,158,291
"During scheduled trip",24,199,175,291
"During scheduled trip",24,74,50,291
"During scheduled trip",24,101,77,291
"During scheduled trip",24,130,106,291
"During scheduled trip",24,153,129,291
"During scheduled trip",24,175,151,291
"During scheduled trip",24,63,39,291
"During scheduled trip",24,98,74,291
"During scheduled trip",24,32,8,291
"During scheduled trip",24,85,61,291
"During scheduled trip",24,82,58,291
"During scheduled trip",24,66,42,291
"During scheduled trip",24,95,71,291
"During scheduled trip",24,200,176,291
"During scheduled trip",24,25,1,291
"During scheduled trip",24,28,4,291
"During scheduled trip",24,114,90,291
"During scheduled trip",24,226,202,291
"During scheduled trip",24,49,25,291
"During scheduled trip",24,27,3,291
"During scheduled trip",24,166,142,291
"During scheduled trip",24,263,239,291
"During scheduled trip",24,198,174,291
"During scheduled trip",24,96,72,291
"During scheduled trip",24,65,41,291
"During scheduled trip",24,90,66,291
"During scheduled trip",24,64,40,291
"During scheduled trip",24,44,20,291
"During scheduled trip",24,164,140,291
"During scheduled trip",24,257,233,291
"During scheduled trip",24,150,126,291
"During scheduled trip",24,141,117,291
"During scheduled trip",24,53,29,291
"During scheduled trip",24,97,73,291
"During scheduled trip",24,100,76,291
"During scheduled trip",24,161,137,291
"During scheduled trip",24,88,64,291
"During scheduled trip",24,109,85,291
"During scheduled trip",24,138,114,291
"During scheduled trip",24,38,14,291
"During scheduled trip",24,152,128,291
"During scheduled trip",24,136,112,291
"During scheduled trip",24,159,135,291
"During scheduled trip",24,205,181,291
"During scheduled trip",24,55,31,291
"During scheduled trip",24,92,68,291
"During scheduled trip",24,68,44,291
"During scheduled trip",24,132,108,291
"During scheduled trip",24,321,297,291
"During scheduled trip",24,105,81,291
"During scheduled trip",24,72,48,291
"During scheduled trip",24,112,88,291
"During scheduled trip",24,62,38,291
"During scheduled trip",24,154,130,291
"During scheduled trip",24,34,10,291
"During scheduled trip",24,210,186,291
"During scheduled trip",24,139,115,291
"During scheduled trip",24,155,131,291
"During scheduled trip",24,211,187,291
"During scheduled trip",24,26,2,291
"During scheduled trip",24,37,13,291
"Post scheduled trip end time",24,56,32,4020.5
"Post scheduled trip end time",24,68,44,4020.5
"Post scheduled trip end time",24,100,76,4020.5
"Post scheduled trip end time",24,82,58,4020.5
"Post scheduled trip end time",24,290,266,4020.5
"Post scheduled trip end time",24,67,43,4020.5
"Post scheduled trip end time",24,380,356,4020.5
"Post scheduled trip end time",24,63,39,4020.5
"Post scheduled trip end time",24,230,206,4020.5
"Post scheduled trip end time",24,55,31,4020.5
"Post scheduled trip end time",24,101,77,4020.5
"Post scheduled trip end time",24,150,126,4020.5
"Post scheduled trip end time",24,146,122,4020.5
"Post scheduled trip end time",24,34,10,4020.5
"Post scheduled trip end time",24,160,136,4020.5
"Post scheduled trip end time",24,61,37,4020.5
"Post scheduled trip end time",24,103,79,4020.5
"Post scheduled trip end time",24,165,141,4020.5
"Post scheduled trip end time",24,116,92,4020.5
"Post scheduled trip end time",24,250,226,4020.5
"Post scheduled trip end time",24,120,96,4020.5
"Post scheduled trip end time",24,239,215,4020.5
"Post scheduled trip end time",24,455,431,4020.5
"Post scheduled trip end time",24,33,9,4020.5
"Post scheduled trip end time",24,240,216,4020.5
"Post scheduled trip end time",24,151,127,4020.5
"Post scheduled trip end time",24,70,46,4020.5
"Post scheduled trip end time",24,190,166,4020.5
"Post scheduled trip end time",24,299,275,4020.5
"Post scheduled trip end time",24,437,413,4020.5
"Post scheduled trip end time",24,86,62,4020.5
"Post scheduled trip end time",24,69,45,4020.5
"Post scheduled trip end time",24,440,416,4020.5
"Post scheduled trip end time",24,102,78,4020.5
"Post scheduled trip end time",24,66,42,4020.5
"Post scheduled trip end time",24,49,25,4020.5
"Post scheduled trip end time",24,80,56,4020.5
"Post scheduled trip end time",24,122,98,4020.5
"Post scheduled trip end time",24,156,132,4020.5
"Post scheduled trip end time",24,50,26,4020.5
"Post scheduled trip end time",24,29,5,4020.5
"Post scheduled trip end time",24,392,368,4020.5
"Post scheduled trip end time",24,300,276,4020.5
"Post scheduled trip end time",24,64,40,4020.5
"Post scheduled trip end time",24,111,87,4020.5
"Post scheduled trip end time",24,36,12,4020.5
"Post scheduled trip end time",24,260,236,4020.5
"Post scheduled trip end time",24,452,428,4020.5
"Post scheduled trip end time",24,59,35,4020.5
"Post scheduled trip end time",24,79,55,4020.5
"Post scheduled trip end time",24,106,82,4020.5
"Post scheduled trip end time",24,515,491,4020.5
"Post scheduled trip end time",24,132,108,4020.5
"Post scheduled trip end time",24,77,53,4020.5
"Post scheduled trip end time",24,159,135,4020.5
"Post scheduled trip end time",24,41,17,4020.5
"Post scheduled trip end time",24,60,36,4020.5
"Post scheduled trip end time",24,62,38,4020.5
"Post scheduled trip end time",24,52,28,4020.5
"Post scheduled trip end time",24,450,426,4020.5
"Post scheduled trip end time",24,58,34,4020.5
"Post scheduled trip end time",24,444,420,4020.5
"Post scheduled trip end time",24,73,49,4020.5
"Post scheduled trip end time",24,154,130,4020.5
"Post scheduled trip end time",24,266,242,4020.5
"Post scheduled trip end time",24,31,7,4020.5
"Post scheduled trip end time",24,32,8,4020.5
"Post scheduled trip end time",24,98,74,4020.5
"Post scheduled trip end time",24,104,80,4020.5
"Post scheduled trip end time",24,48,24,4020.5
"Post scheduled trip end time",24,200,176,4020.5
"Post scheduled trip end time",24,87,63,4020.5
"Post scheduled trip end time",24,139,115,4020.5
"Post scheduled trip end time",24,206,182,4020.5
"Post scheduled trip end time",24,88,64,4020.5
"Post scheduled trip end time",24,25,1,4020.5
"Post scheduled trip end time",24,91,67,4020.5
"Post scheduled trip end time",24,105,81,4020.5
"Post scheduled trip end time",24,94,70,4020.5
"Post scheduled trip end time",24,517,493,4020.5
"Post scheduled trip end time",24,127,103,4020.5
"Post scheduled trip end time",24,512,488,4020.5
"Post scheduled trip end time",24,214,190,4020.5
"Post scheduled trip end time",24,110,86,4020.5
"Post scheduled trip end time",24,39,15,4020.5
"Post scheduled trip end time",24,96,72,4020.5
"Post scheduled trip end time",24,108,84,4020.5
"Post scheduled trip end time",24,170,146,4020.5
"Post scheduled trip end time",24,377,353,4020.5
"Post scheduled trip end time",24,129,105,4020.5
"Post scheduled trip end time",24,107,83,4020.5
"Post scheduled trip end time",24,93,69,4020.5
"Post scheduled trip end time",24,99,75,4020.5
"Post scheduled trip end time",24,410,386,4020.5
"Post scheduled trip end time",24,44,20,4020.5
"Post scheduled trip end time",24,83,59,4020.5
"Post scheduled trip end time",24,500,476,4020.5
"Post scheduled trip end time",24,115,91,4020.5
"Post scheduled trip end time",24,320,296,4020.5
"Post scheduled trip end time",24,174,150,4020.5
"Post scheduled trip end time",24,130,106,4020.5
"Post scheduled trip end time",24,119,95,4020.5
"Post scheduled trip end time",24,530,506,4020.5
"Post scheduled trip end time",24,42,18,4020.5
"Post scheduled trip end time",24,47,23,4020.5
"Post scheduled trip end time",24,113,89,4020.5
"Post scheduled trip end time",24,350,326,4020.5
"Post scheduled trip end time",24,51,27,4020.5
"Post scheduled trip end time",24,470,446,4020.5
"Post scheduled trip end time",24,641,617,4020.5
"Post scheduled trip end time",24,45,21,4020.5
"Post scheduled trip end time",24,141,117,4020.5
"Post scheduled trip end time",24,95,71,4020.5
"Post scheduled trip end time",24,590,566,4020.5
"Post scheduled trip end time",24,285,261,4020.5
"Post scheduled trip end time",24,161,137,4020.5
"Post scheduled trip end time",24,140,116,4020.5
"Post scheduled trip end time",24,24,0,4020.5
"Post scheduled trip end time",24,84,60,4020.5
"Post scheduled trip end time",24,30,6,4020.5
"Post scheduled trip end time",24,28,4,4020.5
"Post scheduled trip end time",24,78,54,4020.5
"Post scheduled trip end time",24,46,22,4020.5
"Post scheduled trip end time",24,510,486,4020.5
"Post scheduled trip end time",24,35,11,4020.5
"Post scheduled trip end time",24,89,65,4020.5
"Post scheduled trip end time",24,71,47,4020.5
"Post scheduled trip end time",24,650,626,4020.5
"Post scheduled trip end time",24,27,3,4020.5
"Post scheduled trip end time",24,72,48,4020.5
"Post scheduled trip end time",24,75,51,4020.5
"Post scheduled trip end time",24,40,16,4020.5
"Post scheduled trip end time",24,85,61,4020.5
"Post scheduled trip end time",24,135,111,4020.5
"Post scheduled trip end time",24,109,85,4020.5
"Post scheduled trip end time",24,465,441,4020.5
"Post scheduled trip end time",24,143,119,4020.5
"Post scheduled trip end time",24,457,433,4020.5
"Post scheduled trip end time",24,53,29,4020.5
"Post scheduled trip end time",24,65,41,4020.5
"Post scheduled trip end time",24,90,66,4020.5
"Post scheduled trip end time",24,26,2,4020.5
"Post scheduled trip end time",24,360,336,4020.5
"Post scheduled trip end time",24,81,57,4020.5
"Post scheduled trip end time",24,74,50,4020.5
"Post scheduled trip end time",24,38,14,4020.5
"Post scheduled trip end time",24,43,19,4020.5
"Post scheduled trip end time",24,37,13,4020.5
"Post scheduled trip end time",24,225,201,4020.5
"Post scheduled trip end time",24,125,101,4020.5
"Post scheduled trip end time",24,57,33,4020.5
"Post scheduled trip end time",24,76,52,4020.5
"Post scheduled trip end time",24,54,30,4020.5
"Before scheduled trip start time",25,30,5,8038
"Before scheduled trip start time",25,48,23,8038
"Before scheduled trip start time",25,558,533,8038
"Before scheduled trip start time",25,27,2,8038
"Before scheduled trip start time",25,93,68,8038
"Before scheduled trip start time",25,158,133,8038
"Before scheduled trip start time",25,51,26,8038
"Before scheduled trip start time",25,69,44,8038
"Before scheduled trip start time",25,44,19,8038
"Before scheduled trip start time",25,215,190,8038
"Before scheduled trip start time",25,56,31,8038
"Before scheduled trip start time",25,115,90,8038
"Before scheduled trip start time",25,278,253,8038
"Before scheduled trip start time",25,138,113,8038
"Before scheduled trip start time",25,89,64,8038
"Before scheduled trip start time",25,174,149,8038
"Before scheduled trip start time",25,114,89,8038
"Before scheduled trip start time",25,438,413,8038
"Before scheduled trip start time",25,34,9,8038
"Before scheduled trip start time",25,54,29,8038
"Before scheduled trip start time",25,258,233,8038
"Before scheduled trip start time",25,98,73,8038
"Before scheduled trip start time",25,218,193,8038
"Before scheduled trip start time",25,66,41,8038
"Before scheduled trip start time",25,618,593,8038
"Before scheduled trip start time",25,294,269,8038
"Before scheduled trip start time",25,143,118,8038
"Before scheduled trip start time",25,29,4,8038
"Before scheduled trip start time",25,73,48,8038
"Before scheduled trip start time",25,53,28,8038
"Before scheduled trip start time",25,100,75,8038
"Before scheduled trip start time",25,58,33,8038
"Before scheduled trip start time",25,82,57,8038
"Before scheduled trip start time",25,64,39,8038
"Before scheduled trip start time",25,86,61,8038
"Before scheduled trip start time",25,67,42,8038
"Before scheduled trip start time",25,275,250,8038
"Before scheduled trip start time",25,87,62,8038
"Before scheduled trip start time",25,49,24,8038
"Before scheduled trip start time",25,139,114,8038
"Before scheduled trip start time",25,45,20,8038
"Before scheduled trip start time",25,36,11,8038
"Before scheduled trip start time",25,318,293,8038
"Before scheduled trip start time",25,198,173,8038
"Before scheduled trip start time",25,80,55,8038
"Before scheduled trip start time",25,378,353,8038
"Before scheduled trip start time",25,678,653,8038
"Before scheduled trip start time",25,118,93,8038
"Before scheduled trip start time",25,335,310,8038
"Before scheduled trip start time",25,81,56,8038
"Before scheduled trip start time",25,79,54,8038
"Before scheduled trip start time",25,72,47,8038
"Before scheduled trip start time",25,75,50,8038
"Before scheduled trip start time",25,26,1,8038
"Before scheduled trip start time",25,74,49,8038
"Before scheduled trip start time",25,133,108,8038
"Before scheduled trip start time",25,83,58,8038
"Before scheduled trip start time",25,203,178,8038
"Before scheduled trip start time",25,50,25,8038
"Before scheduled trip start time",25,123,98,8038
"Before scheduled trip start time",25,90,65,8038
"Before scheduled trip start time",25,71,46,8038
"Before scheduled trip start time",25,62,37,8038
"Before scheduled trip start time",25,32,7,8038
"Before scheduled trip start time",25,102,77,8038
"Before scheduled trip start time",25,398,373,8038
"Before scheduled trip start time",25,61,36,8038
"Before scheduled trip start time",25,41,16,8038
"Before scheduled trip start time",25,60,35,8038
"Before scheduled trip start time",25,35,10,8038
"Before scheduled trip start time",25,33,8,8038
"Before scheduled trip start time",25,63,38,8038
"Before scheduled trip start time",25,94,69,8038
"Before scheduled trip start time",25,70,45,8038
"Before scheduled trip start time",25,155,130,8038
"Before scheduled trip start time",25,28,3,8038
"Before scheduled trip start time",25,55,30,8038
"Before scheduled trip start time",25,52,27,8038
"Before scheduled trip start time",25,234,209,8038
"Before scheduled trip start time",25,84,59,8038
"Before scheduled trip start time",25,77,52,8038
"Before scheduled trip start time",25,127,102,8038
"Before scheduled trip start time",25,59,34,8038
"Before scheduled trip start time",25,40,15,8038
"Before scheduled trip start time",25,42,17,8038
"Before scheduled trip start time",25,95,70,8038
"Before scheduled trip start time",25,101,76,8038
"Before scheduled trip start time",25,125,100,8038
"Before scheduled trip start time",25,354,329,8038
"Before scheduled trip start time",25,498,473,8038
"Before scheduled trip start time",25,46,21,8038
"Before scheduled trip start time",25,31,6,8038
"Before scheduled trip start time",25,39,14,8038
"Before scheduled trip start time",25,338,313,8038
"Before scheduled trip start time",25,65,40,8038
"Before scheduled trip start time",25,68,43,8038
"Before scheduled trip start time",25,76,51,8038
"Before scheduled trip start time",25,57,32,8038
"Before scheduled trip start time",25,37,12,8038
"Before scheduled trip start time",25,47,22,8038
"Before scheduled trip start time",25,85,60,8038
"Before scheduled trip start time",25,43,18,8038
"Before scheduled trip start time",25,38,13,8038
"Before scheduled trip start time",25,104,79,8038
"Before scheduled trip start time",25,78,53,8038
"During scheduled trip",25,633,608,291
"During scheduled trip",25,412,387,291
"During scheduled trip",25,69,44,291
"During scheduled trip",25,117,92,291
"During scheduled trip",25,37,12,291
"During scheduled trip",25,118,93,291
"During scheduled trip",25,472,447,291
"During scheduled trip",25,1012,987,291
"During scheduled trip",25,55,30,291
"During scheduled trip",25,113,88,291
"During scheduled trip",25,56,31,291
"During scheduled trip",25,65,40,291
"During scheduled trip",25,73,48,291
"During scheduled trip",25,274,249,291
"During scheduled trip",25,141,116,291
"During scheduled trip",25,170,145,291
"During scheduled trip",25,86,61,291
"During scheduled trip",25,34,9,291
"During scheduled trip",25,183,158,291
"During scheduled trip",25,390,365,291
"During scheduled trip",25,441,416,291
"During scheduled trip",25,143,118,291
"During scheduled trip",25,125,100,291
"During scheduled trip",25,78,53,291
"During scheduled trip",25,105,80,291
"During scheduled trip",25,142,117,291
"During scheduled trip",25,149,124,291
"During scheduled trip",25,278,253,291
"During scheduled trip",25,88,63,291
"During scheduled trip",25,240,215,291
"During scheduled trip",25,195,170,291
"During scheduled trip",25,91,66,291
"During scheduled trip",25,234,209,291
"During scheduled trip",25,122,97,291
"During scheduled trip",25,99,74,291
"During scheduled trip",25,54,29,291
"During scheduled trip",25,92,67,291
"During scheduled trip",25,321,296,291
"During scheduled trip",25,194,169,291
"During scheduled trip",25,532,507,291
"During scheduled trip",25,50,25,291
"During scheduled trip",25,187,162,291
"During scheduled trip",25,178,153,291
"During scheduled trip",25,153,128,291
"During scheduled trip",25,90,65,291
"During scheduled trip",25,47,22,291
"During scheduled trip",25,57,32,291
"During scheduled trip",25,51,26,291
"During scheduled trip",25,237,212,291
"During scheduled trip",25,892,867,291
"During scheduled trip",25,120,95,291
"During scheduled trip",25,450,425,291
"During scheduled trip",25,381,356,291
"During scheduled trip",25,158,133,291
"During scheduled trip",25,112,87,291
"During scheduled trip",25,212,187,291
"During scheduled trip",25,66,41,291
"During scheduled trip",25,29,4,291
"During scheduled trip",25,44,19,291
"During scheduled trip",25,119,94,291
"During scheduled trip",25,32,7,291
"During scheduled trip",25,64,39,291
"During scheduled trip",25,167,142,291
"During scheduled trip",25,150,125,291
"During scheduled trip",25,270,245,291
"During scheduled trip",25,163,138,291
"During scheduled trip",25,36,11,291
"During scheduled trip",25,98,73,291
"During scheduled trip",25,26,1,291
"During scheduled trip",25,48,23,291
"During scheduled trip",25,93,68,291
"During scheduled trip",25,338,313,291
"During scheduled trip",25,213,188,291
"During scheduled trip",25,94,69,291
"During scheduled trip",25,82,57,291
"During scheduled trip",25,41,16,291
"During scheduled trip",25,354,329,291
"During scheduled trip",25,214,189,291
"During scheduled trip",25,166,141,291
"During scheduled trip",25,257,232,291
"During scheduled trip",25,172,147,291
"During scheduled trip",25,384,359,291
"During scheduled trip",25,95,70,291
"During scheduled trip",25,352,327,291
"During scheduled trip",25,300,275,291
"During scheduled trip",25,171,146,291
"During scheduled trip",25,114,89,291
"During scheduled trip",25,49,24,291
"During scheduled trip",25,952,927,291
"During scheduled trip",25,42,17,291
"During scheduled trip",25,72,47,291
"During scheduled trip",25,70,45,291
"During scheduled trip",25,53,28,291
"During scheduled trip",25,76,51,291
"During scheduled trip",25,144,119,291
"During scheduled trip",25,138,113,291
"During scheduled trip",25,575,550,291
"During scheduled trip",25,140,115,291
"During scheduled trip",25,96,71,291
"During scheduled trip",25,123,98,291
"During scheduled trip",25,46,21,291
"During scheduled trip",25,52,27,291
"During scheduled trip",25,832,807,291
"During scheduled trip",25,87,62,291
"During scheduled trip",25,145,120,291
"During scheduled trip",25,28,3,291
"During scheduled trip",25,116,91,291
"During scheduled trip",25,83,58,291
"During scheduled trip",25,154,129,291
"During scheduled trip",25,156,131,291
"During scheduled trip",25,294,269,291
"During scheduled trip",25,136,111,291
"During scheduled trip",25,188,163,291
"During scheduled trip",25,97,72,291
"During scheduled trip",25,201,176,291
"During scheduled trip",25,124,99,291
"During scheduled trip",25,33,8,291
"During scheduled trip",25,110,85,291
"During scheduled trip",25,102,77,291
"During scheduled trip",25,133,108,291
"During scheduled trip",25,264,239,291
"During scheduled trip",25,126,101,291
"During scheduled trip",25,345,320,291
"During scheduled trip",25,395,370,291
"During scheduled trip",25,85,60,291
"During scheduled trip",25,80,55,291
"During scheduled trip",25,652,627,291
"During scheduled trip",25,71,46,291
"During scheduled trip",25,146,121,291
"During scheduled trip",25,58,33,291
"During scheduled trip",25,573,548,291
"During scheduled trip",25,77,52,291
"During scheduled trip",25,176,151,291
"During scheduled trip",25,134,109,291
"During scheduled trip",25,67,42,291
"During scheduled trip",25,68,43,291
"During scheduled trip",25,103,78,291
"During scheduled trip",25,89,64,291
"During scheduled trip",25,100,75,291
"During scheduled trip",25,128,103,291
"During scheduled trip",25,260,235,291
"During scheduled trip",25,40,15,291
"During scheduled trip",25,137,112,291
"During scheduled trip",25,63,38,291
"During scheduled trip",25,108,83,291
"During scheduled trip",25,61,36,291
"During scheduled trip",25,111,86,291
"During scheduled trip",25,62,37,291
"During scheduled trip",25,35,10,291
"During scheduled trip",25,218,193,291
"During scheduled trip",25,177,152,291
"During scheduled trip",25,31,6,291
"During scheduled trip",25,39,14,291
"During scheduled trip",25,45,20,291
"During scheduled trip",25,104,79,291
"During scheduled trip",25,292,267,291
"During scheduled trip",25,204,179,291
"During scheduled trip",25,180,155,291
"During scheduled trip",25,107,82,291
"During scheduled trip",25,169,144,291
"During scheduled trip",25,227,202,291
"During scheduled trip",25,79,54,291
"During scheduled trip",25,197,172,291
"During scheduled trip",25,772,747,291
"During scheduled trip",25,25,0,291
"During scheduled trip",25,161,136,291
"During scheduled trip",25,106,81,291
"During scheduled trip",25,43,18,291
"During scheduled trip",25,324,299,291
"During scheduled trip",25,27,2,291
"During scheduled trip",25,74,49,291
"During scheduled trip",25,455,430,291
"During scheduled trip",25,165,140,291
"During scheduled trip",25,60,35,291
"During scheduled trip",25,712,687,291
"During scheduled trip",25,152,127,291
"During scheduled trip",25,127,102,291
"During scheduled trip",25,504,479,291
"During scheduled trip",25,210,185,291
"During scheduled trip",25,81,56,291
"During scheduled trip",25,515,490,291
"During scheduled trip",25,59,34,291
"During scheduled trip",25,129,104,291
"During scheduled trip",25,285,260,291
"During scheduled trip",25,444,419,291
"During scheduled trip",25,230,205,291
"During scheduled trip",25,109,84,291
"During scheduled trip",25,30,5,291
"During scheduled trip",25,320,295,291
"During scheduled trip",25,330,305,291
"During scheduled trip",25,135,110,291
"During scheduled trip",25,121,96,291
"During scheduled trip",25,232,207,291
"During scheduled trip",25,84,59,291
"During scheduled trip",25,101,76,291
"During scheduled trip",25,132,107,291
"During scheduled trip",25,200,175,291
"During scheduled trip",25,38,13,291
"During scheduled trip",25,592,567,291
"During scheduled trip",25,115,90,291
"During scheduled trip",25,75,50,291
"Post scheduled trip end time",25,42,17,4020.5
"Post scheduled trip end time",25,49,24,4020.5
"Post scheduled trip end time",25,87,62,4020.5
"Post scheduled trip end time",25,142,117,4020.5
"Post scheduled trip end time",25,34,9,4020.5
"Post scheduled trip end time",25,89,64,4020.5
"Post scheduled trip end time",25,43,18,4020.5
"Post scheduled trip end time",25,227,202,4020.5
"Post scheduled trip end time",25,40,15,4020.5
"Post scheduled trip end time",25,134,109,4020.5
"Post scheduled trip end time",25,75,50,4020.5
"Post scheduled trip end time",25,72,47,4020.5
"Post scheduled trip end time",25,128,103,4020.5
"Post scheduled trip end time",25,186,161,4020.5
"Post scheduled trip end time",25,194,169,4020.5
"Post scheduled trip end time",25,502,477,4020.5
"Post scheduled trip end time",25,317,292,4020.5
"Post scheduled trip end time",25,68,43,4020.5
"Post scheduled trip end time",25,521,496,4020.5
"Post scheduled trip end time",25,61,36,4020.5
"Post scheduled trip end time",25,251,226,4020.5
"Post scheduled trip end time",25,422,397,4020.5
"Post scheduled trip end time",25,53,28,4020.5
"Post scheduled trip end time",25,83,58,4020.5
"Post scheduled trip end time",25,141,116,4020.5
"Post scheduled trip end time",25,204,179,4020.5
"Post scheduled trip end time",25,98,73,4020.5
"Post scheduled trip end time",25,35,10,4020.5
"Post scheduled trip end time",25,77,52,4020.5
"Post scheduled trip end time",25,54,29,4020.5
"Post scheduled trip end time",25,149,124,4020.5
"Post scheduled trip end time",25,573,548,4020.5
"Post scheduled trip end time",25,85,60,4020.5
"Post scheduled trip end time",25,95,70,4020.5
"Post scheduled trip end time",25,127,102,4020.5
"Post scheduled trip end time",25,67,42,4020.5
"Post scheduled trip end time",25,88,63,4020.5
"Post scheduled trip end time",25,275,250,4020.5
"Post scheduled trip end time",25,91,66,4020.5
"Post scheduled trip end time",25,113,88,4020.5
"Post scheduled trip end time",25,106,81,4020.5
"Post scheduled trip end time",25,390,365,4020.5
"Post scheduled trip end time",25,122,97,4020.5
"Post scheduled trip end time",25,59,34,4020.5
"Post scheduled trip end time",25,102,77,4020.5
"Post scheduled trip end time",25,30,5,4020.5
"Post scheduled trip end time",25,26,1,4020.5
"Post scheduled trip end time",25,81,56,4020.5
"Post scheduled trip end time",25,47,22,4020.5
"Post scheduled trip end time",25,191,166,4020.5
"Post scheduled trip end time",25,29,4,4020.5
"Post scheduled trip end time",25,104,79,4020.5
"Post scheduled trip end time",25,90,65,4020.5
"Post scheduled trip end time",25,337,312,4020.5
"Post scheduled trip end time",25,38,13,4020.5
"Post scheduled trip end time",25,93,68,4020.5
"Post scheduled trip end time",25,180,155,4020.5
"Post scheduled trip end time",25,116,91,4020.5
"Post scheduled trip end time",25,110,85,4020.5
"Post scheduled trip end time",25,32,7,4020.5
"Post scheduled trip end time",25,92,67,4020.5
"Post scheduled trip end time",25,165,140,4020.5
"Post scheduled trip end time",25,622,597,4020.5
"Post scheduled trip end time",25,46,21,4020.5
"Post scheduled trip end time",25,335,310,4020.5
"Post scheduled trip end time",25,109,84,4020.5
"Post scheduled trip end time",25,395,370,4020.5
"Post scheduled trip end time",25,73,48,4020.5
"Post scheduled trip end time",25,311,286,4020.5
"Post scheduled trip end time",25,581,556,4020.5
"Post scheduled trip end time",25,105,80,4020.5
"Post scheduled trip end time",25,63,38,4020.5
"Post scheduled trip end time",25,69,44,4020.5
"Post scheduled trip end time",25,101,76,4020.5
"Post scheduled trip end time",25,111,86,4020.5
"Post scheduled trip end time",25,218,193,4020.5
"Post scheduled trip end time",25,58,33,4020.5
"Post scheduled trip end time",25,201,176,4020.5
"Post scheduled trip end time",25,324,299,4020.5
"Post scheduled trip end time",25,246,221,4020.5
"Post scheduled trip end time",25,108,83,4020.5
"Post scheduled trip end time",25,94,69,4020.5
"Post scheduled trip end time",25,55,30,4020.5
"Post scheduled trip end time",25,120,95,4020.5
"Post scheduled trip end time",25,136,111,4020.5
"Post scheduled trip end time",25,82,57,4020.5
"Post scheduled trip end time",25,121,96,4020.5
"Post scheduled trip end time",25,36,11,4020.5
"Post scheduled trip end time",25,139,114,4020.5
"Post scheduled trip end time",25,179,154,4020.5
"Post scheduled trip end time",25,137,112,4020.5
"Post scheduled trip end time",25,190,165,4020.5
"Post scheduled trip end time",25,51,26,4020.5
"Post scheduled trip end time",25,130,105,4020.5
"Post scheduled trip end time",25,633,608,4020.5
"Post scheduled trip end time",25,131,106,4020.5
"Post scheduled trip end time",25,27,2,4020.5
"Post scheduled trip end time",25,117,92,4020.5
"Post scheduled trip end time",25,257,232,4020.5
"Post scheduled trip end time",25,56,31,4020.5
"Post scheduled trip end time",25,45,20,4020.5
"Post scheduled trip end time",25,39,14,4020.5
"Post scheduled trip end time",25,50,25,4020.5
"Post scheduled trip end time",25,114,89,4020.5
"Post scheduled trip end time",25,60,35,4020.5
"Post scheduled trip end time",25,48,23,4020.5
"Post scheduled trip end time",25,70,45,4020.5
"Post scheduled trip end time",25,44,19,4020.5
"Post scheduled trip end time",25,332,307,4020.5
"Post scheduled trip end time",25,62,37,4020.5
"Post scheduled trip end time",25,78,53,4020.5
"Post scheduled trip end time",25,28,3,4020.5
"Post scheduled trip end time",25,37,12,4020.5
"Post scheduled trip end time",25,52,27,4020.5
"Post scheduled trip end time",25,384,359,4020.5
"Post scheduled trip end time",25,356,331,4020.5
"Post scheduled trip end time",25,71,46,4020.5
"Post scheduled trip end time",25,65,40,4020.5
"Post scheduled trip end time",25,41,16,4020.5
"Post scheduled trip end time",25,76,51,4020.5
"Post scheduled trip end time",25,64,39,4020.5
"Post scheduled trip end time",25,57,32,4020.5
"Post scheduled trip end time",25,80,55,4020.5
"Post scheduled trip end time",25,118,93,4020.5
"Post scheduled trip end time",25,143,118,4020.5
"Post scheduled trip end time",25,31,6,4020.5
"Post scheduled trip end time",25,25,0,4020.5
"Post scheduled trip end time",25,362,337,4020.5
"Post scheduled trip end time",25,330,305,4020.5
"Post scheduled trip end time",25,66,41,4020.5
"Post scheduled trip end time",25,126,101,4020.5
"Post scheduled trip end time",25,397,372,4020.5
"Post scheduled trip end time",25,86,61,4020.5
"Post scheduled trip end time",25,33,8,4020.5
"Post scheduled trip end time",25,119,94,4020.5
"Post scheduled trip end time",25,79,54,4020.5
"Post scheduled trip end time",25,74,49,4020.5
"Post scheduled trip end time",25,84,59,4020.5
"Before scheduled trip start time",30,157,127,8038
"Before scheduled trip start time",30,58,28,8038
"Before scheduled trip start time",30,152,122,8038
"Before scheduled trip start time",30,45,15,8038
"Before scheduled trip start time",30,200,170,8038
"Before scheduled trip start time",30,201,171,8038
"Before scheduled trip start time",30,173,143,8038
"Before scheduled trip start time",30,35,5,8038
"Before scheduled trip start time",30,101,71,8038
"Before scheduled trip start time",30,118,88,8038
"Before scheduled trip start time",30,49,19,8038
"Before scheduled trip start time",30,445,415,8038
"Before scheduled trip start time",30,209,179,8038
"Before scheduled trip start time",30,170,140,8038
"Before scheduled trip start time",30,162,132,8038
"Before scheduled trip start time",30,86,56,8038
"Before scheduled trip start time",30,161,131,8038
"Before scheduled trip start time",30,77,47,8038
"Before scheduled trip start time",30,48,18,8038
"Before scheduled trip start time",30,36,6,8038
"Before scheduled trip start time",30,1050,1020,8038
"Before scheduled trip start time",30,147,117,8038
"Before scheduled trip start time",30,78,48,8038
"Before scheduled trip start time",30,701,671,8038
"Before scheduled trip start time",30,168,138,8038
"Before scheduled trip start time",30,61,31,8038
"Before scheduled trip start time",30,38,8,8038
"Before scheduled trip start time",30,105,75,8038
"Before scheduled trip start time",30,146,116,8038
"Before scheduled trip start time",30,188,158,8038
"Before scheduled trip start time",30,103,73,8038
"Before scheduled trip start time",30,108,78,8038
"Before scheduled trip start time",30,207,177,8038
"Before scheduled trip start time",30,123,93,8038
"Before scheduled trip start time",30,66,36,8038
"Before scheduled trip start time",30,183,153,8038
"Before scheduled trip start time",30,132,102,8038
"Before scheduled trip start time",30,151,121,8038
"Before scheduled trip start time",30,1290,1260,8038
"Before scheduled trip start time",30,205,175,8038
"Before scheduled trip start time",30,73,43,8038
"Before scheduled trip start time",30,94,64,8038
"Before scheduled trip start time",30,113,83,8038
"Before scheduled trip start time",30,43,13,8038
"Before scheduled trip start time",30,81,51,8038
"Before scheduled trip start time",30,450,420,8038
"Before scheduled trip start time",30,95,65,8038
"Before scheduled trip start time",30,46,16,8038
"Before scheduled trip start time",30,930,900,8038
"Before scheduled trip start time",30,97,67,8038
"Before scheduled trip start time",30,65,35,8038
"Before scheduled trip start time",30,155,125,8038
"Before scheduled trip start time",30,169,139,8038
"Before scheduled trip start time",30,62,32,8038
"Before scheduled trip start time",30,163,133,8038
"Before scheduled trip start time",30,39,9,8038
"Before scheduled trip start time",30,144,114,8038
"Before scheduled trip start time",30,192,162,8038
"Before scheduled trip start time",30,142,112,8038
"Before scheduled trip start time",30,174,144,8038
"Before scheduled trip start time",30,312,282,8038
"Before scheduled trip start time",30,164,134,8038
"Before scheduled trip start time",30,136,106,8038
"Before scheduled trip start time",30,191,161,8038
"Before scheduled trip start time",30,137,107,8038
"Before scheduled trip start time",30,193,163,8038
"Before scheduled trip start time",30,88,58,8038
"Before scheduled trip start time",30,63,33,8038
"Before scheduled trip start time",30,75,45,8038
"Before scheduled trip start time",30,119,89,8038
"Before scheduled trip start time",30,106,76,8038
"Before scheduled trip start time",30,685,655,8038
"Before scheduled trip start time",30,870,840,8038
"Before scheduled trip start time",30,32,2,8038
"Before scheduled trip start time",30,184,154,8038
"Before scheduled trip start time",30,85,55,8038
"Before scheduled trip start time",30,76,46,8038
"Before scheduled trip start time",30,165,135,8038
"Before scheduled trip start time",30,139,109,8038
"Before scheduled trip start time",30,167,137,8038
"Before scheduled trip start time",30,126,96,8038
"Before scheduled trip start time",30,199,169,8038
"Before scheduled trip start time",30,148,118,8038
"Before scheduled trip start time",30,90,60,8038
"Before scheduled trip start time",30,109,79,8038
"Before scheduled trip start time",30,252,222,8038
"Before scheduled trip start time",30,1105,1075,8038
"Before scheduled trip start time",30,181,151,8038
"Before scheduled trip start time",30,189,159,8038
"Before scheduled trip start time",30,182,152,8038
"Before scheduled trip start time",30,121,91,8038
"Before scheduled trip start time",30,53,23,8038
"Before scheduled trip start time",30,34,4,8038
"Before scheduled trip start time",30,33,3,8038
"Before scheduled trip start time",30,130,100,8038
"Before scheduled trip start time",30,70,40,8038
"Before scheduled trip start time",30,59,29,8038
"Before scheduled trip start time",30,64,34,8038
"Before scheduled trip start time",30,131,101,8038
"Before scheduled trip start time",30,47,17,8038
"Before scheduled trip start time",30,179,149,8038
"Before scheduled trip start time",30,133,103,8038
"Before scheduled trip start time",30,91,61,8038
"Before scheduled trip start time",30,102,72,8038
"Before scheduled trip start time",30,71,41,8038
"Before scheduled trip start time",30,99,69,8038
"Before scheduled trip start time",30,110,80,8038
"Before scheduled trip start time",30,84,54,8038
"Before scheduled trip start time",30,128,98,8038
"Before scheduled trip start time",30,117,87,8038
"Before scheduled trip start time",30,138,108,8038
"Before scheduled trip start time",30,93,63,8038
"Before scheduled trip start time",30,190,160,8038
"Before scheduled trip start time",30,104,74,8038
"Before scheduled trip start time",30,72,42,8038
"Before scheduled trip start time",30,125,95,8038
"Before scheduled trip start time",30,390,360,8038
"Before scheduled trip start time",30,31,1,8038
"Before scheduled trip start time",30,79,49,8038
"Before scheduled trip start time",30,51,21,8038
"Before scheduled trip start time",30,44,14,8038
"Before scheduled trip start time",30,54,24,8038
"Before scheduled trip start time",30,401,371,8038
"Before scheduled trip start time",30,180,150,8038
"Before scheduled trip start time",30,68,38,8038
"Before scheduled trip start time",30,80,50,8038
"Before scheduled trip start time",30,204,174,8038
"Before scheduled trip start time",30,150,120,8038
"Before scheduled trip start time",30,372,342,8038
"Before scheduled trip start time",30,178,148,8038
"Before scheduled trip start time",30,203,173,8038
"Before scheduled trip start time",30,153,123,8038
"Before scheduled trip start time",30,156,126,8038
"Before scheduled trip start time",30,211,181,8038
"Before scheduled trip start time",30,41,11,8038
"Before scheduled trip start time",30,140,110,8038
"Before scheduled trip start time",30,74,44,8038
"Before scheduled trip start time",30,154,124,8038
"Before scheduled trip start time",30,69,39,8038
"Before scheduled trip start time",30,208,178,8038
"Before scheduled trip start time",30,40,10,8038
"Before scheduled trip start time",30,177,147,8038
"Before scheduled trip start time",30,116,86,8038
"Before scheduled trip start time",30,92,62,8038
"Before scheduled trip start time",30,83,53,8038
"Before scheduled trip start time",30,210,180,8038
"Before scheduled trip start time",30,145,115,8038
"Before scheduled trip start time",30,114,84,8038
"Before scheduled trip start time",30,37,7,8038
"Before scheduled trip start time",30,185,155,8038
"Before scheduled trip start time",30,1350,1320,8038
"Before scheduled trip start time",30,298,268,8038
"Before scheduled trip start time",30,141,111,8038
"Before scheduled trip start time",30,96,66,8038
"Before scheduled trip start time",30,135,105,8038
"Before scheduled trip start time",30,810,780,8038
"Before scheduled trip start time",30,82,52,8038
"Before scheduled trip start time",30,122,92,8038
"Before scheduled trip start time",30,129,99,8038
"Before scheduled trip start time",30,87,57,8038
"Before scheduled trip start time",30,60,30,8038
"Before scheduled trip start time",30,134,104,8038
"Before scheduled trip start time",30,50,20,8038
"Before scheduled trip start time",30,100,70,8038
"Before scheduled trip start time",30,166,136,8038
"Before scheduled trip start time",30,107,77,8038
"Before scheduled trip start time",30,55,25,8038
"Before scheduled trip start time",30,159,129,8038
"Before scheduled trip start time",30,149,119,8038
"Before scheduled trip start time",30,418,388,8038
"Before scheduled trip start time",30,42,12,8038
"Before scheduled trip start time",30,98,68,8038
"Before scheduled trip start time",30,143,113,8038
"Before scheduled trip start time",30,89,59,8038
"During scheduled trip",30,55,25,291
"During scheduled trip",30,36,6,291
"During scheduled trip",30,106,76,291
"During scheduled trip",30,240,210,291
"During scheduled trip",30,100,70,291
"During scheduled trip",30,860,830,291
"During scheduled trip",30,84,54,291
"During scheduled trip",30,930,900,291
"During scheduled trip",30,170,140,291
"During scheduled trip",30,178,148,291
"During scheduled trip",30,1800,1770,291
"During scheduled trip",30,206,176,291
"During scheduled trip",30,377,347,291
"During scheduled trip",30,661,631,291
"During scheduled trip",30,157,127,291
"During scheduled trip",30,80,50,291
"During scheduled trip",30,156,126,291
"During scheduled trip",30,70,40,291
"During scheduled trip",30,1410,1380,291
"During scheduled trip",30,85,55,291
"During scheduled trip",30,117,87,291
"During scheduled trip",30,65,35,291
"During scheduled trip",30,142,112,291
"During scheduled trip",30,109,79,291
"During scheduled trip",30,127,97,291
"During scheduled trip",30,197,167,291
"During scheduled trip",30,162,132,291
"During scheduled trip",30,79,49,291
"During scheduled trip",30,129,99,291
"During scheduled trip",30,221,191,291
"During scheduled trip",30,306,276,291
"During scheduled trip",30,248,218,291
"During scheduled trip",30,41,11,291
"During scheduled trip",30,96,66,291
"During scheduled trip",30,199,169,291
"During scheduled trip",30,192,162,291
"During scheduled trip",30,763,733,291
"During scheduled trip",30,521,491,291
"During scheduled trip",30,60,30,291
"During scheduled trip",30,140,110,291
"During scheduled trip",30,906,876,291
"During scheduled trip",30,35,5,291
"During scheduled trip",30,125,95,291
"During scheduled trip",30,181,151,291
"During scheduled trip",30,690,660,291
"During scheduled trip",30,71,41,291
"During scheduled trip",30,740,710,291
"During scheduled trip",30,76,46,291
"During scheduled trip",30,941,911,291
"During scheduled trip",30,433,403,291
"During scheduled trip",30,486,456,291
"During scheduled trip",30,201,171,291
"During scheduled trip",30,271,241,291
"During scheduled trip",30,48,18,291
"During scheduled trip",30,154,124,291
"During scheduled trip",30,187,157,291
"During scheduled trip",30,373,343,291
"During scheduled trip",30,190,160,291
"During scheduled trip",30,164,134,291
"During scheduled trip",30,33,3,291
"During scheduled trip",30,67,37,291
"During scheduled trip",30,128,98,291
"During scheduled trip",30,497,467,291
"During scheduled trip",30,62,32,291
"During scheduled trip",30,196,166,291
"During scheduled trip",30,318,288,291
"During scheduled trip",30,114,84,291
"During scheduled trip",30,73,43,291
"During scheduled trip",30,81,51,291
"During scheduled trip",30,75,45,291
"During scheduled trip",30,45,15,291
"During scheduled trip",30,148,118,291
"During scheduled trip",30,141,111,291
"During scheduled trip",30,208,178,291
"During scheduled trip",30,188,158,291
"During scheduled trip",30,136,106,291
"During scheduled trip",30,292,262,291
"During scheduled trip",30,179,149,291
"During scheduled trip",30,74,44,291
"During scheduled trip",30,108,78,291
"During scheduled trip",30,113,83,291
"During scheduled trip",30,42,12,291
"During scheduled trip",30,78,48,291
"During scheduled trip",30,330,300,291
"During scheduled trip",30,126,96,291
"During scheduled trip",30,91,61,291
"During scheduled trip",30,528,498,291
"During scheduled trip",30,149,119,291
"During scheduled trip",30,570,540,291
"During scheduled trip",30,115,85,291
"During scheduled trip",30,49,19,291
"During scheduled trip",30,195,165,291
"During scheduled trip",30,315,285,291
"During scheduled trip",30,66,36,291
"During scheduled trip",30,463,433,291
"During scheduled trip",30,641,611,291
"During scheduled trip",30,643,613,291
"During scheduled trip",30,119,89,291
"During scheduled trip",30,261,231,291
"During scheduled trip",30,557,527,291
"During scheduled trip",30,341,311,291
"During scheduled trip",30,617,587,291
"During scheduled trip",30,111,81,291
"During scheduled trip",30,258,228,291
"During scheduled trip",30,302,272,291
"During scheduled trip",30,703,673,291
"During scheduled trip",30,104,74,291
"During scheduled trip",30,99,69,291
"During scheduled trip",30,137,107,291
"During scheduled trip",30,288,258,291
"During scheduled trip",30,797,767,291
"During scheduled trip",30,902,872,291
"During scheduled trip",30,209,179,291
"During scheduled trip",30,150,120,291
"During scheduled trip",30,72,42,291
"During scheduled trip",30,1181,1151,291
"During scheduled trip",30,64,34,291
"During scheduled trip",30,39,9,291
"During scheduled trip",30,83,53,291
"During scheduled trip",30,281,251,291
"During scheduled trip",30,32,2,291
"During scheduled trip",30,962,932,291
"During scheduled trip",30,77,47,291
"During scheduled trip",30,1061,1031,291
"During scheduled trip",30,493,463,291
"During scheduled trip",30,320,290,291
"During scheduled trip",30,145,115,291
"During scheduled trip",30,135,105,291
"During scheduled trip",30,131,101,291
"During scheduled trip",30,247,217,291
"During scheduled trip",30,202,172,291
"During scheduled trip",30,101,71,291
"During scheduled trip",30,31,1,291
"During scheduled trip",30,311,281,291
"During scheduled trip",30,435,405,291
"During scheduled trip",30,132,102,291
"During scheduled trip",30,93,63,291
"During scheduled trip",30,90,60,291
"During scheduled trip",30,176,146,291
"During scheduled trip",30,147,117,291
"During scheduled trip",30,1001,971,291
"During scheduled trip",30,317,287,291
"During scheduled trip",30,167,137,291
"During scheduled trip",30,130,100,291
"During scheduled trip",30,158,128,291
"During scheduled trip",30,211,181,291
"During scheduled trip",30,437,407,291
"During scheduled trip",30,371,341,291
"During scheduled trip",30,37,7,291
"During scheduled trip",30,189,159,291
"During scheduled trip",30,733,703,291
"During scheduled trip",30,151,121,291
"During scheduled trip",30,765,735,291
"During scheduled trip",30,207,177,291
"During scheduled trip",30,134,104,291
"During scheduled trip",30,116,86,291
"During scheduled trip",30,581,551,291
"During scheduled trip",30,138,108,291
"During scheduled trip",30,110,80,291
"During scheduled trip",30,120,90,291
"During scheduled trip",30,594,564,291
"During scheduled trip",30,47,17,291
"During scheduled trip",30,343,313,291
"During scheduled trip",30,198,168,291
"During scheduled trip",30,210,180,291
"During scheduled trip",30,82,52,291
"During scheduled trip",30,143,113,291
"During scheduled trip",30,800,770,291
"During scheduled trip",30,821,791,291
"During scheduled trip",30,541,511,291
"During scheduled trip",30,163,133,291
"During scheduled trip",30,133,103,291
"During scheduled trip",30,191,161,291
"During scheduled trip",30,68,38,291
"During scheduled trip",30,582,552,291
"During scheduled trip",30,52,22,291
"During scheduled trip",30,95,65,291
"During scheduled trip",30,159,129,291
"During scheduled trip",30,88,58,291
"During scheduled trip",30,155,125,291
"During scheduled trip",30,422,392,291
"During scheduled trip",30,200,170,291
"During scheduled trip",30,1142,1112,291
"During scheduled trip",30,51,21,291
"During scheduled trip",30,168,138,291
"During scheduled trip",30,161,131,291
"During scheduled trip",30,166,136,291
"During scheduled trip",30,1241,1211,291
"During scheduled trip",30,217,187,291
"During scheduled trip",30,63,33,291
"During scheduled trip",30,542,512,291
"During scheduled trip",30,54,24,291
"During scheduled trip",30,1093,1063,291
"During scheduled trip",30,57,27,291
"During scheduled trip",30,118,88,291
"During scheduled trip",30,61,31,291
"During scheduled trip",30,172,142,291
"During scheduled trip",30,464,434,291
"During scheduled trip",30,447,417,291
"During scheduled trip",30,881,851,291
"During scheduled trip",30,255,225,291
"During scheduled trip",30,233,203,291
"During scheduled trip",30,97,67,291
"During scheduled trip",30,193,163,291
"During scheduled trip",30,314,284,291
"During scheduled trip",30,182,152,291
"During scheduled trip",30,1082,1052,291
"During scheduled trip",30,94,64,291
"During scheduled trip",30,185,155,291
"During scheduled trip",30,421,391,291
"During scheduled trip",30,103,73,291
"During scheduled trip",30,331,301,291
"During scheduled trip",30,204,174,291
"During scheduled trip",30,56,26,291
"During scheduled trip",30,242,212,291
"During scheduled trip",30,301,271,291
"During scheduled trip",30,259,229,291
"During scheduled trip",30,482,452,291
"During scheduled trip",30,152,122,291
"During scheduled trip",30,177,147,291
"During scheduled trip",30,174,144,291
"During scheduled trip",30,87,57,291
"During scheduled trip",30,173,143,291
"During scheduled trip",30,630,600,291
"During scheduled trip",30,53,23,291
"During scheduled trip",30,267,237,291
"During scheduled trip",30,165,135,291
"During scheduled trip",30,401,371,291
"During scheduled trip",30,30,0,291
"During scheduled trip",30,107,77,291
"During scheduled trip",30,278,248,291
"During scheduled trip",30,239,209,291
"During scheduled trip",30,69,39,291
"During scheduled trip",30,122,92,291
"During scheduled trip",30,1693,1663,291
"During scheduled trip",30,601,571,291
"During scheduled trip",30,231,201,291
"During scheduled trip",30,44,14,291
"During scheduled trip",30,560,530,291
"During scheduled trip",30,390,360,291
"During scheduled trip",30,218,188,291
"During scheduled trip",30,102,72,291
"During scheduled trip",30,251,221,291
"During scheduled trip",30,105,75,291
"During scheduled trip",30,270,240,291
"During scheduled trip",30,450,420,291
"During scheduled trip",30,215,185,291
"During scheduled trip",30,40,10,291
"During scheduled trip",30,169,139,291
"During scheduled trip",30,86,56,291
"During scheduled trip",30,431,401,291
"During scheduled trip",30,59,29,291
"During scheduled trip",30,153,123,291
"During scheduled trip",30,46,16,291
"During scheduled trip",30,1760,1730,291
"During scheduled trip",30,146,116,291
"During scheduled trip",30,58,28,291
"During scheduled trip",30,183,153,291
"During scheduled trip",30,705,675,291
"During scheduled trip",30,411,381,291
"During scheduled trip",30,43,13,291
"During scheduled trip",30,92,62,291
"During scheduled trip",30,842,812,291
"During scheduled trip",30,98,68,291
"During scheduled trip",30,391,361,291
"During scheduled trip",30,673,643,291
"During scheduled trip",30,241,211,291
"During scheduled trip",30,481,451,291
"During scheduled trip",30,121,91,291
"During scheduled trip",30,139,109,291
"During scheduled trip",30,124,94,291
"During scheduled trip",30,144,114,291
"During scheduled trip",30,38,8,291
"During scheduled trip",30,782,752,291
"During scheduled trip",30,34,4,291
"During scheduled trip",30,50,20,291
"During scheduled trip",30,203,173,291
"During scheduled trip",30,123,93,291
"During scheduled trip",30,180,150,291
"During scheduled trip",30,1530,1500,291
"During scheduled trip",30,89,59,291
"Post scheduled trip end time",30,48,18,4020.5
"Post scheduled trip end time",30,41,11,4020.5
"Post scheduled trip end time",30,57,27,4020.5
"Post scheduled trip end time",30,101,71,4020.5
"Post scheduled trip end time",30,53,23,4020.5
"Post scheduled trip end time",30,780,750,4020.5
"Post scheduled trip end time",30,1598,1568,4020.5
"Post scheduled trip end time",30,89,59,4020.5
"Post scheduled trip end time",30,170,140,4020.5
"Post scheduled trip end time",30,1080,1050,4020.5
"Post scheduled trip end time",30,131,101,4020.5
"Post scheduled trip end time",30,1097,1067,4020.5
"Post scheduled trip end time",30,46,16,4020.5
"Post scheduled trip end time",30,191,161,4020.5
"Post scheduled trip end time",30,1785,1755,4020.5
"Post scheduled trip end time",30,1740,1710,4020.5
"Post scheduled trip end time",30,115,85,4020.5
"Post scheduled trip end time",30,35,5,4020.5
"Post scheduled trip end time",30,55,25,4020.5
"Post scheduled trip end time",30,73,43,4020.5
"Post scheduled trip end time",30,480,450,4020.5
"Post scheduled trip end time",30,1425,1395,4020.5
"Post scheduled trip end time",30,32,2,4020.5
"Post scheduled trip end time",30,43,13,4020.5
"Post scheduled trip end time",30,54,24,4020.5
"Post scheduled trip end time",30,193,163,4020.5
"Post scheduled trip end time",30,600,570,4020.5
"Post scheduled trip end time",30,1298,1268,4020.5
"Post scheduled trip end time",30,199,169,4020.5
"Post scheduled trip end time",30,70,40,4020.5
"Post scheduled trip end time",30,1820,1790,4020.5
"Post scheduled trip end time",30,298,268,4020.5
"Post scheduled trip end time",30,417,387,4020.5
"Post scheduled trip end time",30,40,10,4020.5
"Post scheduled trip end time",30,31,1,4020.5
"Post scheduled trip end time",30,1260,1230,4020.5
"Post scheduled trip end time",30,1680,1650,4020.5
"Post scheduled trip end time",30,117,87,4020.5
"Post scheduled trip end time",30,60,30,4020.5
"Post scheduled trip end time",30,518,488,4020.5
"Post scheduled trip end time",30,1037,1007,4020.5
"Post scheduled trip end time",30,47,17,4020.5
"Post scheduled trip end time",30,94,64,4020.5
"Post scheduled trip end time",30,42,12,4020.5
"Post scheduled trip end time",30,1118,1088,4020.5
"Post scheduled trip end time",30,49,19,4020.5
"Post scheduled trip end time",30,168,138,4020.5
"Post scheduled trip end time",30,857,827,4020.5
"Post scheduled trip end time",30,1005,975,4020.5
"Post scheduled trip end time",30,88,58,4020.5
"Post scheduled trip end time",30,38,8,4020.5
"Post scheduled trip end time",30,45,15,4020.5
"Post scheduled trip end time",30,192,162,4020.5
"Post scheduled trip end time",30,58,28,4020.5
"Post scheduled trip end time",30,76,46,4020.5
"Post scheduled trip end time",30,87,57,4020.5
"Post scheduled trip end time",30,146,116,4020.5
"Post scheduled trip end time",30,1065,1035,4020.5
"Post scheduled trip end time",30,1320,1290,4020.5
"Post scheduled trip end time",30,105,75,4020.5
"Post scheduled trip end time",30,238,208,4020.5
"Post scheduled trip end time",30,37,7,4020.5
"Post scheduled trip end time",30,34,4,4020.5
"Post scheduled trip end time",30,578,548,4020.5
"Post scheduled trip end time",30,44,14,4020.5
"Post scheduled trip end time",30,33,3,4020.5
"Post scheduled trip end time",30,1200,1170,4020.5
"Post scheduled trip end time",30,120,90,4020.5
"Post scheduled trip end time",30,945,915,4020.5
"Post scheduled trip end time",30,478,448,4020.5
"Post scheduled trip end time",30,77,47,4020.5
"Post scheduled trip end time",30,63,33,4020.5
"Post scheduled trip end time",30,1305,1275,4020.5
"Post scheduled trip end time",30,718,688,4020.5
"Post scheduled trip end time",30,165,135,4020.5
"Post scheduled trip end time",30,71,41,4020.5
"Post scheduled trip end time",30,1506,1476,4020.5
"Post scheduled trip end time",30,178,148,4020.5
"Post scheduled trip end time",30,39,9,4020.5
"Post scheduled trip end time",30,56,26,4020.5
"Post scheduled trip end time",30,1620,1590,4020.5
"Post scheduled trip end time",30,78,48,4020.5
"Post scheduled trip end time",30,237,207,4020.5
"Post scheduled trip end time",30,36,6,4020.5
"Post scheduled trip end time",30,638,608,4020.5
"Post scheduled trip end time",30,59,29,4020.5
"Post scheduled trip end time",30,65,35,4020.5
"Post scheduled trip end time",30,80,50,4020.5
"Post scheduled trip end time",30,93,63,4020.5
"Post scheduled trip end time",30,62,32,4020.5
"Post scheduled trip end time",30,1178,1148,4020.5
"Post scheduled trip end time",30,259,229,4020.5
"Post scheduled trip end time",30,1440,1410,4020.5
"Post scheduled trip end time",30,72,42,4020.5
"Post scheduled trip end time",30,75,45,4020.5
"Post scheduled trip end time",30,977,947,4020.5
"Post scheduled trip end time",30,52,22,4020.5
"Post scheduled trip end time",30,64,34,4020.5
"Post scheduled trip end time",30,69,39,4020.5
"Post scheduled trip end time",30,458,428,4020.5
"Before scheduled trip start time",43,25416,25373,8038
"Before scheduled trip start time",43,25578,25535,8038
"Before scheduled trip start time",43,25527,25484,8038
"Before scheduled trip start time",43,25394,25351,8038
"Before scheduled trip start time",43,25602,25559,8038
"Before scheduled trip start time",43,25371,25328,8038
"Before scheduled trip start time",43,25500,25457,8038
"Before scheduled trip start time",43,25462,25419,8038
"Before scheduled trip start time",43,25393,25350,8038
"Before scheduled trip start time",43,25327,25284,8038
"Before scheduled trip start time",43,25468,25425,8038
"Before scheduled trip start time",43,25540,25497,8038
"Before scheduled trip start time",43,25502,25459,8038
"Before scheduled trip start time",43,25496,25453,8038
"Before scheduled trip start time",43,25340,25297,8038
"Before scheduled trip start time",43,25553,25510,8038
"Before scheduled trip start time",43,25423,25380,8038
"Before scheduled trip start time",43,25402,25359,8038
"Before scheduled trip start time",43,25442,25399,8038
"Before scheduled trip start time",43,25632,25589,8038
"Before scheduled trip start time",43,25753,25710,8038
"Before scheduled trip start time",43,25411,25368,8038
"Before scheduled trip start time",43,25366,25323,8038
"Before scheduled trip start time",43,25399,25356,8038
"Before scheduled trip start time",43,25359,25316,8038
"Before scheduled trip start time",43,25441,25398,8038
"Before scheduled trip start time",43,25538,25495,8038
"Before scheduled trip start time",43,25631,25588,8038
"Before scheduled trip start time",43,25364,25321,8038
"Before scheduled trip start time",43,25444,25401,8038
"Before scheduled trip start time",43,25424,25381,8038
"Before scheduled trip start time",43,25611,25568,8038
"Before scheduled trip start time",43,25695,25652,8038
"Before scheduled trip start time",43,25445,25402,8038
"Before scheduled trip start time",43,25308,25265,8038
"Before scheduled trip start time",43,25513,25470,8038
"Before scheduled trip start time",43,25350,25307,8038
"Before scheduled trip start time",43,25561,25518,8038
"Before scheduled trip start time",43,25604,25561,8038
"Before scheduled trip start time",43,25682,25639,8038
"Before scheduled trip start time",43,25357,25314,8038
"Before scheduled trip start time",43,25334,25291,8038
"Before scheduled trip start time",43,25391,25348,8038
"Before scheduled trip start time",43,25467,25424,8038
"Before scheduled trip start time",43,25731,25688,8038
"Before scheduled trip start time",43,25422,25379,8038
"Before scheduled trip start time",43,25354,25311,8038
"Before scheduled trip start time",43,25791,25748,8038
"Before scheduled trip start time",43,25409,25366,8038
"Before scheduled trip start time",43,25889,25846,8038
"Before scheduled trip start time",43,25675,25632,8038
"Before scheduled trip start time",43,25413,25370,8038
"Before scheduled trip start time",43,25535,25492,8038
"Before scheduled trip start time",43,25661,25618,8038
"Before scheduled trip start time",43,25421,25378,8038
"Before scheduled trip start time",43,25565,25522,8038
"Before scheduled trip start time",43,25493,25450,8038
"Before scheduled trip start time",43,25343,25300,8038
"Before scheduled trip start time",43,25314,25271,8038
"Before scheduled trip start time",43,25769,25726,8038
"Before scheduled trip start time",43,25705,25662,8038
"Before scheduled trip start time",43,25596,25553,8038
"Before scheduled trip start time",43,25345,25302,8038
"Before scheduled trip start time",43,25433,25390,8038
"Before scheduled trip start time",43,25487,25444,8038
"Before scheduled trip start time",43,25650,25607,8038
"Before scheduled trip start time",43,25524,25481,8038
"Before scheduled trip start time",43,25324,25281,8038
"Before scheduled trip start time",43,25556,25513,8038
"Before scheduled trip start time",43,25431,25388,8038
"Before scheduled trip start time",43,25494,25451,8038
"Before scheduled trip start time",43,25440,25397,8038
"Before scheduled trip start time",43,25574,25531,8038
"Before scheduled trip start time",43,25597,25554,8038
"Before scheduled trip start time",43,25516,25473,8038
"Before scheduled trip start time",43,25294,25251,8038
"Before scheduled trip start time",43,25412,25369,8038
"Before scheduled trip start time",43,25321,25278,8038
"Before scheduled trip start time",43,25579,25536,8038
"Before scheduled trip start time",43,25388,25345,8038
"Before scheduled trip start time",43,25589,25546,8038
"Before scheduled trip start time",43,25381,25338,8038
"Before scheduled trip start time",43,25545,25502,8038
"Before scheduled trip start time",43,25677,25634,8038
"Before scheduled trip start time",43,25426,25383,8038
"Before scheduled trip start time",43,25624,25581,8038
"Before scheduled trip start time",43,25387,25344,8038
"Before scheduled trip start time",43,25415,25372,8038
"Before scheduled trip start time",43,25403,25360,8038
"Before scheduled trip start time",43,25691,25648,8038
"Before scheduled trip start time",43,25504,25461,8038
"Before scheduled trip start time",43,25404,25361,8038
"Before scheduled trip start time",43,25583,25540,8038
"Before scheduled trip start time",43,25543,25500,8038
"Before scheduled trip start time",43,25702,25659,8038
"Before scheduled trip start time",43,25591,25548,8038
"Before scheduled trip start time",43,25609,25566,8038
"Before scheduled trip start time",43,25654,25611,8038
"Before scheduled trip start time",43,25617,25574,8038
"Before scheduled trip start time",43,25638,25595,8038
"Before scheduled trip start time",43,25325,25282,8038
"Before scheduled trip start time",43,25455,25412,8038
"Before scheduled trip start time",43,25417,25374,8038
"Before scheduled trip start time",43,25546,25503,8038
"Before scheduled trip start time",43,25699,25656,8038
"Before scheduled trip start time",43,25519,25476,8038
"Before scheduled trip start time",43,25645,25602,8038
"Before scheduled trip start time",43,25306,25263,8038
"Before scheduled trip start time",43,25400,25357,8038
"Before scheduled trip start time",43,25299,25256,8038
"Before scheduled trip start time",43,25405,25362,8038
"Before scheduled trip start time",43,25510,25467,8038
"Before scheduled trip start time",43,25341,25298,8038
"Before scheduled trip start time",43,25616,25573,8038
"Before scheduled trip start time",43,25289,25246,8038
"Before scheduled trip start time",43,25590,25547,8038
"Before scheduled trip start time",43,25352,25309,8038
"Before scheduled trip start time",43,25318,25275,8038
"Before scheduled trip start time",43,25580,25537,8038
"Before scheduled trip start time",43,25625,25582,8038
"Before scheduled trip start time",43,25316,25273,8038
"Before scheduled trip start time",43,25747,25704,8038
"Before scheduled trip start time",43,25949,25906,8038
"Before scheduled trip start time",43,25560,25517,8038
"Before scheduled trip start time",43,25336,25293,8038
"Before scheduled trip start time",43,25395,25352,8038
"Before scheduled trip start time",43,25447,25404,8038
"Before scheduled trip start time",43,25430,25387,8038
"Before scheduled trip start time",43,25577,25534,8038
"Before scheduled trip start time",43,25360,25317,8038
"Before scheduled trip start time",43,25390,25347,8038
"Before scheduled trip start time",43,25684,25641,8038
"Before scheduled trip start time",43,25296,25253,8038
"Before scheduled trip start time",43,25478,25435,8038
"Before scheduled trip start time",43,25312,25269,8038
"Before scheduled trip start time",43,25497,25454,8038
"Before scheduled trip start time",43,25292,25249,8038
"Before scheduled trip start time",43,25458,25415,8038
"Before scheduled trip start time",43,25532,25489,8038
"Before scheduled trip start time",43,25652,25609,8038
"Before scheduled trip start time",43,25607,25564,8038
"Before scheduled trip start time",43,25383,25340,8038
"Before scheduled trip start time",43,25720,25677,8038
"Before scheduled trip start time",43,25681,25638,8038
"Before scheduled trip start time",43,25322,25279,8038
"Before scheduled trip start time",43,25313,25270,8038
"Before scheduled trip start time",43,25517,25474,8038
"Before scheduled trip start time",43,25317,25274,8038
"Before scheduled trip start time",43,25629,25586,8038
"Before scheduled trip start time",43,25333,25290,8038
"Before scheduled trip start time",43,25518,25475,8038
"Before scheduled trip start time",43,25762,25719,8038
"Before scheduled trip start time",43,25446,25403,8038
"Before scheduled trip start time",43,25622,25579,8038
"Before scheduled trip start time",43,25573,25530,8038
"Before scheduled trip start time",43,43,0,8038
"Before scheduled trip start time",43,25432,25389,8038
"Before scheduled trip start time",43,25434,25391,8038
"Before scheduled trip start time",43,25551,25508,8038
"Before scheduled trip start time",43,25667,25624,8038
"Before scheduled trip start time",43,25293,25250,8038
"Before scheduled trip start time",43,25323,25280,8038
"Before scheduled trip start time",43,25655,25612,8038
"Before scheduled trip start time",43,25582,25539,8038
"Before scheduled trip start time",43,25542,25499,8038
"Before scheduled trip start time",43,25396,25353,8038
"Before scheduled trip start time",43,25680,25637,8038
"Before scheduled trip start time",43,25369,25326,8038
"Before scheduled trip start time",43,25481,25438,8038
"Before scheduled trip start time",43,25376,25333,8038
"Before scheduled trip start time",43,25464,25421,8038
"Before scheduled trip start time",43,25658,25615,8038
"Before scheduled trip start time",43,25575,25532,8038
"Before scheduled trip start time",43,25488,25445,8038
"Before scheduled trip start time",43,25330,25287,8038
"Before scheduled trip start time",43,25310,25267,8038
"Before scheduled trip start time",43,25714,25671,8038
"Before scheduled trip start time",43,25436,25393,8038
"Before scheduled trip start time",43,25486,25443,8038
"Before scheduled trip start time",43,25755,25712,8038
"Before scheduled trip start time",43,25435,25392,8038
"Before scheduled trip start time",43,25643,25600,8038
"Before scheduled trip start time",43,25482,25439,8038
"Before scheduled trip start time",43,25355,25312,8038
"Before scheduled trip start time",43,25505,25462,8038
"Before scheduled trip start time",43,25286,25243,8038
"Before scheduled trip start time",43,25536,25493,8038
"Before scheduled trip start time",43,25501,25458,8038
"Before scheduled trip start time",43,25635,25592,8038
"Before scheduled trip start time",43,25335,25292,8038
"Before scheduled trip start time",43,25567,25524,8038
"Before scheduled trip start time",43,25495,25452,8038
"Before scheduled trip start time",43,25479,25436,8038
"Before scheduled trip start time",43,25663,25620,8038
"Before scheduled trip start time",43,25569,25526,8038
"Before scheduled trip start time",43,25489,25446,8038
"Before scheduled trip start time",43,25534,25491,8038
"Before scheduled trip start time",43,25349,25306,8038
"Before scheduled trip start time",43,25649,25606,8038
"Before scheduled trip start time",43,25718,25675,8038
"Before scheduled trip start time",43,25287,25244,8038
"Before scheduled trip start time",43,25348,25305,8038
"Before scheduled trip start time",43,25361,25318,8038
"Before scheduled trip start time",43,25448,25405,8038
"Before scheduled trip start time",43,25408,25365,8038
"Before scheduled trip start time",43,25477,25434,8038
"Before scheduled trip start time",43,25475,25432,8038
"Before scheduled trip start time",43,25595,25552,8038
"Before scheduled trip start time",43,25627,25584,8038
"Before scheduled trip start time",43,25644,25601,8038
"Before scheduled trip start time",43,25401,25358,8038
"Before scheduled trip start time",43,25613,25570,8038
"Before scheduled trip start time",43,25363,25320,8038
"Before scheduled trip start time",43,25356,25313,8038
"Before scheduled trip start time",43,25537,25494,8038
"Before scheduled trip start time",43,25466,25423,8038
"Before scheduled trip start time",43,25686,25643,8038
"Before scheduled trip start time",43,25425,25382,8038
"Before scheduled trip start time",43,25353,25310,8038
"Before scheduled trip start time",43,25380,25337,8038
"Before scheduled trip start time",43,25344,25301,8038
"Before scheduled trip start time",43,25358,25315,8038
"Before scheduled trip start time",43,25651,25608,8038
"Before scheduled trip start time",43,25511,25468,8038
"Before scheduled trip start time",43,25636,25593,8038
"Before scheduled trip start time",43,25572,25529,8038
"Before scheduled trip start time",43,25307,25264,8038
"Before scheduled trip start time",43,25375,25332,8038
"Before scheduled trip start time",43,25374,25331,8038
"Before scheduled trip start time",43,25598,25555,8038
"Before scheduled trip start time",43,25320,25277,8038
"Before scheduled trip start time",43,25576,25533,8038
"Before scheduled trip start time",43,25351,25308,8038
"Before scheduled trip start time",43,25449,25406,8038
"Before scheduled trip start time",43,25709,25666,8038
"Before scheduled trip start time",43,25397,25354,8038
"Before scheduled trip start time",43,25584,25541,8038
"Before scheduled trip start time",43,25514,25471,8038
"Before scheduled trip start time",43,25377,25334,8038
"Before scheduled trip start time",43,25379,25336,8038
"Before scheduled trip start time",43,25418,25375,8038
"Before scheduled trip start time",43,25522,25479,8038
"Before scheduled trip start time",43,25326,25283,8038
"Before scheduled trip start time",43,25694,25651,8038
"Before scheduled trip start time",43,25461,25418,8038
"Before scheduled trip start time",43,25564,25521,8038
"Before scheduled trip start time",43,25562,25519,8038
"Before scheduled trip start time",43,25295,25252,8038
"Before scheduled trip start time",43,25332,25289,8038
"Before scheduled trip start time",43,25283,25240,8038
"Before scheduled trip start time",43,25509,25466,8038
"Before scheduled trip start time",43,25506,25463,8038
"Before scheduled trip start time",43,25414,25371,8038
"Before scheduled trip start time",43,25454,25411,8038
"Before scheduled trip start time",43,25437,25394,8038
"Before scheduled trip start time",43,25570,25527,8038
"Before scheduled trip start time",43,25491,25448,8038
"Before scheduled trip start time",43,25480,25437,8038
"Before scheduled trip start time",43,25656,25613,8038
"Before scheduled trip start time",43,25378,25335,8038
"Before scheduled trip start time",43,25456,25413,8038
"Before scheduled trip start time",43,25822,25779,8038
"Before scheduled trip start time",43,25368,25325,8038
"Before scheduled trip start time",43,25626,25583,8038
"Before scheduled trip start time",43,25427,25384,8038
"Before scheduled trip start time",43,25549,25506,8038
"Before scheduled trip start time",43,25331,25288,8038
"Before scheduled trip start time",43,25555,25512,8038
"Before scheduled trip start time",43,25507,25464,8038
"Before scheduled trip start time",43,25483,25440,8038
"Before scheduled trip start time",43,25465,25422,8038
"Before scheduled trip start time",43,25373,25330,8038
"Before scheduled trip start time",43,25498,25455,8038
"Before scheduled trip start time",43,25420,25377,8038
"Before scheduled trip start time",43,25285,25242,8038
"Before scheduled trip start time",43,25406,25363,8038
"Before scheduled trip start time",43,25531,25488,8038
"Before scheduled trip start time",43,25539,25496,8038
"Before scheduled trip start time",43,25398,25355,8038
"Before scheduled trip start time",43,25774,25731,8038
"Before scheduled trip start time",43,25419,25376,8038
"Before scheduled trip start time",43,25558,25515,8038
"Before scheduled trip start time",43,25305,25262,8038
"Before scheduled trip start time",43,25302,25259,8038
"Before scheduled trip start time",43,25342,25299,8038
"Before scheduled trip start time",43,25671,25628,8038
"Before scheduled trip start time",43,25470,25427,8038
"Before scheduled trip start time",43,25780,25737,8038
"Before scheduled trip start time",43,25484,25441,8038
"Before scheduled trip start time",43,25384,25341,8038
"Before scheduled trip start time",43,25469,25426,8038
"Before scheduled trip start time",43,25346,25303,8038
"Before scheduled trip start time",43,25385,25342,8038
"Before scheduled trip start time",43,25557,25514,8038
"Before scheduled trip start time",43,25439,25396,8038
"Before scheduled trip start time",43,25319,25276,8038
"Before scheduled trip start time",43,25526,25483,8038
"Before scheduled trip start time",43,25693,25650,8038
"Before scheduled trip start time",43,25742,25699,8038
"Before scheduled trip start time",43,25547,25504,8038
"Before scheduled trip start time",43,25281,25238,8038
"Before scheduled trip start time",43,25280,25237,8038
"Before scheduled trip start time",43,25476,25433,8038
"Before scheduled trip start time",43,25639,25596,8038
"Before scheduled trip start time",43,25544,25501,8038
"Before scheduled trip start time",43,25815,25772,8038
"Before scheduled trip start time",43,25566,25523,8038
"Before scheduled trip start time",43,25392,25349,8038
"Before scheduled trip start time",43,25298,25255,8038
"Before scheduled trip start time",43,25438,25395,8038
"Before scheduled trip start time",43,25453,25410,8038
"Before scheduled trip start time",43,25304,25261,8038
"Before scheduled trip start time",43,25673,25630,8038
"Before scheduled trip start time",43,25687,25644,8038
"Before scheduled trip start time",43,25633,25590,8038
"Before scheduled trip start time",43,25523,25480,8038
"Before scheduled trip start time",43,25337,25294,8038
"Before scheduled trip start time",43,25601,25558,8038
"Before scheduled trip start time",43,25875,25832,8038
"Before scheduled trip start time",43,25508,25465,8038
"Before scheduled trip start time",43,25586,25543,8038
"Before scheduled trip start time",43,25603,25560,8038
"Before scheduled trip start time",43,25291,25248,8038
"Before scheduled trip start time",43,25382,25339,8038
"Before scheduled trip start time",43,25338,25295,8038
"Before scheduled trip start time",43,25372,25329,8038
"Before scheduled trip start time",43,25472,25429,8038
"Before scheduled trip start time",43,25512,25469,8038
"Before scheduled trip start time",43,25559,25516,8038
"Before scheduled trip start time",43,25620,25577,8038
"Before scheduled trip start time",43,25429,25386,8038
"Before scheduled trip start time",43,25485,25442,8038
"Before scheduled trip start time",43,25490,25447,8038
"Before scheduled trip start time",43,25530,25487,8038
"Before scheduled trip start time",43,25407,25364,8038
"Before scheduled trip start time",43,25587,25544,8038
"Before scheduled trip start time",43,25282,25239,8038
"Before scheduled trip start time",43,25592,25549,8038
"Before scheduled trip start time",43,25605,25562,8038
"Before scheduled trip start time",43,25370,25327,8038
"Before scheduled trip start time",43,25515,25472,8038
"Before scheduled trip start time",43,25630,25587,8038
"Before scheduled trip start time",43,25428,25385,8038
"Before scheduled trip start time",43,25459,25416,8038
"Before scheduled trip start time",43,25339,25296,8038
"Before scheduled trip start time",43,25457,25414,8038
"Before scheduled trip start time",43,25882,25839,8038
"Before scheduled trip start time",43,25288,25245,8038
"Before scheduled trip start time",43,25284,25241,8038
"Before scheduled trip start time",43,25525,25482,8038
"Before scheduled trip start time",43,25452,25409,8038
"Before scheduled trip start time",43,25315,25272,8038
"Before scheduled trip start time",43,25365,25322,8038
"Before scheduled trip start time",43,25347,25304,8038
"Before scheduled trip start time",43,25410,25367,8038
"Before scheduled trip start time",43,25541,25498,8038
"Before scheduled trip start time",43,25386,25343,8038
"Before scheduled trip start time",43,25581,25538,8038
"Before scheduled trip start time",43,25460,25417,8038
"Before scheduled trip start time",43,25471,25428,8038
"Before scheduled trip start time",43,25942,25899,8038
"Before scheduled trip start time",43,25615,25572,8038
"Before scheduled trip start time",43,25660,25617,8038
"Before scheduled trip start time",43,25585,25542,8038
"Before scheduled trip start time",43,25606,25563,8038
"Before scheduled trip start time",43,25297,25254,8038
"Before scheduled trip start time",43,25634,25591,8038
"Before scheduled trip start time",43,25367,25324,8038
"Before scheduled trip start time",43,25474,25431,8038
"Before scheduled trip start time",43,25571,25528,8038
"Before scheduled trip start time",43,25450,25407,8038
"Before scheduled trip start time",43,25362,25319,8038
"Before scheduled trip start time",43,25829,25786,8038
"Before scheduled trip start time",43,25608,25565,8038
"Before scheduled trip start time",43,25443,25400,8038
"Before scheduled trip start time",43,25529,25486,8038
"Before scheduled trip start time",43,25389,25346,8038
"Before scheduled trip start time",43,25646,25603,8038
"Before scheduled trip start time",43,25499,25456,8038
"Before scheduled trip start time",43,25309,25266,8038
"Before scheduled trip start time",43,25451,25408,8038
"Before scheduled trip start time",43,25600,25557,8038
"Before scheduled trip start time",43,25463,25420,8038
"Before scheduled trip start time",43,25548,25505,8038
"Before scheduled trip start time",43,25520,25477,8038
"Before scheduled trip start time",43,25521,25478,8038
"Before scheduled trip start time",43,25303,25260,8038
"Before scheduled trip start time",43,25594,25551,8038
"During scheduled trip",43,25354,25311,291
"During scheduled trip",43,25500,25457,291
"During scheduled trip",43,25288,25245,291
"During scheduled trip",43,43,0,291
"During scheduled trip",43,25342,25299,291
"During scheduled trip",43,25689,25646,291
"During scheduled trip",43,25293,25250,291
"During scheduled trip",43,25608,25565,291
"During scheduled trip",43,25469,25426,291
"During scheduled trip",43,25350,25307,291
"During scheduled trip",43,25494,25451,291
"During scheduled trip",43,25330,25287,291
"During scheduled trip",43,25584,25541,291
"During scheduled trip",43,25528,25485,291
"During scheduled trip",43,25391,25348,291
"During scheduled trip",43,25311,25268,291
"During scheduled trip",43,25521,25478,291
"During scheduled trip",43,25496,25453,291
"During scheduled trip",43,25515,25472,291
"During scheduled trip",43,25453,25410,291
"During scheduled trip",43,25512,25469,291
"During scheduled trip",43,25605,25562,291
"During scheduled trip",43,25404,25361,291
"During scheduled trip",43,25566,25523,291
"During scheduled trip",43,25414,25371,291
"During scheduled trip",43,25430,25387,291
"During scheduled trip",43,25560,25517,291
"During scheduled trip",43,25409,25366,291
"During scheduled trip",43,25282,25239,291
"During scheduled trip",43,25503,25460,291
"During scheduled trip",43,25368,25325,291
"During scheduled trip",43,25402,25359,291
"During scheduled trip",43,25449,25406,291
"During scheduled trip",43,25279,25236,291
"During scheduled trip",43,25445,25402,291
"During scheduled trip",43,25506,25463,291
"During scheduled trip",43,25464,25421,291
"During scheduled trip",43,25505,25462,291
"During scheduled trip",43,25470,25427,291
"During scheduled trip",43,25363,25320,291
"During scheduled trip",43,25487,25444,291
"During scheduled trip",43,25692,25649,291
"During scheduled trip",43,25619,25576,291
"During scheduled trip",43,25301,25258,291
"During scheduled trip",43,25459,25416,291
"During scheduled trip",43,25522,25479,291
"During scheduled trip",43,25420,25377,291
"During scheduled trip",43,25467,25424,291
"During scheduled trip",43,25322,25279,291
"During scheduled trip",43,25457,25414,291
"During scheduled trip",43,25448,25405,291
"During scheduled trip",43,25401,25358,291
"During scheduled trip",43,25361,25318,291
"During scheduled trip",43,25296,25253,291
"During scheduled trip",43,25338,25295,291
"During scheduled trip",43,25637,25594,291
"During scheduled trip",43,25654,25611,291
"During scheduled trip",43,25618,25575,291
"During scheduled trip",43,25518,25475,291
"During scheduled trip",43,25479,25436,291
"During scheduled trip",43,25731,25688,291
"During scheduled trip",43,25456,25413,291
"During scheduled trip",43,25488,25445,291
"During scheduled trip",43,25415,25372,291
"During scheduled trip",43,25340,25297,291
"During scheduled trip",43,25481,25438,291
"During scheduled trip",43,25441,25398,291
"During scheduled trip",43,25561,25518,291
"During scheduled trip",43,25519,25476,291
"During scheduled trip",43,25569,25526,291
"During scheduled trip",43,25346,25303,291
"During scheduled trip",43,25325,25282,291
"During scheduled trip",43,25278,25235,291
"During scheduled trip",43,25406,25363,291
"During scheduled trip",43,25612,25569,291
"During scheduled trip",43,25531,25488,291
"During scheduled trip",43,25362,25319,291
"During scheduled trip",43,25620,25577,291
"During scheduled trip",43,25611,25568,291
"During scheduled trip",43,25471,25428,291
"During scheduled trip",43,25629,25586,291
"During scheduled trip",43,25351,25308,291
"During scheduled trip",43,25661,25618,291
"During scheduled trip",43,25509,25466,291
"During scheduled trip",43,25360,25317,291
"During scheduled trip",43,25281,25238,291
"During scheduled trip",43,25510,25467,291
"During scheduled trip",43,25660,25617,291
"During scheduled trip",43,25600,25557,291
"During scheduled trip",43,25356,25313,291
"During scheduled trip",43,25484,25441,291
"During scheduled trip",43,25299,25256,291
"During scheduled trip",43,25400,25357,291
"During scheduled trip",43,25544,25501,291
"During scheduled trip",43,25306,25263,291
"During scheduled trip",43,25387,25344,291
"During scheduled trip",43,25295,25252,291
"During scheduled trip",43,25485,25442,291
"During scheduled trip",43,25539,25496,291
"During scheduled trip",43,25574,25531,291
"During scheduled trip",43,25332,25289,291
"During scheduled trip",43,25567,25524,291
"During scheduled trip",43,25378,25335,291
"During scheduled trip",43,25375,25332,291
"During scheduled trip",43,25327,25284,291
"During scheduled trip",43,25742,25699,291
"During scheduled trip",43,25394,25351,291
"During scheduled trip",43,25495,25452,291
"During scheduled trip",43,25472,25429,291
"During scheduled trip",43,25583,25540,291
"During scheduled trip",43,25435,25392,291
"During scheduled trip",43,25562,25519,291
"During scheduled trip",43,25703,25660,291
"During scheduled trip",43,25381,25338,291
"During scheduled trip",43,25312,25269,291
"During scheduled trip",43,25369,25326,291
"During scheduled trip",43,25408,25365,291
"During scheduled trip",43,25321,25278,291
"During scheduled trip",43,25283,25240,291
"During scheduled trip",43,25590,25547,291
"During scheduled trip",43,25497,25454,291
"During scheduled trip",43,25759,25716,291
"During scheduled trip",43,25603,25560,291
"During scheduled trip",43,25499,25456,291
"During scheduled trip",43,25617,25574,291
"During scheduled trip",43,25507,25464,291
"During scheduled trip",43,25465,25422,291
"During scheduled trip",43,25384,25341,291
"During scheduled trip",43,25286,25243,291
"During scheduled trip",43,25596,25553,291
"During scheduled trip",43,25390,25347,291
"During scheduled trip",43,25304,25261,291
"During scheduled trip",43,25349,25306,291
"During scheduled trip",43,25572,25529,291
"During scheduled trip",43,25527,25484,291
"During scheduled trip",43,25417,25374,291
"During scheduled trip",43,25601,25558,291
"During scheduled trip",43,25392,25349,291
"During scheduled trip",43,25422,25379,291
"During scheduled trip",43,25425,25382,291
"During scheduled trip",43,25520,25477,291
"During scheduled trip",43,25305,25262,291
"During scheduled trip",43,25343,25300,291
"During scheduled trip",43,25423,25380,291
"During scheduled trip",43,25405,25362,291
"During scheduled trip",43,25308,25265,291
"During scheduled trip",43,25642,25599,291
"During scheduled trip",43,25490,25447,291
"During scheduled trip",43,25333,25290,291
"During scheduled trip",43,25681,25638,291
"During scheduled trip",43,25578,25535,291
"During scheduled trip",43,25337,25294,291
"During scheduled trip",43,25395,25352,291
"During scheduled trip",43,25416,25373,291
"During scheduled trip",43,25658,25615,291
"During scheduled trip",43,25591,25548,291
"During scheduled trip",43,25389,25346,291
"During scheduled trip",43,25530,25487,291
"During scheduled trip",43,25300,25257,291
"During scheduled trip",43,25309,25266,291
"During scheduled trip",43,25318,25275,291
"During scheduled trip",43,25315,25272,291
"During scheduled trip",43,25491,25448,291
"During scheduled trip",43,25564,25521,291
"During scheduled trip",43,25382,25339,291
"During scheduled trip",43,25501,25458,291
"During scheduled trip",43,25403,25360,291
"During scheduled trip",43,25657,25614,291
"During scheduled trip",43,25543,25500,291
"During scheduled trip",43,25645,25602,291
"During scheduled trip",43,25348,25305,291
"During scheduled trip",43,25454,25411,291
"During scheduled trip",43,25551,25508,291
"During scheduled trip",43,25433,25390,291
"During scheduled trip",43,25302,25259,291
"During scheduled trip",43,25513,25470,291
"During scheduled trip",43,25366,25323,291
"During scheduled trip",43,25685,25642,291
"During scheduled trip",43,25374,25331,291
"During scheduled trip",43,25672,25629,291
"During scheduled trip",43,25508,25465,291
"During scheduled trip",43,25284,25241,291
"During scheduled trip",43,25622,25579,291
"During scheduled trip",43,25290,25247,291
"During scheduled trip",43,25298,25255,291
"During scheduled trip",43,25357,25314,291
"During scheduled trip",43,25437,25394,291
"During scheduled trip",43,25411,25368,291
"During scheduled trip",43,25418,25375,291
"During scheduled trip",43,25489,25446,291
"During scheduled trip",43,25559,25516,291
"During scheduled trip",43,25396,25353,291
"During scheduled trip",43,25593,25550,291
"During scheduled trip",43,25429,25386,291
"During scheduled trip",43,25577,25534,291
"During scheduled trip",43,25297,25254,291
"During scheduled trip",43,25597,25554,291
"During scheduled trip",43,25504,25461,291
"During scheduled trip",43,25757,25714,291
"During scheduled trip",43,25347,25304,291
"During scheduled trip",43,25630,25587,291
"During scheduled trip",43,25545,25502,291
"During scheduled trip",43,25476,25433,291
"During scheduled trip",43,25634,25591,291
"During scheduled trip",43,25339,25296,291
"During scheduled trip",43,25385,25342,291
"During scheduled trip",43,25671,25628,291
"During scheduled trip",43,25483,25440,291
"During scheduled trip",43,25407,25364,291
"During scheduled trip",43,25334,25291,291
"During scheduled trip",43,25694,25651,291
"During scheduled trip",43,25699,25656,291
"During scheduled trip",43,25460,25417,291
"During scheduled trip",43,25633,25590,291
"During scheduled trip",43,25386,25343,291
"During scheduled trip",43,25477,25434,291
"During scheduled trip",43,25393,25350,291
"During scheduled trip",43,25678,25635,291
"During scheduled trip",43,25372,25329,291
"During scheduled trip",43,25554,25511,291
"During scheduled trip",43,25532,25489,291
"During scheduled trip",43,25547,25504,291
"During scheduled trip",43,25370,25327,291
"During scheduled trip",43,25344,25301,291
"During scheduled trip",43,25502,25459,291
"During scheduled trip",43,25447,25404,291
"During scheduled trip",43,25571,25528,291
"During scheduled trip",43,25359,25316,291
"During scheduled trip",43,25291,25248,291
"During scheduled trip",43,25650,25607,291
"During scheduled trip",43,25294,25251,291
"During scheduled trip",43,25673,25630,291
"During scheduled trip",43,25355,25312,291
"During scheduled trip",43,25412,25369,291
"During scheduled trip",43,25277,25234,291
"During scheduled trip",43,25364,25321,291
"During scheduled trip",43,25540,25497,291
"During scheduled trip",43,25511,25468,291
"During scheduled trip",43,25376,25333,291
"During scheduled trip",43,25319,25276,291
"During scheduled trip",43,25452,25409,291
"During scheduled trip",43,25331,25288,291
"During scheduled trip",43,25602,25559,291
"During scheduled trip",43,25475,25432,291
"During scheduled trip",43,25606,25563,291
"During scheduled trip",43,25556,25513,291
"During scheduled trip",43,25310,25267,291
"During scheduled trip",43,25524,25481,291
"During scheduled trip",43,25604,25561,291
"During scheduled trip",43,25328,25285,291
"During scheduled trip",43,25320,25277,291
"During scheduled trip",43,25517,25474,291
"During scheduled trip",43,25468,25425,291
"During scheduled trip",43,25615,25572,291
"During scheduled trip",43,25345,25302,291
"During scheduled trip",43,25336,25293,291
"During scheduled trip",43,25805,25762,291
"During scheduled trip",43,25523,25480,291
"During scheduled trip",43,25745,25702,291
"During scheduled trip",43,25542,25499,291
"During scheduled trip",43,25352,25309,291
"During scheduled trip",43,25446,25403,291
"During scheduled trip",43,25426,25383,291
"During scheduled trip",43,25579,25536,291
"During scheduled trip",43,25696,25653,291
"During scheduled trip",43,25541,25498,291
"During scheduled trip",43,25323,25280,291
"During scheduled trip",43,25335,25292,291
"During scheduled trip",43,25285,25242,291
"During scheduled trip",43,25486,25443,291
"During scheduled trip",43,25444,25401,291
"During scheduled trip",43,25436,25393,291
"During scheduled trip",43,25443,25400,291
"During scheduled trip",43,25461,25418,291
"During scheduled trip",43,25669,25626,291
"During scheduled trip",43,25666,25623,291
"During scheduled trip",43,25317,25274,291
"During scheduled trip",43,25307,25264,291
"During scheduled trip",43,25388,25345,291
"During scheduled trip",43,25398,25355,291
"During scheduled trip",43,25697,25654,291
"During scheduled trip",43,25598,25555,291
"During scheduled trip",43,25434,25391,291
"During scheduled trip",43,25573,25530,291
"During scheduled trip",43,25316,25273,291
"During scheduled trip",43,25653,25610,291
"During scheduled trip",43,25698,25655,291
"During scheduled trip",43,25373,25330,291
"During scheduled trip",43,25595,25552,291
"During scheduled trip",43,25482,25439,291
"During scheduled trip",43,25371,25328,291
"During scheduled trip",43,25553,25510,291
"During scheduled trip",43,25474,25431,291
"During scheduled trip",43,25588,25545,291
"During scheduled trip",43,25558,25515,291
"During scheduled trip",43,25636,25593,291
"During scheduled trip",43,25410,25367,291
"During scheduled trip",43,25478,25435,291
"During scheduled trip",43,25314,25271,291
"During scheduled trip",43,25555,25512,291
"During scheduled trip",43,25575,25532,291
"During scheduled trip",43,25585,25542,291
"During scheduled trip",43,25638,25595,291
"During scheduled trip",43,25280,25237,291
"During scheduled trip",43,25581,25538,291
"During scheduled trip",43,25516,25473,291
"During scheduled trip",43,25534,25491,291
"During scheduled trip",43,25655,25612,291
"During scheduled trip",43,25609,25566,291
"During scheduled trip",43,25341,25298,291
"During scheduled trip",43,25599,25556,291
"During scheduled trip",43,25537,25494,291
"During scheduled trip",43,25380,25337,291
"During scheduled trip",43,25451,25408,291
"During scheduled trip",43,25538,25495,291
"During scheduled trip",43,25525,25482,291
"During scheduled trip",43,25851,25808,291
"During scheduled trip",43,25546,25503,291
"During scheduled trip",43,25662,25619,291
"During scheduled trip",43,25498,25455,291
"During scheduled trip",43,25621,25578,291
"During scheduled trip",43,25289,25246,291
"During scheduled trip",43,25514,25471,291
"During scheduled trip",43,25582,25539,291
"During scheduled trip",43,25397,25354,291
"During scheduled trip",43,25565,25522,291
"During scheduled trip",43,25473,25430,291
"During scheduled trip",43,25462,25419,291
"During scheduled trip",43,25424,25381,291
"During scheduled trip",43,25557,25514,291
"During scheduled trip",43,25668,25625,291
"During scheduled trip",43,25677,25634,291
"During scheduled trip",43,25641,25598,291
"During scheduled trip",43,25440,25397,291
"During scheduled trip",43,25463,25420,291
"During scheduled trip",43,25365,25322,291
"During scheduled trip",43,25493,25450,291
"During scheduled trip",43,25399,25356,291
"During scheduled trip",43,25480,25437,291
"During scheduled trip",43,25466,25423,291
"During scheduled trip",43,25651,25608,291
"During scheduled trip",43,25635,25592,291
"During scheduled trip",43,25631,25588,291
"During scheduled trip",43,25691,25648,291
"During scheduled trip",43,25656,25613,291
"During scheduled trip",43,25431,25388,291
"During scheduled trip",43,25682,25639,291
"During scheduled trip",43,25549,25506,291
"During scheduled trip",43,25455,25412,291
"During scheduled trip",43,25287,25244,291
"During scheduled trip",43,25548,25505,291
"During scheduled trip",43,25865,25822,291
"During scheduled trip",43,25383,25340,291
"During scheduled trip",43,25358,25315,291
"During scheduled trip",43,25533,25490,291
"During scheduled trip",43,25526,25483,291
"During scheduled trip",43,25379,25336,291
"During scheduled trip",43,25313,25270,291
"During scheduled trip",43,25535,25492,291
"During scheduled trip",43,25607,25564,291
"During scheduled trip",43,25570,25527,291
"During scheduled trip",43,25643,25600,291
"During scheduled trip",43,25438,25395,291
"During scheduled trip",43,25576,25533,291
"During scheduled trip",43,25741,25698,291
"During scheduled trip",43,25432,25389,291
"During scheduled trip",43,25639,25596,291
"During scheduled trip",43,25492,25449,291
"During scheduled trip",43,25439,25396,291
"During scheduled trip",43,25427,25384,291
"During scheduled trip",43,25450,25407,291
"During scheduled trip",43,25610,25567,291
"During scheduled trip",43,25274,25231,291
"During scheduled trip",43,25419,25376,291
"During scheduled trip",43,25292,25249,291
"During scheduled trip",43,25324,25281,291
"During scheduled trip",43,25326,25283,291
"During scheduled trip",43,25303,25260,291
"During scheduled trip",43,25536,25493,291
"During scheduled trip",43,25680,25637,291
"During scheduled trip",43,25625,25582,291
"During scheduled trip",43,25563,25520,291
"During scheduled trip",43,25458,25415,291
"During scheduled trip",43,25377,25334,291
"During scheduled trip",43,25329,25286,291
"During scheduled trip",43,25367,25324,291
"During scheduled trip",43,25644,25601,291
"During scheduled trip",43,25353,25310,291
"During scheduled trip",43,25550,25507,291
"During scheduled trip",43,25421,25378,291
"During scheduled trip",43,25552,25509,291
"During scheduled trip",43,25413,25370,291
"During scheduled trip",43,25442,25399,291
"During scheduled trip",43,25580,25537,291
"During scheduled trip",43,25529,25486,291
"During scheduled trip",43,25428,25385,291
"During scheduled trip",43,25613,25570,291
"Post scheduled trip end time",43,25298,25255,4020.5
"Post scheduled trip end time",43,25450,25407,4020.5
"Post scheduled trip end time",43,25427,25384,4020.5
"Post scheduled trip end time",43,25457,25414,4020.5
"Post scheduled trip end time",43,25394,25351,4020.5
"Post scheduled trip end time",43,25395,25352,4020.5
"Post scheduled trip end time",43,25289,25246,4020.5
"Post scheduled trip end time",43,25655,25612,4020.5
"Post scheduled trip end time",43,25446,25403,4020.5
"Post scheduled trip end time",43,25312,25269,4020.5
"Post scheduled trip end time",43,25672,25629,4020.5
"Post scheduled trip end time",43,25377,25334,4020.5
"Post scheduled trip end time",43,25437,25394,4020.5
"Post scheduled trip end time",43,25462,25419,4020.5
"Post scheduled trip end time",43,25398,25355,4020.5
"Post scheduled trip end time",43,25318,25275,4020.5
"Post scheduled trip end time",43,25488,25445,4020.5
"Post scheduled trip end time",43,25602,25559,4020.5
"Post scheduled trip end time",43,25402,25359,4020.5
"Post scheduled trip end time",43,25390,25347,4020.5
"Post scheduled trip end time",43,25473,25430,4020.5
"Post scheduled trip end time",43,25439,25396,4020.5
"Post scheduled trip end time",43,25441,25398,4020.5
"Post scheduled trip end time",43,25445,25402,4020.5
"Post scheduled trip end time",43,25353,25310,4020.5
"Post scheduled trip end time",43,25389,25346,4020.5
"Post scheduled trip end time",43,25617,25574,4020.5
"Post scheduled trip end time",43,25536,25493,4020.5
"Post scheduled trip end time",43,25365,25322,4020.5
"Post scheduled trip end time",43,25304,25261,4020.5
"Post scheduled trip end time",43,25566,25523,4020.5
"Post scheduled trip end time",43,25557,25514,4020.5
"Post scheduled trip end time",43,25442,25399,4020.5
"Post scheduled trip end time",43,25385,25342,4020.5
"Post scheduled trip end time",43,25314,25271,4020.5
"Post scheduled trip end time",43,25293,25250,4020.5
"Post scheduled trip end time",43,25562,25519,4020.5
"Post scheduled trip end time",43,25301,25258,4020.5
"Post scheduled trip end time",43,25638,25595,4020.5
"Post scheduled trip end time",43,25343,25300,4020.5
"Post scheduled trip end time",43,25321,25278,4020.5
"Post scheduled trip end time",43,25368,25325,4020.5
"Post scheduled trip end time",43,25397,25354,4020.5
"Post scheduled trip end time",43,25456,25413,4020.5
"Post scheduled trip end time",43,25449,25406,4020.5
"Post scheduled trip end time",43,25483,25440,4020.5
"Post scheduled trip end time",43,25595,25552,4020.5
"Post scheduled trip end time",43,25426,25383,4020.5
"Post scheduled trip end time",43,25575,25532,4020.5
"Post scheduled trip end time",43,25285,25242,4020.5
"Post scheduled trip end time",43,25671,25628,4020.5
"Post scheduled trip end time",43,25284,25241,4020.5
"Post scheduled trip end time",43,25431,25388,4020.5
"Post scheduled trip end time",43,25543,25500,4020.5
"Post scheduled trip end time",43,25411,25368,4020.5
"Post scheduled trip end time",43,25375,25332,4020.5
"Post scheduled trip end time",43,25358,25315,4020.5
"Post scheduled trip end time",43,25493,25450,4020.5
"Post scheduled trip end time",43,25345,25302,4020.5
"Post scheduled trip end time",43,25372,25329,4020.5
"Post scheduled trip end time",43,25487,25444,4020.5
"Post scheduled trip end time",43,25363,25320,4020.5
"Post scheduled trip end time",43,25545,25502,4020.5
"Post scheduled trip end time",43,25413,25370,4020.5
"Post scheduled trip end time",43,25549,25506,4020.5
"Post scheduled trip end time",43,25414,25371,4020.5
"Post scheduled trip end time",43,25516,25473,4020.5
"Post scheduled trip end time",43,25362,25319,4020.5
"Post scheduled trip end time",43,25486,25443,4020.5
"Post scheduled trip end time",43,25347,25304,4020.5
"Post scheduled trip end time",43,25401,25358,4020.5
"Post scheduled trip end time",43,25299,25256,4020.5
"Post scheduled trip end time",43,25648,25605,4020.5
"Post scheduled trip end time",43,25361,25318,4020.5
"Post scheduled trip end time",43,25336,25293,4020.5
"Post scheduled trip end time",43,25443,25400,4020.5
"Post scheduled trip end time",43,25444,25401,4020.5
"Post scheduled trip end time",43,25665,25622,4020.5
"Post scheduled trip end time",43,25416,25373,4020.5
"Post scheduled trip end time",43,25578,25535,4020.5
"Post scheduled trip end time",43,25316,25273,4020.5
"Post scheduled trip end time",43,25564,25521,4020.5
"Post scheduled trip end time",43,25418,25375,4020.5
"Post scheduled trip end time",43,25287,25244,4020.5
"Post scheduled trip end time",43,25370,25327,4020.5
"Post scheduled trip end time",43,25478,25435,4020.5
"Post scheduled trip end time",43,25382,25339,4020.5
"Post scheduled trip end time",43,25410,25367,4020.5
"Post scheduled trip end time",43,25925,25882,4020.5
"Post scheduled trip end time",43,25572,25529,4020.5
"Post scheduled trip end time",43,25407,25364,4020.5
"Post scheduled trip end time",43,25429,25386,4020.5
"Post scheduled trip end time",43,25694,25651,4020.5
"Post scheduled trip end time",43,25417,25374,4020.5
"Post scheduled trip end time",43,25436,25393,4020.5
"Post scheduled trip end time",43,25547,25504,4020.5
"Post scheduled trip end time",43,25477,25434,4020.5
"Post scheduled trip end time",43,25435,25392,4020.5
"Post scheduled trip end time",43,25326,25283,4020.5
"Post scheduled trip end time",43,25715,25672,4020.5
"Post scheduled trip end time",43,25374,25331,4020.5
"Post scheduled trip end time",43,25563,25520,4020.5
"Post scheduled trip end time",43,25541,25498,4020.5
"Post scheduled trip end time",43,25349,25306,4020.5
"Post scheduled trip end time",43,25626,25583,4020.5
"Post scheduled trip end time",43,25532,25489,4020.5
"Post scheduled trip end time",43,25466,25423,4020.5
"Post scheduled trip end time",43,25454,25411,4020.5
"Post scheduled trip end time",43,25373,25330,4020.5
"Post scheduled trip end time",43,25546,25503,4020.5
"Post scheduled trip end time",43,25367,25324,4020.5
"Post scheduled trip end time",43,25352,25309,4020.5
"Post scheduled trip end time",43,25697,25654,4020.5
"Post scheduled trip end time",43,25391,25348,4020.5
"Post scheduled trip end time",43,25500,25457,4020.5
"Post scheduled trip end time",43,25364,25321,4020.5
"Post scheduled trip end time",43,25624,25581,4020.5
"Post scheduled trip end time",43,25313,25270,4020.5
"Post scheduled trip end time",43,25422,25379,4020.5
"Post scheduled trip end time",43,25327,25284,4020.5
"Post scheduled trip end time",43,25495,25452,4020.5
"Post scheduled trip end time",43,25480,25437,4020.5
"Post scheduled trip end time",43,25386,25343,4020.5
"Post scheduled trip end time",43,25451,25408,4020.5
"Post scheduled trip end time",43,25405,25362,4020.5
"Post scheduled trip end time",43,25308,25265,4020.5
"Post scheduled trip end time",43,25515,25472,4020.5
"Post scheduled trip end time",43,25669,25626,4020.5
"Post scheduled trip end time",43,25409,25366,4020.5
"Post scheduled trip end time",43,25505,25462,4020.5
"Post scheduled trip end time",43,25294,25251,4020.5
"Post scheduled trip end time",43,25428,25385,4020.5
"Post scheduled trip end time",43,25455,25412,4020.5
"Post scheduled trip end time",43,25419,25376,4020.5
"Post scheduled trip end time",43,25393,25350,4020.5
"Post scheduled trip end time",43,25408,25365,4020.5
"Post scheduled trip end time",43,25303,25260,4020.5
"Post scheduled trip end time",43,25453,25410,4020.5
"Post scheduled trip end time",43,25585,25542,4020.5
"Post scheduled trip end time",43,25341,25298,4020.5
"Post scheduled trip end time",43,25499,25456,4020.5
"Post scheduled trip end time",43,25518,25475,4020.5
"Post scheduled trip end time",43,25529,25486,4020.5
"Post scheduled trip end time",43,25555,25512,4020.5
"Post scheduled trip end time",43,25634,25591,4020.5
"Post scheduled trip end time",43,25434,25391,4020.5
"Post scheduled trip end time",43,25320,25277,4020.5
"Post scheduled trip end time",43,25731,25688,4020.5
"Post scheduled trip end time",43,25452,25409,4020.5
"Post scheduled trip end time",43,25464,25421,4020.5
"Post scheduled trip end time",43,25388,25345,4020.5
"Post scheduled trip end time",43,25412,25369,4020.5
"Post scheduled trip end time",43,25406,25363,4020.5
"Post scheduled trip end time",43,25351,25308,4020.5
"Post scheduled trip end time",43,25507,25464,4020.5
"Post scheduled trip end time",43,25309,25266,4020.5
"Post scheduled trip end time",43,25588,25545,4020.5
"Post scheduled trip end time",43,25461,25418,4020.5
"Post scheduled trip end time",43,25396,25353,4020.5
"Post scheduled trip end time",43,25323,25280,4020.5
"Post scheduled trip end time",43,25384,25341,4020.5
"Post scheduled trip end time",43,25684,25641,4020.5
"Post scheduled trip end time",43,25537,25494,4020.5
"Post scheduled trip end time",43,25497,25454,4020.5
"Post scheduled trip end time",43,25340,25297,4020.5
"Post scheduled trip end time",43,25356,25313,4020.5
"Post scheduled trip end time",43,25276,25233,4020.5
"Post scheduled trip end time",43,25653,25610,4020.5
"Post scheduled trip end time",43,25472,25429,4020.5
"Post scheduled trip end time",43,25509,25466,4020.5
"Post scheduled trip end time",43,25514,25471,4020.5
"Post scheduled trip end time",43,25380,25337,4020.5
"Post scheduled trip end time",43,25319,25276,4020.5
"Post scheduled trip end time",43,25277,25234,4020.5
"Post scheduled trip end time",43,25469,25426,4020.5
"Post scheduled trip end time",43,25504,25461,4020.5
"Post scheduled trip end time",43,25580,25537,4020.5
"Post scheduled trip end time",43,25582,25539,4020.5
"Post scheduled trip end time",43,25420,25377,4020.5
"Post scheduled trip end time",43,25296,25253,4020.5
"Post scheduled trip end time",43,25476,25433,4020.5
"Post scheduled trip end time",43,25550,25507,4020.5
"Post scheduled trip end time",43,25494,25451,4020.5
"Post scheduled trip end time",43,25489,25446,4020.5
"Post scheduled trip end time",43,25458,25415,4020.5
"Post scheduled trip end time",43,25528,25485,4020.5
"Post scheduled trip end time",43,25310,25267,4020.5
"Post scheduled trip end time",43,25574,25531,4020.5
"Post scheduled trip end time",43,25433,25390,4020.5
"Post scheduled trip end time",43,25506,25463,4020.5
"Post scheduled trip end time",43,25632,25589,4020.5
"Post scheduled trip end time",43,25481,25438,4020.5
"Post scheduled trip end time",43,25438,25395,4020.5
"Post scheduled trip end time",43,25307,25264,4020.5
"Post scheduled trip end time",43,25399,25356,4020.5
"Post scheduled trip end time",43,25379,25336,4020.5
"Post scheduled trip end time",43,25503,25460,4020.5
"Post scheduled trip end time",43,25350,25307,4020.5
"Post scheduled trip end time",43,25522,25479,4020.5
"Post scheduled trip end time",43,25615,25572,4020.5
"Post scheduled trip end time",43,25369,25326,4020.5
"Post scheduled trip end time",43,25357,25314,4020.5
"Post scheduled trip end time",43,25460,25417,4020.5
"Post scheduled trip end time",43,25430,25387,4020.5
"Post scheduled trip end time",43,25482,25439,4020.5
"Post scheduled trip end time",43,25311,25268,4020.5
"Post scheduled trip end time",43,25485,25442,4020.5
"Post scheduled trip end time",43,25387,25344,4020.5
"Post scheduled trip end time",43,25635,25592,4020.5
"Post scheduled trip end time",43,25354,25311,4020.5
"Post scheduled trip end time",43,25322,25279,4020.5
"Post scheduled trip end time",43,25381,25338,4020.5
"Post scheduled trip end time",43,25496,25453,4020.5
"Post scheduled trip end time",43,25484,25441,4020.5
"Post scheduled trip end time",43,25448,25405,4020.5
"Post scheduled trip end time",43,25596,25553,4020.5
"Post scheduled trip end time",43,25400,25357,4020.5
"Post scheduled trip end time",43,25421,25378,4020.5
"Post scheduled trip end time",43,25512,25469,4020.5
"Post scheduled trip end time",43,25337,25294,4020.5
"Post scheduled trip end time",43,25519,25476,4020.5
"Post scheduled trip end time",43,25479,25436,4020.5
"Post scheduled trip end time",43,25637,25594,4020.5
"Post scheduled trip end time",43,25344,25301,4020.5
"Post scheduled trip end time",43,25544,25501,4020.5
"Post scheduled trip end time",43,25656,25613,4020.5
"Post scheduled trip end time",43,25315,25272,4020.5
"Post scheduled trip end time",43,25404,25361,4020.5
"Post scheduled trip end time",43,25517,25474,4020.5
"Post scheduled trip end time",43,25589,25546,4020.5
"Post scheduled trip end time",43,25474,25431,4020.5
"Post scheduled trip end time",43,25300,25257,4020.5
"Post scheduled trip end time",43,25468,25425,4020.5
"Post scheduled trip end time",43,25744,25701,4020.5
"Post scheduled trip end time",43,25526,25483,4020.5
"Post scheduled trip end time",43,25346,25303,4020.5
"Post scheduled trip end time",43,25539,25496,4020.5
"Post scheduled trip end time",43,25330,25287,4020.5
"Post scheduled trip end time",43,25513,25470,4020.5
"Post scheduled trip end time",43,25440,25397,4020.5
"Post scheduled trip end time",43,25603,25560,4020.5
"Post scheduled trip end time",43,25339,25296,4020.5
"Post scheduled trip end time",43,25423,25380,4020.5
"Post scheduled trip end time",43,25465,25422,4020.5
"Post scheduled trip end time",43,25791,25748,4020.5
"Post scheduled trip end time",43,25559,25516,4020.5
"Post scheduled trip end time",43,25623,25580,4020.5
"Post scheduled trip end time",43,25535,25492,4020.5
"Post scheduled trip end time",43,25605,25562,4020.5
"Post scheduled trip end time",43,25525,25482,4020.5
"Post scheduled trip end time",43,25383,25340,4020.5
"Post scheduled trip end time",43,25302,25259,4020.5
"Post scheduled trip end time",43,25432,25389,4020.5
"Post scheduled trip end time",43,25584,25541,4020.5
"Post scheduled trip end time",43,25553,25510,4020.5
"Post scheduled trip end time",43,25424,25381,4020.5
"Post scheduled trip end time",43,25360,25317,4020.5
"Post scheduled trip end time",43,25725,25682,4020.5
"Post scheduled trip end time",43,25366,25323,4020.5
"Post scheduled trip end time",43,25470,25427,4020.5
"Post scheduled trip end time",43,25640,25597,4020.5
"Post scheduled trip end time",43,25371,25328,4020.5
"Post scheduled trip end time",43,25611,25568,4020.5
"Post scheduled trip end time",43,25491,25448,4020.5
"Post scheduled trip end time",43,25338,25295,4020.5
"Post scheduled trip end time",43,25608,25565,4020.5
"Post scheduled trip end time",43,25425,25382,4020.5
"Post scheduled trip end time",43,25683,25640,4020.5
"Post scheduled trip end time",43,25376,25333,4020.5
"Post scheduled trip end time",43,25533,25490,4020.5
"Post scheduled trip end time",43,25551,25508,4020.5
"Post scheduled trip end time",43,25447,25404,4020.5
"Post scheduled trip end time",43,25317,25274,4020.5
"Post scheduled trip end time",43,25609,25566,4020.5
"Post scheduled trip end time",43,25593,25550,4020.5
"Post scheduled trip end time",43,25613,25570,4020.5
"Post scheduled trip end time",43,25459,25416,4020.5
"Post scheduled trip end time",43,25597,25554,4020.5
"Post scheduled trip end time",43,25542,25499,4020.5
"Post scheduled trip end time",43,25673,25630,4020.5
"Post scheduled trip end time",43,25520,25477,4020.5
"Post scheduled trip end time",43,25692,25649,4020.5
"Post scheduled trip end time",43,25577,25534,4020.5
"Post scheduled trip end time",43,25490,25447,4020.5
"Post scheduled trip end time",43,43,0,4020.5
"Post scheduled trip end time",43,25403,25360,4020.5
"Post scheduled trip end time",43,25378,25335,4020.5
"Before scheduled trip start time",-12,4935,4947,8038
"Before scheduled trip start time",-12,746,758,8038
"Before scheduled trip start time",-12,14,26,8038
"Before scheduled trip start time",-12,69759,69771,8038
"Before scheduled trip start time",-12,99,111,8038
"Before scheduled trip start time",-12,13,25,8038
"Before scheduled trip start time",-12,975,987,8038
"Before scheduled trip start time",-12,20,32,8038
"Before scheduled trip start time",-12,49,61,8038
"Before scheduled trip start time",-12,18,30,8038
"Before scheduled trip start time",-12,2815,2827,8038
"Before scheduled trip start time",-12,76279,76291,8038
"Before scheduled trip start time",-12,493188,493200,8038
"Before scheduled trip start time",-12,1546,1558,8038
"Before scheduled trip start time",-12,70839,70851,8038
"Before scheduled trip start time",-12,-9,3,8038
"Before scheduled trip start time",-12,26,38,8038
"Before scheduled trip start time",-12,9452,9464,8038
"Before scheduled trip start time",-12,67959,67971,8038
"Before scheduled trip start time",-12,60,72,8038
"Before scheduled trip start time",-12,326,338,8038
"Before scheduled trip start time",-12,78079,78091,8038
"Before scheduled trip start time",-12,-10,2,8038
"Before scheduled trip start time",-12,2,14,8038
"Before scheduled trip start time",-12,29258,29270,8038
"Before scheduled trip start time",-12,6352,6364,8038
"Before scheduled trip start time",-12,38,50,8038
"Before scheduled trip start time",-12,8777,8789,8038
"Before scheduled trip start time",-12,66,78,8038
"Before scheduled trip start time",-12,-7,5,8038
"Before scheduled trip start time",-12,4272,4284,8038
"Before scheduled trip start time",-12,824,836,8038
"Before scheduled trip start time",-12,-3,9,8038
"Before scheduled trip start time",-12,236,248,8038
"Before scheduled trip start time",-12,2028,2040,8038
"Before scheduled trip start time",-12,4,16,8038
"Before scheduled trip start time",-12,66019,66031,8038
"Before scheduled trip start time",-12,488,500,8038
"Before scheduled trip start time",-12,1349,1361,8038
"Before scheduled trip start time",-12,23974,23986,8038
"Before scheduled trip start time",-12,62,74,8038
"Before scheduled trip start time",-12,169,181,8038
"Before scheduled trip start time",-12,920,932,8038
"Before scheduled trip start time",-12,7637,7649,8038
"Before scheduled trip start time",-12,71507,71519,8038
"Before scheduled trip start time",-12,42479,42491,8038
"Before scheduled trip start time",-12,23,35,8038
"Before scheduled trip start time",-12,30,42,8038
"Before scheduled trip start time",-12,17,29,8038
"Before scheduled trip start time",-12,1,13,8038
"Before scheduled trip start time",-12,15483,15495,8038
"Before scheduled trip start time",-12,8092,8104,8038
"Before scheduled trip start time",-12,529,541,8038
"Before scheduled trip start time",-12,59,71,8038
"Before scheduled trip start time",-12,6134,6146,8038
"Before scheduled trip start time",-12,15,27,8038
"Before scheduled trip start time",-12,899,911,8038
"Before scheduled trip start time",-12,31403,31415,8038
"Before scheduled trip start time",-12,1484,1496,8038
"Before scheduled trip start time",-12,32194,32206,8038
"Before scheduled trip start time",-12,6714,6726,8038
"Before scheduled trip start time",-12,3614,3626,8038
"Before scheduled trip start time",-12,217,229,8038
"Before scheduled trip start time",-12,9286,9298,8038
"Before scheduled trip start time",-12,335,347,8038
"Before scheduled trip start time",-12,70947,70959,8038
"Before scheduled trip start time",-12,9955,9967,8038
"Before scheduled trip start time",-12,6472,6484,8038
"Before scheduled trip start time",-12,41,53,8038
"Before scheduled trip start time",-12,3129,3141,8038
"Before scheduled trip start time",-12,-8,4,8038
"Before scheduled trip start time",-12,5937,5949,8038
"Before scheduled trip start time",-12,14032,14044,8038
"Before scheduled trip start time",-12,6,18,8038
"Before scheduled trip start time",-12,579,591,8038
"Before scheduled trip start time",-12,1452,1464,8038
"Before scheduled trip start time",-12,2032,2044,8038
"Before scheduled trip start time",-12,12035,12047,8038
"Before scheduled trip start time",-12,50,62,8038
"Before scheduled trip start time",-12,8,20,8038
"Before scheduled trip start time",-12,28,40,8038
"Before scheduled trip start time",-12,5,17,8038
"Before scheduled trip start time",-12,4537,4549,8038
"Before scheduled trip start time",-12,51219,51231,8038
"Before scheduled trip start time",-12,504708,504720,8038
"Before scheduled trip start time",-12,6657,6669,8038
"Before scheduled trip start time",-12,332,344,8038
"Before scheduled trip start time",-12,12155,12167,8038
"Before scheduled trip start time",-12,130,142,8038
"Before scheduled trip start time",-12,887,899,8038
"Before scheduled trip start time",-12,509108,509120,8038
"Before scheduled trip start time",-12,53999,54011,8038
"Before scheduled trip start time",-12,67439,67451,8038
"Before scheduled trip start time",-12,24223,24235,8038
"Before scheduled trip start time",-12,6379,6391,8038
"Before scheduled trip start time",-12,33,45,8038
"Before scheduled trip start time",-12,470,482,8038
"Before scheduled trip start time",-12,6015,6027,8038
"Before scheduled trip start time",-12,67519,67531,8038
"Before scheduled trip start time",-12,11,23,8038
"Before scheduled trip start time",-12,11034,11046,8038
"Before scheduled trip start time",-12,356,368,8038
"Before scheduled trip start time",-12,3034,3046,8038
"Before scheduled trip start time",-12,501928,501940,8038
"Before scheduled trip start time",-12,27003,27015,8038
"Before scheduled trip start time",-12,71659,71671,8038
"Before scheduled trip start time",-12,6277,6289,8038
"Before scheduled trip start time",-12,992,1004,8038
"Before scheduled trip start time",-12,10017,10029,8038
"Before scheduled trip start time",-12,103,115,8038
"Before scheduled trip start time",-12,14158,14170,8038
"Before scheduled trip start time",-12,537,549,8038
"Before scheduled trip start time",-12,4657,4669,8038
"Before scheduled trip start time",-12,494888,494900,8038
"Before scheduled trip start time",-12,11154,11166,8038
"Before scheduled trip start time",-12,11872,11884,8038
"Before scheduled trip start time",-12,0,12,8038
"Before scheduled trip start time",-12,539,551,8038
"Before scheduled trip start time",-12,-2,10,8038
"Before scheduled trip start time",-12,54,66,8038
"Before scheduled trip start time",-12,-4,8,8038
"Before scheduled trip start time",-12,12152,12164,8038
"Before scheduled trip start time",-12,3679,3691,8038
"Before scheduled trip start time",-12,245,257,8038
"Before scheduled trip start time",-12,16,28,8038
"Before scheduled trip start time",-12,7,19,8038
"Before scheduled trip start time",-12,55,67,8038
"Before scheduled trip start time",-12,2737,2749,8038
"Before scheduled trip start time",-12,8472,8484,8038
"Before scheduled trip start time",-12,153,165,8038
"Before scheduled trip start time",-12,1979,1991,8038
"Before scheduled trip start time",-12,22,34,8038
"Before scheduled trip start time",-12,-11,1,8038
"Before scheduled trip start time",-12,5014,5026,8038
"Before scheduled trip start time",-12,81179,81191,8038
"Before scheduled trip start time",-12,58,70,8038
"Before scheduled trip start time",-12,285,297,8038
"Before scheduled trip start time",-12,19,31,8038
"Before scheduled trip start time",-12,524,536,8038
"Before scheduled trip start time",-12,5557,5569,8038
"Before scheduled trip start time",-12,79,91,8038
"Before scheduled trip start time",-12,12072,12084,8038
"Before scheduled trip start time",-12,408,420,8038
"Before scheduled trip start time",-12,227,239,8038
"Before scheduled trip start time",-12,11832,11844,8038
"Before scheduled trip start time",-12,27,39,8038
"Before scheduled trip start time",-12,83,95,8038
"Before scheduled trip start time",-12,-6,6,8038
"Before scheduled trip start time",-12,39,51,8038
"Before scheduled trip start time",-12,10592,10604,8038
"Before scheduled trip start time",-12,7715,7727,8038
"Before scheduled trip start time",-12,21038,21050,8038
"Before scheduled trip start time",-12,-1,11,8038
"Before scheduled trip start time",-12,24,36,8038
"Before scheduled trip start time",-12,7279,7291,8038
"Before scheduled trip start time",-12,3317,3329,8038
"Before scheduled trip start time",-12,80599,80611,8038
"Before scheduled trip start time",-12,52,64,8038
"Before scheduled trip start time",-12,583,595,8038
"Before scheduled trip start time",-12,61536,61548,8038
"Before scheduled trip start time",-12,203,215,8038
"Before scheduled trip start time",-12,21,33,8038
"Before scheduled trip start time",-12,NA,NA,8038
"Before scheduled trip start time",-12,3289,3301,8038
"Before scheduled trip start time",-12,173,185,8038
"Before scheduled trip start time",-12,1814,1826,8038
"Before scheduled trip start time",-12,8954,8966,8038
"Before scheduled trip start time",-12,614,626,8038
"Before scheduled trip start time",-12,1949,1961,8038
"Before scheduled trip start time",-12,7752,7764,8038
"Before scheduled trip start time",-12,12,24,8038
"Before scheduled trip start time",-12,44179,44191,8038
"Before scheduled trip start time",-12,433,445,8038
"Before scheduled trip start time",-12,4035,4047,8038
"Before scheduled trip start time",-12,9,21,8038
"Before scheduled trip start time",-12,-5,7,8038
"Before scheduled trip start time",-12,17094,17106,8038
"Before scheduled trip start time",-12,767,779,8038
"Before scheduled trip start time",-12,7135,7147,8038
"Before scheduled trip start time",-12,1505,1517,8038
"Before scheduled trip start time",-12,352,364,8038
"Before scheduled trip start time",-12,1708,1720,8038
"Before scheduled trip start time",-12,1617,1629,8038
"Before scheduled trip start time",-12,10057,10069,8038
"Before scheduled trip start time",-12,850,862,8038
"Before scheduled trip start time",-12,330,342,8038
"Before scheduled trip start time",-12,6959,6971,8038
"Before scheduled trip start time",-12,3934,3946,8038
"Before scheduled trip start time",-12,36,48,8038
"Before scheduled trip start time",-12,968,980,8038
"Before scheduled trip start time",-12,5159,5171,8038
"Before scheduled trip start time",-12,4615,4627,8038
"Before scheduled trip start time",-12,234,246,8038
"Before scheduled trip start time",-12,70459,70471,8038
"Before scheduled trip start time",-12,3099,3111,8038
"Before scheduled trip start time",-12,58399,58411,8038
"Before scheduled trip start time",-12,3,15,8038
"Before scheduled trip start time",-12,655,667,8038
"Before scheduled trip start time",-12,615,627,8038
"Before scheduled trip start time",-12,25,37,8038
"Before scheduled trip start time",-12,10,22,8038
"Before scheduled trip start time",-12,2457,2469,8038
"During scheduled trip",-12,778,790,291
"During scheduled trip",-12,39,51,291
"During scheduled trip",-12,489,501,291
"During scheduled trip",-12,11,23,291
"During scheduled trip",-12,49,61,291
"During scheduled trip",-12,998,1010,291
"During scheduled trip",-12,134,146,291
"During scheduled trip",-12,141,153,291
"During scheduled trip",-12,2840,2852,291
"During scheduled trip",-12,35,47,291
"During scheduled trip",-12,521,533,291
"During scheduled trip",-12,76,88,291
"During scheduled trip",-12,868,880,291
"During scheduled trip",-12,-8,4,291
"During scheduled trip",-12,64,76,291
"During scheduled trip",-12,94,106,291
"During scheduled trip",-12,75,87,291
"During scheduled trip",-12,24,36,291
"During scheduled trip",-12,-1,11,291
"During scheduled trip",-12,-5,7,291
"During scheduled trip",-12,43,55,291
"During scheduled trip",-12,67,79,291
"During scheduled trip",-12,NA,NA,291
"During scheduled trip",-12,213,225,291
"During scheduled trip",-12,-7,5,291
"During scheduled trip",-12,851,863,291
"During scheduled trip",-12,516728,516740,291
"During scheduled trip",-12,16,28,291
"During scheduled trip",-12,1,13,291
"During scheduled trip",-12,33,45,291
"During scheduled trip",-12,71,83,291
"During scheduled trip",-12,752,764,291
"During scheduled trip",-12,122,134,291
"During scheduled trip",-12,91,103,291
"During scheduled trip",-12,671,683,291
"During scheduled trip",-12,61,73,291
"During scheduled trip",-12,30,42,291
"During scheduled trip",-12,73,85,291
"During scheduled trip",-12,42,54,291
"During scheduled trip",-12,20,32,291
"During scheduled trip",-12,338,350,291
"During scheduled trip",-12,146,158,291
"During scheduled trip",-12,127,139,291
"During scheduled trip",-12,99,111,291
"During scheduled trip",-12,60,72,291
"During scheduled trip",-12,-10,2,291
"During scheduled trip",-12,2,14,291
"During scheduled trip",-12,187,199,291
"During scheduled trip",-12,518148,518160,291
"During scheduled trip",-12,1465,1477,291
"During scheduled trip",-12,117,129,291
"During scheduled trip",-12,119,131,291
"During scheduled trip",-12,63,75,291
"During scheduled trip",-12,27,39,291
"During scheduled trip",-12,52,64,291
"During scheduled trip",-12,518668,518680,291
"During scheduled trip",-12,46,58,291
"During scheduled trip",-12,434,446,291
"During scheduled trip",-12,51,63,291
"During scheduled trip",-12,70,82,291
"During scheduled trip",-12,583,595,291
"During scheduled trip",-12,47,59,291
"During scheduled trip",-12,12,24,291
"During scheduled trip",-12,241,253,291
"During scheduled trip",-12,34,46,291
"During scheduled trip",-12,153,165,291
"During scheduled trip",-12,32,44,291
"During scheduled trip",-12,56,68,291
"During scheduled trip",-12,80,92,291
"During scheduled trip",-12,721,733,291
"During scheduled trip",-12,29,41,291
"During scheduled trip",-12,3,15,291
"During scheduled trip",-12,483,495,291
"During scheduled trip",-12,22,34,291
"During scheduled trip",-12,72,84,291
"During scheduled trip",-12,78,90,291
"During scheduled trip",-12,21,33,291
"During scheduled trip",-12,518228,518240,291
"During scheduled trip",-12,991,1003,291
"During scheduled trip",-12,62,74,291
"During scheduled trip",-12,237,249,291
"During scheduled trip",-12,188,200,291
"During scheduled trip",-12,109,121,291
"During scheduled trip",-12,520,532,291
"During scheduled trip",-12,452,464,291
"During scheduled trip",-12,7,19,291
"During scheduled trip",-12,322,334,291
"During scheduled trip",-12,205,217,291
"During scheduled trip",-12,26,38,291
"During scheduled trip",-12,257,269,291
"During scheduled trip",-12,193,205,291
"During scheduled trip",-12,1180,1192,291
"During scheduled trip",-12,25,37,291
"During scheduled trip",-12,65,77,291
"During scheduled trip",-12,50,62,291
"During scheduled trip",-12,293,305,291
"During scheduled trip",-12,36,48,291
"During scheduled trip",-12,14,26,291
"During scheduled trip",-12,81,93,291
"During scheduled trip",-12,18,30,291
"During scheduled trip",-12,79,91,291
"During scheduled trip",-12,14632,14644,291
"During scheduled trip",-12,58,70,291
"During scheduled trip",-12,-2,10,291
"During scheduled trip",-12,101,113,291
"During scheduled trip",-12,13,25,291
"During scheduled trip",-12,1941,1953,291
"During scheduled trip",-12,31,43,291
"During scheduled trip",-12,45,57,291
"During scheduled trip",-12,10,22,291
"During scheduled trip",-12,373,385,291
"During scheduled trip",-12,-3,9,291
"During scheduled trip",-12,4,16,291
"During scheduled trip",-12,84,96,291
"During scheduled trip",-12,77,89,291
"During scheduled trip",-12,41,53,291
"During scheduled trip",-12,6,18,291
"During scheduled trip",-12,2071,2083,291
"During scheduled trip",-12,44,56,291
"During scheduled trip",-12,88,100,291
"During scheduled trip",-12,184,196,291
"During scheduled trip",-12,129,141,291
"During scheduled trip",-12,102,114,291
"During scheduled trip",-12,151,163,291
"During scheduled trip",-12,3191,3203,291
"During scheduled trip",-12,37,49,291
"During scheduled trip",-12,40,52,291
"During scheduled trip",-12,116,128,291
"During scheduled trip",-12,19,31,291
"During scheduled trip",-12,53,65,291
"During scheduled trip",-12,100,112,291
"During scheduled trip",-12,174,186,291
"During scheduled trip",-12,9,21,291
"During scheduled trip",-12,23,35,291
"During scheduled trip",-12,3771,3783,291
"During scheduled trip",-12,-4,8,291
"During scheduled trip",-12,8,20,291
"During scheduled trip",-12,59,71,291
"During scheduled trip",-12,38,50,291
"During scheduled trip",-12,499,511,291
"During scheduled trip",-12,68,80,291
"During scheduled trip",-12,186,198,291
"During scheduled trip",-12,-6,6,291
"During scheduled trip",-12,854,866,291
"During scheduled trip",-12,54,66,291
"During scheduled trip",-12,113,125,291
"During scheduled trip",-12,15,27,291
"During scheduled trip",-12,55,67,291
"During scheduled trip",-12,82,94,291
"During scheduled trip",-12,74,86,291
"During scheduled trip",-12,69,81,291
"During scheduled trip",-12,0,12,291
"During scheduled trip",-12,5,17,291
"During scheduled trip",-12,828,840,291
"During scheduled trip",-12,192,204,291
"During scheduled trip",-12,-9,3,291
"During scheduled trip",-12,-11,1,291
"During scheduled trip",-12,1340,1352,291
"During scheduled trip",-12,48,60,291
"During scheduled trip",-12,523,535,291
"During scheduled trip",-12,17,29,291
"During scheduled trip",-12,28,40,291
"During scheduled trip",-12,66,78,291
"Post scheduled trip end time",-12,-1,11,4020.5
"Post scheduled trip end time",-12,3388,3400,4020.5
"Post scheduled trip end time",-12,10912,10924,4020.5
"Post scheduled trip end time",-12,7,19,4020.5
"Post scheduled trip end time",-12,6646,6658,4020.5
"Post scheduled trip end time",-12,10012,10024,4020.5
"Post scheduled trip end time",-12,152,164,4020.5
"Post scheduled trip end time",-12,18,30,4020.5
"Post scheduled trip end time",-12,3172,3184,4020.5
"Post scheduled trip end time",-12,8211,8223,4020.5
"Post scheduled trip end time",-12,31,43,4020.5
"Post scheduled trip end time",-12,46,58,4020.5
"Post scheduled trip end time",-12,8561,8573,4020.5
"Post scheduled trip end time",-12,914,926,4020.5
"Post scheduled trip end time",-12,540548,540560,4020.5
"Post scheduled trip end time",-12,4668,4680,4020.5
"Post scheduled trip end time",-12,4585,4597,4020.5
"Post scheduled trip end time",-12,541728,541740,4020.5
"Post scheduled trip end time",-12,60,72,4020.5
"Post scheduled trip end time",-12,14866,14878,4020.5
"Post scheduled trip end time",-12,930,942,4020.5
"Post scheduled trip end time",-12,66,78,4020.5
"Post scheduled trip end time",-12,5041,5053,4020.5
"Post scheduled trip end time",-12,2,14,4020.5
"Post scheduled trip end time",-12,17711,17723,4020.5
"Post scheduled trip end time",-12,9941,9953,4020.5
"Post scheduled trip end time",-12,10211,10223,4020.5
"Post scheduled trip end time",-12,10688,10700,4020.5
"Post scheduled trip end time",-12,-10,2,4020.5
"Post scheduled trip end time",-12,3588,3600,4020.5
"Post scheduled trip end time",-12,529108,529120,4020.5
"Post scheduled trip end time",-12,298,310,4020.5
"Post scheduled trip end time",-12,13526,13538,4020.5
"Post scheduled trip end time",-12,520468,520480,4020.5
"Post scheduled trip end time",-12,9831,9843,4020.5
"Post scheduled trip end time",-12,11760,11772,4020.5
"Post scheduled trip end time",-12,6745,6757,4020.5
"Post scheduled trip end time",-12,17,29,4020.5
"Post scheduled trip end time",-12,6448,6460,4020.5
"Post scheduled trip end time",-12,808,820,4020.5
"Post scheduled trip end time",-12,16,28,4020.5
"Post scheduled trip end time",-12,-7,5,4020.5
"Post scheduled trip end time",-12,7938,7950,4020.5
"Post scheduled trip end time",-12,10061,10073,4020.5
"Post scheduled trip end time",-12,5621,5633,4020.5
"Post scheduled trip end time",-12,4605,4617,4020.5
"Post scheduled trip end time",-12,1260,1272,4020.5
"Post scheduled trip end time",-12,33,45,4020.5
"Post scheduled trip end time",-12,926,938,4020.5
"Post scheduled trip end time",-12,528788,528800,4020.5
"Post scheduled trip end time",-12,3,15,4020.5
"Post scheduled trip end time",-12,1912,1924,4020.5
"Post scheduled trip end time",-12,3559,3571,4020.5
"Post scheduled trip end time",-12,537948,537960,4020.5
"Post scheduled trip end time",-12,287,299,4020.5
"Post scheduled trip end time",-12,5852,5864,4020.5
"Post scheduled trip end time",-12,5697,5709,4020.5
"Post scheduled trip end time",-12,41,53,4020.5
"Post scheduled trip end time",-12,29,41,4020.5
"Post scheduled trip end time",-12,7777,7789,4020.5
"Post scheduled trip end time",-12,172,184,4020.5
"Post scheduled trip end time",-12,94,106,4020.5
"Post scheduled trip end time",-12,13571,13583,4020.5
"Post scheduled trip end time",-12,12,24,4020.5
"Post scheduled trip end time",-12,9897,9909,4020.5
"Post scheduled trip end time",-12,536208,536220,4020.5
"Post scheduled trip end time",-12,-9,3,4020.5
"Post scheduled trip end time",-12,542008,542020,4020.5
"Post scheduled trip end time",-12,0,12,4020.5
"Post scheduled trip end time",-12,521548,521560,4020.5
"Post scheduled trip end time",-12,12331,12343,4020.5
"Post scheduled trip end time",-12,40,52,4020.5
"Post scheduled trip end time",-12,37,49,4020.5
"Post scheduled trip end time",-12,193,205,4020.5
"Post scheduled trip end time",-12,15,27,4020.5
"Post scheduled trip end time",-12,12926,12938,4020.5
"Post scheduled trip end time",-12,2740,2752,4020.5
"Post scheduled trip end time",-12,5,17,4020.5
"Post scheduled trip end time",-12,-8,4,4020.5
"Post scheduled trip end time",-12,522368,522380,4020.5
"Post scheduled trip end time",-12,494,506,4020.5
"Post scheduled trip end time",-12,220,232,4020.5
"Post scheduled trip end time",-12,346,358,4020.5
"Post scheduled trip end time",-12,5755,5767,4020.5
"Post scheduled trip end time",-12,14352,14364,4020.5
"Post scheduled trip end time",-12,-3,9,4020.5
"Post scheduled trip end time",-12,5246,5258,4020.5
"Post scheduled trip end time",-12,4137,4149,4020.5
"Post scheduled trip end time",-12,2841,2853,4020.5
"Post scheduled trip end time",-12,13811,13823,4020.5
"Post scheduled trip end time",-12,528208,528220,4020.5
"Post scheduled trip end time",-12,10766,10778,4020.5
"Post scheduled trip end time",-12,54,66,4020.5
"Post scheduled trip end time",-12,5366,5378,4020.5
"Post scheduled trip end time",-12,12808,12820,4020.5
"Post scheduled trip end time",-12,9517,9529,4020.5
"Post scheduled trip end time",-12,18148,18160,4020.5
"Post scheduled trip end time",-12,8346,8358,4020.5
"Post scheduled trip end time",-12,6,18,4020.5
"Post scheduled trip end time",-12,1975,1987,4020.5
"Post scheduled trip end time",-12,17551,17563,4020.5
"Post scheduled trip end time",-12,2877,2889,4020.5
"Post scheduled trip end time",-12,21,33,4020.5
"Post scheduled trip end time",-12,16488,16500,4020.5
"Post scheduled trip end time",-12,15771,15783,4020.5
"Post scheduled trip end time",-12,13788,13800,4020.5
"Post scheduled trip end time",-12,11730,11742,4020.5
"Post scheduled trip end time",-12,4816,4828,4020.5
"Post scheduled trip end time",-12,3268,3280,4020.5
"Post scheduled trip end time",-12,17774,17786,4020.5
"Post scheduled trip end time",-12,-11,1,4020.5
"Post scheduled trip end time",-12,348,360,4020.5
"Post scheduled trip end time",-12,766,778,4020.5
"Post scheduled trip end time",-12,534128,534140,4020.5
"Post scheduled trip end time",-12,14928,14940,4020.5
"Post scheduled trip end time",-12,9,21,4020.5
"Post scheduled trip end time",-12,2792,2804,4020.5
"Post scheduled trip end time",-12,20,32,4020.5
"Post scheduled trip end time",-12,12428,12440,4020.5
"Post scheduled trip end time",-12,10914,10926,4020.5
"Post scheduled trip end time",-12,-4,8,4020.5
"Post scheduled trip end time",-12,539308,539320,4020.5
"Post scheduled trip end time",-12,89,101,4020.5
"Post scheduled trip end time",-12,531888,531900,4020.5
"Post scheduled trip end time",-12,11,23,4020.5
"Post scheduled trip end time",-12,5441,5453,4020.5
"Post scheduled trip end time",-12,17858,17870,4020.5
"Post scheduled trip end time",-12,111,123,4020.5
"Post scheduled trip end time",-12,3457,3469,4020.5
"Post scheduled trip end time",-12,677,689,4020.5
"Post scheduled trip end time",-12,120,132,4020.5
"Post scheduled trip end time",-12,393,405,4020.5
"Post scheduled trip end time",-12,521168,521180,4020.5
"Post scheduled trip end time",-12,11554,11566,4020.5
"Post scheduled trip end time",-12,22,34,4020.5
"Post scheduled trip end time",-12,11191,11203,4020.5
"Post scheduled trip end time",-12,406,418,4020.5
"Post scheduled trip end time",-12,2521,2533,4020.5
"Post scheduled trip end time",-12,541688,541700,4020.5
"Post scheduled trip end time",-12,6011,6023,4020.5
"Post scheduled trip end time",-12,4,16,4020.5
"Post scheduled trip end time",-12,715,727,4020.5
"Post scheduled trip end time",-12,537608,537620,4020.5
"Post scheduled trip end time",-12,13994,14006,4020.5
"Post scheduled trip end time",-12,530188,530200,4020.5
"Post scheduled trip end time",-12,44,56,4020.5
"Post scheduled trip end time",-12,48,60,4020.5
"Post scheduled trip end time",-12,27372,27384,4020.5
"Post scheduled trip end time",-12,2312,2324,4020.5
"Post scheduled trip end time",-12,16408,16420,4020.5
"Post scheduled trip end time",-12,7366,7378,4020.5
"Post scheduled trip end time",-12,19,31,4020.5
"Post scheduled trip end time",-12,6761,6773,4020.5
"Post scheduled trip end time",-12,8091,8103,4020.5
"Post scheduled trip end time",-12,972,984,4020.5
"Post scheduled trip end time",-12,8581,8593,4020.5
"Post scheduled trip end time",-12,34,46,4020.5
"Post scheduled trip end time",-12,15028,15040,4020.5
"Post scheduled trip end time",-12,9852,9864,4020.5
"Post scheduled trip end time",-12,2832,2844,4020.5
"Post scheduled trip end time",-12,35,47,4020.5
"Post scheduled trip end time",-12,2538,2550,4020.5
"Post scheduled trip end time",-12,6901,6913,4020.5
"Post scheduled trip end time",-12,12914,12926,4020.5
"Post scheduled trip end time",-12,9094,9106,4020.5
"Post scheduled trip end time",-12,14,26,4020.5
"Post scheduled trip end time",-12,19678,19690,4020.5
"Post scheduled trip end time",-12,26,38,4020.5
"Post scheduled trip end time",-12,34592,34604,4020.5
"Post scheduled trip end time",-12,6881,6893,4020.5
"Post scheduled trip end time",-12,8,20,4020.5
"Post scheduled trip end time",-12,39,51,4020.5
"Post scheduled trip end time",-12,10,22,4020.5
"Post scheduled trip end time",-12,16168,16180,4020.5
"Post scheduled trip end time",-12,27,39,4020.5
"Post scheduled trip end time",-12,5788,5800,4020.5
"Post scheduled trip end time",-12,47,59,4020.5
"Post scheduled trip end time",-12,13891,13903,4020.5
"Post scheduled trip end time",-12,18968,18980,4020.5
"Post scheduled trip end time",-12,13,25,4020.5
"Post scheduled trip end time",-12,10726,10738,4020.5
"Post scheduled trip end time",-12,32592,32604,4020.5
"Post scheduled trip end time",-12,9491,9503,4020.5
"Post scheduled trip end time",-12,428,440,4020.5
"Post scheduled trip end time",-12,3194,3206,4020.5
"Post scheduled trip end time",-12,43,55,4020.5
"Post scheduled trip end time",-12,357,369,4020.5
"Post scheduled trip end time",-12,2820,2832,4020.5
"Post scheduled trip end time",-12,12088,12100,4020.5
"Post scheduled trip end time",-12,23,35,4020.5
"Post scheduled trip end time",-12,30,42,4020.5
"Post scheduled trip end time",-12,20318,20330,4020.5
"Post scheduled trip end time",-12,9285,9297,4020.5
"Post scheduled trip end time",-12,2785,2797,4020.5
"Post scheduled trip end time",-12,538328,538340,4020.5
"Post scheduled trip end time",-12,12400,12412,4020.5
"Post scheduled trip end time",-12,23552,23564,4020.5
"Post scheduled trip end time",-12,9940,9952,4020.5
"Post scheduled trip end time",-12,4550,4562,4020.5
"Post scheduled trip end time",-12,541928,541940,4020.5
"Post scheduled trip end time",-12,-2,10,4020.5
"Post scheduled trip end time",-12,481,493,4020.5
"Post scheduled trip end time",-12,2381,2393,4020.5
"Post scheduled trip end time",-12,7861,7873,4020.5
"Post scheduled trip end time",-12,19211,19223,4020.5
"Post scheduled trip end time",-12,57,69,4020.5
"Post scheduled trip end time",-12,526988,527000,4020.5
"Post scheduled trip end time",-12,238,250,4020.5
"Post scheduled trip end time",-12,9177,9189,4020.5
"Post scheduled trip end time",-12,4545,4557,4020.5
"Post scheduled trip end time",-12,1757,1769,4020.5
"Post scheduled trip end time",-12,10251,10263,4020.5
"Post scheduled trip end time",-12,536328,536340,4020.5
"Post scheduled trip end time",-12,NA,NA,4020.5
"Post scheduled trip end time",-12,7897,7909,4020.5
"Post scheduled trip end time",-12,10721,10733,4020.5
"Post scheduled trip end time",-12,56,68,4020.5
"Post scheduled trip end time",-12,158,170,4020.5
"Post scheduled trip end time",-12,13261,13273,4020.5
"Post scheduled trip end time",-12,1468,1480,4020.5
"Post scheduled trip end time",-12,-6,6,4020.5
"Post scheduled trip end time",-12,147,159,4020.5
"Post scheduled trip end time",-12,479,491,4020.5
"Post scheduled trip end time",-12,16371,16383,4020.5
"Post scheduled trip end time",-12,8608,8620,4020.5
"Post scheduled trip end time",-12,278,290,4020.5
"Post scheduled trip end time",-12,13072,13084,4020.5
"Post scheduled trip end time",-12,-5,7,4020.5
"Post scheduled trip end time",-12,8521,8533,4020.5
"Post scheduled trip end time",-12,2540,2552,4020.5
"Post scheduled trip end time",-12,470,482,4020.5
"Post scheduled trip end time",-12,2688,2700,4020.5
"Post scheduled trip end time",-12,28,40,4020.5
"Post scheduled trip end time",-12,3540,3552,4020.5
"Post scheduled trip end time",-12,4901,4913,4020.5
"Post scheduled trip end time",-12,11332,11344,4020.5
"Post scheduled trip end time",-12,3821,3833,4020.5
"Post scheduled trip end time",-12,4330,4342,4020.5
"Post scheduled trip end time",-12,6986,6998,4020.5
"Post scheduled trip end time",-12,7541,7553,4020.5
"Post scheduled trip end time",-12,1605,1617,4020.5
"Post scheduled trip end time",-12,1632,1644,4020.5
"Post scheduled trip end time",-12,3166,3178,4020.5
"Post scheduled trip end time",-12,10861,10873,4020.5
"Post scheduled trip end time",-12,25372,25384,4020.5
"Post scheduled trip end time",-12,25,37,4020.5
"Post scheduled trip end time",-12,2152,2164,4020.5
"Post scheduled trip end time",-12,2500,2512,4020.5
"Post scheduled trip end time",-12,13611,13623,4020.5
"Post scheduled trip end time",-12,14706,14718,4020.5
"Post scheduled trip end time",-12,10966,10978,4020.5
"Post scheduled trip end time",-12,10808,10820,4020.5
"Post scheduled trip end time",-12,11046,11058,4020.5
"Post scheduled trip end time",-12,1406,1418,4020.5
"Post scheduled trip end time",-12,830,842,4020.5
"Post scheduled trip end time",-12,5581,5593,4020.5
"Post scheduled trip end time",-12,1,13,4020.5
"Post scheduled trip end time",-12,9486,9498,4020.5
"Post scheduled trip end time",-12,32,44,4020.5
"Post scheduled trip end time",-12,3812,3824,4020.5
"Post scheduled trip end time",-12,24,36,4020.5
"Post scheduled trip end time",-12,3921,3933,4020.5
"Post scheduled trip end time",-12,30772,30784,4020.5
"Post scheduled trip end time",-12,36,48,4020.5
"Before scheduled trip start time",-11,7879,7890,8038
"Before scheduled trip start time",-11,44839,44850,8038
"Before scheduled trip start time",-11,2257,2268,8038
"Before scheduled trip start time",-11,469,480,8038
"Before scheduled trip start time",-11,121,132,8038
"Before scheduled trip start time",-11,58319,58330,8038
"Before scheduled trip start time",-11,2637,2648,8038
"Before scheduled trip start time",-11,6034,6045,8038
"Before scheduled trip start time",-11,23043,23054,8038
"Before scheduled trip start time",-11,23,34,8038
"Before scheduled trip start time",-11,512548,512559,8038
"Before scheduled trip start time",-11,40,51,8038
"Before scheduled trip start time",-11,113,124,8038
"Before scheduled trip start time",-11,202,213,8038
"Before scheduled trip start time",-11,787,798,8038
"Before scheduled trip start time",-11,78162,78173,8038
"Before scheduled trip start time",-11,5535,5546,8038
"Before scheduled trip start time",-11,30778,30789,8038
"Before scheduled trip start time",-11,61839,61850,8038
"Before scheduled trip start time",-11,2899,2910,8038
"Before scheduled trip start time",-11,4534,4545,8038
"Before scheduled trip start time",-11,299,310,8038
"Before scheduled trip start time",-11,80499,80510,8038
"Before scheduled trip start time",-11,187,198,8038
"Before scheduled trip start time",-11,20,31,8038
"Before scheduled trip start time",-11,9352,9363,8038
"Before scheduled trip start time",-11,-2,9,8038
"Before scheduled trip start time",-11,1615,1626,8038
"Before scheduled trip start time",-11,1381,1392,8038
"Before scheduled trip start time",-11,15,26,8038
"Before scheduled trip start time",-11,504,515,8038
"Before scheduled trip start time",-11,1352,1363,8038
"Before scheduled trip start time",-11,21,32,8038
"Before scheduled trip start time",-11,5654,5665,8038
"Before scheduled trip start time",-11,2515,2526,8038
"Before scheduled trip start time",-11,27,38,8038
"Before scheduled trip start time",-11,1137,1148,8038
"Before scheduled trip start time",-11,10972,10983,8038
"Before scheduled trip start time",-11,9157,9168,8038
"Before scheduled trip start time",-11,8634,8645,8038
"Before scheduled trip start time",-11,67479,67490,8038
"Before scheduled trip start time",-11,555,566,8038
"Before scheduled trip start time",-11,2439,2450,8038
"Before scheduled trip start time",-11,1499,1510,8038
"Before scheduled trip start time",-11,198,209,8038
"Before scheduled trip start time",-11,31,42,8038
"Before scheduled trip start time",-11,500748,500759,8038
"Before scheduled trip start time",-11,2312,2323,8038
"Before scheduled trip start time",-11,25,36,8038
"Before scheduled trip start time",-11,441,452,8038
"Before scheduled trip start time",-11,72,83,8038
"Before scheduled trip start time",-11,2139,2150,8038
"Before scheduled trip start time",-11,67459,67470,8038
"Before scheduled trip start time",-11,7035,7046,8038
"Before scheduled trip start time",-11,9,20,8038
"Before scheduled trip start time",-11,1,12,8038
"Before scheduled trip start time",-11,2619,2630,8038
"Before scheduled trip start time",-11,3729,3740,8038
"Before scheduled trip start time",-11,1490,1501,8038
"Before scheduled trip start time",-11,7157,7168,8038
"Before scheduled trip start time",-11,2137,2148,8038
"Before scheduled trip start time",-11,33714,33725,8038
"Before scheduled trip start time",-11,3,14,8038
"Before scheduled trip start time",-11,9778,9789,8038
"Before scheduled trip start time",-11,58827,58838,8038
"Before scheduled trip start time",-11,43,54,8038
"Before scheduled trip start time",-11,7497,7508,8038
"Before scheduled trip start time",-11,71,82,8038
"Before scheduled trip start time",-11,4317,4328,8038
"Before scheduled trip start time",-11,80119,80130,8038
"Before scheduled trip start time",-11,8972,8983,8038
"Before scheduled trip start time",-11,7537,7548,8038
"Before scheduled trip start time",-11,1481,1492,8038
"Before scheduled trip start time",-11,1275,1286,8038
"Before scheduled trip start time",-11,1110,1121,8038
"Before scheduled trip start time",-11,75079,75090,8038
"Before scheduled trip start time",-11,327,338,8038
"Before scheduled trip start time",-11,993,1004,8038
"Before scheduled trip start time",-11,509028,509039,8038
"Before scheduled trip start time",-11,56199,56210,8038
"Before scheduled trip start time",-11,11,22,8038
"Before scheduled trip start time",-11,2290,2301,8038
"Before scheduled trip start time",-11,0,11,8038
"Before scheduled trip start time",-11,115,126,8038
"Before scheduled trip start time",-11,30,41,8038
"Before scheduled trip start time",-11,2215,2226,8038
"Before scheduled trip start time",-11,9997,10008,8038
"Before scheduled trip start time",-11,8,19,8038
"Before scheduled trip start time",-11,6917,6928,8038
"Before scheduled trip start time",-11,NA,NA,8038
"Before scheduled trip start time",-11,513808,513819,8038
"Before scheduled trip start time",-11,1350,1361,8038
"Before scheduled trip start time",-11,17,28,8038
"Before scheduled trip start time",-11,912,923,8038
"Before scheduled trip start time",-11,1075,1086,8038
"Before scheduled trip start time",-11,11815,11826,8038
"Before scheduled trip start time",-11,1450,1461,8038
"Before scheduled trip start time",-11,1708,1719,8038
"Before scheduled trip start time",-11,741,752,8038
"Before scheduled trip start time",-11,61,72,8038
"Before scheduled trip start time",-11,-4,7,8038
"Before scheduled trip start time",-11,12592,12603,8038
"Before scheduled trip start time",-11,69839,69850,8038
"Before scheduled trip start time",-11,1392,1403,8038
"Before scheduled trip start time",-11,76179,76190,8038
"Before scheduled trip start time",-11,44,55,8038
"Before scheduled trip start time",-11,8517,8528,8038
"Before scheduled trip start time",-11,42,53,8038
"Before scheduled trip start time",-11,117,128,8038
"Before scheduled trip start time",-11,5,16,8038
"Before scheduled trip start time",-11,329,340,8038
"Before scheduled trip start time",-11,302,313,8038
"Before scheduled trip start time",-11,10,21,8038
"Before scheduled trip start time",-11,29614,29625,8038
"Before scheduled trip start time",-11,28,39,8038
"Before scheduled trip start time",-11,120,131,8038
"Before scheduled trip start time",-11,-10,1,8038
"Before scheduled trip start time",-11,614,625,8038
"Before scheduled trip start time",-11,9072,9083,8038
"Before scheduled trip start time",-11,143,154,8038
"Before scheduled trip start time",-11,681500,681511,8038
"Before scheduled trip start time",-11,18,29,8038
"Before scheduled trip start time",-11,1375,1386,8038
"Before scheduled trip start time",-11,9112,9123,8038
"Before scheduled trip start time",-11,1155,1166,8038
"Before scheduled trip start time",-11,1174,1185,8038
"Before scheduled trip start time",-11,16,27,8038
"Before scheduled trip start time",-11,513,524,8038
"Before scheduled trip start time",-11,2055,2066,8038
"Before scheduled trip start time",-11,68819,68830,8038
"Before scheduled trip start time",-11,-5,6,8038
"Before scheduled trip start time",-11,2975,2986,8038
"Before scheduled trip start time",-11,1366,1377,8038
"Before scheduled trip start time",-11,529,540,8038
"Before scheduled trip start time",-11,14,25,8038
"Before scheduled trip start time",-11,506908,506919,8038
"Before scheduled trip start time",-11,63099,63110,8038
"Before scheduled trip start time",-11,13,24,8038
"Before scheduled trip start time",-11,3952,3963,8038
"Before scheduled trip start time",-11,24,35,8038
"Before scheduled trip start time",-11,1325,1336,8038
"Before scheduled trip start time",-11,335,346,8038
"Before scheduled trip start time",-11,280,291,8038
"Before scheduled trip start time",-11,9312,9323,8038
"Before scheduled trip start time",-11,1395,1406,8038
"Before scheduled trip start time",-11,73864,73875,8038
"Before scheduled trip start time",-11,9635,9646,8038
"Before scheduled trip start time",-11,50,61,8038
"Before scheduled trip start time",-11,147,158,8038
"Before scheduled trip start time",-11,704,715,8038
"Before scheduled trip start time",-11,12,23,8038
"Before scheduled trip start time",-11,11812,11823,8038
"Before scheduled trip start time",-11,22,33,8038
"Before scheduled trip start time",-11,-3,8,8038
"Before scheduled trip start time",-11,26,37,8038
"Before scheduled trip start time",-11,10814,10825,8038
"Before scheduled trip start time",-11,36,47,8038
"Before scheduled trip start time",-11,975,986,8038
"Before scheduled trip start time",-11,3855,3866,8038
"Before scheduled trip start time",-11,127,138,8038
"Before scheduled trip start time",-11,-7,4,8038
"Before scheduled trip start time",-11,26678,26689,8038
"Before scheduled trip start time",-11,169,180,8038
"Before scheduled trip start time",-11,788,799,8038
"Before scheduled trip start time",-11,13152,13163,8038
"Before scheduled trip start time",-11,-6,5,8038
"Before scheduled trip start time",-11,64359,64370,8038
"Before scheduled trip start time",-11,17843,17854,8038
"Before scheduled trip start time",-11,8732,8743,8038
"Before scheduled trip start time",-11,7297,7308,8038
"Before scheduled trip start time",-11,972,983,8038
"Before scheduled trip start time",-11,12714,12725,8038
"Before scheduled trip start time",-11,50039,50050,8038
"Before scheduled trip start time",-11,-9,2,8038
"Before scheduled trip start time",-11,12672,12683,8038
"Before scheduled trip start time",-11,95,106,8038
"Before scheduled trip start time",-11,77319,77330,8038
"Before scheduled trip start time",-11,740,751,8038
"Before scheduled trip start time",-11,6199,6210,8038
"Before scheduled trip start time",-11,2854,2865,8038
"Before scheduled trip start time",-11,75,86,8038
"Before scheduled trip start time",-11,495548,495559,8038
"Before scheduled trip start time",-11,2,13,8038
"Before scheduled trip start time",-11,1979,1990,8038
"Before scheduled trip start time",-11,19,30,8038
"Before scheduled trip start time",-11,13212,13223,8038
"Before scheduled trip start time",-11,526,537,8038
"Before scheduled trip start time",-11,2999,3010,8038
"Before scheduled trip start time",-11,2809,2820,8038
"Before scheduled trip start time",-11,395,406,8038
"Before scheduled trip start time",-11,66,77,8038
"Before scheduled trip start time",-11,73099,73110,8038
"Before scheduled trip start time",-11,7,18,8038
"Before scheduled trip start time",-11,73259,73270,8038
"Before scheduled trip start time",-11,6655,6666,8038
"Before scheduled trip start time",-11,7257,7268,8038
"Before scheduled trip start time",-11,62,73,8038
"Before scheduled trip start time",-11,128,139,8038
"Before scheduled trip start time",-11,286,297,8038
"Before scheduled trip start time",-11,-1,10,8038
"Before scheduled trip start time",-11,560,571,8038
"Before scheduled trip start time",-11,103,114,8038
"Before scheduled trip start time",-11,33,44,8038
"Before scheduled trip start time",-11,161,172,8038
"Before scheduled trip start time",-11,228,239,8038
"Before scheduled trip start time",-11,3959,3970,8038
"Before scheduled trip start time",-11,10332,10343,8038
"Before scheduled trip start time",-11,14092,14103,8038
"Before scheduled trip start time",-11,123,134,8038
"Before scheduled trip start time",-11,29,40,8038
"Before scheduled trip start time",-11,1528,1539,8038
"Before scheduled trip start time",-11,1409,1420,8038
"Before scheduled trip start time",-11,37,48,8038
"Before scheduled trip start time",-11,183,194,8038
"Before scheduled trip start time",-11,415,426,8038
"Before scheduled trip start time",-11,-8,3,8038
"Before scheduled trip start time",-11,6132,6143,8038
"Before scheduled trip start time",-11,67899,67910,8038
"Before scheduled trip start time",-11,4,15,8038
"Before scheduled trip start time",-11,78999,79010,8038
"Before scheduled trip start time",-11,74019,74030,8038
"Before scheduled trip start time",-11,6,17,8038
"Before scheduled trip start time",-11,547,558,8038
"Before scheduled trip start time",-11,322,333,8038
"Before scheduled trip start time",-11,31323,31334,8038
"Before scheduled trip start time",-11,137,148,8038
"Before scheduled trip start time",-11,5237,5248,8038
"Before scheduled trip start time",-11,1835,1846,8038
"During scheduled trip",-11,32,43,291
"During scheduled trip",-11,41,52,291
"During scheduled trip",-11,979,990,291
"During scheduled trip",-11,8,19,291
"During scheduled trip",-11,119,130,291
"During scheduled trip",-11,62,73,291
"During scheduled trip",-11,42,53,291
"During scheduled trip",-11,1,12,291
"During scheduled trip",-11,60,71,291
"During scheduled trip",-11,392,403,291
"During scheduled trip",-11,72,83,291
"During scheduled trip",-11,40,51,291
"During scheduled trip",-11,53,64,291
"During scheduled trip",-11,-1,10,291
"During scheduled trip",-11,774,785,291
"During scheduled trip",-11,61,72,291
"During scheduled trip",-11,272,283,291
"During scheduled trip",-11,12,23,291
"During scheduled trip",-11,37,48,291
"During scheduled trip",-11,1161,1172,291
"During scheduled trip",-11,28,39,291
"During scheduled trip",-11,35,46,291
"During scheduled trip",-11,69,80,291
"During scheduled trip",-11,23,34,291
"During scheduled trip",-11,1241,1252,291
"During scheduled trip",-11,3547,3558,291
"During scheduled trip",-11,50,61,291
"During scheduled trip",-11,93,104,291
"During scheduled trip",-11,777,788,291
"During scheduled trip",-11,414,425,291
"During scheduled trip",-11,19,30,291
"During scheduled trip",-11,48,59,291
"During scheduled trip",-11,99,110,291
"During scheduled trip",-11,64,75,291
"During scheduled trip",-11,25,36,291
"During scheduled trip",-11,614,625,291
"During scheduled trip",-11,518188,518199,291
"During scheduled trip",-11,17,28,291
"During scheduled trip",-11,1031,1042,291
"During scheduled trip",-11,-2,9,291
"During scheduled trip",-11,2951,2962,291
"During scheduled trip",-11,211,222,291
"During scheduled trip",-11,860,871,291
"During scheduled trip",-11,44,55,291
"During scheduled trip",-11,1663,1674,291
"During scheduled trip",-11,226,237,291
"During scheduled trip",-11,268,279,291
"During scheduled trip",-11,671,682,291
"During scheduled trip",-11,139,150,291
"During scheduled trip",-11,46,57,291
"During scheduled trip",-11,34,45,291
"During scheduled trip",-11,67,78,291
"During scheduled trip",-11,83,94,291
"During scheduled trip",-11,71,82,291
"During scheduled trip",-11,-7,4,291
"During scheduled trip",-11,302,313,291
"During scheduled trip",-11,38,49,291
"During scheduled trip",-11,407,418,291
"During scheduled trip",-11,634,645,291
"During scheduled trip",-11,519,530,291
"During scheduled trip",-11,5,16,291
"During scheduled trip",-11,534,545,291
"During scheduled trip",-11,518608,518619,291
"During scheduled trip",-11,1358,1369,291
"During scheduled trip",-11,22,33,291
"During scheduled trip",-11,390,401,291
"During scheduled trip",-11,27,38,291
"During scheduled trip",-11,518168,518179,291
"During scheduled trip",-11,14,25,291
"During scheduled trip",-11,443,454,291
"During scheduled trip",-11,369,380,291
"During scheduled trip",-11,39,50,291
"During scheduled trip",-11,54,65,291
"During scheduled trip",-11,101,112,291
"During scheduled trip",-11,4,15,291
"During scheduled trip",-11,9,20,291
"During scheduled trip",-11,52,63,291
"During scheduled trip",-11,47,58,291
"During scheduled trip",-11,NA,NA,291
"During scheduled trip",-11,100,111,291
"During scheduled trip",-11,128,139,291
"During scheduled trip",-11,-4,7,291
"During scheduled trip",-11,989,1000,291
"During scheduled trip",-11,0,11,291
"During scheduled trip",-11,550,561,291
"During scheduled trip",-11,79,90,291
"During scheduled trip",-11,697,708,291
"During scheduled trip",-11,584,595,291
"During scheduled trip",-11,204,215,291
"During scheduled trip",-11,45,56,291
"During scheduled trip",-11,876,887,291
"During scheduled trip",-11,131,142,291
"During scheduled trip",-11,3091,3102,291
"During scheduled trip",-11,518,529,291
"During scheduled trip",-11,-3,8,291
"During scheduled trip",-11,73,84,291
"During scheduled trip",-11,57,68,291
"During scheduled trip",-11,849,860,291
"During scheduled trip",-11,6,17,291
"During scheduled trip",-11,114,125,291
"During scheduled trip",-11,938,949,291
"During scheduled trip",-11,2,13,291
"During scheduled trip",-11,1591,1602,291
"During scheduled trip",-11,1079,1090,291
"During scheduled trip",-11,-5,6,291
"During scheduled trip",-11,-10,1,291
"During scheduled trip",-11,750,761,291
"During scheduled trip",-11,741,752,291
"During scheduled trip",-11,393,404,291
"During scheduled trip",-11,55,66,291
"During scheduled trip",-11,7,18,291
"During scheduled trip",-11,869,880,291
"During scheduled trip",-11,10,21,291
"During scheduled trip",-11,43,54,291
"During scheduled trip",-11,36,47,291
"During scheduled trip",-11,2760,2771,291
"During scheduled trip",-11,13,24,291
"During scheduled trip",-11,91,102,291
"During scheduled trip",-11,92,103,291
"During scheduled trip",-11,243,254,291
"During scheduled trip",-11,221,232,291
"During scheduled trip",-11,96,107,291
"During scheduled trip",-11,11,22,291
"During scheduled trip",-11,-6,5,291
"During scheduled trip",-11,1780,1791,291
"During scheduled trip",-11,206,217,291
"During scheduled trip",-11,58,69,291
"During scheduled trip",-11,59,70,291
"During scheduled trip",-11,764,775,291
"During scheduled trip",-11,31,42,291
"During scheduled trip",-11,939,950,291
"During scheduled trip",-11,115,126,291
"During scheduled trip",-11,21,32,291
"During scheduled trip",-11,74,85,291
"During scheduled trip",-11,16,27,291
"During scheduled trip",-11,85,96,291
"During scheduled trip",-11,2711,2722,291
"During scheduled trip",-11,87,98,291
"During scheduled trip",-11,263,274,291
"During scheduled trip",-11,554,565,291
"During scheduled trip",-11,120,131,291
"During scheduled trip",-11,684,695,291
"During scheduled trip",-11,185,196,291
"During scheduled trip",-11,18,29,291
"During scheduled trip",-11,172,183,291
"During scheduled trip",-11,1761,1772,291
"During scheduled trip",-11,30,41,291
"During scheduled trip",-11,1086,1097,291
"During scheduled trip",-11,126,137,291
"During scheduled trip",-11,65,76,291
"During scheduled trip",-11,56,67,291
"During scheduled trip",-11,68,79,291
"During scheduled trip",-11,-8,3,291
"During scheduled trip",-11,51,62,291
"During scheduled trip",-11,49,60,291
"During scheduled trip",-11,26,37,291
"During scheduled trip",-11,81,92,291
"During scheduled trip",-11,288,299,291
"During scheduled trip",-11,179,190,291
"During scheduled trip",-11,377,388,291
"During scheduled trip",-11,15,26,291
"During scheduled trip",-11,802,813,291
"During scheduled trip",-11,132,143,291
"During scheduled trip",-11,29,40,291
"During scheduled trip",-11,168,179,291
"During scheduled trip",-11,24,35,291
"During scheduled trip",-11,3,14,291
"During scheduled trip",-11,315,326,291
"During scheduled trip",-11,704,715,291
"During scheduled trip",-11,20,31,291
"During scheduled trip",-11,342,353,291
"During scheduled trip",-11,33,44,291
"During scheduled trip",-11,-9,2,291
"During scheduled trip",-11,654,665,291
"Post scheduled trip end time",-11,57,68,4020.5
"Post scheduled trip end time",-11,11441,11452,4020.5
"Post scheduled trip end time",-11,747,758,4020.5
"Post scheduled trip end time",-11,-4,7,4020.5
"Post scheduled trip end time",-11,21,32,4020.5
"Post scheduled trip end time",-11,525788,525799,4020.5
"Post scheduled trip end time",-11,28,39,4020.5
"Post scheduled trip end time",-11,10706,10717,4020.5
"Post scheduled trip end time",-11,1775,1786,4020.5
"Post scheduled trip end time",-11,-1,10,4020.5
"Post scheduled trip end time",-11,4468,4479,4020.5
"Post scheduled trip end time",-11,218,229,4020.5
"Post scheduled trip end time",-11,978,989,4020.5
"Post scheduled trip end time",-11,49,60,4020.5
"Post scheduled trip end time",-11,10471,10482,4020.5
"Post scheduled trip end time",-11,28252,28263,4020.5
"Post scheduled trip end time",-11,11257,11268,4020.5
"Post scheduled trip end time",-11,5691,5702,4020.5
"Post scheduled trip end time",-11,30,41,4020.5
"Post scheduled trip end time",-11,6021,6032,4020.5
"Post scheduled trip end time",-11,587,598,4020.5
"Post scheduled trip end time",-11,12072,12083,4020.5
"Post scheduled trip end time",-11,3340,3351,4020.5
"Post scheduled trip end time",-11,NA,NA,4020.5
"Post scheduled trip end time",-11,6208,6219,4020.5
"Post scheduled trip end time",-11,213,224,4020.5
"Post scheduled trip end time",-11,543068,543079,4020.5
"Post scheduled trip end time",-11,8206,8217,4020.5
"Post scheduled trip end time",-11,2401,2412,4020.5
"Post scheduled trip end time",-11,7261,7272,4020.5
"Post scheduled trip end time",-11,530828,530839,4020.5
"Post scheduled trip end time",-11,1000,1011,4020.5
"Post scheduled trip end time",-11,12832,12843,4020.5
"Post scheduled trip end time",-11,111,122,4020.5
"Post scheduled trip end time",-11,10851,10862,4020.5
"Post scheduled trip end time",-11,529708,529719,4020.5
"Post scheduled trip end time",-11,1640,1651,4020.5
"Post scheduled trip end time",-11,-5,6,4020.5
"Post scheduled trip end time",-11,706,717,4020.5
"Post scheduled trip end time",-11,583,594,4020.5
"Post scheduled trip end time",-11,17285,17296,4020.5
"Post scheduled trip end time",-11,6912,6923,4020.5
"Post scheduled trip end time",-11,18151,18162,4020.5
"Post scheduled trip end time",-11,475,486,4020.5
"Post scheduled trip end time",-11,14318,14329,4020.5
"Post scheduled trip end time",-11,1832,1843,4020.5
"Post scheduled trip end time",-11,37,48,4020.5
"Post scheduled trip end time",-11,1618,1629,4020.5
"Post scheduled trip end time",-11,386,397,4020.5
"Post scheduled trip end time",-11,34,45,4020.5
"Post scheduled trip end time",-11,5791,5802,4020.5
"Post scheduled trip end time",-11,8885,8896,4020.5
"Post scheduled trip end time",-11,19131,19142,4020.5
"Post scheduled trip end time",-11,12071,12082,4020.5
"Post scheduled trip end time",-11,4565,4576,4020.5
"Post scheduled trip end time",-11,9226,9237,4020.5
"Post scheduled trip end time",-11,13551,13562,4020.5
"Post scheduled trip end time",-11,8246,8257,4020.5
"Post scheduled trip end time",-11,42,53,4020.5
"Post scheduled trip end time",-11,1043,1054,4020.5
"Post scheduled trip end time",-11,243,254,4020.5
"Post scheduled trip end time",-11,542448,542459,4020.5
"Post scheduled trip end time",-11,5377,5388,4020.5
"Post scheduled trip end time",-11,1138,1149,4020.5
"Post scheduled trip end time",-11,2846,2857,4020.5
"Post scheduled trip end time",-11,186,197,4020.5
"Post scheduled trip end time",-11,36,47,4020.5
"Post scheduled trip end time",-11,74,85,4020.5
"Post scheduled trip end time",-11,17231,17242,4020.5
"Post scheduled trip end time",-11,826,837,4020.5
"Post scheduled trip end time",-11,13408,13419,4020.5
"Post scheduled trip end time",-11,12781,12792,4020.5
"Post scheduled trip end time",-11,14951,14962,4020.5
"Post scheduled trip end time",-11,8925,8936,4020.5
"Post scheduled trip end time",-11,7541,7552,4020.5
"Post scheduled trip end time",-11,6841,6852,4020.5
"Post scheduled trip end time",-11,542528,542539,4020.5
"Post scheduled trip end time",-11,9345,9356,4020.5
"Post scheduled trip end time",-11,12986,12997,4020.5
"Post scheduled trip end time",-11,524268,524279,4020.5
"Post scheduled trip end time",-11,10881,10892,4020.5
"Post scheduled trip end time",-11,2961,2972,4020.5
"Post scheduled trip end time",-11,432,443,4020.5
"Post scheduled trip end time",-11,12046,12057,4020.5
"Post scheduled trip end time",-11,2298,2309,4020.5
"Post scheduled trip end time",-11,9732,9743,4020.5
"Post scheduled trip end time",-11,7420,7431,4020.5
"Post scheduled trip end time",-11,6652,6663,4020.5
"Post scheduled trip end time",-11,553,564,4020.5
"Post scheduled trip end time",-11,538928,538939,4020.5
"Post scheduled trip end time",-11,4561,4572,4020.5
"Post scheduled trip end time",-11,14411,14422,4020.5
"Post scheduled trip end time",-11,6692,6703,4020.5
"Post scheduled trip end time",-11,14281,14292,4020.5
"Post scheduled trip end time",-11,33,44,4020.5
"Post scheduled trip end time",-11,2045,2056,4020.5
"Post scheduled trip end time",-11,667,678,4020.5
"Post scheduled trip end time",-11,3185,3196,4020.5
"Post scheduled trip end time",-11,11091,11102,4020.5
"Post scheduled trip end time",-11,4301,4312,4020.5
"Post scheduled trip end time",-11,1277,1288,4020.5
"Post scheduled trip end time",-11,540828,540839,4020.5
"Post scheduled trip end time",-11,2752,2763,4020.5
"Post scheduled trip end time",-11,16928,16939,4020.5
"Post scheduled trip end time",-11,539208,539219,4020.5
"Post scheduled trip end time",-11,7866,7877,4020.5
"Post scheduled trip end time",-11,2887,2898,4020.5
"Post scheduled trip end time",-11,3590,3601,4020.5
"Post scheduled trip end time",-11,32,43,4020.5
"Post scheduled trip end time",-11,607,618,4020.5
"Post scheduled trip end time",-11,43,54,4020.5
"Post scheduled trip end time",-11,902,913,4020.5
"Post scheduled trip end time",-11,19,30,4020.5
"Post scheduled trip end time",-11,686,697,4020.5
"Post scheduled trip end time",-11,10737,10748,4020.5
"Post scheduled trip end time",-11,756,767,4020.5
"Post scheduled trip end time",-11,535988,535999,4020.5
"Post scheduled trip end time",-11,12,23,4020.5
"Post scheduled trip end time",-11,5554,5565,4020.5
"Post scheduled trip end time",-11,4328,4339,4020.5
"Post scheduled trip end time",-11,2234,2245,4020.5
"Post scheduled trip end time",-11,6,17,4020.5
"Post scheduled trip end time",-11,13021,13032,4020.5
"Post scheduled trip end time",-11,11486,11497,4020.5
"Post scheduled trip end time",-11,781,792,4020.5
"Post scheduled trip end time",-11,17548,17559,4020.5
"Post scheduled trip end time",-11,2777,2788,4020.5
"Post scheduled trip end time",-11,6925,6936,4020.5
"Post scheduled trip end time",-11,12711,12722,4020.5
"Post scheduled trip end time",-11,2480,2491,4020.5
"Post scheduled trip end time",-11,8612,8623,4020.5
"Post scheduled trip end time",-11,523968,523979,4020.5
"Post scheduled trip end time",-11,15,26,4020.5
"Post scheduled trip end time",-11,1975,1986,4020.5
"Post scheduled trip end time",-11,528,539,4020.5
"Post scheduled trip end time",-11,4481,4492,4020.5
"Post scheduled trip end time",-11,8541,8552,4020.5
"Post scheduled trip end time",-11,6574,6585,4020.5
"Post scheduled trip end time",-11,13308,13319,4020.5
"Post scheduled trip end time",-11,258,269,4020.5
"Post scheduled trip end time",-11,10537,10548,4020.5
"Post scheduled trip end time",-11,13010,13021,4020.5
"Post scheduled trip end time",-11,1503,1514,4020.5
"Post scheduled trip end time",-11,8288,8299,4020.5
"Post scheduled trip end time",-11,2397,2408,4020.5
"Post scheduled trip end time",-11,0,11,4020.5
"Post scheduled trip end time",-11,12861,12872,4020.5
"Post scheduled trip end time",-11,54,65,4020.5
"Post scheduled trip end time",-11,8501,8512,4020.5
"Post scheduled trip end time",-11,14331,14342,4020.5
"Post scheduled trip end time",-11,11566,11577,4020.5
"Post scheduled trip end time",-11,46,57,4020.5
"Post scheduled trip end time",-11,2126,2137,4020.5
"Post scheduled trip end time",-11,10157,10168,4020.5
"Post scheduled trip end time",-11,-7,4,4020.5
"Post scheduled trip end time",-11,-2,9,4020.5
"Post scheduled trip end time",-11,2152,2163,4020.5
"Post scheduled trip end time",-11,10811,10822,4020.5
"Post scheduled trip end time",-11,3260,3271,4020.5
"Post scheduled trip end time",-11,20651,20662,4020.5
"Post scheduled trip end time",-11,13688,13699,4020.5
"Post scheduled trip end time",-11,14341,14352,4020.5
"Post scheduled trip end time",-11,8701,8712,4020.5
"Post scheduled trip end time",-11,7372,7383,4020.5
"Post scheduled trip end time",-11,-3,8,4020.5
"Post scheduled trip end time",-11,256,267,4020.5
"Post scheduled trip end time",-11,2,13,4020.5
"Post scheduled trip end time",-11,7,18,4020.5
"Post scheduled trip end time",-11,10468,10479,4020.5
"Post scheduled trip end time",-11,22,33,4020.5
"Post scheduled trip end time",-11,35,46,4020.5
"Post scheduled trip end time",-11,10497,10508,4020.5
"Post scheduled trip end time",-11,15308,15319,4020.5
"Post scheduled trip end time",-11,5252,5263,4020.5
"Post scheduled trip end time",-11,555,566,4020.5
"Post scheduled trip end time",-11,287,298,4020.5
"Post scheduled trip end time",-11,520548,520559,4020.5
"Post scheduled trip end time",-11,13261,13272,4020.5
"Post scheduled trip end time",-11,9261,9272,4020.5
"Post scheduled trip end time",-11,1020,1031,4020.5
"Post scheduled trip end time",-11,11,22,4020.5
"Post scheduled trip end time",-11,16148,16159,4020.5
"Post scheduled trip end time",-11,10397,10408,4020.5
"Post scheduled trip end time",-11,1126,1137,4020.5
"Post scheduled trip end time",-11,731,742,4020.5
"Post scheduled trip end time",-11,5640,5651,4020.5
"Post scheduled trip end time",-11,-8,3,4020.5
"Post scheduled trip end time",-11,17008,17019,4020.5
"Post scheduled trip end time",-11,4160,4171,4020.5
"Post scheduled trip end time",-11,13,24,4020.5
"Post scheduled trip end time",-11,15306,15317,4020.5
"Post scheduled trip end time",-11,5448,5459,4020.5
"Post scheduled trip end time",-11,12901,12912,4020.5
"Post scheduled trip end time",-11,5872,5883,4020.5
"Post scheduled trip end time",-11,7966,7977,4020.5
"Post scheduled trip end time",-11,5612,5623,4020.5
"Post scheduled trip end time",-11,27,38,4020.5
"Post scheduled trip end time",-11,932,943,4020.5
"Post scheduled trip end time",-11,10,21,4020.5
"Post scheduled trip end time",-11,5720,5731,4020.5
"Post scheduled trip end time",-11,13321,13332,4020.5
"Post scheduled trip end time",-11,14386,14397,4020.5
"Post scheduled trip end time",-11,26,37,4020.5
"Post scheduled trip end time",-11,4941,4952,4020.5
"Post scheduled trip end time",-11,25,36,4020.5
"Post scheduled trip end time",-11,18428,18439,4020.5
"Post scheduled trip end time",-11,-6,5,4020.5
"Post scheduled trip end time",-11,1721,1732,4020.5
"Post scheduled trip end time",-11,1958,1969,4020.5
"Post scheduled trip end time",-11,246,257,4020.5
"Post scheduled trip end time",-11,8588,8599,4020.5
"Post scheduled trip end time",-11,20531,20542,4020.5
"Post scheduled trip end time",-11,3750,3761,4020.5
"Post scheduled trip end time",-11,24,35,4020.5
"Post scheduled trip end time",-11,95,106,4020.5
"Post scheduled trip end time",-11,7626,7637,4020.5
"Post scheduled trip end time",-11,123,134,4020.5
"Post scheduled trip end time",-11,13648,13659,4020.5
"Post scheduled trip end time",-11,11607,11618,4020.5
"Post scheduled trip end time",-11,3,14,4020.5
"Post scheduled trip end time",-11,4280,4291,4020.5
"Post scheduled trip end time",-11,1,12,4020.5
"Post scheduled trip end time",-11,17,28,4020.5
"Post scheduled trip end time",-11,23,34,4020.5
"Post scheduled trip end time",-11,5540,5551,4020.5
"Post scheduled trip end time",-11,6400,6411,4020.5
"Post scheduled trip end time",-11,6612,6623,4020.5
"Post scheduled trip end time",-11,20,31,4020.5
"Post scheduled trip end time",-11,11341,11352,4020.5
"Post scheduled trip end time",-11,1368,1379,4020.5
"Post scheduled trip end time",-11,12106,12117,4020.5
"Post scheduled trip end time",-11,9721,9732,4020.5
"Post scheduled trip end time",-11,875,886,4020.5
"Post scheduled trip end time",-11,15338,15349,4020.5
"Post scheduled trip end time",-11,4900,4911,4020.5
"Post scheduled trip end time",-11,523,534,4020.5
"Post scheduled trip end time",-11,314,325,4020.5
"Post scheduled trip end time",-11,-9,2,4020.5
"Post scheduled trip end time",-11,5308,5319,4020.5
"Post scheduled trip end time",-11,543008,543019,4020.5
"Post scheduled trip end time",-11,541668,541679,4020.5
"Post scheduled trip end time",-11,526888,526899,4020.5
"Post scheduled trip end time",-11,834,845,4020.5
"Post scheduled trip end time",-11,27232,27243,4020.5
"Post scheduled trip end time",-11,39,50,4020.5
"Post scheduled trip end time",-11,9,20,4020.5
"Post scheduled trip end time",-11,1483,1494,4020.5
"Post scheduled trip end time",-11,2508,2519,4020.5
"Post scheduled trip end time",-11,1497,1508,4020.5
"Post scheduled trip end time",-11,11051,11062,4020.5
"Post scheduled trip end time",-11,886,897,4020.5
"Post scheduled trip end time",-11,4,15,4020.5
"Post scheduled trip end time",-11,8006,8017,4020.5
"Post scheduled trip end time",-11,-10,1,4020.5
"Post scheduled trip end time",-11,540188,540199,4020.5
"Post scheduled trip end time",-11,55,66,4020.5
"Post scheduled trip end time",-11,152,163,4020.5
"Post scheduled trip end time",-11,15831,15842,4020.5
"Post scheduled trip end time",-11,743,754,4020.5
"Post scheduled trip end time",-11,14891,14902,4020.5
"Post scheduled trip end time",-11,10777,10788,4020.5
"Post scheduled trip end time",-11,1392,1403,4020.5
"Post scheduled trip end time",-11,3732,3743,4020.5
"Post scheduled trip end time",-11,7161,7172,4020.5
"Post scheduled trip end time",-11,531208,531219,4020.5
"Post scheduled trip end time",-11,10365,10376,4020.5
"Post scheduled trip end time",-11,4852,4863,4020.5
"Post scheduled trip end time",-11,3441,3452,4020.5
"Post scheduled trip end time",-11,524728,524739,4020.5
"Post scheduled trip end time",-11,4188,4199,4020.5
"Post scheduled trip end time",-11,21032,21043,4020.5
"Post scheduled trip end time",-11,9866,9877,4020.5
"Post scheduled trip end time",-11,707,718,4020.5
"Post scheduled trip end time",-11,539168,539179,4020.5
"Post scheduled trip end time",-11,4525,4536,4020.5
"Post scheduled trip end time",-11,9045,9056,4020.5
"Post scheduled trip end time",-11,2959,2970,4020.5
"Post scheduled trip end time",-11,838,849,4020.5
"Post scheduled trip end time",-11,16,27,4020.5
"Post scheduled trip end time",-11,523808,523819,4020.5
"Post scheduled trip end time",-11,2352,2363,4020.5
"Post scheduled trip end time",-11,11092,11103,4020.5
"Post scheduled trip end time",-11,13448,13459,4020.5
"Post scheduled trip end time",-11,113,124,4020.5
"Post scheduled trip end time",-11,687,698,4020.5
"Post scheduled trip end time",-11,18,29,4020.5
"Post scheduled trip end time",-11,31,42,4020.5
"Post scheduled trip end time",-11,6512,6523,4020.5
"Post scheduled trip end time",-11,533808,533819,4020.5
"Post scheduled trip end time",-11,5,16,4020.5
"Post scheduled trip end time",-11,29,40,4020.5
"Post scheduled trip end time",-11,10901,10912,4020.5
"Post scheduled trip end time",-11,438,449,4020.5
"Post scheduled trip end time",-11,8805,8816,4020.5
"Post scheduled trip end time",-11,41,52,4020.5
"Post scheduled trip end time",-11,7871,7882,4020.5
"Post scheduled trip end time",-11,3872,3883,4020.5
"Post scheduled trip end time",-11,8991,9002,4020.5
"Post scheduled trip end time",-11,286,297,4020.5
"Post scheduled trip end time",-11,1988,1999,4020.5
"Post scheduled trip end time",-11,13068,13079,4020.5
"Post scheduled trip end time",-11,633,644,4020.5
"Post scheduled trip end time",-11,260,271,4020.5
"Post scheduled trip end time",-11,51,62,4020.5
"Post scheduled trip end time",-11,5026,5037,4020.5
"Post scheduled trip end time",-11,14,25,4020.5
"Post scheduled trip end time",-11,10711,10722,4020.5
"Post scheduled trip end time",-11,14668,14679,4020.5
"Post scheduled trip end time",-11,114,125,4020.5
"Post scheduled trip end time",-11,10890,10901,4020.5
"Post scheduled trip end time",-11,8,19,4020.5
"Post scheduled trip end time",-11,20012,20023,4020.5
"Before scheduled trip start time",-10,27,37,8038
"Before scheduled trip start time",-10,-5,5,8038
"Before scheduled trip start time",-10,5832,5842,8038
"Before scheduled trip start time",-10,12,22,8038
"Before scheduled trip start time",-10,32,42,8038
"Before scheduled trip start time",-10,40,50,8038
"Before scheduled trip start time",-10,NA,NA,8038
"Before scheduled trip start time",-10,6,16,8038
"Before scheduled trip start time",-10,9552,9562,8038
"Before scheduled trip start time",-10,28,38,8038
"Before scheduled trip start time",-10,72899,72909,8038
"Before scheduled trip start time",-10,1728,1738,8038
"Before scheduled trip start time",-10,-2,8,8038
"Before scheduled trip start time",-10,1566,1576,8038
"Before scheduled trip start time",-10,15,25,8038
"Before scheduled trip start time",-10,14232,14242,8038
"Before scheduled trip start time",-10,50,60,8038
"Before scheduled trip start time",-10,2171,2181,8038
"Before scheduled trip start time",-10,26,36,8038
"Before scheduled trip start time",-10,1525,1535,8038
"Before scheduled trip start time",-10,2,12,8038
"Before scheduled trip start time",-10,1455,1465,8038
"Before scheduled trip start time",-10,30158,30168,8038
"Before scheduled trip start time",-10,4,14,8038
"Before scheduled trip start time",-10,19,29,8038
"Before scheduled trip start time",-10,-3,7,8038
"Before scheduled trip start time",-10,29,39,8038
"Before scheduled trip start time",-10,132,142,8038
"Before scheduled trip start time",-10,9,19,8038
"Before scheduled trip start time",-10,31,41,8038
"Before scheduled trip start time",-10,-9,1,8038
"Before scheduled trip start time",-10,1277,1287,8038
"Before scheduled trip start time",-10,3092,3102,8038
"Before scheduled trip start time",-10,18,28,8038
"Before scheduled trip start time",-10,5,15,8038
"Before scheduled trip start time",-10,42239,42249,8038
"Before scheduled trip start time",-10,1855,1865,8038
"Before scheduled trip start time",-10,96,106,8038
"Before scheduled trip start time",-10,8775,8785,8038
"Before scheduled trip start time",-10,1249,1259,8038
"Before scheduled trip start time",-10,178,188,8038
"Before scheduled trip start time",-10,30,40,8038
"Before scheduled trip start time",-10,690,700,8038
"Before scheduled trip start time",-10,848,858,8038
"Before scheduled trip start time",-10,419,429,8038
"Before scheduled trip start time",-10,13,23,8038
"Before scheduled trip start time",-10,16,26,8038
"Before scheduled trip start time",-10,33094,33104,8038
"Before scheduled trip start time",-10,11,21,8038
"Before scheduled trip start time",-10,13112,13122,8038
"Before scheduled trip start time",-10,42,52,8038
"Before scheduled trip start time",-10,15243,15253,8038
"Before scheduled trip start time",-10,-1,9,8038
"Before scheduled trip start time",-10,58,68,8038
"Before scheduled trip start time",-10,13932,13942,8038
"Before scheduled trip start time",-10,84,94,8038
"Before scheduled trip start time",-10,622,632,8038
"Before scheduled trip start time",-10,-6,4,8038
"Before scheduled trip start time",-10,492948,492958,8038
"Before scheduled trip start time",-10,14,24,8038
"Before scheduled trip start time",-10,13752,13762,8038
"Before scheduled trip start time",-10,65207,65217,8038
"Before scheduled trip start time",-10,7774,7784,8038
"Before scheduled trip start time",-10,687880,687890,8038
"Before scheduled trip start time",-10,39,49,8038
"Before scheduled trip start time",-10,988,998,8038
"Before scheduled trip start time",-10,247,257,8038
"Before scheduled trip start time",-10,60207,60217,8038
"Before scheduled trip start time",-10,54919,54929,8038
"Before scheduled trip start time",-10,-7,3,8038
"Before scheduled trip start time",-10,7737,7747,8038
"Before scheduled trip start time",-10,4017,4027,8038
"Before scheduled trip start time",-10,3,13,8038
"Before scheduled trip start time",-10,20,30,8038
"Before scheduled trip start time",-10,1549,1559,8038
"Before scheduled trip start time",-10,167,177,8038
"Before scheduled trip start time",-10,21,31,8038
"Before scheduled trip start time",-10,-4,6,8038
"Before scheduled trip start time",-10,9532,9542,8038
"Before scheduled trip start time",-10,10,20,8038
"Before scheduled trip start time",-10,994,1004,8038
"Before scheduled trip start time",-10,269,279,8038
"Before scheduled trip start time",-10,187,197,8038
"Before scheduled trip start time",-10,24,34,8038
"Before scheduled trip start time",-10,3054,3064,8038
"Before scheduled trip start time",-10,23,33,8038
"Before scheduled trip start time",-10,7,17,8038
"Before scheduled trip start time",-10,682880,682890,8038
"Before scheduled trip start time",-10,71647,71657,8038
"Before scheduled trip start time",-10,4377,4387,8038
"Before scheduled trip start time",-10,11515,11525,8038
"Before scheduled trip start time",-10,8,18,8038
"Before scheduled trip start time",-10,9397,9407,8038
"Before scheduled trip start time",-10,1539,1549,8038
"Before scheduled trip start time",-10,505628,505638,8038
"Before scheduled trip start time",-10,7717,7727,8038
"Before scheduled trip start time",-10,36,46,8038
"Before scheduled trip start time",-10,38,48,8038
"Before scheduled trip start time",-10,226,236,8038
"Before scheduled trip start time",-10,35,45,8038
"Before scheduled trip start time",-10,255,265,8038
"Before scheduled trip start time",-10,27923,27933,8038
"Before scheduled trip start time",-10,0,10,8038
"Before scheduled trip start time",-10,429,439,8038
"Before scheduled trip start time",-10,17,27,8038
"Before scheduled trip start time",-10,6399,6409,8038
"Before scheduled trip start time",-10,11212,11222,8038
"Before scheduled trip start time",-10,77519,77529,8038
"Before scheduled trip start time",-10,22,32,8038
"Before scheduled trip start time",-10,10514,10524,8038
"Before scheduled trip start time",-10,1069,1079,8038
"Before scheduled trip start time",-10,1779,1789,8038
"Before scheduled trip start time",-10,146,156,8038
"Before scheduled trip start time",-10,4055,4065,8038
"Before scheduled trip start time",-10,322,332,8038
"Before scheduled trip start time",-10,127,137,8038
"Before scheduled trip start time",-10,-8,2,8038
"Before scheduled trip start time",-10,549,559,8038
"Before scheduled trip start time",-10,67679,67689,8038
"Before scheduled trip start time",-10,25,35,8038
"Before scheduled trip start time",-10,1,11,8038
"During scheduled trip",-10,59,69,291
"During scheduled trip",-10,62,72,291
"During scheduled trip",-10,NA,NA,291
"During scheduled trip",-10,34,44,291
"During scheduled trip",-10,38,48,291
"During scheduled trip",-10,54,64,291
"During scheduled trip",-10,201,211,291
"During scheduled trip",-10,50,60,291
"During scheduled trip",-10,35,45,291
"During scheduled trip",-10,-7,3,291
"During scheduled trip",-10,4,14,291
"During scheduled trip",-10,53,63,291
"During scheduled trip",-10,115,125,291
"During scheduled trip",-10,-4,6,291
"During scheduled trip",-10,275,285,291
"During scheduled trip",-10,739,749,291
"During scheduled trip",-10,82,92,291
"During scheduled trip",-10,-8,2,291
"During scheduled trip",-10,130,140,291
"During scheduled trip",-10,72,82,291
"During scheduled trip",-10,-5,5,291
"During scheduled trip",-10,129,139,291
"During scheduled trip",-10,81,91,291
"During scheduled trip",-10,33,43,291
"During scheduled trip",-10,61,71,291
"During scheduled trip",-10,120,130,291
"During scheduled trip",-10,312,322,291
"During scheduled trip",-10,39,49,291
"During scheduled trip",-10,20,30,291
"During scheduled trip",-10,98,108,291
"During scheduled trip",-10,73,83,291
"During scheduled trip",-10,1977,1987,291
"During scheduled trip",-10,269,279,291
"During scheduled trip",-10,66,76,291
"During scheduled trip",-10,1631,1641,291
"During scheduled trip",-10,40,50,291
"During scheduled trip",-10,460,470,291
"During scheduled trip",-10,15,25,291
"During scheduled trip",-10,17,27,291
"During scheduled trip",-10,235,245,291
"During scheduled trip",-10,158,168,291
"During scheduled trip",-10,21,31,291
"During scheduled trip",-10,194,204,291
"During scheduled trip",-10,-9,1,291
"During scheduled trip",-10,25,35,291
"During scheduled trip",-10,126,136,291
"During scheduled trip",-10,-3,7,291
"During scheduled trip",-10,7,17,291
"During scheduled trip",-10,218,228,291
"During scheduled trip",-10,27,37,291
"During scheduled trip",-10,1901,1911,291
"During scheduled trip",-10,10,20,291
"During scheduled trip",-10,2,12,291
"During scheduled trip",-10,48,58,291
"During scheduled trip",-10,36,46,291
"During scheduled trip",-10,8,18,291
"During scheduled trip",-10,28,38,291
"During scheduled trip",-10,586,596,291
"During scheduled trip",-10,181,191,291
"During scheduled trip",-10,1820,1830,291
"During scheduled trip",-10,125,135,291
"During scheduled trip",-10,22,32,291
"During scheduled trip",-10,99,109,291
"During scheduled trip",-10,52,62,291
"During scheduled trip",-10,5,15,291
"During scheduled trip",-10,9,19,291
"During scheduled trip",-10,43,53,291
"During scheduled trip",-10,75,85,291
"During scheduled trip",-10,55,65,291
"During scheduled trip",-10,267,277,291
"During scheduled trip",-10,97,107,291
"During scheduled trip",-10,31,41,291
"During scheduled trip",-10,70,80,291
"During scheduled trip",-10,41,51,291
"During scheduled trip",-10,60,70,291
"During scheduled trip",-10,200,210,291
"During scheduled trip",-10,0,10,291
"During scheduled trip",-10,-6,4,291
"During scheduled trip",-10,429,439,291
"During scheduled trip",-10,118,128,291
"During scheduled trip",-10,368,378,291
"During scheduled trip",-10,95,105,291
"During scheduled trip",-10,51,61,291
"During scheduled trip",-10,238,248,291
"During scheduled trip",-10,32,42,291
"During scheduled trip",-10,23,33,291
"During scheduled trip",-10,14,24,291
"During scheduled trip",-10,247,257,291
"During scheduled trip",-10,637,647,291
"During scheduled trip",-10,6,16,291
"During scheduled trip",-10,80,90,291
"During scheduled trip",-10,18,28,291
"During scheduled trip",-10,-1,9,291
"During scheduled trip",-10,1,11,291
"During scheduled trip",-10,503,513,291
"During scheduled trip",-10,47,57,291
"During scheduled trip",-10,45,55,291
"During scheduled trip",-10,1961,1971,291
"During scheduled trip",-10,37,47,291
"During scheduled trip",-10,49,59,291
"During scheduled trip",-10,57,67,291
"During scheduled trip",-10,250,260,291
"During scheduled trip",-10,19,29,291
"During scheduled trip",-10,71,81,291
"During scheduled trip",-10,24,34,291
"During scheduled trip",-10,29,39,291
"During scheduled trip",-10,56,66,291
"During scheduled trip",-10,108,118,291
"During scheduled trip",-10,11,21,291
"During scheduled trip",-10,42,52,291
"During scheduled trip",-10,26,36,291
"During scheduled trip",-10,111,121,291
"During scheduled trip",-10,85,95,291
"During scheduled trip",-10,132,142,291
"During scheduled trip",-10,67,77,291
"During scheduled trip",-10,140,150,291
"During scheduled trip",-10,44,54,291
"During scheduled trip",-10,105,115,291
"During scheduled trip",-10,46,56,291
"During scheduled trip",-10,13,23,291
"During scheduled trip",-10,30,40,291
"During scheduled trip",-10,3,13,291
"During scheduled trip",-10,58,68,291
"During scheduled trip",-10,100,110,291
"During scheduled trip",-10,12,22,291
"During scheduled trip",-10,16,26,291
"During scheduled trip",-10,-2,8,291
"Post scheduled trip end time",-10,10908,10918,4020.5
"Post scheduled trip end time",-10,1986,1996,4020.5
"Post scheduled trip end time",-10,1616,1626,4020.5
"Post scheduled trip end time",-10,565,575,4020.5
"Post scheduled trip end time",-10,1420,1430,4020.5
"Post scheduled trip end time",-10,532948,532958,4020.5
"Post scheduled trip end time",-10,29,39,4020.5
"Post scheduled trip end time",-10,8091,8101,4020.5
"Post scheduled trip end time",-10,13,23,4020.5
"Post scheduled trip end time",-10,1451,1461,4020.5
"Post scheduled trip end time",-10,8,18,4020.5
"Post scheduled trip end time",-10,4305,4315,4020.5
"Post scheduled trip end time",-10,8281,8291,4020.5
"Post scheduled trip end time",-10,9338,9348,4020.5
"Post scheduled trip end time",-10,8912,8922,4020.5
"Post scheduled trip end time",-10,2669,2679,4020.5
"Post scheduled trip end time",-10,4,14,4020.5
"Post scheduled trip end time",-10,12646,12656,4020.5
"Post scheduled trip end time",-10,15971,15981,4020.5
"Post scheduled trip end time",-10,52,62,4020.5
"Post scheduled trip end time",-10,31,41,4020.5
"Post scheduled trip end time",-10,41,51,4020.5
"Post scheduled trip end time",-10,26,36,4020.5
"Post scheduled trip end time",-10,7571,7581,4020.5
"Post scheduled trip end time",-10,6034,6044,4020.5
"Post scheduled trip end time",-10,383,393,4020.5
"Post scheduled trip end time",-10,9,19,4020.5
"Post scheduled trip end time",-10,4892,4902,4020.5
"Post scheduled trip end time",-10,4590,4600,4020.5
"Post scheduled trip end time",-10,10185,10195,4020.5
"Post scheduled trip end time",-10,975,985,4020.5
"Post scheduled trip end time",-10,10106,10116,4020.5
"Post scheduled trip end time",-10,18568,18578,4020.5
"Post scheduled trip end time",-10,142,152,4020.5
"Post scheduled trip end time",-10,1998,2008,4020.5
"Post scheduled trip end time",-10,12112,12122,4020.5
"Post scheduled trip end time",-10,12006,12016,4020.5
"Post scheduled trip end time",-10,539408,539418,4020.5
"Post scheduled trip end time",-10,18012,18022,4020.5
"Post scheduled trip end time",-10,7,17,4020.5
"Post scheduled trip end time",-10,15548,15558,4020.5
"Post scheduled trip end time",-10,528228,528238,4020.5
"Post scheduled trip end time",-10,22,32,4020.5
"Post scheduled trip end time",-10,63,73,4020.5
"Post scheduled trip end time",-10,13281,13291,4020.5
"Post scheduled trip end time",-10,11,21,4020.5
"Post scheduled trip end time",-10,53,63,4020.5
"Post scheduled trip end time",-10,300,310,4020.5
"Post scheduled trip end time",-10,539388,539398,4020.5
"Post scheduled trip end time",-10,19597,19607,4020.5
"Post scheduled trip end time",-10,166,176,4020.5
"Post scheduled trip end time",-10,-5,5,4020.5
"Post scheduled trip end time",-10,5488,5498,4020.5
"Post scheduled trip end time",-10,13868,13878,4020.5
"Post scheduled trip end time",-10,15,25,4020.5
"Post scheduled trip end time",-10,106,116,4020.5
"Post scheduled trip end time",-10,23,33,4020.5
"Post scheduled trip end time",-10,15491,15501,4020.5
"Post scheduled trip end time",-10,1,11,4020.5
"Post scheduled trip end time",-10,16,26,4020.5
"Post scheduled trip end time",-10,19,29,4020.5
"Post scheduled trip end time",-10,-6,4,4020.5
"Post scheduled trip end time",-10,2288,2298,4020.5
"Post scheduled trip end time",-10,20,30,4020.5
"Post scheduled trip end time",-10,2919,2929,4020.5
"Post scheduled trip end time",-10,14161,14171,4020.5
"Post scheduled trip end time",-10,24,34,4020.5
"Post scheduled trip end time",-10,542968,542978,4020.5
"Post scheduled trip end time",-10,10792,10802,4020.5
"Post scheduled trip end time",-10,79,89,4020.5
"Post scheduled trip end time",-10,6681,6691,4020.5
"Post scheduled trip end time",-10,21,31,4020.5
"Post scheduled trip end time",-10,12826,12836,4020.5
"Post scheduled trip end time",-10,157,167,4020.5
"Post scheduled trip end time",-10,541068,541078,4020.5
"Post scheduled trip end time",-10,18268,18278,4020.5
"Post scheduled trip end time",-10,4618,4628,4020.5
"Post scheduled trip end time",-10,11291,11301,4020.5
"Post scheduled trip end time",-10,574,584,4020.5
"Post scheduled trip end time",-10,-8,2,4020.5
"Post scheduled trip end time",-10,2,12,4020.5
"Post scheduled trip end time",-10,4726,4736,4020.5
"Post scheduled trip end time",-10,36,46,4020.5
"Post scheduled trip end time",-10,4041,4051,4020.5
"Post scheduled trip end time",-10,272,282,4020.5
"Post scheduled trip end time",-10,-9,1,4020.5
"Post scheduled trip end time",-10,5,15,4020.5
"Post scheduled trip end time",-10,1880,1890,4020.5
"Post scheduled trip end time",-10,15671,15681,4020.5
"Post scheduled trip end time",-10,-1,9,4020.5
"Post scheduled trip end time",-10,6380,6390,4020.5
"Post scheduled trip end time",-10,-2,8,4020.5
"Post scheduled trip end time",-10,11271,11281,4020.5
"Post scheduled trip end time",-10,92,102,4020.5
"Post scheduled trip end time",-10,3925,3935,4020.5
"Post scheduled trip end time",-10,14,24,4020.5
"Post scheduled trip end time",-10,39,49,4020.5
"Post scheduled trip end time",-10,4101,4111,4020.5
"Post scheduled trip end time",-10,43,53,4020.5
"Post scheduled trip end time",-10,13126,13136,4020.5
"Post scheduled trip end time",-10,8132,8142,4020.5
"Post scheduled trip end time",-10,1218,1228,4020.5
"Post scheduled trip end time",-10,523608,523618,4020.5
"Post scheduled trip end time",-10,254,264,4020.5
"Post scheduled trip end time",-10,123,133,4020.5
"Post scheduled trip end time",-10,42,52,4020.5
"Post scheduled trip end time",-10,11388,11398,4020.5
"Post scheduled trip end time",-10,17192,17202,4020.5
"Post scheduled trip end time",-10,-7,3,4020.5
"Post scheduled trip end time",-10,1692,1702,4020.5
"Post scheduled trip end time",-10,38,48,4020.5
"Post scheduled trip end time",-10,18,28,4020.5
"Post scheduled trip end time",-10,200,210,4020.5
"Post scheduled trip end time",-10,17448,17458,4020.5
"Post scheduled trip end time",-10,1681,1691,4020.5
"Post scheduled trip end time",-10,4991,5001,4020.5
"Post scheduled trip end time",-10,109,119,4020.5
"Post scheduled trip end time",-10,6,16,4020.5
"Post scheduled trip end time",-10,18088,18098,4020.5
"Post scheduled trip end time",-10,6992,7002,4020.5
"Post scheduled trip end time",-10,8446,8456,4020.5
"Post scheduled trip end time",-10,3561,3571,4020.5
"Post scheduled trip end time",-10,-4,6,4020.5
"Post scheduled trip end time",-10,9305,9315,4020.5
"Post scheduled trip end time",-10,506,516,4020.5
"Post scheduled trip end time",-10,4517,4527,4020.5
"Post scheduled trip end time",-10,15032,15042,4020.5
"Post scheduled trip end time",-10,572,582,4020.5
"Post scheduled trip end time",-10,2635,2645,4020.5
"Post scheduled trip end time",-10,13888,13898,4020.5
"Post scheduled trip end time",-10,27,37,4020.5
"Post scheduled trip end time",-10,9421,9431,4020.5
"Post scheduled trip end time",-10,367,377,4020.5
"Post scheduled trip end time",-10,598,608,4020.5
"Post scheduled trip end time",-10,14851,14861,4020.5
"Post scheduled trip end time",-10,220,230,4020.5
"Post scheduled trip end time",-10,17,27,4020.5
"Post scheduled trip end time",-10,1352,1362,4020.5
"Post scheduled trip end time",-10,1438,1448,4020.5
"Post scheduled trip end time",-10,7257,7267,4020.5
"Post scheduled trip end time",-10,-3,7,4020.5
"Post scheduled trip end time",-10,22252,22262,4020.5
"Post scheduled trip end time",-10,4261,4271,4020.5
"Post scheduled trip end time",-10,12951,12961,4020.5
"Post scheduled trip end time",-10,33,43,4020.5
"Post scheduled trip end time",-10,4831,4841,4020.5
"Post scheduled trip end time",-10,10168,10178,4020.5
"Post scheduled trip end time",-10,535688,535698,4020.5
"Post scheduled trip end time",-10,NA,NA,4020.5
"Post scheduled trip end time",-10,15237,15247,4020.5
"Post scheduled trip end time",-10,35,45,4020.5
"Post scheduled trip end time",-10,12,22,4020.5
"Post scheduled trip end time",-10,8426,8436,4020.5
"Post scheduled trip end time",-10,25,35,4020.5
"Post scheduled trip end time",-10,7901,7911,4020.5
"Post scheduled trip end time",-10,0,10,4020.5
"Post scheduled trip end time",-10,14654,14664,4020.5
"Post scheduled trip end time",-10,28,38,4020.5
"Post scheduled trip end time",-10,126,136,4020.5
"Post scheduled trip end time",-10,34,44,4020.5
"Post scheduled trip end time",-10,3,13,4020.5
"Post scheduled trip end time",-10,10,20,4020.5
"Post scheduled trip end time",-10,591,601,4020.5
"Post scheduled trip end time",-10,7428,7438,4020.5
"Post scheduled trip end time",-10,3770,3780,4020.5
"Before scheduled trip start time",-9,1112,1121,8038
"Before scheduled trip start time",-9,1719,1728,8038
"Before scheduled trip start time",-9,110,119,8038
"Before scheduled trip start time",-9,62079,62088,8038
"Before scheduled trip start time",-9,17,26,8038
"Before scheduled trip start time",-9,72,81,8038
"Before scheduled trip start time",-9,80259,80268,8038
"Before scheduled trip start time",-9,51,60,8038
"Before scheduled trip start time",-9,79219,79228,8038
"Before scheduled trip start time",-9,125,134,8038
"Before scheduled trip start time",-9,29,38,8038
"Before scheduled trip start time",-9,12,21,8038
"Before scheduled trip start time",-9,21,30,8038
"Before scheduled trip start time",-9,514428,514437,8038
"Before scheduled trip start time",-9,2397,2406,8038
"Before scheduled trip start time",-9,11814,11823,8038
"Before scheduled trip start time",-9,-8,1,8038
"Before scheduled trip start time",-9,26,35,8038
"Before scheduled trip start time",-9,32314,32323,8038
"Before scheduled trip start time",-9,1280,1289,8038
"Before scheduled trip start time",-9,23,32,8038
"Before scheduled trip start time",-9,34,43,8038
"Before scheduled trip start time",-9,45,54,8038
"Before scheduled trip start time",-9,58087,58096,8038
"Before scheduled trip start time",-9,46,55,8038
"Before scheduled trip start time",-9,255,264,8038
"Before scheduled trip start time",-9,57,66,8038
"Before scheduled trip start time",-9,43,52,8038
"Before scheduled trip start time",-9,32,41,8038
"Before scheduled trip start time",-9,-1,8,8038
"Before scheduled trip start time",-9,3,12,8038
"Before scheduled trip start time",-9,47,56,8038
"Before scheduled trip start time",-9,22,31,8038
"Before scheduled trip start time",-9,158,167,8038
"Before scheduled trip start time",-9,94,103,8038
"Before scheduled trip start time",-9,11,20,8038
"Before scheduled trip start time",-9,35,44,8038
"Before scheduled trip start time",-9,29378,29387,8038
"Before scheduled trip start time",-9,24,33,8038
"Before scheduled trip start time",-9,1016,1025,8038
"Before scheduled trip start time",-9,543,552,8038
"Before scheduled trip start time",-9,138,147,8038
"Before scheduled trip start time",-9,759,768,8038
"Before scheduled trip start time",-9,40,49,8038
"Before scheduled trip start time",-9,14,23,8038
"Before scheduled trip start time",-9,-7,2,8038
"Before scheduled trip start time",-9,139,148,8038
"Before scheduled trip start time",-9,7595,7604,8038
"Before scheduled trip start time",-9,167,176,8038
"Before scheduled trip start time",-9,5794,5803,8038
"Before scheduled trip start time",-9,79,88,8038
"Before scheduled trip start time",-9,113,122,8038
"Before scheduled trip start time",-9,103,112,8038
"Before scheduled trip start time",-9,129,138,8038
"Before scheduled trip start time",-9,4754,4763,8038
"Before scheduled trip start time",-9,53,62,8038
"Before scheduled trip start time",-9,443,452,8038
"Before scheduled trip start time",-9,25,34,8038
"Before scheduled trip start time",-9,39,48,8038
"Before scheduled trip start time",-9,67,76,8038
"Before scheduled trip start time",-9,85,94,8038
"Before scheduled trip start time",-9,512788,512797,8038
"Before scheduled trip start time",-9,72279,72288,8038
"Before scheduled trip start time",-9,23932,23941,8038
"Before scheduled trip start time",-9,4,13,8038
"Before scheduled trip start time",-9,680760,680769,8038
"Before scheduled trip start time",-9,1327,1336,8038
"Before scheduled trip start time",-9,59,68,8038
"Before scheduled trip start time",-9,287,296,8038
"Before scheduled trip start time",-9,406,415,8038
"Before scheduled trip start time",-9,37,46,8038
"Before scheduled trip start time",-9,30878,30887,8038
"Before scheduled trip start time",-9,61,70,8038
"Before scheduled trip start time",-9,1159,1168,8038
"Before scheduled trip start time",-9,1357,1366,8038
"Before scheduled trip start time",-9,12815,12824,8038
"Before scheduled trip start time",-9,-6,3,8038
"Before scheduled trip start time",-9,322,331,8038
"Before scheduled trip start time",-9,170,179,8038
"Before scheduled trip start time",-9,160,169,8038
"Before scheduled trip start time",-9,76359,76368,8038
"Before scheduled trip start time",-9,6594,6603,8038
"Before scheduled trip start time",-9,10334,10343,8038
"Before scheduled trip start time",-9,-5,4,8038
"Before scheduled trip start time",-9,36,45,8038
"Before scheduled trip start time",-9,0,9,8038
"Before scheduled trip start time",-9,97,106,8038
"Before scheduled trip start time",-9,5755,5764,8038
"Before scheduled trip start time",-9,2895,2904,8038
"Before scheduled trip start time",-9,2759,2768,8038
"Before scheduled trip start time",-9,13,22,8038
"Before scheduled trip start time",-9,20,29,8038
"Before scheduled trip start time",-9,-2,7,8038
"Before scheduled trip start time",-9,1894,1903,8038
"Before scheduled trip start time",-9,365,374,8038
"Before scheduled trip start time",-9,58,67,8038
"Before scheduled trip start time",-9,1,10,8038
"Before scheduled trip start time",-9,804,813,8038
"Before scheduled trip start time",-9,67627,67636,8038
"Before scheduled trip start time",-9,5239,5248,8038
"Before scheduled trip start time",-9,32938,32947,8038
"Before scheduled trip start time",-9,1235,1244,8038
"Before scheduled trip start time",-9,540,549,8038
"Before scheduled trip start time",-9,10,19,8038
"Before scheduled trip start time",-9,63719,63728,8038
"Before scheduled trip start time",-9,38,47,8038
"Before scheduled trip start time",-9,8,17,8038
"Before scheduled trip start time",-9,1040,1049,8038
"Before scheduled trip start time",-9,55,64,8038
"Before scheduled trip start time",-9,81059,81068,8038
"Before scheduled trip start time",-9,-3,6,8038
"Before scheduled trip start time",-9,7132,7141,8038
"Before scheduled trip start time",-9,6795,6804,8038
"Before scheduled trip start time",-9,3559,3568,8038
"Before scheduled trip start time",-9,33,42,8038
"Before scheduled trip start time",-9,NA,NA,8038
"Before scheduled trip start time",-9,28,37,8038
"Before scheduled trip start time",-9,1095,1104,8038
"Before scheduled trip start time",-9,-4,5,8038
"Before scheduled trip start time",-9,275,284,8038
"Before scheduled trip start time",-9,432,441,8038
"Before scheduled trip start time",-9,2,11,8038
"Before scheduled trip start time",-9,157,166,8038
"Before scheduled trip start time",-9,483,492,8038
"Before scheduled trip start time",-9,74559,74568,8038
"Before scheduled trip start time",-9,1912,1921,8038
"Before scheduled trip start time",-9,475,484,8038
"Before scheduled trip start time",-9,69347,69356,8038
"Before scheduled trip start time",-9,568,577,8038
"Before scheduled trip start time",-9,5,14,8038
"Before scheduled trip start time",-9,301,310,8038
"Before scheduled trip start time",-9,269,278,8038
"Before scheduled trip start time",-9,3197,3206,8038
"Before scheduled trip start time",-9,19,28,8038
"Before scheduled trip start time",-9,11335,11344,8038
"Before scheduled trip start time",-9,60,69,8038
"Before scheduled trip start time",-9,16,25,8038
"Before scheduled trip start time",-9,6,15,8038
"Before scheduled trip start time",-9,276,285,8038
"Before scheduled trip start time",-9,27,36,8038
"Before scheduled trip start time",-9,30,39,8038
"Before scheduled trip start time",-9,9,18,8038
"Before scheduled trip start time",-9,1000,1009,8038
"Before scheduled trip start time",-9,41,50,8038
"Before scheduled trip start time",-9,3439,3448,8038
"Before scheduled trip start time",-9,207,216,8038
"Before scheduled trip start time",-9,5317,5326,8038
"Before scheduled trip start time",-9,5652,5661,8038
"Before scheduled trip start time",-9,263,272,8038
"Before scheduled trip start time",-9,18,27,8038
"Before scheduled trip start time",-9,7,16,8038
"Before scheduled trip start time",-9,69,78,8038
"Before scheduled trip start time",-9,324,333,8038
"Before scheduled trip start time",-9,31,40,8038
"Before scheduled trip start time",-9,3837,3846,8038
"Before scheduled trip start time",-9,111,120,8038
"Before scheduled trip start time",-9,15,24,8038
"Before scheduled trip start time",-9,2475,2484,8038
"During scheduled trip",-9,12,21,291
"During scheduled trip",-9,66,75,291
"During scheduled trip",-9,141,150,291
"During scheduled trip",-9,2851,2860,291
"During scheduled trip",-9,44,53,291
"During scheduled trip",-9,-7,2,291
"During scheduled trip",-9,10,19,291
"During scheduled trip",-9,479,488,291
"During scheduled trip",-9,38,47,291
"During scheduled trip",-9,79,88,291
"During scheduled trip",-9,13,22,291
"During scheduled trip",-9,661,670,291
"During scheduled trip",-9,32,41,291
"During scheduled trip",-9,93,102,291
"During scheduled trip",-9,75,84,291
"During scheduled trip",-9,2411,2420,291
"During scheduled trip",-9,36,45,291
"During scheduled trip",-9,113,122,291
"During scheduled trip",-9,344,353,291
"During scheduled trip",-9,70,79,291
"During scheduled trip",-9,20,29,291
"During scheduled trip",-9,45,54,291
"During scheduled trip",-9,60,69,291
"During scheduled trip",-9,161,170,291
"During scheduled trip",-9,16,25,291
"During scheduled trip",-9,21,30,291
"During scheduled trip",-9,125,134,291
"During scheduled trip",-9,46,55,291
"During scheduled trip",-9,131,140,291
"During scheduled trip",-9,1388,1397,291
"During scheduled trip",-9,2,11,291
"During scheduled trip",-9,14,23,291
"During scheduled trip",-9,158,167,291
"During scheduled trip",-9,-1,8,291
"During scheduled trip",-9,145,154,291
"During scheduled trip",-9,-8,1,291
"During scheduled trip",-9,34,43,291
"During scheduled trip",-9,72,81,291
"During scheduled trip",-9,523,532,291
"During scheduled trip",-9,31,40,291
"During scheduled trip",-9,37,46,291
"During scheduled trip",-9,1274,1283,291
"During scheduled trip",-9,162,171,291
"During scheduled trip",-9,160,169,291
"During scheduled trip",-9,6,15,291
"During scheduled trip",-9,-2,7,291
"During scheduled trip",-9,57,66,291
"During scheduled trip",-9,107,116,291
"During scheduled trip",-9,0,9,291
"During scheduled trip",-9,18,27,291
"During scheduled trip",-9,1811,1820,291
"During scheduled trip",-9,43,52,291
"During scheduled trip",-9,109,118,291
"During scheduled trip",-9,801,810,291
"During scheduled trip",-9,39,48,291
"During scheduled trip",-9,25,34,291
"During scheduled trip",-9,28,37,291
"During scheduled trip",-9,40,49,291
"During scheduled trip",-9,139,148,291
"During scheduled trip",-9,55,64,291
"During scheduled trip",-9,74,83,291
"During scheduled trip",-9,1954,1963,291
"During scheduled trip",-9,7,16,291
"During scheduled trip",-9,71,80,291
"During scheduled trip",-9,54,63,291
"During scheduled trip",-9,-3,6,291
"During scheduled trip",-9,119,128,291
"During scheduled trip",-9,42,51,291
"During scheduled trip",-9,1,10,291
"During scheduled trip",-9,-5,4,291
"During scheduled trip",-9,67,76,291
"During scheduled trip",-9,62,71,291
"During scheduled trip",-9,137,146,291
"During scheduled trip",-9,35,44,291
"During scheduled trip",-9,63,72,291
"During scheduled trip",-9,58,67,291
"During scheduled trip",-9,33,42,291
"During scheduled trip",-9,4,13,291
"During scheduled trip",-9,NA,NA,291
"During scheduled trip",-9,122,131,291
"During scheduled trip",-9,56,65,291
"During scheduled trip",-9,61,70,291
"During scheduled trip",-9,423,432,291
"During scheduled trip",-9,26,35,291
"During scheduled trip",-9,41,50,291
"During scheduled trip",-9,3011,3020,291
"During scheduled trip",-9,50,59,291
"During scheduled trip",-9,165,174,291
"During scheduled trip",-9,276,285,291
"During scheduled trip",-9,473,482,291
"During scheduled trip",-9,19,28,291
"During scheduled trip",-9,68,77,291
"During scheduled trip",-9,-4,5,291
"During scheduled trip",-9,51,60,291
"During scheduled trip",-9,59,68,291
"During scheduled trip",-9,89,98,291
"During scheduled trip",-9,24,33,291
"During scheduled trip",-9,340,349,291
"During scheduled trip",-9,49,58,291
"During scheduled trip",-9,457,466,291
"During scheduled trip",-9,52,61,291
"During scheduled trip",-9,23,32,291
"During scheduled trip",-9,17,26,291
"During scheduled trip",-9,1620,1629,291
"During scheduled trip",-9,83,92,291
"During scheduled trip",-9,721,730,291
"During scheduled trip",-9,3651,3660,291
"During scheduled trip",-9,108,117,291
"During scheduled trip",-9,29,38,291
"During scheduled trip",-9,84,93,291
"During scheduled trip",-9,30,39,291
"During scheduled trip",-9,48,57,291
"During scheduled trip",-9,-6,3,291
"During scheduled trip",-9,135,144,291
"During scheduled trip",-9,302,311,291
"During scheduled trip",-9,27,36,291
"During scheduled trip",-9,15,24,291
"During scheduled trip",-9,1790,1799,291
"During scheduled trip",-9,102,111,291
"During scheduled trip",-9,152,161,291
"During scheduled trip",-9,172,181,291
"During scheduled trip",-9,1752,1761,291
"During scheduled trip",-9,47,56,291
"During scheduled trip",-9,22,31,291
"During scheduled trip",-9,207,216,291
"During scheduled trip",-9,53,62,291
"During scheduled trip",-9,9,18,291
"During scheduled trip",-9,174,183,291
"During scheduled trip",-9,64,73,291
"During scheduled trip",-9,112,121,291
"During scheduled trip",-9,3,12,291
"During scheduled trip",-9,148,157,291
"During scheduled trip",-9,234,243,291
"During scheduled trip",-9,5,14,291
"During scheduled trip",-9,8,17,291
"During scheduled trip",-9,376,385,291
"During scheduled trip",-9,11,20,291
"During scheduled trip",-9,561,570,291
"Post scheduled trip end time",-9,34,43,4020.5
"Post scheduled trip end time",-9,1953,1962,4020.5
"Post scheduled trip end time",-9,38,47,4020.5
"Post scheduled trip end time",-9,20,29,4020.5
"Post scheduled trip end time",-9,878,887,4020.5
"Post scheduled trip end time",-9,-4,5,4020.5
"Post scheduled trip end time",-9,4745,4754,4020.5
"Post scheduled trip end time",-9,17,26,4020.5
"Post scheduled trip end time",-9,538,547,4020.5
"Post scheduled trip end time",-9,525268,525277,4020.5
"Post scheduled trip end time",-9,15,24,4020.5
"Post scheduled trip end time",-9,69,78,4020.5
"Post scheduled trip end time",-9,22,31,4020.5
"Post scheduled trip end time",-9,7472,7481,4020.5
"Post scheduled trip end time",-9,13,22,4020.5
"Post scheduled trip end time",-9,2585,2594,4020.5
"Post scheduled trip end time",-9,9241,9250,4020.5
"Post scheduled trip end time",-9,7010,7019,4020.5
"Post scheduled trip end time",-9,9041,9050,4020.5
"Post scheduled trip end time",-9,6,15,4020.5
"Post scheduled trip end time",-9,7,16,4020.5
"Post scheduled trip end time",-9,1,10,4020.5
"Post scheduled trip end time",-9,19657,19666,4020.5
"Post scheduled trip end time",-9,1526,1535,4020.5
"Post scheduled trip end time",-9,2,11,4020.5
"Post scheduled trip end time",-9,9,18,4020.5
"Post scheduled trip end time",-9,1690,1699,4020.5
"Post scheduled trip end time",-9,4641,4650,4020.5
"Post scheduled trip end time",-9,1497,1506,4020.5
"Post scheduled trip end time",-9,28,37,4020.5
"Post scheduled trip end time",-9,758,767,4020.5
"Post scheduled trip end time",-9,3661,3670,4020.5
"Post scheduled trip end time",-9,120,129,4020.5
"Post scheduled trip end time",-9,48,57,4020.5
"Post scheduled trip end time",-9,2669,2678,4020.5
"Post scheduled trip end time",-9,8871,8880,4020.5
"Post scheduled trip end time",-9,5448,5457,4020.5
"Post scheduled trip end time",-9,35,44,4020.5
"Post scheduled trip end time",-9,4032,4041,4020.5
"Post scheduled trip end time",-9,8,17,4020.5
"Post scheduled trip end time",-9,2537,2546,4020.5
"Post scheduled trip end time",-9,1778,1787,4020.5
"Post scheduled trip end time",-9,535508,535517,4020.5
"Post scheduled trip end time",-9,-2,7,4020.5
"Post scheduled trip end time",-9,2979,2988,4020.5
"Post scheduled trip end time",-9,7077,7086,4020.5
"Post scheduled trip end time",-9,9988,9997,4020.5
"Post scheduled trip end time",-9,26,35,4020.5
"Post scheduled trip end time",-9,10,19,4020.5
"Post scheduled trip end time",-9,8451,8460,4020.5
"Post scheduled trip end time",-9,14692,14701,4020.5
"Post scheduled trip end time",-9,9485,9494,4020.5
"Post scheduled trip end time",-9,-7,2,4020.5
"Post scheduled trip end time",-9,1548,1557,4020.5
"Post scheduled trip end time",-9,527068,527077,4020.5
"Post scheduled trip end time",-9,6661,6670,4020.5
"Post scheduled trip end time",-9,-3,6,4020.5
"Post scheduled trip end time",-9,-8,1,4020.5
"Post scheduled trip end time",-9,14665,14674,4020.5
"Post scheduled trip end time",-9,43,52,4020.5
"Post scheduled trip end time",-9,0,9,4020.5
"Post scheduled trip end time",-9,16361,16370,4020.5
"Post scheduled trip end time",-9,9990,9999,4020.5
"Post scheduled trip end time",-9,438,447,4020.5
"Post scheduled trip end time",-9,33,42,4020.5
"Post scheduled trip end time",-9,45,54,4020.5
"Post scheduled trip end time",-9,27,36,4020.5
"Post scheduled trip end time",-9,806,815,4020.5
"Post scheduled trip end time",-9,4546,4555,4020.5
"Post scheduled trip end time",-9,2798,2807,4020.5
"Post scheduled trip end time",-9,3337,3346,4020.5
"Post scheduled trip end time",-9,977,986,4020.5
"Post scheduled trip end time",-9,4408,4417,4020.5
"Post scheduled trip end time",-9,31,40,4020.5
"Post scheduled trip end time",-9,29,38,4020.5
"Post scheduled trip end time",-9,73,82,4020.5
"Post scheduled trip end time",-9,24,33,4020.5
"Post scheduled trip end time",-9,59,68,4020.5
"Post scheduled trip end time",-9,49,58,4020.5
"Post scheduled trip end time",-9,5,14,4020.5
"Post scheduled trip end time",-9,4,13,4020.5
"Post scheduled trip end time",-9,773,782,4020.5
"Post scheduled trip end time",-9,530968,530977,4020.5
"Post scheduled trip end time",-9,5065,5074,4020.5
"Post scheduled trip end time",-9,792,801,4020.5
"Post scheduled trip end time",-9,13461,13470,4020.5
"Post scheduled trip end time",-9,4701,4710,4020.5
"Post scheduled trip end time",-9,651,660,4020.5
"Post scheduled trip end time",-9,11,20,4020.5
"Post scheduled trip end time",-9,NA,NA,4020.5
"Post scheduled trip end time",-9,531768,531777,4020.5
"Post scheduled trip end time",-9,18,27,4020.5
"Post scheduled trip end time",-9,6561,6570,4020.5
"Post scheduled trip end time",-9,30,39,4020.5
"Post scheduled trip end time",-9,7374,7383,4020.5
"Post scheduled trip end time",-9,16,25,4020.5
"Post scheduled trip end time",-9,-5,4,4020.5
"Post scheduled trip end time",-9,11468,11477,4020.5
"Post scheduled trip end time",-9,51,60,4020.5
"Post scheduled trip end time",-9,2685,2694,4020.5
"Post scheduled trip end time",-9,36,45,4020.5
"Post scheduled trip end time",-9,19,28,4020.5
"Post scheduled trip end time",-9,42,51,4020.5
"Post scheduled trip end time",-9,-1,8,4020.5
"Post scheduled trip end time",-9,39,48,4020.5
"Post scheduled trip end time",-9,6026,6035,4020.5
"Post scheduled trip end time",-9,211,220,4020.5
"Post scheduled trip end time",-9,7391,7400,4020.5
"Post scheduled trip end time",-9,8721,8730,4020.5
"Post scheduled trip end time",-9,10712,10721,4020.5
"Post scheduled trip end time",-9,-6,3,4020.5
"Post scheduled trip end time",-9,536988,536997,4020.5
"Post scheduled trip end time",-9,146,155,4020.5
"Post scheduled trip end time",-9,5501,5510,4020.5
"Post scheduled trip end time",-9,32,41,4020.5
"Post scheduled trip end time",-9,12385,12394,4020.5
"Post scheduled trip end time",-9,8068,8077,4020.5
"Post scheduled trip end time",-9,571,580,4020.5
"Post scheduled trip end time",-9,47,56,4020.5
"Post scheduled trip end time",-9,11030,11039,4020.5
"Post scheduled trip end time",-9,3,12,4020.5
"Post scheduled trip end time",-9,53,62,4020.5
"Post scheduled trip end time",-9,1643,1652,4020.5
"Post scheduled trip end time",-9,6248,6257,4020.5
"Post scheduled trip end time",-9,529928,529937,4020.5
"Post scheduled trip end time",-9,398,407,4020.5
"Post scheduled trip end time",-9,40,49,4020.5
"Post scheduled trip end time",-9,4321,4330,4020.5
"Post scheduled trip end time",-9,37,46,4020.5
"Post scheduled trip end time",-9,14,23,4020.5
"Post scheduled trip end time",-9,1741,1750,4020.5
"Post scheduled trip end time",-9,8012,8021,4020.5
"Post scheduled trip end time",-9,8557,8566,4020.5
"Post scheduled trip end time",-9,9051,9060,4020.5
"Post scheduled trip end time",-9,12,21,4020.5
"Post scheduled trip end time",-9,93,102,4020.5
"Post scheduled trip end time",-9,12432,12441,4020.5
"Post scheduled trip end time",-9,17386,17395,4020.5
"Post scheduled trip end time",-9,25,34,4020.5
"Post scheduled trip end time",-9,645,654,4020.5
"Post scheduled trip end time",-9,658,667,4020.5
"Post scheduled trip end time",-9,522988,522997,4020.5
"Post scheduled trip end time",-9,23,32,4020.5
"Post scheduled trip end time",-9,21,30,4020.5
"Post scheduled trip end time",-9,2852,2861,4020.5
"Before scheduled trip start time",-8,-4,4,8038
"Before scheduled trip start time",-8,1774,1782,8038
"Before scheduled trip start time",-8,-5,3,8038
"Before scheduled trip start time",-8,177,185,8038
"Before scheduled trip start time",-8,513348,513356,8038
"Before scheduled trip start time",-8,245,253,8038
"Before scheduled trip start time",-8,10,18,8038
"Before scheduled trip start time",-8,21,29,8038
"Before scheduled trip start time",-8,NA,NA,8038
"Before scheduled trip start time",-8,73539,73547,8038
"Before scheduled trip start time",-8,1,9,8038
"Before scheduled trip start time",-8,828,836,8038
"Before scheduled trip start time",-8,2535,2543,8038
"Before scheduled trip start time",-8,18,26,8038
"Before scheduled trip start time",-8,513368,513376,8038
"Before scheduled trip start time",-8,5275,5283,8038
"Before scheduled trip start time",-8,362,370,8038
"Before scheduled trip start time",-8,62659,62667,8038
"Before scheduled trip start time",-8,514348,514356,8038
"Before scheduled trip start time",-8,382,390,8038
"Before scheduled trip start time",-8,287,295,8038
"Before scheduled trip start time",-8,166,174,8038
"Before scheduled trip start time",-8,682160,682168,8038
"Before scheduled trip start time",-8,215,223,8038
"Before scheduled trip start time",-8,1654,1662,8038
"Before scheduled trip start time",-8,5,13,8038
"Before scheduled trip start time",-8,358,366,8038
"Before scheduled trip start time",-8,621,629,8038
"Before scheduled trip start time",-8,22,30,8038
"Before scheduled trip start time",-8,312,320,8038
"Before scheduled trip start time",-8,300,308,8038
"Before scheduled trip start time",-8,514448,514456,8038
"Before scheduled trip start time",-8,677100,677108,8038
"Before scheduled trip start time",-8,20,28,8038
"Before scheduled trip start time",-8,1139,1147,8038
"Before scheduled trip start time",-8,25,33,8038
"Before scheduled trip start time",-8,1239,1247,8038
"Before scheduled trip start time",-8,527,535,8038
"Before scheduled trip start time",-8,7375,7383,8038
"Before scheduled trip start time",-8,73579,73587,8038
"Before scheduled trip start time",-8,44,52,8038
"Before scheduled trip start time",-8,-6,2,8038
"Before scheduled trip start time",-8,34,42,8038
"Before scheduled trip start time",-8,7619,7627,8038
"Before scheduled trip start time",-8,39,47,8038
"Before scheduled trip start time",-8,29,37,8038
"Before scheduled trip start time",-8,535,543,8038
"Before scheduled trip start time",-8,7877,7885,8038
"Before scheduled trip start time",-8,38,46,8038
"Before scheduled trip start time",-8,401,409,8038
"Before scheduled trip start time",-8,11,19,8038
"Before scheduled trip start time",-8,3239,3247,8038
"Before scheduled trip start time",-8,41,49,8038
"Before scheduled trip start time",-8,1180,1188,8038
"Before scheduled trip start time",-8,13,21,8038
"Before scheduled trip start time",-8,24,32,8038
"Before scheduled trip start time",-8,2775,2783,8038
"Before scheduled trip start time",-8,2977,2985,8038
"Before scheduled trip start time",-8,1068,1076,8038
"Before scheduled trip start time",-8,400,408,8038
"Before scheduled trip start time",-8,307,315,8038
"Before scheduled trip start time",-8,8,16,8038
"Before scheduled trip start time",-8,2495,2503,8038
"Before scheduled trip start time",-8,56,64,8038
"Before scheduled trip start time",-8,189,197,8038
"Before scheduled trip start time",-8,26,34,8038
"Before scheduled trip start time",-8,6374,6382,8038
"Before scheduled trip start time",-8,514,522,8038
"Before scheduled trip start time",-8,35,43,8038
"Before scheduled trip start time",-8,399,407,8038
"Before scheduled trip start time",-8,6294,6302,8038
"Before scheduled trip start time",-8,513328,513336,8038
"Before scheduled trip start time",-8,80739,80747,8038
"Before scheduled trip start time",-8,78,86,8038
"Before scheduled trip start time",-8,76239,76247,8038
"Before scheduled trip start time",-8,286,294,8038
"Before scheduled trip start time",-8,19,27,8038
"Before scheduled trip start time",-8,59467,59475,8038
"Before scheduled trip start time",-8,23,31,8038
"Before scheduled trip start time",-8,682140,682148,8038
"Before scheduled trip start time",-8,-1,7,8038
"Before scheduled trip start time",-8,5119,5127,8038
"Before scheduled trip start time",-8,31838,31846,8038
"Before scheduled trip start time",-8,90,98,8038
"Before scheduled trip start time",-8,0,8,8038
"Before scheduled trip start time",-8,320,328,8038
"Before scheduled trip start time",-8,76119,76127,8038
"Before scheduled trip start time",-8,28,36,8038
"Before scheduled trip start time",-8,421,429,8038
"Before scheduled trip start time",-8,54427,54435,8038
"Before scheduled trip start time",-8,4,12,8038
"Before scheduled trip start time",-8,75,83,8038
"Before scheduled trip start time",-8,2,10,8038
"Before scheduled trip start time",-8,192,200,8038
"Before scheduled trip start time",-8,14,22,8038
"Before scheduled trip start time",-8,3339,3347,8038
"Before scheduled trip start time",-8,45,53,8038
"Before scheduled trip start time",-8,6,14,8038
"Before scheduled trip start time",-8,6274,6282,8038
"Before scheduled trip start time",-8,3,11,8038
"Before scheduled trip start time",-8,7275,7283,8038
"Before scheduled trip start time",-8,63739,63747,8038
"Before scheduled trip start time",-8,62619,62627,8038
"Before scheduled trip start time",-8,468,476,8038
"Before scheduled trip start time",-8,1692,1700,8038
"Before scheduled trip start time",-8,2419,2427,8038
"Before scheduled trip start time",-8,12,20,8038
"Before scheduled trip start time",-8,17,25,8038
"Before scheduled trip start time",-8,59487,59495,8038
"Before scheduled trip start time",-8,63639,63647,8038
"Before scheduled trip start time",-8,167,175,8038
"Before scheduled trip start time",-8,328,336,8038
"Before scheduled trip start time",-8,139,147,8038
"Before scheduled trip start time",-8,347,355,8038
"Before scheduled trip start time",-8,547,555,8038
"Before scheduled trip start time",-8,-2,6,8038
"Before scheduled trip start time",-8,4999,5007,8038
"Before scheduled trip start time",-8,2655,2663,8038
"Before scheduled trip start time",-8,203,211,8038
"Before scheduled trip start time",-8,491,499,8038
"Before scheduled trip start time",-8,33,41,8038
"Before scheduled trip start time",-8,125,133,8038
"Before scheduled trip start time",-8,1592,1600,8038
"Before scheduled trip start time",-8,50,58,8038
"Before scheduled trip start time",-8,32,40,8038
"Before scheduled trip start time",-8,893,901,8038
"Before scheduled trip start time",-8,260,268,8038
"Before scheduled trip start time",-8,877,885,8038
"Before scheduled trip start time",-8,36,44,8038
"Before scheduled trip start time",-8,1420,1428,8038
"Before scheduled trip start time",-8,9,17,8038
"Before scheduled trip start time",-8,-3,5,8038
"Before scheduled trip start time",-8,16,24,8038
"Before scheduled trip start time",-8,31,39,8038
"Before scheduled trip start time",-8,9692,9700,8038
"Before scheduled trip start time",-8,4274,4282,8038
"Before scheduled trip start time",-8,15,23,8038
"Before scheduled trip start time",-8,46,54,8038
"Before scheduled trip start time",-8,78739,78747,8038
"Before scheduled trip start time",-8,7,15,8038
"Before scheduled trip start time",-8,62639,62647,8038
"Before scheduled trip start time",-8,-7,1,8038
"Before scheduled trip start time",-8,40,48,8038
"Before scheduled trip start time",-8,43,51,8038
"Before scheduled trip start time",-8,27,35,8038
"Before scheduled trip start time",-8,33338,33346,8038
"Before scheduled trip start time",-8,37,45,8038
"Before scheduled trip start time",-8,60,68,8038
"Before scheduled trip start time",-8,115,123,8038
"Before scheduled trip start time",-8,30,38,8038
"Before scheduled trip start time",-8,3269,3277,8038
"Before scheduled trip start time",-8,2459,2467,8038
"Before scheduled trip start time",-8,448,456,8038
"Before scheduled trip start time",-8,2877,2885,8038
"Before scheduled trip start time",-8,1523,1531,8038
"Before scheduled trip start time",-8,80839,80847,8038
"During scheduled trip",-8,42,50,291
"During scheduled trip",-8,14,22,291
"During scheduled trip",-8,344,352,291
"During scheduled trip",-8,19,27,291
"During scheduled trip",-8,43,51,291
"During scheduled trip",-8,100,108,291
"During scheduled trip",-8,1697,1705,291
"During scheduled trip",-8,56,64,291
"During scheduled trip",-8,447,455,291
"During scheduled trip",-8,35,43,291
"During scheduled trip",-8,20,28,291
"During scheduled trip",-8,48,56,291
"During scheduled trip",-8,62,70,291
"During scheduled trip",-8,3,11,291
"During scheduled trip",-8,3331,3339,291
"During scheduled trip",-8,0,8,291
"During scheduled trip",-8,63,71,291
"During scheduled trip",-8,-5,3,291
"During scheduled trip",-8,37,45,291
"During scheduled trip",-8,681,689,291
"During scheduled trip",-8,29,37,291
"During scheduled trip",-8,55,63,291
"During scheduled trip",-8,1764,1772,291
"During scheduled trip",-8,343,351,291
"During scheduled trip",-8,3447,3455,291
"During scheduled trip",-8,-1,7,291
"During scheduled trip",-8,2451,2459,291
"During scheduled trip",-8,54,62,291
"During scheduled trip",-8,2,10,291
"During scheduled trip",-8,64,72,291
"During scheduled trip",-8,72,80,291
"During scheduled trip",-8,36,44,291
"During scheduled trip",-8,25,33,291
"During scheduled trip",-8,561,569,291
"During scheduled trip",-8,84,92,291
"During scheduled trip",-8,141,149,291
"During scheduled trip",-8,95,103,291
"During scheduled trip",-8,299,307,291
"During scheduled trip",-8,26,34,291
"During scheduled trip",-8,49,57,291
"During scheduled trip",-8,12,20,291
"During scheduled trip",-8,66,74,291
"During scheduled trip",-8,59,67,291
"During scheduled trip",-8,69,77,291
"During scheduled trip",-8,1331,1339,291
"During scheduled trip",-8,469,477,291
"During scheduled trip",-8,17,25,291
"During scheduled trip",-8,38,46,291
"During scheduled trip",-8,41,49,291
"During scheduled trip",-8,2377,2385,291
"During scheduled trip",-8,28,36,291
"During scheduled trip",-8,195,203,291
"During scheduled trip",-8,-8,0,291
"During scheduled trip",-8,-3,5,291
"During scheduled trip",-8,90,98,291
"During scheduled trip",-8,32,40,291
"During scheduled trip",-8,1320,1328,291
"During scheduled trip",-8,81,89,291
"During scheduled trip",-8,590,598,291
"During scheduled trip",-8,-24,-16,291
"During scheduled trip",-8,73,81,291
"During scheduled trip",-8,103,111,291
"During scheduled trip",-8,-2,6,291
"During scheduled trip",-8,30,38,291
"During scheduled trip",-8,13,21,291
"During scheduled trip",-8,53,61,291
"During scheduled trip",-8,156,164,291
"During scheduled trip",-8,78,86,291
"During scheduled trip",-8,7,15,291
"During scheduled trip",-8,31,39,291
"During scheduled trip",-8,149,157,291
"During scheduled trip",-8,74,82,291
"During scheduled trip",-8,6,14,291
"During scheduled trip",-8,50,58,291
"During scheduled trip",-8,812,820,291
"During scheduled trip",-8,583,591,291
"During scheduled trip",-8,394,402,291
"During scheduled trip",-8,131,139,291
"During scheduled trip",-8,85,93,291
"During scheduled trip",-8,122,130,291
"During scheduled trip",-8,118,126,291
"During scheduled trip",-8,-6,2,291
"During scheduled trip",-8,127,135,291
"During scheduled trip",-8,3431,3439,291
"During scheduled trip",-8,11,19,291
"During scheduled trip",-8,39,47,291
"During scheduled trip",-8,203,211,291
"During scheduled trip",-8,946,954,291
"During scheduled trip",-8,18,26,291
"During scheduled trip",-8,572,580,291
"During scheduled trip",-8,80,88,291
"During scheduled trip",-8,51,59,291
"During scheduled trip",-8,65,73,291
"During scheduled trip",-8,27,35,291
"During scheduled trip",-8,83,91,291
"During scheduled trip",-8,61,69,291
"During scheduled trip",-8,8,16,291
"During scheduled trip",-8,1110,1118,291
"During scheduled trip",-8,2851,2859,291
"During scheduled trip",-8,182,190,291
"During scheduled trip",-8,99,107,291
"During scheduled trip",-8,102,110,291
"During scheduled trip",-8,23,31,291
"During scheduled trip",-8,91,99,291
"During scheduled trip",-8,10,18,291
"During scheduled trip",-8,153,161,291
"During scheduled trip",-8,4,12,291
"During scheduled trip",-8,2891,2899,291
"During scheduled trip",-8,301,309,291
"During scheduled trip",-8,75,83,291
"During scheduled trip",-8,21,29,291
"During scheduled trip",-8,45,53,291
"During scheduled trip",-8,140,148,291
"During scheduled trip",-8,70,78,291
"During scheduled trip",-8,22,30,291
"During scheduled trip",-8,178,186,291
"During scheduled trip",-8,33,41,291
"During scheduled trip",-8,40,48,291
"During scheduled trip",-8,87,95,291
"During scheduled trip",-8,954,962,291
"During scheduled trip",-8,-7,1,291
"During scheduled trip",-8,368,376,291
"During scheduled trip",-8,620,628,291
"During scheduled trip",-8,15,23,291
"During scheduled trip",-8,129,137,291
"During scheduled trip",-8,52,60,291
"During scheduled trip",-8,110,118,291
"During scheduled trip",-8,9,17,291
"During scheduled trip",-8,111,119,291
"During scheduled trip",-8,5,13,291
"During scheduled trip",-8,34,42,291
"During scheduled trip",-8,671,679,291
"During scheduled trip",-8,644,652,291
"During scheduled trip",-8,92,100,291
"During scheduled trip",-8,58,66,291
"During scheduled trip",-8,467,475,291
"During scheduled trip",-8,67,75,291
"During scheduled trip",-8,46,54,291
"During scheduled trip",-8,1,9,291
"During scheduled trip",-8,274,282,291
"During scheduled trip",-8,89,97,291
"During scheduled trip",-8,115,123,291
"During scheduled trip",-8,47,55,291
"During scheduled trip",-8,1041,1049,291
"During scheduled trip",-8,16,24,291
"During scheduled trip",-8,44,52,291
"During scheduled trip",-8,143,151,291
"During scheduled trip",-8,464,472,291
"During scheduled trip",-8,-4,4,291
"During scheduled trip",-8,107,115,291
"During scheduled trip",-8,57,65,291
"During scheduled trip",-8,NA,NA,291
"During scheduled trip",-8,1399,1407,291
"During scheduled trip",-8,60,68,291
"During scheduled trip",-8,24,32,291
"During scheduled trip",-8,104,112,291
"Post scheduled trip end time",-8,44,52,4020.5
"Post scheduled trip end time",-8,21,29,4020.5
"Post scheduled trip end time",-8,11957,11965,4020.5
"Post scheduled trip end time",-8,-3,5,4020.5
"Post scheduled trip end time",-8,132,140,4020.5
"Post scheduled trip end time",-8,483,491,4020.5
"Post scheduled trip end time",-8,16,24,4020.5
"Post scheduled trip end time",-8,29,37,4020.5
"Post scheduled trip end time",-8,246,254,4020.5
"Post scheduled trip end time",-8,2639,2647,4020.5
"Post scheduled trip end time",-8,6,14,4020.5
"Post scheduled trip end time",-8,1017,1025,4020.5
"Post scheduled trip end time",-8,486,494,4020.5
"Post scheduled trip end time",-8,11,19,4020.5
"Post scheduled trip end time",-8,526948,526956,4020.5
"Post scheduled trip end time",-8,539548,539556,4020.5
"Post scheduled trip end time",-8,14846,14854,4020.5
"Post scheduled trip end time",-8,5532,5540,4020.5
"Post scheduled trip end time",-8,1189,1197,4020.5
"Post scheduled trip end time",-8,2292,2300,4020.5
"Post scheduled trip end time",-8,5151,5159,4020.5
"Post scheduled trip end time",-8,-5,3,4020.5
"Post scheduled trip end time",-8,12241,12249,4020.5
"Post scheduled trip end time",-8,500,508,4020.5
"Post scheduled trip end time",-8,39,47,4020.5
"Post scheduled trip end time",-8,11432,11440,4020.5
"Post scheduled trip end time",-8,46,54,4020.5
"Post scheduled trip end time",-8,53,61,4020.5
"Post scheduled trip end time",-8,21306,21314,4020.5
"Post scheduled trip end time",-8,5181,5189,4020.5
"Post scheduled trip end time",-8,1308,1316,4020.5
"Post scheduled trip end time",-8,3017,3025,4020.5
"Post scheduled trip end time",-8,16305,16313,4020.5
"Post scheduled trip end time",-8,543,551,4020.5
"Post scheduled trip end time",-8,531448,531456,4020.5
"Post scheduled trip end time",-8,3117,3125,4020.5
"Post scheduled trip end time",-8,241,249,4020.5
"Post scheduled trip end time",-8,1447,1455,4020.5
"Post scheduled trip end time",-8,1177,1185,4020.5
"Post scheduled trip end time",-8,529448,529456,4020.5
"Post scheduled trip end time",-8,19352,19360,4020.5
"Post scheduled trip end time",-8,578,586,4020.5
"Post scheduled trip end time",-8,12,20,4020.5
"Post scheduled trip end time",-8,4780,4788,4020.5
"Post scheduled trip end time",-8,51,59,4020.5
"Post scheduled trip end time",-8,25,33,4020.5
"Post scheduled trip end time",-8,3928,3936,4020.5
"Post scheduled trip end time",-8,7087,7095,4020.5
"Post scheduled trip end time",-8,8931,8939,4020.5
"Post scheduled trip end time",-8,7811,7819,4020.5
"Post scheduled trip end time",-8,5928,5936,4020.5
"Post scheduled trip end time",-8,5752,5760,4020.5
"Post scheduled trip end time",-8,13,21,4020.5
"Post scheduled trip end time",-8,8265,8273,4020.5
"Post scheduled trip end time",-8,15015,15023,4020.5
"Post scheduled trip end time",-8,8,16,4020.5
"Post scheduled trip end time",-8,2,10,4020.5
"Post scheduled trip end time",-8,1550,1558,4020.5
"Post scheduled trip end time",-8,524288,524296,4020.5
"Post scheduled trip end time",-8,24,32,4020.5
"Post scheduled trip end time",-8,105,113,4020.5
"Post scheduled trip end time",-8,10350,10358,4020.5
"Post scheduled trip end time",-8,35,43,4020.5
"Post scheduled trip end time",-8,55,63,4020.5
"Post scheduled trip end time",-8,1716,1724,4020.5
"Post scheduled trip end time",-8,36,44,4020.5
"Post scheduled trip end time",-8,21186,21194,4020.5
"Post scheduled trip end time",-8,33,41,4020.5
"Post scheduled trip end time",-8,5930,5938,4020.5
"Post scheduled trip end time",-8,5672,5680,4020.5
"Post scheduled trip end time",-8,1063,1071,4020.5
"Post scheduled trip end time",-8,27130,27138,4020.5
"Post scheduled trip end time",-8,0,8,4020.5
"Post scheduled trip end time",-8,526828,526836,4020.5
"Post scheduled trip end time",-8,3181,3189,4020.5
"Post scheduled trip end time",-8,8194,8202,4020.5
"Post scheduled trip end time",-8,190,198,4020.5
"Post scheduled trip end time",-8,10910,10918,4020.5
"Post scheduled trip end time",-8,12321,12329,4020.5
"Post scheduled trip end time",-8,50,58,4020.5
"Post scheduled trip end time",-8,360,368,4020.5
"Post scheduled trip end time",-8,56,64,4020.5
"Post scheduled trip end time",-8,14028,14036,4020.5
"Post scheduled trip end time",-8,47,55,4020.5
"Post scheduled trip end time",-8,293,301,4020.5
"Post scheduled trip end time",-8,524248,524256,4020.5
"Post scheduled trip end time",-8,1319,1327,4020.5
"Post scheduled trip end time",-8,598,606,4020.5
"Post scheduled trip end time",-8,6028,6036,4020.5
"Post scheduled trip end time",-8,81,89,4020.5
"Post scheduled trip end time",-8,2756,2764,4020.5
"Post scheduled trip end time",-8,1195,1203,4020.5
"Post scheduled trip end time",-8,8586,8594,4020.5
"Post scheduled trip end time",-8,8891,8899,4020.5
"Post scheduled trip end time",-8,-2,6,4020.5
"Post scheduled trip end time",-8,27,35,4020.5
"Post scheduled trip end time",-8,5790,5798,4020.5
"Post scheduled trip end time",-8,5,13,4020.5
"Post scheduled trip end time",-8,17,25,4020.5
"Post scheduled trip end time",-8,9717,9725,4020.5
"Post scheduled trip end time",-8,11431,11439,4020.5
"Post scheduled trip end time",-8,-7,1,4020.5
"Post scheduled trip end time",-8,343,351,4020.5
"Post scheduled trip end time",-8,31,39,4020.5
"Post scheduled trip end time",-8,3,11,4020.5
"Post scheduled trip end time",-8,4560,4568,4020.5
"Post scheduled trip end time",-8,4,12,4020.5
"Post scheduled trip end time",-8,5730,5738,4020.5
"Post scheduled trip end time",-8,85,93,4020.5
"Post scheduled trip end time",-8,19,27,4020.5
"Post scheduled trip end time",-8,-1,7,4020.5
"Post scheduled trip end time",-8,18,26,4020.5
"Post scheduled trip end time",-8,272,280,4020.5
"Post scheduled trip end time",-8,7,15,4020.5
"Post scheduled trip end time",-8,NA,NA,4020.5
"Post scheduled trip end time",-8,8345,8353,4020.5
"Post scheduled trip end time",-8,74,82,4020.5
"Post scheduled trip end time",-8,14,22,4020.5
"Post scheduled trip end time",-8,32,40,4020.5
"Post scheduled trip end time",-8,34,42,4020.5
"Post scheduled trip end time",-8,26,34,4020.5
"Post scheduled trip end time",-8,37,45,4020.5
"Post scheduled trip end time",-8,229,237,4020.5
"Post scheduled trip end time",-8,3981,3989,4020.5
"Post scheduled trip end time",-8,311,319,4020.5
"Post scheduled trip end time",-8,30,38,4020.5
"Post scheduled trip end time",-8,-4,4,4020.5
"Post scheduled trip end time",-8,8491,8499,4020.5
"Post scheduled trip end time",-8,25484,25492,4020.5
"Post scheduled trip end time",-8,9,17,4020.5
"Post scheduled trip end time",-8,1023,1031,4020.5
"Post scheduled trip end time",-8,703,711,4020.5
"Post scheduled trip end time",-8,531548,531556,4020.5
"Post scheduled trip end time",-8,1401,1409,4020.5
"Post scheduled trip end time",-8,9130,9138,4020.5
"Post scheduled trip end time",-8,61,69,4020.5
"Post scheduled trip end time",-8,23,31,4020.5
"Post scheduled trip end time",-8,22,30,4020.5
"Post scheduled trip end time",-8,1428,1436,4020.5
"Post scheduled trip end time",-8,42,50,4020.5
"Post scheduled trip end time",-8,38,46,4020.5
"Post scheduled trip end time",-8,12930,12938,4020.5
"Post scheduled trip end time",-8,20,28,4020.5
"Post scheduled trip end time",-8,41,49,4020.5
"Post scheduled trip end time",-8,40,48,4020.5
"Post scheduled trip end time",-8,60,68,4020.5
"Post scheduled trip end time",-8,43,51,4020.5
"Post scheduled trip end time",-8,5281,5289,4020.5
"Post scheduled trip end time",-8,10,18,4020.5
"Post scheduled trip end time",-8,1215,1223,4020.5
"Post scheduled trip end time",-8,-6,2,4020.5
"Post scheduled trip end time",-8,28,36,4020.5
"Post scheduled trip end time",-8,6847,6855,4020.5
"Post scheduled trip end time",-8,54,62,4020.5
"Post scheduled trip end time",-8,586,594,4020.5
"Post scheduled trip end time",-8,139,147,4020.5
"Post scheduled trip end time",-8,1,9,4020.5
"Post scheduled trip end time",-8,17691,17699,4020.5
"Post scheduled trip end time",-8,8450,8458,4020.5
"Post scheduled trip end time",-8,15,23,4020.5
"Post scheduled trip end time",-8,2661,2669,4020.5
"Before scheduled trip start time",-7,1139,1146,8038
"Before scheduled trip start time",-7,353,360,8038
"Before scheduled trip start time",-7,975,982,8038
"Before scheduled trip start time",-7,4079,4086,8038
"Before scheduled trip start time",-7,-3,4,8038
"Before scheduled trip start time",-7,77579,77586,8038
"Before scheduled trip start time",-7,415,422,8038
"Before scheduled trip start time",-7,11715,11722,8038
"Before scheduled trip start time",-7,514928,514935,8038
"Before scheduled trip start time",-7,1324,1331,8038
"Before scheduled trip start time",-7,498,505,8038
"Before scheduled trip start time",-7,32,39,8038
"Before scheduled trip start time",-7,7519,7526,8038
"Before scheduled trip start time",-7,948,955,8038
"Before scheduled trip start time",-7,954,961,8038
"Before scheduled trip start time",-7,9454,9461,8038
"Before scheduled trip start time",-7,4174,4181,8038
"Before scheduled trip start time",-7,379,386,8038
"Before scheduled trip start time",-7,5339,5346,8038
"Before scheduled trip start time",-7,28,35,8038
"Before scheduled trip start time",-7,521,528,8038
"Before scheduled trip start time",-7,70,77,8038
"Before scheduled trip start time",-7,6459,6466,8038
"Before scheduled trip start time",-7,5175,5182,8038
"Before scheduled trip start time",-7,6554,6561,8038
"Before scheduled trip start time",-7,4357,4364,8038
"Before scheduled trip start time",-7,65699,65706,8038
"Before scheduled trip start time",-7,78639,78646,8038
"Before scheduled trip start time",-7,148,155,8038
"Before scheduled trip start time",-7,381,388,8038
"Before scheduled trip start time",-7,513208,513215,8038
"Before scheduled trip start time",-7,1341,1348,8038
"Before scheduled trip start time",-7,6375,6382,8038
"Before scheduled trip start time",-7,10455,10462,8038
"Before scheduled trip start time",-7,482,489,8038
"Before scheduled trip start time",-7,13,20,8038
"Before scheduled trip start time",-7,117,124,8038
"Before scheduled trip start time",-7,1399,1406,8038
"Before scheduled trip start time",-7,3,10,8038
"Before scheduled trip start time",-7,1,8,8038
"Before scheduled trip start time",-7,2377,2384,8038
"Before scheduled trip start time",-7,54627,54634,8038
"Before scheduled trip start time",-7,53487,53494,8038
"Before scheduled trip start time",-7,190,197,8038
"Before scheduled trip start time",-7,62099,62106,8038
"Before scheduled trip start time",-7,34,41,8038
"Before scheduled trip start time",-7,10714,10721,8038
"Before scheduled trip start time",-7,-1,6,8038
"Before scheduled trip start time",-7,12392,12399,8038
"Before scheduled trip start time",-7,140,147,8038
"Before scheduled trip start time",-7,19,26,8038
"Before scheduled trip start time",-7,1224,1231,8038
"Before scheduled trip start time",-7,1626,1633,8038
"Before scheduled trip start time",-7,3072,3079,8038
"Before scheduled trip start time",-7,24,31,8038
"Before scheduled trip start time",-7,668,675,8038
"Before scheduled trip start time",-7,72019,72026,8038
"Before scheduled trip start time",-7,17,24,8038
"Before scheduled trip start time",-7,2995,3002,8038
"Before scheduled trip start time",-7,465,472,8038
"Before scheduled trip start time",-7,76,83,8038
"Before scheduled trip start time",-7,282,289,8038
"Before scheduled trip start time",-7,65747,65754,8038
"Before scheduled trip start time",-7,1048,1055,8038
"Before scheduled trip start time",-7,107,114,8038
"Before scheduled trip start time",-7,-6,1,8038
"Before scheduled trip start time",-7,81039,81046,8038
"Before scheduled trip start time",-7,1735,1742,8038
"Before scheduled trip start time",-7,506,513,8038
"Before scheduled trip start time",-7,4217,4224,8038
"Before scheduled trip start time",-7,26,33,8038
"Before scheduled trip start time",-7,3069,3076,8038
"Before scheduled trip start time",-7,29423,29430,8038
"Before scheduled trip start time",-7,NA,NA,8038
"Before scheduled trip start time",-7,4772,4779,8038
"Before scheduled trip start time",-7,527,534,8038
"Before scheduled trip start time",-7,62499,62506,8038
"Before scheduled trip start time",-7,75199,75206,8038
"Before scheduled trip start time",-7,223,230,8038
"Before scheduled trip start time",-7,2440,2447,8038
"Before scheduled trip start time",-7,216,223,8038
"Before scheduled trip start time",-7,20,27,8038
"Before scheduled trip start time",-7,1948,1955,8038
"Before scheduled trip start time",-7,21,28,8038
"Before scheduled trip start time",-7,71847,71854,8038
"Before scheduled trip start time",-7,2,9,8038
"Before scheduled trip start time",-7,29,36,8038
"Before scheduled trip start time",-7,29343,29350,8038
"Before scheduled trip start time",-7,154,161,8038
"Before scheduled trip start time",-7,8874,8881,8038
"Before scheduled trip start time",-7,56419,56426,8038
"Before scheduled trip start time",-7,83,90,8038
"Before scheduled trip start time",-7,828,835,8038
"Before scheduled trip start time",-7,3114,3121,8038
"Before scheduled trip start time",-7,440,447,8038
"Before scheduled trip start time",-7,-4,3,8038
"Before scheduled trip start time",-7,3177,3184,8038
"Before scheduled trip start time",-7,184,191,8038
"Before scheduled trip start time",-7,37,44,8038
"Before scheduled trip start time",-7,39,46,8038
"Before scheduled trip start time",-7,5477,5484,8038
"Before scheduled trip start time",-7,16,23,8038
"Before scheduled trip start time",-7,777,784,8038
"Before scheduled trip start time",-7,8,15,8038
"Before scheduled trip start time",-7,30,37,8038
"Before scheduled trip start time",-7,31298,31305,8038
"Before scheduled trip start time",-7,17114,17121,8038
"Before scheduled trip start time",-7,3157,3164,8038
"Before scheduled trip start time",-7,679980,679987,8038
"Before scheduled trip start time",-7,12,19,8038
"Before scheduled trip start time",-7,10,17,8038
"Before scheduled trip start time",-7,2957,2964,8038
"Before scheduled trip start time",-7,5,12,8038
"Before scheduled trip start time",-7,267,274,8038
"Before scheduled trip start time",-7,108,115,8038
"Before scheduled trip start time",-7,257,264,8038
"Before scheduled trip start time",-7,39721,39728,8038
"Before scheduled trip start time",-7,56339,56346,8038
"Before scheduled trip start time",-7,899,906,8038
"Before scheduled trip start time",-7,450,457,8038
"Before scheduled trip start time",-7,1994,2001,8038
"Before scheduled trip start time",-7,451,458,8038
"Before scheduled trip start time",-7,14,21,8038
"Before scheduled trip start time",-7,1977,1984,8038
"Before scheduled trip start time",-7,1257,1264,8038
"Before scheduled trip start time",-7,32954,32961,8038
"Before scheduled trip start time",-7,473,480,8038
"Before scheduled trip start time",-7,507048,507055,8038
"Before scheduled trip start time",-7,85,92,8038
"Before scheduled trip start time",-7,172,179,8038
"Before scheduled trip start time",-7,589,596,8038
"Before scheduled trip start time",-7,691,698,8038
"Before scheduled trip start time",-7,97,104,8038
"Before scheduled trip start time",-7,1055,1062,8038
"Before scheduled trip start time",-7,6,13,8038
"Before scheduled trip start time",-7,447,454,8038
"Before scheduled trip start time",-7,4192,4199,8038
"Before scheduled trip start time",-7,59,66,8038
"Before scheduled trip start time",-7,63,70,8038
"Before scheduled trip start time",-7,36,43,8038
"Before scheduled trip start time",-7,33,40,8038
"Before scheduled trip start time",-7,7555,7562,8038
"Before scheduled trip start time",-7,64219,64226,8038
"Before scheduled trip start time",-7,27,34,8038
"Before scheduled trip start time",-7,7,14,8038
"Before scheduled trip start time",-7,157,164,8038
"Before scheduled trip start time",-7,60,67,8038
"Before scheduled trip start time",-7,64199,64206,8038
"Before scheduled trip start time",-7,347,354,8038
"Before scheduled trip start time",-7,-5,2,8038
"Before scheduled trip start time",-7,2092,2099,8038
"Before scheduled trip start time",-7,8072,8079,8038
"Before scheduled trip start time",-7,514,521,8038
"Before scheduled trip start time",-7,47,54,8038
"Before scheduled trip start time",-7,532,539,8038
"Before scheduled trip start time",-7,8755,8762,8038
"Before scheduled trip start time",-7,1872,1879,8038
"Before scheduled trip start time",-7,79,86,8038
"Before scheduled trip start time",-7,692,699,8038
"Before scheduled trip start time",-7,676160,676167,8038
"Before scheduled trip start time",-7,512808,512815,8038
"Before scheduled trip start time",-7,8477,8484,8038
"Before scheduled trip start time",-7,59567,59574,8038
"Before scheduled trip start time",-7,309,316,8038
"Before scheduled trip start time",-7,252,259,8038
"Before scheduled trip start time",-7,105,112,8038
"Before scheduled trip start time",-7,6257,6264,8038
"Before scheduled trip start time",-7,507128,507135,8038
"Before scheduled trip start time",-7,31978,31985,8038
"Before scheduled trip start time",-7,744,751,8038
"Before scheduled trip start time",-7,207,214,8038
"Before scheduled trip start time",-7,688420,688427,8038
"Before scheduled trip start time",-7,380,387,8038
"Before scheduled trip start time",-7,79839,79846,8038
"Before scheduled trip start time",-7,734,741,8038
"Before scheduled trip start time",-7,4115,4122,8038
"Before scheduled trip start time",-7,6574,6581,8038
"Before scheduled trip start time",-7,99,106,8038
"Before scheduled trip start time",-7,23,30,8038
"Before scheduled trip start time",-7,81019,81026,8038
"Before scheduled trip start time",-7,14178,14185,8038
"Before scheduled trip start time",-7,426,433,8038
"Before scheduled trip start time",-7,9875,9882,8038
"Before scheduled trip start time",-7,5374,5381,8038
"Before scheduled trip start time",-7,57307,57314,8038
"Before scheduled trip start time",-7,-20,-13,8038
"Before scheduled trip start time",-7,7575,7582,8038
"Before scheduled trip start time",-7,4,11,8038
"Before scheduled trip start time",-7,934,941,8038
"Before scheduled trip start time",-7,76459,76466,8038
"Before scheduled trip start time",-7,31,38,8038
"Before scheduled trip start time",-7,283,290,8038
"Before scheduled trip start time",-7,163,170,8038
"Before scheduled trip start time",-7,25,32,8038
"Before scheduled trip start time",-7,2422,2429,8038
"Before scheduled trip start time",-7,67879,67886,8038
"Before scheduled trip start time",-7,10292,10299,8038
"Before scheduled trip start time",-7,2528,2535,8038
"Before scheduled trip start time",-7,41,48,8038
"Before scheduled trip start time",-7,11,18,8038
"Before scheduled trip start time",-7,247,254,8038
"Before scheduled trip start time",-7,162,169,8038
"Before scheduled trip start time",-7,9,16,8038
"Before scheduled trip start time",-7,176,183,8038
"Before scheduled trip start time",-7,199,206,8038
"Before scheduled trip start time",-7,935,942,8038
"Before scheduled trip start time",-7,22,29,8038
"Before scheduled trip start time",-7,30018,30025,8038
"Before scheduled trip start time",-7,2339,2346,8038
"Before scheduled trip start time",-7,2711,2718,8038
"Before scheduled trip start time",-7,654,661,8038
"Before scheduled trip start time",-7,363,370,8038
"Before scheduled trip start time",-7,3519,3526,8038
"Before scheduled trip start time",-7,86,93,8038
"Before scheduled trip start time",-7,682240,682247,8038
"Before scheduled trip start time",-7,214,221,8038
"Before scheduled trip start time",-7,77,84,8038
"Before scheduled trip start time",-7,7754,7761,8038
"Before scheduled trip start time",-7,514908,514915,8038
"Before scheduled trip start time",-7,3539,3546,8038
"Before scheduled trip start time",-7,76187,76194,8038
"Before scheduled trip start time",-7,6032,6039,8038
"Before scheduled trip start time",-7,65799,65806,8038
"Before scheduled trip start time",-7,15,22,8038
"Before scheduled trip start time",-7,1275,1282,8038
"Before scheduled trip start time",-7,43,50,8038
"Before scheduled trip start time",-7,18,25,8038
"Before scheduled trip start time",-7,61417,61424,8038
"Before scheduled trip start time",-7,677300,677307,8038
"Before scheduled trip start time",-7,0,7,8038
"Before scheduled trip start time",-7,-2,5,8038
"Before scheduled trip start time",-7,57,64,8038
"Before scheduled trip start time",-7,1892,1899,8038
"Before scheduled trip start time",-7,35,42,8038
"Before scheduled trip start time",-7,180,187,8038
"Before scheduled trip start time",-7,1788,1795,8038
"Before scheduled trip start time",-7,2329,2336,8038
"Before scheduled trip start time",-7,500,507,8038
"During scheduled trip",-7,147,154,291
"During scheduled trip",-7,94,101,291
"During scheduled trip",-7,46,53,291
"During scheduled trip",-7,567,574,291
"During scheduled trip",-7,16,23,291
"During scheduled trip",-7,57,64,291
"During scheduled trip",-7,145,152,291
"During scheduled trip",-7,360,367,291
"During scheduled trip",-7,-5,2,291
"During scheduled trip",-7,30,37,291
"During scheduled trip",-7,45,52,291
"During scheduled trip",-7,8,15,291
"During scheduled trip",-7,33,40,291
"During scheduled trip",-7,191,198,291
"During scheduled trip",-7,15,22,291
"During scheduled trip",-7,604,611,291
"During scheduled trip",-7,136,143,291
"During scheduled trip",-7,122,129,291
"During scheduled trip",-7,3691,3698,291
"During scheduled trip",-7,657,664,291
"During scheduled trip",-7,135,142,291
"During scheduled trip",-7,78,85,291
"During scheduled trip",-7,86,93,291
"During scheduled trip",-7,65,72,291
"During scheduled trip",-7,174,181,291
"During scheduled trip",-7,82,89,291
"During scheduled trip",-7,58,65,291
"During scheduled trip",-7,76,83,291
"During scheduled trip",-7,7,14,291
"During scheduled trip",-7,641,648,291
"During scheduled trip",-7,0,7,291
"During scheduled trip",-7,123,130,291
"During scheduled trip",-7,692,699,291
"During scheduled trip",-7,42,49,291
"During scheduled trip",-7,29,36,291
"During scheduled trip",-7,27,34,291
"During scheduled trip",-7,55,62,291
"During scheduled trip",-7,25,32,291
"During scheduled trip",-7,52,59,291
"During scheduled trip",-7,116,123,291
"During scheduled trip",-7,-1,6,291
"During scheduled trip",-7,2151,2158,291
"During scheduled trip",-7,133,140,291
"During scheduled trip",-7,144,151,291
"During scheduled trip",-7,89,96,291
"During scheduled trip",-7,10,17,291
"During scheduled trip",-7,180,187,291
"During scheduled trip",-7,13,20,291
"During scheduled trip",-7,1545,1552,291
"During scheduled trip",-7,5467,5474,291
"During scheduled trip",-7,36,43,291
"During scheduled trip",-7,149,156,291
"During scheduled trip",-7,2,9,291
"During scheduled trip",-7,22,29,291
"During scheduled trip",-7,2214,2221,291
"During scheduled trip",-7,235,242,291
"During scheduled trip",-7,2100,2107,291
"During scheduled trip",-7,198,205,291
"During scheduled trip",-7,19,26,291
"During scheduled trip",-7,164,171,291
"During scheduled trip",-7,1709,1716,291
"During scheduled trip",-7,239,246,291
"During scheduled trip",-7,280,287,291
"During scheduled trip",-7,56,63,291
"During scheduled trip",-7,1,8,291
"During scheduled trip",-7,NA,NA,291
"During scheduled trip",-7,37,44,291
"During scheduled trip",-7,2020,2027,291
"During scheduled trip",-7,152,159,291
"During scheduled trip",-7,11,18,291
"During scheduled trip",-7,380,387,291
"During scheduled trip",-7,48,55,291
"During scheduled trip",-7,28,35,291
"During scheduled trip",-7,39,46,291
"During scheduled trip",-7,69,76,291
"During scheduled trip",-7,93,100,291
"During scheduled trip",-7,24,31,291
"During scheduled trip",-7,12,19,291
"During scheduled trip",-7,59,66,291
"During scheduled trip",-7,49,56,291
"During scheduled trip",-7,79,86,291
"During scheduled trip",-7,-6,1,291
"During scheduled trip",-7,884,891,291
"During scheduled trip",-7,119,126,291
"During scheduled trip",-7,43,50,291
"During scheduled trip",-7,3,10,291
"During scheduled trip",-7,572,579,291
"During scheduled trip",-7,163,170,291
"During scheduled trip",-7,41,48,291
"During scheduled trip",-7,1880,1887,291
"During scheduled trip",-7,111,118,291
"During scheduled trip",-7,2431,2438,291
"During scheduled trip",-7,134,141,291
"During scheduled trip",-7,40,47,291
"During scheduled trip",-7,100,107,291
"During scheduled trip",-7,339,346,291
"During scheduled trip",-7,-7,0,291
"During scheduled trip",-7,109,116,291
"During scheduled trip",-7,74,81,291
"During scheduled trip",-7,38,45,291
"During scheduled trip",-7,61,68,291
"During scheduled trip",-7,283,290,291
"During scheduled trip",-7,151,158,291
"During scheduled trip",-7,731,738,291
"During scheduled trip",-7,2938,2945,291
"During scheduled trip",-7,356,363,291
"During scheduled trip",-7,17,24,291
"During scheduled trip",-7,401,408,291
"During scheduled trip",-7,99,106,291
"During scheduled trip",-7,1534,1541,291
"During scheduled trip",-7,218,225,291
"During scheduled trip",-7,363,370,291
"During scheduled trip",-7,131,138,291
"During scheduled trip",-7,-4,3,291
"During scheduled trip",-7,171,178,291
"During scheduled trip",-7,-3,4,291
"During scheduled trip",-7,104,111,291
"During scheduled trip",-7,21,28,291
"During scheduled trip",-7,181,188,291
"During scheduled trip",-7,92,99,291
"During scheduled trip",-7,351,358,291
"During scheduled trip",-7,124,131,291
"During scheduled trip",-7,609,616,291
"During scheduled trip",-7,118,125,291
"During scheduled trip",-7,15012,15019,291
"During scheduled trip",-7,277,284,291
"During scheduled trip",-7,227,234,291
"During scheduled trip",-7,18,25,291
"During scheduled trip",-7,789,796,291
"During scheduled trip",-7,75,82,291
"During scheduled trip",-7,77,84,291
"During scheduled trip",-7,592,599,291
"During scheduled trip",-7,91,98,291
"During scheduled trip",-7,85,92,291
"During scheduled trip",-7,148,155,291
"During scheduled trip",-7,34,41,291
"During scheduled trip",-7,141,148,291
"During scheduled trip",-7,901,908,291
"During scheduled trip",-7,182,189,291
"During scheduled trip",-7,26,33,291
"During scheduled trip",-7,173,180,291
"During scheduled trip",-7,203,210,291
"During scheduled trip",-7,326,333,291
"During scheduled trip",-7,14,21,291
"During scheduled trip",-7,63,70,291
"During scheduled trip",-7,54,61,291
"During scheduled trip",-7,114,121,291
"During scheduled trip",-7,2197,2204,291
"During scheduled trip",-7,47,54,291
"During scheduled trip",-7,84,91,291
"During scheduled trip",-7,1772,1779,291
"During scheduled trip",-7,3611,3618,291
"During scheduled trip",-7,53,60,291
"During scheduled trip",-7,931,938,291
"During scheduled trip",-7,6,13,291
"During scheduled trip",-7,2021,2028,291
"During scheduled trip",-7,373,380,291
"During scheduled trip",-7,568,575,291
"During scheduled trip",-7,142,149,291
"During scheduled trip",-7,188,195,291
"During scheduled trip",-7,67,74,291
"During scheduled trip",-7,159,166,291
"During scheduled trip",-7,51,58,291
"During scheduled trip",-7,1680,1687,291
"During scheduled trip",-7,35,42,291
"During scheduled trip",-7,90,97,291
"During scheduled trip",-7,544,551,291
"During scheduled trip",-7,193,200,291
"During scheduled trip",-7,1120,1127,291
"During scheduled trip",-7,229,236,291
"During scheduled trip",-7,1231,1238,291
"During scheduled trip",-7,187,194,291
"During scheduled trip",-7,516408,516415,291
"During scheduled trip",-7,1669,1676,291
"During scheduled trip",-7,516508,516515,291
"During scheduled trip",-7,-2,5,291
"During scheduled trip",-7,23,30,291
"During scheduled trip",-7,3631,3638,291
"During scheduled trip",-7,139,146,291
"During scheduled trip",-7,2530,2537,291
"During scheduled trip",-7,4,11,291
"During scheduled trip",-7,9,16,291
"During scheduled trip",-7,463,470,291
"During scheduled trip",-7,120,127,291
"During scheduled trip",-7,62,69,291
"During scheduled trip",-7,1441,1448,291
"During scheduled trip",-7,44,51,291
"During scheduled trip",-7,32,39,291
"During scheduled trip",-7,5,12,291
"During scheduled trip",-7,31,38,291
"During scheduled trip",-7,2766,2773,291
"During scheduled trip",-7,20,27,291
"During scheduled trip",-7,60,67,291
"During scheduled trip",-7,132,139,291
"During scheduled trip",-7,50,57,291
"During scheduled trip",-7,98,105,291
"During scheduled trip",-7,166,173,291
"During scheduled trip",-7,562,569,291
"During scheduled trip",-7,70,77,291
"During scheduled trip",-7,518588,518595,291
"During scheduled trip",-7,388,395,291
"Post scheduled trip end time",-7,766,773,4020.5
"Post scheduled trip end time",-7,139,146,4020.5
"Post scheduled trip end time",-7,274,281,4020.5
"Post scheduled trip end time",-7,2014,2021,4020.5
"Post scheduled trip end time",-7,12408,12415,4020.5
"Post scheduled trip end time",-7,383,390,4020.5
"Post scheduled trip end time",-7,246,253,4020.5
"Post scheduled trip end time",-7,8788,8795,4020.5
"Post scheduled trip end time",-7,7771,7778,4020.5
"Post scheduled trip end time",-7,3072,3079,4020.5
"Post scheduled trip end time",-7,7408,7415,4020.5
"Post scheduled trip end time",-7,16728,16735,4020.5
"Post scheduled trip end time",-7,8361,8368,4020.5
"Post scheduled trip end time",-7,9186,9193,4020.5
"Post scheduled trip end time",-7,53,60,4020.5
"Post scheduled trip end time",-7,7457,7464,4020.5
"Post scheduled trip end time",-7,286,293,4020.5
"Post scheduled trip end time",-7,3432,3439,4020.5
"Post scheduled trip end time",-7,395,402,4020.5
"Post scheduled trip end time",-7,27,34,4020.5
"Post scheduled trip end time",-7,6228,6235,4020.5
"Post scheduled trip end time",-7,6966,6973,4020.5
"Post scheduled trip end time",-7,-1,6,4020.5
"Post scheduled trip end time",-7,20,27,4020.5
"Post scheduled trip end time",-7,22,29,4020.5
"Post scheduled trip end time",-7,530548,530555,4020.5
"Post scheduled trip end time",-7,1214,1221,4020.5
"Post scheduled trip end time",-7,5931,5938,4020.5
"Post scheduled trip end time",-7,2498,2505,4020.5
"Post scheduled trip end time",-7,6701,6708,4020.5
"Post scheduled trip end time",-7,404,411,4020.5
"Post scheduled trip end time",-7,1,8,4020.5
"Post scheduled trip end time",-7,13,20,4020.5
"Post scheduled trip end time",-7,5500,5507,4020.5
"Post scheduled trip end time",-7,6661,6668,4020.5
"Post scheduled trip end time",-7,3646,3653,4020.5
"Post scheduled trip end time",-7,6967,6974,4020.5
"Post scheduled trip end time",-7,1023,1030,4020.5
"Post scheduled trip end time",-7,24,31,4020.5
"Post scheduled trip end time",-7,58,65,4020.5
"Post scheduled trip end time",-7,9811,9818,4020.5
"Post scheduled trip end time",-7,10988,10995,4020.5
"Post scheduled trip end time",-7,805,812,4020.5
"Post scheduled trip end time",-7,3641,3648,4020.5
"Post scheduled trip end time",-7,529348,529355,4020.5
"Post scheduled trip end time",-7,18471,18478,4020.5
"Post scheduled trip end time",-7,2290,2297,4020.5
"Post scheduled trip end time",-7,12571,12578,4020.5
"Post scheduled trip end time",-7,15181,15188,4020.5
"Post scheduled trip end time",-7,11286,11293,4020.5
"Post scheduled trip end time",-7,11,18,4020.5
"Post scheduled trip end time",-7,28,35,4020.5
"Post scheduled trip end time",-7,3260,3267,4020.5
"Post scheduled trip end time",-7,41,48,4020.5
"Post scheduled trip end time",-7,12031,12038,4020.5
"Post scheduled trip end time",-7,6812,6819,4020.5
"Post scheduled trip end time",-7,14465,14472,4020.5
"Post scheduled trip end time",-7,5250,5257,4020.5
"Post scheduled trip end time",-7,15610,15617,4020.5
"Post scheduled trip end time",-7,2425,2432,4020.5
"Post scheduled trip end time",-7,10591,10598,4020.5
"Post scheduled trip end time",-7,5461,5468,4020.5
"Post scheduled trip end time",-7,1648,1655,4020.5
"Post scheduled trip end time",-7,115,122,4020.5
"Post scheduled trip end time",-7,10368,10375,4020.5
"Post scheduled trip end time",-7,528288,528295,4020.5
"Post scheduled trip end time",-7,7781,7788,4020.5
"Post scheduled trip end time",-7,6208,6215,4020.5
"Post scheduled trip end time",-7,18391,18398,4020.5
"Post scheduled trip end time",-7,3828,3835,4020.5
"Post scheduled trip end time",-7,-4,3,4020.5
"Post scheduled trip end time",-7,123,130,4020.5
"Post scheduled trip end time",-7,5028,5035,4020.5
"Post scheduled trip end time",-7,2992,2999,4020.5
"Post scheduled trip end time",-7,9410,9417,4020.5
"Post scheduled trip end time",-7,4811,4818,4020.5
"Post scheduled trip end time",-7,2,9,4020.5
"Post scheduled trip end time",-7,136,143,4020.5
"Post scheduled trip end time",-7,12405,12412,4020.5
"Post scheduled trip end time",-7,565,572,4020.5
"Post scheduled trip end time",-7,14141,14148,4020.5
"Post scheduled trip end time",-7,NA,NA,4020.5
"Post scheduled trip end time",-7,540148,540155,4020.5
"Post scheduled trip end time",-7,8510,8517,4020.5
"Post scheduled trip end time",-7,32,39,4020.5
"Post scheduled trip end time",-7,2858,2865,4020.5
"Post scheduled trip end time",-7,463,470,4020.5
"Post scheduled trip end time",-7,531748,531755,4020.5
"Post scheduled trip end time",-7,527168,527175,4020.5
"Post scheduled trip end time",-7,33,40,4020.5
"Post scheduled trip end time",-7,8192,8199,4020.5
"Post scheduled trip end time",-7,606,613,4020.5
"Post scheduled trip end time",-7,3041,3048,4020.5
"Post scheduled trip end time",-7,6457,6464,4020.5
"Post scheduled trip end time",-7,44,51,4020.5
"Post scheduled trip end time",-7,6641,6648,4020.5
"Post scheduled trip end time",-7,10366,10373,4020.5
"Post scheduled trip end time",-7,14105,14112,4020.5
"Post scheduled trip end time",-7,10572,10579,4020.5
"Post scheduled trip end time",-7,960,967,4020.5
"Post scheduled trip end time",-7,10332,10339,4020.5
"Post scheduled trip end time",-7,193,200,4020.5
"Post scheduled trip end time",-7,6991,6998,4020.5
"Post scheduled trip end time",-7,200,207,4020.5
"Post scheduled trip end time",-7,5489,5496,4020.5
"Post scheduled trip end time",-7,3317,3324,4020.5
"Post scheduled trip end time",-7,48,55,4020.5
"Post scheduled trip end time",-7,13906,13913,4020.5
"Post scheduled trip end time",-7,1482,1489,4020.5
"Post scheduled trip end time",-7,6197,6204,4020.5
"Post scheduled trip end time",-7,342,349,4020.5
"Post scheduled trip end time",-7,1049,1056,4020.5
"Post scheduled trip end time",-7,7130,7137,4020.5
"Post scheduled trip end time",-7,10,17,4020.5
"Post scheduled trip end time",-7,2117,2124,4020.5
"Post scheduled trip end time",-7,1720,1727,4020.5
"Post scheduled trip end time",-7,18457,18464,4020.5
"Post scheduled trip end time",-7,202,209,4020.5
"Post scheduled trip end time",-7,3940,3947,4020.5
"Post scheduled trip end time",-7,11205,11212,4020.5
"Post scheduled trip end time",-7,4,11,4020.5
"Post scheduled trip end time",-7,1230,1237,4020.5
"Post scheduled trip end time",-7,294,301,4020.5
"Post scheduled trip end time",-7,8285,8292,4020.5
"Post scheduled trip end time",-7,693,700,4020.5
"Post scheduled trip end time",-7,1904,1911,4020.5
"Post scheduled trip end time",-7,535,542,4020.5
"Post scheduled trip end time",-7,12,19,4020.5
"Post scheduled trip end time",-7,20337,20344,4020.5
"Post scheduled trip end time",-7,14,21,4020.5
"Post scheduled trip end time",-7,16381,16388,4020.5
"Post scheduled trip end time",-7,534628,534635,4020.5
"Post scheduled trip end time",-7,14637,14644,4020.5
"Post scheduled trip end time",-7,40,47,4020.5
"Post scheduled trip end time",-7,-2,5,4020.5
"Post scheduled trip end time",-7,4926,4933,4020.5
"Post scheduled trip end time",-7,83,90,4020.5
"Post scheduled trip end time",-7,786,793,4020.5
"Post scheduled trip end time",-7,296,303,4020.5
"Post scheduled trip end time",-7,6260,6267,4020.5
"Post scheduled trip end time",-7,573,580,4020.5
"Post scheduled trip end time",-7,6511,6518,4020.5
"Post scheduled trip end time",-7,17612,17619,4020.5
"Post scheduled trip end time",-7,55,62,4020.5
"Post scheduled trip end time",-7,653,660,4020.5
"Post scheduled trip end time",-7,12692,12699,4020.5
"Post scheduled trip end time",-7,4698,4705,4020.5
"Post scheduled trip end time",-7,5481,5488,4020.5
"Post scheduled trip end time",-7,3666,3673,4020.5
"Post scheduled trip end time",-7,6451,6458,4020.5
"Post scheduled trip end time",-7,120,127,4020.5
"Post scheduled trip end time",-7,486,493,4020.5
"Post scheduled trip end time",-7,632,639,4020.5
"Post scheduled trip end time",-7,25,32,4020.5
"Post scheduled trip end time",-7,12261,12268,4020.5
"Post scheduled trip end time",-7,3832,3839,4020.5
"Post scheduled trip end time",-7,21,28,4020.5
"Post scheduled trip end time",-7,20311,20318,4020.5
"Post scheduled trip end time",-7,467,474,4020.5
"Post scheduled trip end time",-7,4281,4288,4020.5
"Post scheduled trip end time",-7,51,58,4020.5
"Post scheduled trip end time",-7,3086,3093,4020.5
"Post scheduled trip end time",-7,4477,4484,4020.5
"Post scheduled trip end time",-7,22037,22044,4020.5
"Post scheduled trip end time",-7,2768,2775,4020.5
"Post scheduled trip end time",-7,16,23,4020.5
"Post scheduled trip end time",-7,8191,8198,4020.5
"Post scheduled trip end time",-7,18168,18175,4020.5
"Post scheduled trip end time",-7,5521,5528,4020.5
"Post scheduled trip end time",-7,5617,5624,4020.5
"Post scheduled trip end time",-7,7,14,4020.5
"Post scheduled trip end time",-7,93,100,4020.5
"Post scheduled trip end time",-7,42,49,4020.5
"Post scheduled trip end time",-7,15626,15633,4020.5
"Post scheduled trip end time",-7,23,30,4020.5
"Post scheduled trip end time",-7,34,41,4020.5
"Post scheduled trip end time",-7,206,213,4020.5
"Post scheduled trip end time",-7,2069,2076,4020.5
"Post scheduled trip end time",-7,10392,10399,4020.5
"Post scheduled trip end time",-7,9,16,4020.5
"Post scheduled trip end time",-7,6,13,4020.5
"Post scheduled trip end time",-7,531728,531735,4020.5
"Post scheduled trip end time",-7,-3,4,4020.5
"Post scheduled trip end time",-7,3112,3119,4020.5
"Post scheduled trip end time",-7,112,119,4020.5
"Post scheduled trip end time",-7,14628,14635,4020.5
"Post scheduled trip end time",-7,97,104,4020.5
"Post scheduled trip end time",-7,1352,1359,4020.5
"Post scheduled trip end time",-7,6401,6408,4020.5
"Post scheduled trip end time",-7,3703,3710,4020.5
"Post scheduled trip end time",-7,3472,3479,4020.5
"Post scheduled trip end time",-7,39,46,4020.5
"Post scheduled trip end time",-7,19,26,4020.5
"Post scheduled trip end time",-7,107,114,4020.5
"Post scheduled trip end time",-7,532928,532935,4020.5
"Post scheduled trip end time",-7,29,36,4020.5
"Post scheduled trip end time",-7,1426,1433,4020.5
"Post scheduled trip end time",-7,1697,1704,4020.5
"Post scheduled trip end time",-7,2665,2672,4020.5
"Post scheduled trip end time",-7,86,93,4020.5
"Post scheduled trip end time",-7,6731,6738,4020.5
"Post scheduled trip end time",-7,525908,525915,4020.5
"Post scheduled trip end time",-7,4912,4919,4020.5
"Post scheduled trip end time",-7,2094,2101,4020.5
"Post scheduled trip end time",-7,5960,5967,4020.5
"Post scheduled trip end time",-7,8311,8318,4020.5
"Post scheduled trip end time",-7,49,56,4020.5
"Post scheduled trip end time",-7,15,22,4020.5
"Post scheduled trip end time",-7,14110,14117,4020.5
"Post scheduled trip end time",-7,4349,4356,4020.5
"Post scheduled trip end time",-7,9497,9504,4020.5
"Post scheduled trip end time",-7,14131,14138,4020.5
"Post scheduled trip end time",-7,3,10,4020.5
"Post scheduled trip end time",-7,15412,15419,4020.5
"Post scheduled trip end time",-7,18,25,4020.5
"Post scheduled trip end time",-7,30,37,4020.5
"Post scheduled trip end time",-7,47,54,4020.5
"Post scheduled trip end time",-7,522728,522735,4020.5
"Post scheduled trip end time",-7,3708,3715,4020.5
"Post scheduled trip end time",-7,17,24,4020.5
"Post scheduled trip end time",-7,26,33,4020.5
"Post scheduled trip end time",-7,534048,534055,4020.5
"Post scheduled trip end time",-7,8,15,4020.5
"Post scheduled trip end time",-7,3060,3067,4020.5
"Post scheduled trip end time",-7,45,52,4020.5
"Post scheduled trip end time",-7,37,44,4020.5
"Post scheduled trip end time",-7,17491,17498,4020.5
"Post scheduled trip end time",-7,535888,535895,4020.5
"Post scheduled trip end time",-7,6472,6479,4020.5
"Post scheduled trip end time",-7,408,415,4020.5
"Post scheduled trip end time",-7,2310,2317,4020.5
"Post scheduled trip end time",-7,-5,2,4020.5
"Post scheduled trip end time",-7,1966,1973,4020.5
"Post scheduled trip end time",-7,8528,8535,4020.5
"Post scheduled trip end time",-7,35,42,4020.5
"Post scheduled trip end time",-7,15350,15357,4020.5
"Post scheduled trip end time",-7,3081,3088,4020.5
"Post scheduled trip end time",-7,940,947,4020.5
"Post scheduled trip end time",-7,9621,9628,4020.5
"Post scheduled trip end time",-7,15546,15553,4020.5
"Post scheduled trip end time",-7,255,262,4020.5
"Post scheduled trip end time",-7,16751,16758,4020.5
"Post scheduled trip end time",-7,2092,2099,4020.5
"Post scheduled trip end time",-7,14270,14277,4020.5
"Post scheduled trip end time",-7,4132,4139,4020.5
"Post scheduled trip end time",-7,5450,5457,4020.5
"Post scheduled trip end time",-7,14065,14072,4020.5
"Post scheduled trip end time",-7,-6,1,4020.5
"Post scheduled trip end time",-7,3699,3706,4020.5
"Post scheduled trip end time",-7,4021,4028,4020.5
"Post scheduled trip end time",-7,2118,2125,4020.5
"Post scheduled trip end time",-7,6371,6378,4020.5
"Post scheduled trip end time",-7,1350,1357,4020.5
"Post scheduled trip end time",-7,5041,5048,4020.5
"Post scheduled trip end time",-7,2176,2183,4020.5
"Post scheduled trip end time",-7,917,924,4020.5
"Post scheduled trip end time",-7,7092,7099,4020.5
"Post scheduled trip end time",-7,38,45,4020.5
"Post scheduled trip end time",-7,0,7,4020.5
"Post scheduled trip end time",-7,31,38,4020.5
"Post scheduled trip end time",-7,537928,537935,4020.5
"Post scheduled trip end time",-7,9108,9115,4020.5
"Post scheduled trip end time",-7,36,43,4020.5
"Post scheduled trip end time",-7,17725,17732,4020.5
"Post scheduled trip end time",-7,4497,4504,4020.5
"Post scheduled trip end time",-7,14646,14653,4020.5
"Post scheduled trip end time",-7,10165,10172,4020.5
"Post scheduled trip end time",-7,3297,3304,4020.5
"Post scheduled trip end time",-7,5,12,4020.5
"Post scheduled trip end time",-7,495,502,4020.5
"Post scheduled trip end time",-7,90,97,4020.5
"Post scheduled trip end time",-7,126,133,4020.5
"Before scheduled trip start time",-6,1911,1917,8038
"Before scheduled trip start time",-6,64259,64265,8038
"Before scheduled trip start time",-6,68,74,8038
"Before scheduled trip start time",-6,51,57,8038
"Before scheduled trip start time",-6,49,55,8038
"Before scheduled trip start time",-6,1000,1006,8038
"Before scheduled trip start time",-6,654,660,8038
"Before scheduled trip start time",-6,1346,1352,8038
"Before scheduled trip start time",-6,43,49,8038
"Before scheduled trip start time",-6,499,505,8038
"Before scheduled trip start time",-6,23,29,8038
"Before scheduled trip start time",-6,828,834,8038
"Before scheduled trip start time",-6,247,253,8038
"Before scheduled trip start time",-6,23478,23484,8038
"Before scheduled trip start time",-6,868,874,8038
"Before scheduled trip start time",-6,77,83,8038
"Before scheduled trip start time",-6,69,75,8038
"Before scheduled trip start time",-6,644,650,8038
"Before scheduled trip start time",-6,415,421,8038
"Before scheduled trip start time",-6,402,408,8038
"Before scheduled trip start time",-6,246,252,8038
"Before scheduled trip start time",-6,1053,1059,8038
"Before scheduled trip start time",-6,432,438,8038
"Before scheduled trip start time",-6,-2,4,8038
"Before scheduled trip start time",-6,1608,1614,8038
"Before scheduled trip start time",-6,33634,33640,8038
"Before scheduled trip start time",-6,58,64,8038
"Before scheduled trip start time",-6,83,89,8038
"Before scheduled trip start time",-6,21,27,8038
"Before scheduled trip start time",-6,73019,73025,8038
"Before scheduled trip start time",-6,692,698,8038
"Before scheduled trip start time",-6,64947,64953,8038
"Before scheduled trip start time",-6,889,895,8038
"Before scheduled trip start time",-6,8,14,8038
"Before scheduled trip start time",-6,89,95,8038
"Before scheduled trip start time",-6,32054,32060,8038
"Before scheduled trip start time",-6,79579,79585,8038
"Before scheduled trip start time",-6,1260,1266,8038
"Before scheduled trip start time",-6,69207,69213,8038
"Before scheduled trip start time",-6,36,42,8038
"Before scheduled trip start time",-6,33,39,8038
"Before scheduled trip start time",-6,-4,2,8038
"Before scheduled trip start time",-6,379,385,8038
"Before scheduled trip start time",-6,512528,512534,8038
"Before scheduled trip start time",-6,59,65,8038
"Before scheduled trip start time",-6,69359,69365,8038
"Before scheduled trip start time",-6,343,349,8038
"Before scheduled trip start time",-6,513968,513974,8038
"Before scheduled trip start time",-6,270,276,8038
"Before scheduled trip start time",-6,62,68,8038
"Before scheduled trip start time",-6,1508,1514,8038
"Before scheduled trip start time",-6,34,40,8038
"Before scheduled trip start time",-6,675960,675966,8038
"Before scheduled trip start time",-6,90,96,8038
"Before scheduled trip start time",-6,521,527,8038
"Before scheduled trip start time",-6,18,24,8038
"Before scheduled trip start time",-6,42,48,8038
"Before scheduled trip start time",-6,61819,61825,8038
"Before scheduled trip start time",-6,3935,3941,8038
"Before scheduled trip start time",-6,17,23,8038
"Before scheduled trip start time",-6,2934,2940,8038
"Before scheduled trip start time",-6,29338,29344,8038
"Before scheduled trip start time",-6,11,17,8038
"Before scheduled trip start time",-6,66067,66073,8038
"Before scheduled trip start time",-6,16,22,8038
"Before scheduled trip start time",-6,1372,1378,8038
"Before scheduled trip start time",-6,1799,1805,8038
"Before scheduled trip start time",-6,319,325,8038
"Before scheduled trip start time",-6,136,142,8038
"Before scheduled trip start time",-6,66,72,8038
"Before scheduled trip start time",-6,514388,514394,8038
"Before scheduled trip start time",-6,515,521,8038
"Before scheduled trip start time",-6,2079,2085,8038
"Before scheduled trip start time",-6,62959,62965,8038
"Before scheduled trip start time",-6,1305,1311,8038
"Before scheduled trip start time",-6,514548,514554,8038
"Before scheduled trip start time",-6,31,37,8038
"Before scheduled trip start time",-6,1,7,8038
"Before scheduled trip start time",-6,13572,13578,8038
"Before scheduled trip start time",-6,60,66,8038
"Before scheduled trip start time",-6,562,568,8038
"Before scheduled trip start time",-6,39,45,8038
"Before scheduled trip start time",-6,4,10,8038
"Before scheduled trip start time",-6,55819,55825,8038
"Before scheduled trip start time",-6,114,120,8038
"Before scheduled trip start time",-6,12852,12858,8038
"Before scheduled trip start time",-6,1717,1723,8038
"Before scheduled trip start time",-6,30698,30704,8038
"Before scheduled trip start time",-6,514968,514974,8038
"Before scheduled trip start time",-6,78,84,8038
"Before scheduled trip start time",-6,437,443,8038
"Before scheduled trip start time",-6,73227,73233,8038
"Before scheduled trip start time",-6,-3,3,8038
"Before scheduled trip start time",-6,38,44,8038
"Before scheduled trip start time",-6,6279,6285,8038
"Before scheduled trip start time",-6,910,916,8038
"Before scheduled trip start time",-6,177,183,8038
"Before scheduled trip start time",-6,57187,57193,8038
"Before scheduled trip start time",-6,32998,33004,8038
"Before scheduled trip start time",-6,88,94,8038
"Before scheduled trip start time",-6,13,19,8038
"Before scheduled trip start time",-6,3999,4005,8038
"Before scheduled trip start time",-6,79,85,8038
"Before scheduled trip start time",-6,209,215,8038
"Before scheduled trip start time",-6,35116,35122,8038
"Before scheduled trip start time",-6,33654,33660,8038
"Before scheduled trip start time",-6,412,418,8038
"Before scheduled trip start time",-6,33458,33464,8038
"Before scheduled trip start time",-6,673480,673486,8038
"Before scheduled trip start time",-6,76619,76625,8038
"Before scheduled trip start time",-6,47,53,8038
"Before scheduled trip start time",-6,719,725,8038
"Before scheduled trip start time",-6,28,34,8038
"Before scheduled trip start time",-6,15,21,8038
"Before scheduled trip start time",-6,30,36,8038
"Before scheduled trip start time",-6,48,54,8038
"Before scheduled trip start time",-6,0,6,8038
"Before scheduled trip start time",-6,111,117,8038
"Before scheduled trip start time",-6,45,51,8038
"Before scheduled trip start time",-6,40,46,8038
"Before scheduled trip start time",-6,9797,9803,8038
"Before scheduled trip start time",-6,625,631,8038
"Before scheduled trip start time",-6,5499,5505,8038
"Before scheduled trip start time",-6,229,235,8038
"Before scheduled trip start time",-6,1875,1881,8038
"Before scheduled trip start time",-6,5,11,8038
"Before scheduled trip start time",-6,63,69,8038
"Before scheduled trip start time",-6,8112,8118,8038
"Before scheduled trip start time",-6,435,441,8038
"Before scheduled trip start time",-6,123,129,8038
"Before scheduled trip start time",-6,460,466,8038
"Before scheduled trip start time",-6,6179,6185,8038
"Before scheduled trip start time",-6,378,384,8038
"Before scheduled trip start time",-6,50807,50813,8038
"Before scheduled trip start time",-6,9,15,8038
"Before scheduled trip start time",-6,54,60,8038
"Before scheduled trip start time",-6,73487,73493,8038
"Before scheduled trip start time",-6,904,910,8038
"Before scheduled trip start time",-6,74,80,8038
"Before scheduled trip start time",-6,71,77,8038
"Before scheduled trip start time",-6,110,116,8038
"Before scheduled trip start time",-6,30718,30724,8038
"Before scheduled trip start time",-6,303,309,8038
"Before scheduled trip start time",-6,77299,77305,8038
"Before scheduled trip start time",-6,22,28,8038
"Before scheduled trip start time",-6,163,169,8038
"Before scheduled trip start time",-6,215,221,8038
"Before scheduled trip start time",-6,28823,28829,8038
"Before scheduled trip start time",-6,575,581,8038
"Before scheduled trip start time",-6,548,554,8038
"Before scheduled trip start time",-6,72792,72798,8038
"Before scheduled trip start time",-6,7,13,8038
"Before scheduled trip start time",-6,335,341,8038
"Before scheduled trip start time",-6,14,20,8038
"Before scheduled trip start time",-6,318,324,8038
"Before scheduled trip start time",-6,52,58,8038
"Before scheduled trip start time",-6,67839,67845,8038
"Before scheduled trip start time",-6,80,86,8038
"Before scheduled trip start time",-6,64839,64845,8038
"Before scheduled trip start time",-6,768,774,8038
"Before scheduled trip start time",-6,587,593,8038
"Before scheduled trip start time",-6,624,630,8038
"Before scheduled trip start time",-6,-5,1,8038
"Before scheduled trip start time",-6,323,329,8038
"Before scheduled trip start time",-6,106,112,8038
"Before scheduled trip start time",-6,520,526,8038
"Before scheduled trip start time",-6,482,488,8038
"Before scheduled trip start time",-6,63679,63685,8038
"Before scheduled trip start time",-6,63259,63265,8038
"Before scheduled trip start time",-6,133,139,8038
"Before scheduled trip start time",-6,26414,26420,8038
"Before scheduled trip start time",-6,29,35,8038
"Before scheduled trip start time",-6,-1,5,8038
"Before scheduled trip start time",-6,53087,53093,8038
"Before scheduled trip start time",-6,423,429,8038
"Before scheduled trip start time",-6,675760,675766,8038
"Before scheduled trip start time",-6,516,522,8038
"Before scheduled trip start time",-6,211,217,8038
"Before scheduled trip start time",-6,188,194,8038
"Before scheduled trip start time",-6,NA,NA,8038
"Before scheduled trip start time",-6,98,104,8038
"Before scheduled trip start time",-6,490,496,8038
"Before scheduled trip start time",-6,780,786,8038
"Before scheduled trip start time",-6,3835,3841,8038
"Before scheduled trip start time",-6,20,26,8038
"Before scheduled trip start time",-6,57,63,8038
"Before scheduled trip start time",-6,557,563,8038
"Before scheduled trip start time",-6,1405,1411,8038
"Before scheduled trip start time",-6,179,185,8038
"Before scheduled trip start time",-6,12,18,8038
"Before scheduled trip start time",-6,6297,6303,8038
"Before scheduled trip start time",-6,515548,515554,8038
"Before scheduled trip start time",-6,262,268,8038
"Before scheduled trip start time",-6,1899,1905,8038
"Before scheduled trip start time",-6,666,672,8038
"Before scheduled trip start time",-6,56,62,8038
"Before scheduled trip start time",-6,63839,63845,8038
"Before scheduled trip start time",-6,2834,2840,8038
"Before scheduled trip start time",-6,2154,2160,8038
"Before scheduled trip start time",-6,86,92,8038
"Before scheduled trip start time",-6,438,444,8038
"Before scheduled trip start time",-6,27018,27024,8038
"Before scheduled trip start time",-6,27,33,8038
"Before scheduled trip start time",-6,125,131,8038
"Before scheduled trip start time",-6,19,25,8038
"Before scheduled trip start time",-6,72,78,8038
"Before scheduled trip start time",-6,195,201,8038
"Before scheduled trip start time",-6,688740,688746,8038
"Before scheduled trip start time",-6,29118,29124,8038
"Before scheduled trip start time",-6,361,367,8038
"Before scheduled trip start time",-6,679860,679866,8038
"Before scheduled trip start time",-6,355,361,8038
"Before scheduled trip start time",-6,26,32,8038
"Before scheduled trip start time",-6,3,9,8038
"Before scheduled trip start time",-6,169,175,8038
"Before scheduled trip start time",-6,506528,506534,8038
"Before scheduled trip start time",-6,72919,72925,8038
"Before scheduled trip start time",-6,582,588,8038
"Before scheduled trip start time",-6,1446,1452,8038
"Before scheduled trip start time",-6,1655,1661,8038
"Before scheduled trip start time",-6,53287,53293,8038
"Before scheduled trip start time",-6,6115,6121,8038
"Before scheduled trip start time",-6,3155,3161,8038
"Before scheduled trip start time",-6,6,12,8038
"Before scheduled trip start time",-6,71207,71213,8038
"Before scheduled trip start time",-6,687620,687626,8038
"Before scheduled trip start time",-6,77399,77405,8038
"Before scheduled trip start time",-6,1511,1517,8038
"Before scheduled trip start time",-6,32274,32280,8038
"Before scheduled trip start time",-6,154,160,8038
"Before scheduled trip start time",-6,24,30,8038
"Before scheduled trip start time",-6,75119,75125,8038
"Before scheduled trip start time",-6,118,124,8038
"Before scheduled trip start time",-6,162,168,8038
"Before scheduled trip start time",-6,10,16,8038
"Before scheduled trip start time",-6,5114,5120,8038
"Before scheduled trip start time",-6,352,358,8038
"Before scheduled trip start time",-6,189,195,8038
"Before scheduled trip start time",-6,238,244,8038
"Before scheduled trip start time",-6,70,76,8038
"Before scheduled trip start time",-6,513668,513674,8038
"Before scheduled trip start time",-6,555,561,8038
"Before scheduled trip start time",-6,280,286,8038
"Before scheduled trip start time",-6,153,159,8038
"Before scheduled trip start time",-6,29954,29960,8038
"Before scheduled trip start time",-6,46,52,8038
"Before scheduled trip start time",-6,2,8,8038
"Before scheduled trip start time",-6,41,47,8038
"Before scheduled trip start time",-6,340,346,8038
"Before scheduled trip start time",-6,35,41,8038
"Before scheduled trip start time",-6,295,301,8038
"Before scheduled trip start time",-6,1975,1981,8038
"Before scheduled trip start time",-6,498,504,8038
"Before scheduled trip start time",-6,25,31,8038
"Before scheduled trip start time",-6,11612,11618,8038
"Before scheduled trip start time",-6,53,59,8038
"Before scheduled trip start time",-6,32,38,8038
"Before scheduled trip start time",-6,82,88,8038
"Before scheduled trip start time",-6,30978,30984,8038
"During scheduled trip",-6,5,11,291
"During scheduled trip",-6,73,79,291
"During scheduled trip",-6,41,47,291
"During scheduled trip",-6,1741,1747,291
"During scheduled trip",-6,9,15,291
"During scheduled trip",-6,-3,3,291
"During scheduled trip",-6,118,124,291
"During scheduled trip",-6,12,18,291
"During scheduled trip",-6,15,21,291
"During scheduled trip",-6,-2,4,291
"During scheduled trip",-6,621,627,291
"During scheduled trip",-6,56,62,291
"During scheduled trip",-6,6,12,291
"During scheduled trip",-6,25,31,291
"During scheduled trip",-6,31,37,291
"During scheduled trip",-6,110,116,291
"During scheduled trip",-6,72,78,291
"During scheduled trip",-6,1837,1843,291
"During scheduled trip",-6,27,33,291
"During scheduled trip",-6,107,113,291
"During scheduled trip",-6,751,757,291
"During scheduled trip",-6,236,242,291
"During scheduled trip",-6,18,24,291
"During scheduled trip",-6,29,35,291
"During scheduled trip",-6,112,118,291
"During scheduled trip",-6,137,143,291
"During scheduled trip",-6,139,145,291
"During scheduled trip",-6,1061,1067,291
"During scheduled trip",-6,63,69,291
"During scheduled trip",-6,143,149,291
"During scheduled trip",-6,24,30,291
"During scheduled trip",-6,518548,518554,291
"During scheduled trip",-6,263,269,291
"During scheduled trip",-6,17,23,291
"During scheduled trip",-6,89,95,291
"During scheduled trip",-6,44,50,291
"During scheduled trip",-6,133,139,291
"During scheduled trip",-6,94,100,291
"During scheduled trip",-6,151,157,291
"During scheduled trip",-6,87,93,291
"During scheduled trip",-6,159,165,291
"During scheduled trip",-6,70,76,291
"During scheduled trip",-6,71,77,291
"During scheduled trip",-6,105,111,291
"During scheduled trip",-6,33,39,291
"During scheduled trip",-6,199,205,291
"During scheduled trip",-6,129,135,291
"During scheduled trip",-6,-4,2,291
"During scheduled trip",-6,NA,NA,291
"During scheduled trip",-6,65,71,291
"During scheduled trip",-6,227,233,291
"During scheduled trip",-6,20,26,291
"During scheduled trip",-6,135,141,291
"During scheduled trip",-6,46,52,291
"During scheduled trip",-6,59,65,291
"During scheduled trip",-6,106,112,291
"During scheduled trip",-6,34,40,291
"During scheduled trip",-6,76,82,291
"During scheduled trip",-6,48,54,291
"During scheduled trip",-6,153,159,291
"During scheduled trip",-6,3607,3613,291
"During scheduled trip",-6,532,538,291
"During scheduled trip",-6,83,89,291
"During scheduled trip",-6,14,20,291
"During scheduled trip",-6,284,290,291
"During scheduled trip",-6,147,153,291
"During scheduled trip",-6,57,63,291
"During scheduled trip",-6,141,147,291
"During scheduled trip",-6,551,557,291
"During scheduled trip",-6,303,309,291
"During scheduled trip",-6,222,228,291
"During scheduled trip",-6,19,25,291
"During scheduled trip",-6,8,14,291
"During scheduled trip",-6,67,73,291
"During scheduled trip",-6,38,44,291
"During scheduled trip",-6,92,98,291
"During scheduled trip",-6,1,7,291
"During scheduled trip",-6,52,58,291
"During scheduled trip",-6,7,13,291
"During scheduled trip",-6,78,84,291
"During scheduled trip",-6,1738,1744,291
"During scheduled trip",-6,651,657,291
"During scheduled trip",-6,2260,2266,291
"During scheduled trip",-6,181,187,291
"During scheduled trip",-6,50,56,291
"During scheduled trip",-6,273,279,291
"During scheduled trip",-6,323,329,291
"During scheduled trip",-6,43,49,291
"During scheduled trip",-6,90,96,291
"During scheduled trip",-6,68,74,291
"During scheduled trip",-6,79,85,291
"During scheduled trip",-6,82,88,291
"During scheduled trip",-6,282,288,291
"During scheduled trip",-6,53,59,291
"During scheduled trip",-6,104,110,291
"During scheduled trip",-6,39,45,291
"During scheduled trip",-6,2,8,291
"During scheduled trip",-6,379,385,291
"During scheduled trip",-6,16,22,291
"During scheduled trip",-6,189,195,291
"During scheduled trip",-6,37,43,291
"During scheduled trip",-6,127,133,291
"During scheduled trip",-6,75,81,291
"During scheduled trip",-6,138,144,291
"During scheduled trip",-6,308,314,291
"During scheduled trip",-6,733,739,291
"During scheduled trip",-6,357,363,291
"During scheduled trip",-6,80,86,291
"During scheduled trip",-6,116,122,291
"During scheduled trip",-6,-6,0,291
"During scheduled trip",-6,28,34,291
"During scheduled trip",-6,51,57,291
"During scheduled trip",-6,3191,3197,291
"During scheduled trip",-6,58,64,291
"During scheduled trip",-6,0,6,291
"During scheduled trip",-6,26,32,291
"During scheduled trip",-6,3,9,291
"During scheduled trip",-6,97,103,291
"During scheduled trip",-6,96,102,291
"During scheduled trip",-6,55,61,291
"During scheduled trip",-6,47,53,291
"During scheduled trip",-6,2318,2324,291
"During scheduled trip",-6,373,379,291
"During scheduled trip",-6,173,179,291
"During scheduled trip",-6,84,90,291
"During scheduled trip",-6,10,16,291
"During scheduled trip",-6,22,28,291
"During scheduled trip",-6,359,365,291
"During scheduled trip",-6,182,188,291
"During scheduled trip",-6,69,75,291
"During scheduled trip",-6,91,97,291
"During scheduled trip",-6,130,136,291
"During scheduled trip",-6,125,131,291
"During scheduled trip",-6,88,94,291
"During scheduled trip",-6,2657,2663,291
"During scheduled trip",-6,74,80,291
"During scheduled trip",-6,203,209,291
"During scheduled trip",-6,102,108,291
"During scheduled trip",-6,1438,1444,291
"During scheduled trip",-6,13,19,291
"During scheduled trip",-6,2079,2085,291
"During scheduled trip",-6,23,29,291
"During scheduled trip",-6,759,765,291
"During scheduled trip",-6,4,10,291
"During scheduled trip",-6,248,254,291
"During scheduled trip",-6,223,229,291
"During scheduled trip",-6,221,227,291
"During scheduled trip",-6,35,41,291
"During scheduled trip",-6,40,46,291
"During scheduled trip",-6,2171,2177,291
"During scheduled trip",-6,-5,1,291
"During scheduled trip",-6,21,27,291
"During scheduled trip",-6,36,42,291
"During scheduled trip",-6,157,163,291
"During scheduled trip",-6,98,104,291
"During scheduled trip",-6,64,70,291
"During scheduled trip",-6,859,865,291
"During scheduled trip",-6,42,48,291
"During scheduled trip",-6,54,60,291
"During scheduled trip",-6,30,36,291
"During scheduled trip",-6,66,72,291
"During scheduled trip",-6,61,67,291
"During scheduled trip",-6,100,106,291
"During scheduled trip",-6,45,51,291
"During scheduled trip",-6,3031,3037,291
"During scheduled trip",-6,49,55,291
"During scheduled trip",-6,1641,1647,291
"During scheduled trip",-6,121,127,291
"During scheduled trip",-6,99,105,291
"During scheduled trip",-6,62,68,291
"During scheduled trip",-6,32,38,291
"During scheduled trip",-6,301,307,291
"During scheduled trip",-6,1841,1847,291
"During scheduled trip",-6,868,874,291
"During scheduled trip",-6,86,92,291
"During scheduled trip",-6,60,66,291
"During scheduled trip",-6,293,299,291
"During scheduled trip",-6,2099,2105,291
"During scheduled trip",-6,11,17,291
"During scheduled trip",-6,202,208,291
"During scheduled trip",-6,85,91,291
"During scheduled trip",-6,224,230,291
"During scheduled trip",-6,-1,5,291
"Post scheduled trip end time",-6,10506,10512,4020.5
"Post scheduled trip end time",-6,9537,9543,4020.5
"Post scheduled trip end time",-6,-1,5,4020.5
"Post scheduled trip end time",-6,5761,5767,4020.5
"Post scheduled trip end time",-6,1900,1906,4020.5
"Post scheduled trip end time",-6,16,22,4020.5
"Post scheduled trip end time",-6,65,71,4020.5
"Post scheduled trip end time",-6,59,65,4020.5
"Post scheduled trip end time",-6,15311,15317,4020.5
"Post scheduled trip end time",-6,542708,542714,4020.5
"Post scheduled trip end time",-6,18345,18351,4020.5
"Post scheduled trip end time",-6,24572,24578,4020.5
"Post scheduled trip end time",-6,17,23,4020.5
"Post scheduled trip end time",-6,84,90,4020.5
"Post scheduled trip end time",-6,528008,528014,4020.5
"Post scheduled trip end time",-6,25,31,4020.5
"Post scheduled trip end time",-6,10525,10531,4020.5
"Post scheduled trip end time",-6,6,12,4020.5
"Post scheduled trip end time",-6,18,24,4020.5
"Post scheduled trip end time",-6,1209,1215,4020.5
"Post scheduled trip end time",-6,24,30,4020.5
"Post scheduled trip end time",-6,360,366,4020.5
"Post scheduled trip end time",-6,423,429,4020.5
"Post scheduled trip end time",-6,17352,17358,4020.5
"Post scheduled trip end time",-6,22,28,4020.5
"Post scheduled trip end time",-6,25232,25238,4020.5
"Post scheduled trip end time",-6,3980,3986,4020.5
"Post scheduled trip end time",-6,6770,6776,4020.5
"Post scheduled trip end time",-6,17657,17663,4020.5
"Post scheduled trip end time",-6,448,454,4020.5
"Post scheduled trip end time",-6,2,8,4020.5
"Post scheduled trip end time",-6,86,92,4020.5
"Post scheduled trip end time",-6,275,281,4020.5
"Post scheduled trip end time",-6,667,673,4020.5
"Post scheduled trip end time",-6,13351,13357,4020.5
"Post scheduled trip end time",-6,6117,6123,4020.5
"Post scheduled trip end time",-6,389,395,4020.5
"Post scheduled trip end time",-6,4,10,4020.5
"Post scheduled trip end time",-6,51,57,4020.5
"Post scheduled trip end time",-6,5385,5391,4020.5
"Post scheduled trip end time",-6,19,25,4020.5
"Post scheduled trip end time",-6,1366,1372,4020.5
"Post scheduled trip end time",-6,11890,11896,4020.5
"Post scheduled trip end time",-6,1349,1355,4020.5
"Post scheduled trip end time",-6,771,777,4020.5
"Post scheduled trip end time",-6,15786,15792,4020.5
"Post scheduled trip end time",-6,1640,1646,4020.5
"Post scheduled trip end time",-6,6060,6066,4020.5
"Post scheduled trip end time",-6,7390,7396,4020.5
"Post scheduled trip end time",-6,9452,9458,4020.5
"Post scheduled trip end time",-6,6832,6838,4020.5
"Post scheduled trip end time",-6,1,7,4020.5
"Post scheduled trip end time",-6,2430,2436,4020.5
"Post scheduled trip end time",-6,5040,5046,4020.5
"Post scheduled trip end time",-6,2150,2156,4020.5
"Post scheduled trip end time",-6,297,303,4020.5
"Post scheduled trip end time",-6,61,67,4020.5
"Post scheduled trip end time",-6,7937,7943,4020.5
"Post scheduled trip end time",-6,669,675,4020.5
"Post scheduled trip end time",-6,183,189,4020.5
"Post scheduled trip end time",-6,125,131,4020.5
"Post scheduled trip end time",-6,17188,17194,4020.5
"Post scheduled trip end time",-6,274,280,4020.5
"Post scheduled trip end time",-6,32,38,4020.5
"Post scheduled trip end time",-6,1265,1271,4020.5
"Post scheduled trip end time",-6,442,448,4020.5
"Post scheduled trip end time",-6,154,160,4020.5
"Post scheduled trip end time",-6,705,711,4020.5
"Post scheduled trip end time",-6,8866,8872,4020.5
"Post scheduled trip end time",-6,14154,14160,4020.5
"Post scheduled trip end time",-6,3,9,4020.5
"Post scheduled trip end time",-6,334,340,4020.5
"Post scheduled trip end time",-6,14792,14798,4020.5
"Post scheduled trip end time",-6,520068,520074,4020.5
"Post scheduled trip end time",-6,3232,3238,4020.5
"Post scheduled trip end time",-6,446,452,4020.5
"Post scheduled trip end time",-6,949,955,4020.5
"Post scheduled trip end time",-6,116,122,4020.5
"Post scheduled trip end time",-6,7660,7666,4020.5
"Post scheduled trip end time",-6,57,63,4020.5
"Post scheduled trip end time",-6,1910,1916,4020.5
"Post scheduled trip end time",-6,21,27,4020.5
"Post scheduled trip end time",-6,8352,8358,4020.5
"Post scheduled trip end time",-6,121,127,4020.5
"Post scheduled trip end time",-6,15530,15536,4020.5
"Post scheduled trip end time",-6,301,307,4020.5
"Post scheduled trip end time",-6,2848,2854,4020.5
"Post scheduled trip end time",-6,1625,1631,4020.5
"Post scheduled trip end time",-6,33,39,4020.5
"Post scheduled trip end time",-6,53,59,4020.5
"Post scheduled trip end time",-6,1998,2004,4020.5
"Post scheduled trip end time",-6,77,83,4020.5
"Post scheduled trip end time",-6,12250,12256,4020.5
"Post scheduled trip end time",-6,1559,1565,4020.5
"Post scheduled trip end time",-6,9,15,4020.5
"Post scheduled trip end time",-6,144,150,4020.5
"Post scheduled trip end time",-6,7066,7072,4020.5
"Post scheduled trip end time",-6,37,43,4020.5
"Post scheduled trip end time",-6,14591,14597,4020.5
"Post scheduled trip end time",-6,527328,527334,4020.5
"Post scheduled trip end time",-6,4768,4774,4020.5
"Post scheduled trip end time",-6,696,702,4020.5
"Post scheduled trip end time",-6,289,295,4020.5
"Post scheduled trip end time",-6,13690,13696,4020.5
"Post scheduled trip end time",-6,13,19,4020.5
"Post scheduled trip end time",-6,15270,15276,4020.5
"Post scheduled trip end time",-6,3314,3320,4020.5
"Post scheduled trip end time",-6,1049,1055,4020.5
"Post scheduled trip end time",-6,15,21,4020.5
"Post scheduled trip end time",-6,1467,1473,4020.5
"Post scheduled trip end time",-6,17908,17914,4020.5
"Post scheduled trip end time",-6,54,60,4020.5
"Post scheduled trip end time",-6,14051,14057,4020.5
"Post scheduled trip end time",-6,41,47,4020.5
"Post scheduled trip end time",-6,27,33,4020.5
"Post scheduled trip end time",-6,12231,12237,4020.5
"Post scheduled trip end time",-6,1774,1780,4020.5
"Post scheduled trip end time",-6,1971,1977,4020.5
"Post scheduled trip end time",-6,40,46,4020.5
"Post scheduled trip end time",-6,94,100,4020.5
"Post scheduled trip end time",-6,733,739,4020.5
"Post scheduled trip end time",-6,44,50,4020.5
"Post scheduled trip end time",-6,-5,1,4020.5
"Post scheduled trip end time",-6,16672,16678,4020.5
"Post scheduled trip end time",-6,17465,17471,4020.5
"Post scheduled trip end time",-6,9361,9367,4020.5
"Post scheduled trip end time",-6,523628,523634,4020.5
"Post scheduled trip end time",-6,12,18,4020.5
"Post scheduled trip end time",-6,1785,1791,4020.5
"Post scheduled trip end time",-6,2901,2907,4020.5
"Post scheduled trip end time",-6,8771,8777,4020.5
"Post scheduled trip end time",-6,5481,5487,4020.5
"Post scheduled trip end time",-6,2488,2494,4020.5
"Post scheduled trip end time",-6,2201,2207,4020.5
"Post scheduled trip end time",-6,530288,530294,4020.5
"Post scheduled trip end time",-6,846,852,4020.5
"Post scheduled trip end time",-6,10,16,4020.5
"Post scheduled trip end time",-6,38,44,4020.5
"Post scheduled trip end time",-6,243,249,4020.5
"Post scheduled trip end time",-6,4021,4027,4020.5
"Post scheduled trip end time",-6,60,66,4020.5
"Post scheduled trip end time",-6,7006,7012,4020.5
"Post scheduled trip end time",-6,-3,3,4020.5
"Post scheduled trip end time",-6,7551,7557,4020.5
"Post scheduled trip end time",-6,-2,4,4020.5
"Post scheduled trip end time",-6,7712,7718,4020.5
"Post scheduled trip end time",-6,2701,2707,4020.5
"Post scheduled trip end time",-6,10048,10054,4020.5
"Post scheduled trip end time",-6,31,37,4020.5
"Post scheduled trip end time",-6,1857,1863,4020.5
"Post scheduled trip end time",-6,5601,5607,4020.5
"Post scheduled trip end time",-6,14501,14507,4020.5
"Post scheduled trip end time",-6,2588,2594,4020.5
"Post scheduled trip end time",-6,48,54,4020.5
"Post scheduled trip end time",-6,19538,19544,4020.5
"Post scheduled trip end time",-6,11746,11752,4020.5
"Post scheduled trip end time",-6,645,651,4020.5
"Post scheduled trip end time",-6,3758,3764,4020.5
"Post scheduled trip end time",-6,0,6,4020.5
"Post scheduled trip end time",-6,2135,2141,4020.5
"Post scheduled trip end time",-6,13237,13243,4020.5
"Post scheduled trip end time",-6,NA,NA,4020.5
"Post scheduled trip end time",-6,1808,1814,4020.5
"Post scheduled trip end time",-6,39,45,4020.5
"Post scheduled trip end time",-6,592,598,4020.5
"Post scheduled trip end time",-6,2810,2816,4020.5
"Post scheduled trip end time",-6,1989,1995,4020.5
"Post scheduled trip end time",-6,36,42,4020.5
"Post scheduled trip end time",-6,3061,3067,4020.5
"Post scheduled trip end time",-6,23,29,4020.5
"Post scheduled trip end time",-6,14,20,4020.5
"Post scheduled trip end time",-6,9851,9857,4020.5
"Post scheduled trip end time",-6,2360,2366,4020.5
"Post scheduled trip end time",-6,266,272,4020.5
"Post scheduled trip end time",-6,3740,3746,4020.5
"Post scheduled trip end time",-6,5554,5560,4020.5
"Post scheduled trip end time",-6,73,79,4020.5
"Post scheduled trip end time",-6,603,609,4020.5
"Post scheduled trip end time",-6,3634,3640,4020.5
"Post scheduled trip end time",-6,2894,2900,4020.5
"Post scheduled trip end time",-6,29,35,4020.5
"Post scheduled trip end time",-6,403,409,4020.5
"Post scheduled trip end time",-6,3520,3526,4020.5
"Post scheduled trip end time",-6,7501,7507,4020.5
"Post scheduled trip end time",-6,52,58,4020.5
"Post scheduled trip end time",-6,4694,4700,4020.5
"Post scheduled trip end time",-6,2252,2258,4020.5
"Post scheduled trip end time",-6,12690,12696,4020.5
"Post scheduled trip end time",-6,9746,9752,4020.5
"Post scheduled trip end time",-6,537968,537974,4020.5
"Post scheduled trip end time",-6,30,36,4020.5
"Post scheduled trip end time",-6,511,517,4020.5
"Post scheduled trip end time",-6,45,51,4020.5
"Post scheduled trip end time",-6,32452,32458,4020.5
"Post scheduled trip end time",-6,299,305,4020.5
"Post scheduled trip end time",-6,12957,12963,4020.5
"Post scheduled trip end time",-6,1370,1376,4020.5
"Post scheduled trip end time",-6,1809,1815,4020.5
"Post scheduled trip end time",-6,503,509,4020.5
"Post scheduled trip end time",-6,42,48,4020.5
"Post scheduled trip end time",-6,64,70,4020.5
"Post scheduled trip end time",-6,67,73,4020.5
"Post scheduled trip end time",-6,11620,11626,4020.5
"Post scheduled trip end time",-6,9734,9740,4020.5
"Post scheduled trip end time",-6,8,14,4020.5
"Post scheduled trip end time",-6,647,653,4020.5
"Post scheduled trip end time",-6,62,68,4020.5
"Post scheduled trip end time",-6,15852,15858,4020.5
"Post scheduled trip end time",-6,7,13,4020.5
"Post scheduled trip end time",-6,124,130,4020.5
"Post scheduled trip end time",-6,9491,9497,4020.5
"Post scheduled trip end time",-6,11,17,4020.5
"Post scheduled trip end time",-6,525828,525834,4020.5
"Post scheduled trip end time",-6,12466,12472,4020.5
"Post scheduled trip end time",-6,20,26,4020.5
"Post scheduled trip end time",-6,9472,9478,4020.5
"Post scheduled trip end time",-6,6371,6377,4020.5
"Post scheduled trip end time",-6,523728,523734,4020.5
"Post scheduled trip end time",-6,80,86,4020.5
"Post scheduled trip end time",-6,250,256,4020.5
"Post scheduled trip end time",-6,14190,14196,4020.5
"Post scheduled trip end time",-6,8590,8596,4020.5
"Post scheduled trip end time",-6,7951,7957,4020.5
"Post scheduled trip end time",-6,15948,15954,4020.5
"Post scheduled trip end time",-6,5,11,4020.5
"Post scheduled trip end time",-6,50,56,4020.5
"Post scheduled trip end time",-6,35,41,4020.5
"Post scheduled trip end time",-6,321,327,4020.5
"Post scheduled trip end time",-6,348,354,4020.5
"Post scheduled trip end time",-6,18631,18637,4020.5
"Post scheduled trip end time",-6,1454,1460,4020.5
"Post scheduled trip end time",-6,384,390,4020.5
"Post scheduled trip end time",-6,1907,1913,4020.5
"Post scheduled trip end time",-6,7470,7476,4020.5
"Post scheduled trip end time",-6,5089,5095,4020.5
"Post scheduled trip end time",-6,12857,12863,4020.5
"Post scheduled trip end time",-6,502,508,4020.5
"Post scheduled trip end time",-6,11658,11664,4020.5
"Post scheduled trip end time",-6,9166,9172,4020.5
"Post scheduled trip end time",-6,528108,528114,4020.5
"Post scheduled trip end time",-6,5440,5446,4020.5
"Post scheduled trip end time",-6,12448,12454,4020.5
"Post scheduled trip end time",-6,2280,2286,4020.5
"Post scheduled trip end time",-6,63,69,4020.5
"Post scheduled trip end time",-6,-4,2,4020.5
"Post scheduled trip end time",-6,4277,4283,4020.5
"Post scheduled trip end time",-6,859,865,4020.5
"Post scheduled trip end time",-6,26,32,4020.5
"Post scheduled trip end time",-6,10601,10607,4020.5
"Post scheduled trip end time",-6,28,34,4020.5
"Post scheduled trip end time",-6,2939,2945,4020.5
"Post scheduled trip end time",-6,34,40,4020.5
"Post scheduled trip end time",-6,10391,10397,4020.5
"Post scheduled trip end time",-6,541468,541474,4020.5
"Post scheduled trip end time",-6,46,52,4020.5
"Post scheduled trip end time",-6,6106,6112,4020.5
"Post scheduled trip end time",-6,10774,10780,4020.5
"Before scheduled trip start time",-5,73239,73244,8038
"Before scheduled trip start time",-5,14,19,8038
"Before scheduled trip start time",-5,7657,7662,8038
"Before scheduled trip start time",-5,112,117,8038
"Before scheduled trip start time",-5,513628,513633,8038
"Before scheduled trip start time",-5,197,202,8038
"Before scheduled trip start time",-5,63119,63124,8038
"Before scheduled trip start time",-5,1699,1704,8038
"Before scheduled trip start time",-5,416,421,8038
"Before scheduled trip start time",-5,6119,6124,8038
"Before scheduled trip start time",-5,18994,18999,8038
"Before scheduled trip start time",-5,1915,1920,8038
"Before scheduled trip start time",-5,1526,1531,8038
"Before scheduled trip start time",-5,401,406,8038
"Before scheduled trip start time",-5,681280,681285,8038
"Before scheduled trip start time",-5,16,21,8038
"Before scheduled trip start time",-5,375,380,8038
"Before scheduled trip start time",-5,44,49,8038
"Before scheduled trip start time",-5,1444,1449,8038
"Before scheduled trip start time",-5,727,732,8038
"Before scheduled trip start time",-5,32394,32399,8038
"Before scheduled trip start time",-5,2188,2193,8038
"Before scheduled trip start time",-5,495,500,8038
"Before scheduled trip start time",-5,62919,62924,8038
"Before scheduled trip start time",-5,88,93,8038
"Before scheduled trip start time",-5,1697,1702,8038
"Before scheduled trip start time",-5,1485,1490,8038
"Before scheduled trip start time",-5,1177,1182,8038
"Before scheduled trip start time",-5,109,114,8038
"Before scheduled trip start time",-5,33254,33259,8038
"Before scheduled trip start time",-5,5094,5099,8038
"Before scheduled trip start time",-5,35,40,8038
"Before scheduled trip start time",-5,5,10,8038
"Before scheduled trip start time",-5,6,11,8038
"Before scheduled trip start time",-5,79039,79044,8038
"Before scheduled trip start time",-5,228,233,8038
"Before scheduled trip start time",-5,1563,1568,8038
"Before scheduled trip start time",-5,5354,5359,8038
"Before scheduled trip start time",-5,50,55,8038
"Before scheduled trip start time",-5,58,63,8038
"Before scheduled trip start time",-5,47,52,8038
"Before scheduled trip start time",-5,1091,1096,8038
"Before scheduled trip start time",-5,1335,1340,8038
"Before scheduled trip start time",-5,263,268,8038
"Before scheduled trip start time",-5,513828,513833,8038
"Before scheduled trip start time",-5,117,122,8038
"Before scheduled trip start time",-5,358,363,8038
"Before scheduled trip start time",-5,379,384,8038
"Before scheduled trip start time",-5,66,71,8038
"Before scheduled trip start time",-5,85,90,8038
"Before scheduled trip start time",-5,499,504,8038
"Before scheduled trip start time",-5,53107,53112,8038
"Before scheduled trip start time",-5,51,56,8038
"Before scheduled trip start time",-5,438,443,8038
"Before scheduled trip start time",-5,238,243,8038
"Before scheduled trip start time",-5,131,136,8038
"Before scheduled trip start time",-5,517,522,8038
"Before scheduled trip start time",-5,4015,4020,8038
"Before scheduled trip start time",-5,16058,16063,8038
"Before scheduled trip start time",-5,4574,4579,8038
"Before scheduled trip start time",-5,243,248,8038
"Before scheduled trip start time",-5,1448,1453,8038
"Before scheduled trip start time",-5,0,5,8038
"Before scheduled trip start time",-5,4977,4982,8038
"Before scheduled trip start time",-5,62,67,8038
"Before scheduled trip start time",-5,2319,2324,8038
"Before scheduled trip start time",-5,716,721,8038
"Before scheduled trip start time",-5,169,174,8038
"Before scheduled trip start time",-5,12075,12080,8038
"Before scheduled trip start time",-5,48,53,8038
"Before scheduled trip start time",-5,25,30,8038
"Before scheduled trip start time",-5,8575,8580,8038
"Before scheduled trip start time",-5,118,123,8038
"Before scheduled trip start time",-5,33,38,8038
"Before scheduled trip start time",-5,111,116,8038
"Before scheduled trip start time",-5,55287,55292,8038
"Before scheduled trip start time",-5,225,230,8038
"Before scheduled trip start time",-5,514628,514633,8038
"Before scheduled trip start time",-5,14352,14357,8038
"Before scheduled trip start time",-5,1540,1545,8038
"Before scheduled trip start time",-5,26203,26208,8038
"Before scheduled trip start time",-5,328,333,8038
"Before scheduled trip start time",-5,53199,53204,8038
"Before scheduled trip start time",-5,1519,1524,8038
"Before scheduled trip start time",-5,3529,3534,8038
"Before scheduled trip start time",-5,33514,33519,8038
"Before scheduled trip start time",-5,104,109,8038
"Before scheduled trip start time",-5,395,400,8038
"Before scheduled trip start time",-5,648,653,8038
"Before scheduled trip start time",-5,31,36,8038
"Before scheduled trip start time",-5,36,41,8038
"Before scheduled trip start time",-5,327,332,8038
"Before scheduled trip start time",-5,13,18,8038
"Before scheduled trip start time",-5,58607,58612,8038
"Before scheduled trip start time",-5,5017,5022,8038
"Before scheduled trip start time",-5,55,60,8038
"Before scheduled trip start time",-5,120,125,8038
"Before scheduled trip start time",-5,19,24,8038
"Before scheduled trip start time",-5,2107,2112,8038
"Before scheduled trip start time",-5,9114,9119,8038
"Before scheduled trip start time",-5,4177,4182,8038
"Before scheduled trip start time",-5,1959,1964,8038
"Before scheduled trip start time",-5,17,22,8038
"Before scheduled trip start time",-5,68259,68264,8038
"Before scheduled trip start time",-5,541,546,8038
"Before scheduled trip start time",-5,31518,31523,8038
"Before scheduled trip start time",-5,4432,4437,8038
"Before scheduled trip start time",-5,1120,1125,8038
"Before scheduled trip start time",-5,407,412,8038
"Before scheduled trip start time",-5,8374,8379,8038
"Before scheduled trip start time",-5,314,319,8038
"Before scheduled trip start time",-5,6095,6100,8038
"Before scheduled trip start time",-5,7919,7924,8038
"Before scheduled trip start time",-5,2119,2124,8038
"Before scheduled trip start time",-5,4,9,8038
"Before scheduled trip start time",-5,11074,11079,8038
"Before scheduled trip start time",-5,37,42,8038
"Before scheduled trip start time",-5,182,187,8038
"Before scheduled trip start time",-5,40,45,8038
"Before scheduled trip start time",-5,302,307,8038
"Before scheduled trip start time",-5,6392,6397,8038
"Before scheduled trip start time",-5,-4,1,8038
"Before scheduled trip start time",-5,436,441,8038
"Before scheduled trip start time",-5,11,16,8038
"Before scheduled trip start time",-5,70159,70164,8038
"Before scheduled trip start time",-5,1286,1291,8038
"Before scheduled trip start time",-5,101,106,8038
"Before scheduled trip start time",-5,72,77,8038
"Before scheduled trip start time",-5,20,25,8038
"Before scheduled trip start time",-5,77239,77244,8038
"Before scheduled trip start time",-5,681300,681305,8038
"Before scheduled trip start time",-5,1245,1250,8038
"Before scheduled trip start time",-5,666960,666965,8038
"Before scheduled trip start time",-5,394,399,8038
"Before scheduled trip start time",-5,279,284,8038
"Before scheduled trip start time",-5,76219,76224,8038
"Before scheduled trip start time",-5,504,509,8038
"Before scheduled trip start time",-5,122,127,8038
"Before scheduled trip start time",-5,5099,5104,8038
"Before scheduled trip start time",-5,410,415,8038
"Before scheduled trip start time",-5,70,75,8038
"Before scheduled trip start time",-5,6832,6837,8038
"Before scheduled trip start time",-5,948,953,8038
"Before scheduled trip start time",-5,2774,2779,8038
"Before scheduled trip start time",-5,45,50,8038
"Before scheduled trip start time",-5,1,6,8038
"Before scheduled trip start time",-5,708,713,8038
"Before scheduled trip start time",-5,42,47,8038
"Before scheduled trip start time",-5,428,433,8038
"Before scheduled trip start time",-5,259,264,8038
"Before scheduled trip start time",-5,3692,3697,8038
"Before scheduled trip start time",-5,435,440,8038
"Before scheduled trip start time",-5,11514,11519,8038
"Before scheduled trip start time",-5,257,262,8038
"Before scheduled trip start time",-5,839,844,8038
"Before scheduled trip start time",-5,1247,1252,8038
"Before scheduled trip start time",-5,513068,513073,8038
"Before scheduled trip start time",-5,3775,3780,8038
"Before scheduled trip start time",-5,593,598,8038
"Before scheduled trip start time",-5,9375,9380,8038
"Before scheduled trip start time",-5,63059,63064,8038
"Before scheduled trip start time",-5,755,760,8038
"Before scheduled trip start time",-5,412,417,8038
"Before scheduled trip start time",-5,63899,63904,8038
"Before scheduled trip start time",-5,390,395,8038
"Before scheduled trip start time",-5,584,589,8038
"Before scheduled trip start time",-5,53,58,8038
"Before scheduled trip start time",-5,26,31,8038
"Before scheduled trip start time",-5,1669,1674,8038
"Before scheduled trip start time",-5,8,13,8038
"Before scheduled trip start time",-5,237,242,8038
"Before scheduled trip start time",-5,1874,1879,8038
"Before scheduled trip start time",-5,274,279,8038
"Before scheduled trip start time",-5,68239,68244,8038
"Before scheduled trip start time",-5,79819,79824,8038
"Before scheduled trip start time",-5,10115,10120,8038
"Before scheduled trip start time",-5,27,32,8038
"Before scheduled trip start time",-5,276,281,8038
"Before scheduled trip start time",-5,60919,60924,8038
"Before scheduled trip start time",-5,12515,12520,8038
"Before scheduled trip start time",-5,69199,69204,8038
"Before scheduled trip start time",-5,32,37,8038
"Before scheduled trip start time",-5,477,482,8038
"Before scheduled trip start time",-5,98,103,8038
"Before scheduled trip start time",-5,44287,44292,8038
"Before scheduled trip start time",-5,-3,2,8038
"Before scheduled trip start time",-5,1688,1693,8038
"Before scheduled trip start time",-5,1754,1759,8038
"Before scheduled trip start time",-5,1957,1962,8038
"Before scheduled trip start time",-5,469,474,8038
"Before scheduled trip start time",-5,60,65,8038
"Before scheduled trip start time",-5,230,235,8038
"Before scheduled trip start time",-5,503908,503913,8038
"Before scheduled trip start time",-5,270,275,8038
"Before scheduled trip start time",-5,681380,681385,8038
"Before scheduled trip start time",-5,58707,58712,8038
"Before scheduled trip start time",-5,152,157,8038
"Before scheduled trip start time",-5,57,62,8038
"Before scheduled trip start time",-5,3014,3019,8038
"Before scheduled trip start time",-5,2892,2897,8038
"Before scheduled trip start time",-5,10,15,8038
"Before scheduled trip start time",-5,298,303,8038
"Before scheduled trip start time",-5,440,445,8038
"Before scheduled trip start time",-5,676680,676685,8038
"Before scheduled trip start time",-5,253,258,8038
"Before scheduled trip start time",-5,291,296,8038
"Before scheduled trip start time",-5,41,46,8038
"Before scheduled trip start time",-5,239,244,8038
"Before scheduled trip start time",-5,39,44,8038
"Before scheduled trip start time",-5,38,43,8038
"Before scheduled trip start time",-5,62359,62364,8038
"Before scheduled trip start time",-5,28458,28463,8038
"Before scheduled trip start time",-5,514608,514613,8038
"Before scheduled trip start time",-5,1312,1317,8038
"Before scheduled trip start time",-5,166,171,8038
"Before scheduled trip start time",-5,29458,29463,8038
"Before scheduled trip start time",-5,311,316,8038
"Before scheduled trip start time",-5,63359,63364,8038
"Before scheduled trip start time",-5,2755,2760,8038
"Before scheduled trip start time",-5,14412,14417,8038
"Before scheduled trip start time",-5,30318,30323,8038
"Before scheduled trip start time",-5,115,120,8038
"Before scheduled trip start time",-5,7574,7579,8038
"Before scheduled trip start time",-5,592,597,8038
"Before scheduled trip start time",-5,589,594,8038
"Before scheduled trip start time",-5,359,364,8038
"Before scheduled trip start time",-5,12,17,8038
"Before scheduled trip start time",-5,247,252,8038
"Before scheduled trip start time",-5,-2,3,8038
"Before scheduled trip start time",-5,6359,6364,8038
"Before scheduled trip start time",-5,34,39,8038
"Before scheduled trip start time",-5,59,64,8038
"Before scheduled trip start time",-5,46,51,8038
"Before scheduled trip start time",-5,268,273,8038
"Before scheduled trip start time",-5,138,143,8038
"Before scheduled trip start time",-5,NA,NA,8038
"Before scheduled trip start time",-5,4577,4582,8038
"Before scheduled trip start time",-5,18,23,8038
"Before scheduled trip start time",-5,23,28,8038
"Before scheduled trip start time",-5,56227,56232,8038
"Before scheduled trip start time",-5,52,57,8038
"Before scheduled trip start time",-5,6355,6360,8038
"Before scheduled trip start time",-5,1877,1882,8038
"Before scheduled trip start time",-5,76,81,8038
"Before scheduled trip start time",-5,30578,30583,8038
"Before scheduled trip start time",-5,29,34,8038
"Before scheduled trip start time",-5,28,33,8038
"Before scheduled trip start time",-5,2,7,8038
"Before scheduled trip start time",-5,760,765,8038
"Before scheduled trip start time",-5,216,221,8038
"Before scheduled trip start time",-5,514068,514073,8038
"Before scheduled trip start time",-5,553,558,8038
"Before scheduled trip start time",-5,21,26,8038
"Before scheduled trip start time",-5,354,359,8038
"Before scheduled trip start time",-5,292,297,8038
"Before scheduled trip start time",-5,194,199,8038
"Before scheduled trip start time",-5,513768,513773,8038
"Before scheduled trip start time",-5,67,72,8038
"Before scheduled trip start time",-5,71,76,8038
"Before scheduled trip start time",-5,54007,54012,8038
"Before scheduled trip start time",-5,678900,678905,8038
"Before scheduled trip start time",-5,1034,1039,8038
"Before scheduled trip start time",-5,2617,2622,8038
"Before scheduled trip start time",-5,-5,0,8038
"Before scheduled trip start time",-5,7,12,8038
"Before scheduled trip start time",-5,63919,63924,8038
"Before scheduled trip start time",-5,174,179,8038
"Before scheduled trip start time",-5,70799,70804,8038
"Before scheduled trip start time",-5,511628,511633,8038
"Before scheduled trip start time",-5,64,69,8038
"Before scheduled trip start time",-5,-1,4,8038
"Before scheduled trip start time",-5,677960,677965,8038
"Before scheduled trip start time",-5,2059,2064,8038
"Before scheduled trip start time",-5,807,812,8038
"Before scheduled trip start time",-5,1103,1108,8038
"Before scheduled trip start time",-5,296,301,8038
"Before scheduled trip start time",-5,69,74,8038
"Before scheduled trip start time",-5,5575,5580,8038
"Before scheduled trip start time",-5,133,138,8038
"Before scheduled trip start time",-5,672,677,8038
"Before scheduled trip start time",-5,30,35,8038
"Before scheduled trip start time",-5,3,8,8038
"Before scheduled trip start time",-5,24,29,8038
"Before scheduled trip start time",-5,514588,514593,8038
"Before scheduled trip start time",-5,1355,1360,8038
"Before scheduled trip start time",-5,22,27,8038
"Before scheduled trip start time",-5,162,167,8038
"Before scheduled trip start time",-5,675780,675785,8038
"Before scheduled trip start time",-5,984,989,8038
"Before scheduled trip start time",-5,15,20,8038
"Before scheduled trip start time",-5,5717,5722,8038
"Before scheduled trip start time",-5,10852,10857,8038
"Before scheduled trip start time",-5,9,14,8038
"Before scheduled trip start time",-5,83,88,8038
"Before scheduled trip start time",-5,9472,9477,8038
"Before scheduled trip start time",-5,1587,1592,8038
"Before scheduled trip start time",-5,49,54,8038
"Before scheduled trip start time",-5,1077,1082,8038
"Before scheduled trip start time",-5,1539,1544,8038
"Before scheduled trip start time",-5,3699,3704,8038
"Before scheduled trip start time",-5,74819,74824,8038
"Before scheduled trip start time",-5,360,365,8038
"Before scheduled trip start time",-5,1595,1600,8038
"Before scheduled trip start time",-5,72427,72432,8038
"Before scheduled trip start time",-5,2195,2200,8038
"Before scheduled trip start time",-5,58627,58632,8038
"Before scheduled trip start time",-5,71799,71804,8038
"Before scheduled trip start time",-5,374,379,8038
"Before scheduled trip start time",-5,679,684,8038
"Before scheduled trip start time",-5,136,141,8038
"Before scheduled trip start time",-5,244,249,8038
"Before scheduled trip start time",-5,1729,1734,8038
"Before scheduled trip start time",-5,77479,77484,8038
"Before scheduled trip start time",-5,266,271,8038
"Before scheduled trip start time",-5,105,110,8038
"Before scheduled trip start time",-5,79559,79564,8038
"Before scheduled trip start time",-5,31394,31399,8038
"Before scheduled trip start time",-5,571,576,8038
"Before scheduled trip start time",-5,9037,9042,8038
"Before scheduled trip start time",-5,531,536,8038
"During scheduled trip",-5,526,531,291
"During scheduled trip",-5,3,8,291
"During scheduled trip",-5,1589,1594,291
"During scheduled trip",-5,1349,1354,291
"During scheduled trip",-5,113,118,291
"During scheduled trip",-5,2411,2416,291
"During scheduled trip",-5,36,41,291
"During scheduled trip",-5,129,134,291
"During scheduled trip",-5,289,294,291
"During scheduled trip",-5,40,45,291
"During scheduled trip",-5,161,166,291
"During scheduled trip",-5,189,194,291
"During scheduled trip",-5,477,482,291
"During scheduled trip",-5,143,148,291
"During scheduled trip",-5,185,190,291
"During scheduled trip",-5,68,73,291
"During scheduled trip",-5,144,149,291
"During scheduled trip",-5,2151,2156,291
"During scheduled trip",-5,5,10,291
"During scheduled trip",-5,219,224,291
"During scheduled trip",-5,56,61,291
"During scheduled trip",-5,11,16,291
"During scheduled trip",-5,230,235,291
"During scheduled trip",-5,123,128,291
"During scheduled trip",-5,384,389,291
"During scheduled trip",-5,228,233,291
"During scheduled trip",-5,76,81,291
"During scheduled trip",-5,828,833,291
"During scheduled trip",-5,1541,1546,291
"During scheduled trip",-5,152,157,291
"During scheduled trip",-5,1330,1335,291
"During scheduled trip",-5,84,89,291
"During scheduled trip",-5,178,183,291
"During scheduled trip",-5,95,100,291
"During scheduled trip",-5,75,80,291
"During scheduled trip",-5,839,844,291
"During scheduled trip",-5,30,35,291
"During scheduled trip",-5,1681,1686,291
"During scheduled trip",-5,139,144,291
"During scheduled trip",-5,264,269,291
"During scheduled trip",-5,186,191,291
"During scheduled trip",-5,977,982,291
"During scheduled trip",-5,1066,1071,291
"During scheduled trip",-5,38,43,291
"During scheduled trip",-5,-3,2,291
"During scheduled trip",-5,253,258,291
"During scheduled trip",-5,74,79,291
"During scheduled trip",-5,1079,1084,291
"During scheduled trip",-5,168,173,291
"During scheduled trip",-5,333,338,291
"During scheduled trip",-5,9,14,291
"During scheduled trip",-5,47,52,291
"During scheduled trip",-5,101,106,291
"During scheduled trip",-5,97,102,291
"During scheduled trip",-5,91,96,291
"During scheduled trip",-5,31,36,291
"During scheduled trip",-5,48,53,291
"During scheduled trip",-5,213,218,291
"During scheduled trip",-5,64,69,291
"During scheduled trip",-5,58,63,291
"During scheduled trip",-5,661,666,291
"During scheduled trip",-5,90,95,291
"During scheduled trip",-5,-1,4,291
"During scheduled trip",-5,243,248,291
"During scheduled trip",-5,315,320,291
"During scheduled trip",-5,162,167,291
"During scheduled trip",-5,26,31,291
"During scheduled trip",-5,518968,518973,291
"During scheduled trip",-5,117,122,291
"During scheduled trip",-5,32,37,291
"During scheduled trip",-5,66,71,291
"During scheduled trip",-5,77,82,291
"During scheduled trip",-5,28,33,291
"During scheduled trip",-5,100,105,291
"During scheduled trip",-5,-2,3,291
"During scheduled trip",-5,55,60,291
"During scheduled trip",-5,201,206,291
"During scheduled trip",-5,248,253,291
"During scheduled trip",-5,137,142,291
"During scheduled trip",-5,180,185,291
"During scheduled trip",-5,181,186,291
"During scheduled trip",-5,1980,1985,291
"During scheduled trip",-5,142,147,291
"During scheduled trip",-5,132,137,291
"During scheduled trip",-5,35,40,291
"During scheduled trip",-5,167,172,291
"During scheduled trip",-5,239,244,291
"During scheduled trip",-5,108,113,291
"During scheduled trip",-5,23,28,291
"During scheduled trip",-5,343,348,291
"During scheduled trip",-5,244,249,291
"During scheduled trip",-5,169,174,291
"During scheduled trip",-5,171,176,291
"During scheduled trip",-5,131,136,291
"During scheduled trip",-5,105,110,291
"During scheduled trip",-5,8,13,291
"During scheduled trip",-5,7,12,291
"During scheduled trip",-5,21,26,291
"During scheduled trip",-5,82,87,291
"During scheduled trip",-5,1643,1648,291
"During scheduled trip",-5,166,171,291
"During scheduled trip",-5,102,107,291
"During scheduled trip",-5,120,125,291
"During scheduled trip",-5,146,151,291
"During scheduled trip",-5,81,86,291
"During scheduled trip",-5,39,44,291
"During scheduled trip",-5,10,15,291
"During scheduled trip",-5,41,46,291
"During scheduled trip",-5,44,49,291
"During scheduled trip",-5,13,18,291
"During scheduled trip",-5,45,50,291
"During scheduled trip",-5,15,20,291
"During scheduled trip",-5,52,57,291
"During scheduled trip",-5,154,159,291
"During scheduled trip",-5,1548,1553,291
"During scheduled trip",-5,160,165,291
"During scheduled trip",-5,111,116,291
"During scheduled trip",-5,109,114,291
"During scheduled trip",-5,98,103,291
"During scheduled trip",-5,481,486,291
"During scheduled trip",-5,43,48,291
"During scheduled trip",-5,739,744,291
"During scheduled trip",-5,25,30,291
"During scheduled trip",-5,627,632,291
"During scheduled trip",-5,71,76,291
"During scheduled trip",-5,1580,1585,291
"During scheduled trip",-5,2,7,291
"During scheduled trip",-5,73,78,291
"During scheduled trip",-5,57,62,291
"During scheduled trip",-5,158,163,291
"During scheduled trip",-5,93,98,291
"During scheduled trip",-5,716,721,291
"During scheduled trip",-5,29,34,291
"During scheduled trip",-5,63,68,291
"During scheduled trip",-5,-4,1,291
"During scheduled trip",-5,83,88,291
"During scheduled trip",-5,170,175,291
"During scheduled trip",-5,183,188,291
"During scheduled trip",-5,42,47,291
"During scheduled trip",-5,155,160,291
"During scheduled trip",-5,831,836,291
"During scheduled trip",-5,329,334,291
"During scheduled trip",-5,196,201,291
"During scheduled trip",-5,114,119,291
"During scheduled trip",-5,973,978,291
"During scheduled trip",-5,708,713,291
"During scheduled trip",-5,19,24,291
"During scheduled trip",-5,122,127,291
"During scheduled trip",-5,103,108,291
"During scheduled trip",-5,352,357,291
"During scheduled trip",-5,46,51,291
"During scheduled trip",-5,27,32,291
"During scheduled trip",-5,198,203,291
"During scheduled trip",-5,165,170,291
"During scheduled trip",-5,89,94,291
"During scheduled trip",-5,65,70,291
"During scheduled trip",-5,383,388,291
"During scheduled trip",-5,49,54,291
"During scheduled trip",-5,130,135,291
"During scheduled trip",-5,173,178,291
"During scheduled trip",-5,34,39,291
"During scheduled trip",-5,518948,518953,291
"During scheduled trip",-5,188,193,291
"During scheduled trip",-5,50,55,291
"During scheduled trip",-5,33,38,291
"During scheduled trip",-5,147,152,291
"During scheduled trip",-5,474,479,291
"During scheduled trip",-5,1,6,291
"During scheduled trip",-5,51,56,291
"During scheduled trip",-5,112,117,291
"During scheduled trip",-5,125,130,291
"During scheduled trip",-5,18,23,291
"During scheduled trip",-5,531,536,291
"During scheduled trip",-5,72,77,291
"During scheduled trip",-5,277,282,291
"During scheduled trip",-5,4,9,291
"During scheduled trip",-5,87,92,291
"During scheduled trip",-5,37,42,291
"During scheduled trip",-5,107,112,291
"During scheduled trip",-5,22,27,291
"During scheduled trip",-5,591,596,291
"During scheduled trip",-5,479,484,291
"During scheduled trip",-5,313,318,291
"During scheduled trip",-5,60,65,291
"During scheduled trip",-5,85,90,291
"During scheduled trip",-5,164,169,291
"During scheduled trip",-5,106,111,291
"During scheduled trip",-5,287,292,291
"During scheduled trip",-5,6,11,291
"During scheduled trip",-5,NA,NA,291
"During scheduled trip",-5,349,354,291
"During scheduled trip",-5,126,131,291
"During scheduled trip",-5,438,443,291
"During scheduled trip",-5,67,72,291
"During scheduled trip",-5,17,22,291
"During scheduled trip",-5,378,383,291
"During scheduled trip",-5,115,120,291
"During scheduled trip",-5,223,228,291
"During scheduled trip",-5,207,212,291
"During scheduled trip",-5,418,423,291
"During scheduled trip",-5,62,67,291
"During scheduled trip",-5,14,19,291
"During scheduled trip",-5,24,29,291
"During scheduled trip",-5,119,124,291
"During scheduled trip",-5,0,5,291
"During scheduled trip",-5,54,59,291
"During scheduled trip",-5,440,445,291
"During scheduled trip",-5,88,93,291
"During scheduled trip",-5,70,75,291
"During scheduled trip",-5,148,153,291
"During scheduled trip",-5,53,58,291
"During scheduled trip",-5,20,25,291
"During scheduled trip",-5,96,101,291
"During scheduled trip",-5,124,129,291
"During scheduled trip",-5,448,453,291
"During scheduled trip",-5,-5,0,291
"During scheduled trip",-5,150,155,291
"During scheduled trip",-5,163,168,291
"During scheduled trip",-5,311,316,291
"During scheduled trip",-5,78,83,291
"During scheduled trip",-5,16,21,291
"During scheduled trip",-5,184,189,291
"During scheduled trip",-5,297,302,291
"During scheduled trip",-5,1921,1926,291
"During scheduled trip",-5,92,97,291
"During scheduled trip",-5,507,512,291
"During scheduled trip",-5,133,138,291
"During scheduled trip",-5,471,476,291
"During scheduled trip",-5,986,991,291
"During scheduled trip",-5,788,793,291
"During scheduled trip",-5,69,74,291
"During scheduled trip",-5,59,64,291
"During scheduled trip",-5,79,84,291
"During scheduled trip",-5,61,66,291
"During scheduled trip",-5,104,109,291
"During scheduled trip",-5,12,17,291
"During scheduled trip",-5,1631,1636,291
"During scheduled trip",-5,283,288,291
"During scheduled trip",-5,1119,1124,291
"During scheduled trip",-5,140,145,291
"During scheduled trip",-5,80,85,291
"During scheduled trip",-5,149,154,291
"During scheduled trip",-5,597,602,291
"Post scheduled trip end time",-5,5220,5225,4020.5
"Post scheduled trip end time",-5,2586,2591,4020.5
"Post scheduled trip end time",-5,6814,6819,4020.5
"Post scheduled trip end time",-5,158,163,4020.5
"Post scheduled trip end time",-5,881,886,4020.5
"Post scheduled trip end time",-5,11168,11173,4020.5
"Post scheduled trip end time",-5,123,128,4020.5
"Post scheduled trip end time",-5,12,17,4020.5
"Post scheduled trip end time",-5,966,971,4020.5
"Post scheduled trip end time",-5,3001,3006,4020.5
"Post scheduled trip end time",-5,16052,16057,4020.5
"Post scheduled trip end time",-5,31,36,4020.5
"Post scheduled trip end time",-5,478,483,4020.5
"Post scheduled trip end time",-5,1631,1636,4020.5
"Post scheduled trip end time",-5,15901,15906,4020.5
"Post scheduled trip end time",-5,4097,4102,4020.5
"Post scheduled trip end time",-5,665,670,4020.5
"Post scheduled trip end time",-5,10550,10555,4020.5
"Post scheduled trip end time",-5,534288,534293,4020.5
"Post scheduled trip end time",-5,11452,11457,4020.5
"Post scheduled trip end time",-5,5286,5291,4020.5
"Post scheduled trip end time",-5,9361,9366,4020.5
"Post scheduled trip end time",-5,2654,2659,4020.5
"Post scheduled trip end time",-5,1837,1842,4020.5
"Post scheduled trip end time",-5,475,480,4020.5
"Post scheduled trip end time",-5,223,228,4020.5
"Post scheduled trip end time",-5,11,16,4020.5
"Post scheduled trip end time",-5,15265,15270,4020.5
"Post scheduled trip end time",-5,3,8,4020.5
"Post scheduled trip end time",-5,536688,536693,4020.5
"Post scheduled trip end time",-5,5431,5436,4020.5
"Post scheduled trip end time",-5,540708,540713,4020.5
"Post scheduled trip end time",-5,4532,4537,4020.5
"Post scheduled trip end time",-5,9225,9230,4020.5
"Post scheduled trip end time",-5,11461,11466,4020.5
"Post scheduled trip end time",-5,10610,10615,4020.5
"Post scheduled trip end time",-5,63,68,4020.5
"Post scheduled trip end time",-5,6541,6546,4020.5
"Post scheduled trip end time",-5,53,58,4020.5
"Post scheduled trip end time",-5,15512,15517,4020.5
"Post scheduled trip end time",-5,67,72,4020.5
"Post scheduled trip end time",-5,695,700,4020.5
"Post scheduled trip end time",-5,0,5,4020.5
"Post scheduled trip end time",-5,4661,4666,4020.5
"Post scheduled trip end time",-5,13306,13311,4020.5
"Post scheduled trip end time",-5,8701,8706,4020.5
"Post scheduled trip end time",-5,4748,4753,4020.5
"Post scheduled trip end time",-5,91,96,4020.5
"Post scheduled trip end time",-5,18692,18697,4020.5
"Post scheduled trip end time",-5,7,12,4020.5
"Post scheduled trip end time",-5,526928,526933,4020.5
"Post scheduled trip end time",-5,1179,1184,4020.5
"Post scheduled trip end time",-5,5620,5625,4020.5
"Post scheduled trip end time",-5,529748,529753,4020.5
"Post scheduled trip end time",-5,5726,5731,4020.5
"Post scheduled trip end time",-5,23,28,4020.5
"Post scheduled trip end time",-5,-3,2,4020.5
"Post scheduled trip end time",-5,533548,533553,4020.5
"Post scheduled trip end time",-5,3808,3813,4020.5
"Post scheduled trip end time",-5,58,63,4020.5
"Post scheduled trip end time",-5,9040,9045,4020.5
"Post scheduled trip end time",-5,1317,1322,4020.5
"Post scheduled trip end time",-5,30,35,4020.5
"Post scheduled trip end time",-5,17951,17956,4020.5
"Post scheduled trip end time",-5,1858,1863,4020.5
"Post scheduled trip end time",-5,6481,6486,4020.5
"Post scheduled trip end time",-5,119,124,4020.5
"Post scheduled trip end time",-5,5008,5013,4020.5
"Post scheduled trip end time",-5,28,33,4020.5
"Post scheduled trip end time",-5,5021,5026,4020.5
"Post scheduled trip end time",-5,33,38,4020.5
"Post scheduled trip end time",-5,493,498,4020.5
"Post scheduled trip end time",-5,12670,12675,4020.5
"Post scheduled trip end time",-5,2097,2102,4020.5
"Post scheduled trip end time",-5,9721,9726,4020.5
"Post scheduled trip end time",-5,1797,1802,4020.5
"Post scheduled trip end time",-5,277,282,4020.5
"Post scheduled trip end time",-5,4631,4636,4020.5
"Post scheduled trip end time",-5,2958,2963,4020.5
"Post scheduled trip end time",-5,723,728,4020.5
"Post scheduled trip end time",-5,959,964,4020.5
"Post scheduled trip end time",-5,5745,5750,4020.5
"Post scheduled trip end time",-5,523348,523353,4020.5
"Post scheduled trip end time",-5,9481,9486,4020.5
"Post scheduled trip end time",-5,13861,13866,4020.5
"Post scheduled trip end time",-5,9746,9751,4020.5
"Post scheduled trip end time",-5,107,112,4020.5
"Post scheduled trip end time",-5,7093,7098,4020.5
"Post scheduled trip end time",-5,7512,7517,4020.5
"Post scheduled trip end time",-5,16091,16096,4020.5
"Post scheduled trip end time",-5,942,947,4020.5
"Post scheduled trip end time",-5,22672,22677,4020.5
"Post scheduled trip end time",-5,6171,6176,4020.5
"Post scheduled trip end time",-5,468,473,4020.5
"Post scheduled trip end time",-5,593,598,4020.5
"Post scheduled trip end time",-5,9428,9433,4020.5
"Post scheduled trip end time",-5,518,523,4020.5
"Post scheduled trip end time",-5,5505,5510,4020.5
"Post scheduled trip end time",-5,29872,29877,4020.5
"Post scheduled trip end time",-5,4081,4086,4020.5
"Post scheduled trip end time",-5,2428,2433,4020.5
"Post scheduled trip end time",-5,11830,11835,4020.5
"Post scheduled trip end time",-5,534,539,4020.5
"Post scheduled trip end time",-5,13326,13331,4020.5
"Post scheduled trip end time",-5,283,288,4020.5
"Post scheduled trip end time",-5,3481,3486,4020.5
"Post scheduled trip end time",-5,8810,8815,4020.5
"Post scheduled trip end time",-5,104,109,4020.5
"Post scheduled trip end time",-5,8021,8026,4020.5
"Post scheduled trip end time",-5,11481,11486,4020.5
"Post scheduled trip end time",-5,206,211,4020.5
"Post scheduled trip end time",-5,3940,3945,4020.5
"Post scheduled trip end time",-5,48,53,4020.5
"Post scheduled trip end time",-5,29,34,4020.5
"Post scheduled trip end time",-5,11151,11156,4020.5
"Post scheduled trip end time",-5,7817,7822,4020.5
"Post scheduled trip end time",-5,24870,24875,4020.5
"Post scheduled trip end time",-5,752,757,4020.5
"Post scheduled trip end time",-5,15572,15577,4020.5
"Post scheduled trip end time",-5,994,999,4020.5
"Post scheduled trip end time",-5,247,252,4020.5
"Post scheduled trip end time",-5,4828,4833,4020.5
"Post scheduled trip end time",-5,4010,4015,4020.5
"Post scheduled trip end time",-5,1365,1370,4020.5
"Post scheduled trip end time",-5,213,218,4020.5
"Post scheduled trip end time",-5,692,697,4020.5
"Post scheduled trip end time",-5,130,135,4020.5
"Post scheduled trip end time",-5,16151,16156,4020.5
"Post scheduled trip end time",-5,15165,15170,4020.5
"Post scheduled trip end time",-5,38,43,4020.5
"Post scheduled trip end time",-5,5631,5636,4020.5
"Post scheduled trip end time",-5,532528,532533,4020.5
"Post scheduled trip end time",-5,35,40,4020.5
"Post scheduled trip end time",-5,36,41,4020.5
"Post scheduled trip end time",-5,45,50,4020.5
"Post scheduled trip end time",-5,8411,8416,4020.5
"Post scheduled trip end time",-5,4261,4266,4020.5
"Post scheduled trip end time",-5,5711,5716,4020.5
"Post scheduled trip end time",-5,7598,7603,4020.5
"Post scheduled trip end time",-5,34,39,4020.5
"Post scheduled trip end time",-5,37,42,4020.5
"Post scheduled trip end time",-5,520868,520873,4020.5
"Post scheduled trip end time",-5,4314,4319,4020.5
"Post scheduled trip end time",-5,24,29,4020.5
"Post scheduled trip end time",-5,528188,528193,4020.5
"Post scheduled trip end time",-5,525528,525533,4020.5
"Post scheduled trip end time",-5,46,51,4020.5
"Post scheduled trip end time",-5,8131,8136,4020.5
"Post scheduled trip end time",-5,3138,3143,4020.5
"Post scheduled trip end time",-5,13246,13251,4020.5
"Post scheduled trip end time",-5,13152,13157,4020.5
"Post scheduled trip end time",-5,39,44,4020.5
"Post scheduled trip end time",-5,4029,4034,4020.5
"Post scheduled trip end time",-5,8768,8773,4020.5
"Post scheduled trip end time",-5,527948,527953,4020.5
"Post scheduled trip end time",-5,27,32,4020.5
"Post scheduled trip end time",-5,294,299,4020.5
"Post scheduled trip end time",-5,536248,536253,4020.5
"Post scheduled trip end time",-5,2552,2557,4020.5
"Post scheduled trip end time",-5,845,850,4020.5
"Post scheduled trip end time",-5,629,634,4020.5
"Post scheduled trip end time",-5,43,48,4020.5
"Post scheduled trip end time",-5,3212,3217,4020.5
"Post scheduled trip end time",-5,4232,4237,4020.5
"Post scheduled trip end time",-5,6401,6406,4020.5
"Post scheduled trip end time",-5,1578,1583,4020.5
"Post scheduled trip end time",-5,52,57,4020.5
"Post scheduled trip end time",-5,172,177,4020.5
"Post scheduled trip end time",-5,41,46,4020.5
"Post scheduled trip end time",-5,10,15,4020.5
"Post scheduled trip end time",-5,5138,5143,4020.5
"Post scheduled trip end time",-5,925,930,4020.5
"Post scheduled trip end time",-5,22652,22657,4020.5
"Post scheduled trip end time",-5,4472,4477,4020.5
"Post scheduled trip end time",-5,260,265,4020.5
"Post scheduled trip end time",-5,9885,9890,4020.5
"Post scheduled trip end time",-5,1520,1525,4020.5
"Post scheduled trip end time",-5,232,237,4020.5
"Post scheduled trip end time",-5,10728,10733,4020.5
"Post scheduled trip end time",-5,50,55,4020.5
"Post scheduled trip end time",-5,3169,3174,4020.5
"Post scheduled trip end time",-5,2050,2055,4020.5
"Post scheduled trip end time",-5,57,62,4020.5
"Post scheduled trip end time",-5,13292,13297,4020.5
"Post scheduled trip end time",-5,18,23,4020.5
"Post scheduled trip end time",-5,15452,15457,4020.5
"Post scheduled trip end time",-5,1408,1413,4020.5
"Post scheduled trip end time",-5,235,240,4020.5
"Post scheduled trip end time",-5,18688,18693,4020.5
"Post scheduled trip end time",-5,392,397,4020.5
"Post scheduled trip end time",-5,3109,3114,4020.5
"Post scheduled trip end time",-5,65,70,4020.5
"Post scheduled trip end time",-5,9,14,4020.5
"Post scheduled trip end time",-5,98,103,4020.5
"Post scheduled trip end time",-5,9605,9610,4020.5
"Post scheduled trip end time",-5,2932,2937,4020.5
"Post scheduled trip end time",-5,7534,7539,4020.5
"Post scheduled trip end time",-5,9758,9763,4020.5
"Post scheduled trip end time",-5,343,348,4020.5
"Post scheduled trip end time",-5,-2,3,4020.5
"Post scheduled trip end time",-5,517,522,4020.5
"Post scheduled trip end time",-5,7452,7457,4020.5
"Post scheduled trip end time",-5,8948,8953,4020.5
"Post scheduled trip end time",-5,14,19,4020.5
"Post scheduled trip end time",-5,-4,1,4020.5
"Post scheduled trip end time",-5,1022,1027,4020.5
"Post scheduled trip end time",-5,4001,4006,4020.5
"Post scheduled trip end time",-5,12591,12596,4020.5
"Post scheduled trip end time",-5,3326,3331,4020.5
"Post scheduled trip end time",-5,18748,18753,4020.5
"Post scheduled trip end time",-5,16958,16963,4020.5
"Post scheduled trip end time",-5,10432,10437,4020.5
"Post scheduled trip end time",-5,345,350,4020.5
"Post scheduled trip end time",-5,2,7,4020.5
"Post scheduled trip end time",-5,10832,10837,4020.5
"Post scheduled trip end time",-5,140,145,4020.5
"Post scheduled trip end time",-5,40,45,4020.5
"Post scheduled trip end time",-5,6585,6590,4020.5
"Post scheduled trip end time",-5,523948,523953,4020.5
"Post scheduled trip end time",-5,8888,8893,4020.5
"Post scheduled trip end time",-5,2301,2306,4020.5
"Post scheduled trip end time",-5,6872,6877,4020.5
"Post scheduled trip end time",-5,55,60,4020.5
"Post scheduled trip end time",-5,5270,5275,4020.5
"Post scheduled trip end time",-5,23224,23229,4020.5
"Post scheduled trip end time",-5,20372,20377,4020.5
"Post scheduled trip end time",-5,10561,10566,4020.5
"Post scheduled trip end time",-5,1610,1615,4020.5
"Post scheduled trip end time",-5,386,391,4020.5
"Post scheduled trip end time",-5,1297,1302,4020.5
"Post scheduled trip end time",-5,7228,7233,4020.5
"Post scheduled trip end time",-5,9981,9986,4020.5
"Post scheduled trip end time",-5,8292,8297,4020.5
"Post scheduled trip end time",-5,7458,7463,4020.5
"Post scheduled trip end time",-5,11692,11697,4020.5
"Post scheduled trip end time",-5,42,47,4020.5
"Post scheduled trip end time",-5,312,317,4020.5
"Post scheduled trip end time",-5,18052,18057,4020.5
"Post scheduled trip end time",-5,8,13,4020.5
"Post scheduled trip end time",-5,-1,4,4020.5
"Post scheduled trip end time",-5,44,49,4020.5
"Post scheduled trip end time",-5,519908,519913,4020.5
"Post scheduled trip end time",-5,56,61,4020.5
"Post scheduled trip end time",-5,3970,3975,4020.5
"Post scheduled trip end time",-5,8028,8033,4020.5
"Post scheduled trip end time",-5,21,26,4020.5
"Post scheduled trip end time",-5,532748,532753,4020.5
"Post scheduled trip end time",-5,25,30,4020.5
"Post scheduled trip end time",-5,5,10,4020.5
"Post scheduled trip end time",-5,4660,4665,4020.5
"Post scheduled trip end time",-5,NA,NA,4020.5
"Post scheduled trip end time",-5,9411,9416,4020.5
"Post scheduled trip end time",-5,7131,7136,4020.5
"Post scheduled trip end time",-5,8194,8199,4020.5
"Post scheduled trip end time",-5,20,25,4020.5
"Post scheduled trip end time",-5,1840,1845,4020.5
"Post scheduled trip end time",-5,293,298,4020.5
"Post scheduled trip end time",-5,5330,5335,4020.5
"Post scheduled trip end time",-5,16,21,4020.5
"Post scheduled trip end time",-5,562,567,4020.5
"Post scheduled trip end time",-5,13808,13813,4020.5
"Post scheduled trip end time",-5,372,377,4020.5
"Post scheduled trip end time",-5,3253,3258,4020.5
"Post scheduled trip end time",-5,188,193,4020.5
"Post scheduled trip end time",-5,4157,4162,4020.5
"Post scheduled trip end time",-5,2668,2673,4020.5
"Post scheduled trip end time",-5,521508,521513,4020.5
"Post scheduled trip end time",-5,471,476,4020.5
"Post scheduled trip end time",-5,513,518,4020.5
"Post scheduled trip end time",-5,47,52,4020.5
"Post scheduled trip end time",-5,10271,10276,4020.5
"Post scheduled trip end time",-5,1338,1343,4020.5
"Post scheduled trip end time",-5,199,204,4020.5
"Post scheduled trip end time",-5,1786,1791,4020.5
"Post scheduled trip end time",-5,4,9,4020.5
"Post scheduled trip end time",-5,7485,7490,4020.5
"Post scheduled trip end time",-5,13,18,4020.5
"Post scheduled trip end time",-5,4317,4322,4020.5
"Post scheduled trip end time",-5,15,20,4020.5
"Post scheduled trip end time",-5,1,6,4020.5
"Post scheduled trip end time",-5,3679,3684,4020.5
"Post scheduled trip end time",-5,6,11,4020.5
"Post scheduled trip end time",-5,26,31,4020.5
"Post scheduled trip end time",-5,11550,11555,4020.5
"Post scheduled trip end time",-5,530268,530273,4020.5
"Post scheduled trip end time",-5,19,24,4020.5
"Post scheduled trip end time",-5,17,22,4020.5
"Post scheduled trip end time",-5,15865,15870,4020.5
"Post scheduled trip end time",-5,64,69,4020.5
"Post scheduled trip end time",-5,530528,530533,4020.5
"Post scheduled trip end time",-5,21530,21535,4020.5
"Post scheduled trip end time",-5,10421,10426,4020.5
"Post scheduled trip end time",-5,4632,4637,4020.5
"Post scheduled trip end time",-5,1857,1862,4020.5
"Post scheduled trip end time",-5,8832,8837,4020.5
"Post scheduled trip end time",-5,7008,7013,4020.5
"Post scheduled trip end time",-5,7281,7286,4020.5
"Post scheduled trip end time",-5,1418,1423,4020.5
"Post scheduled trip end time",-5,18145,18150,4020.5
"Post scheduled trip end time",-5,1449,1454,4020.5
"Post scheduled trip end time",-5,15106,15111,4020.5
"Post scheduled trip end time",-5,2658,2663,4020.5
"Post scheduled trip end time",-5,32,37,4020.5
"Post scheduled trip end time",-5,638,643,4020.5
"Post scheduled trip end time",-5,388,393,4020.5
"Post scheduled trip end time",-5,54,59,4020.5
"Post scheduled trip end time",-5,3850,3855,4020.5
"Post scheduled trip end time",-5,6670,6675,4020.5
"Post scheduled trip end time",-5,20512,20517,4020.5
"Post scheduled trip end time",-5,2081,2086,4020.5
"Post scheduled trip end time",-5,13581,13586,4020.5
"Post scheduled trip end time",-5,49,54,4020.5
"Post scheduled trip end time",-5,5029,5034,4020.5
"Post scheduled trip end time",-5,5117,5122,4020.5
"Post scheduled trip end time",-5,15188,15193,4020.5
"Post scheduled trip end time",-5,5232,5237,4020.5
"Post scheduled trip end time",-5,2521,2526,4020.5
"Post scheduled trip end time",-5,11211,11216,4020.5
"Post scheduled trip end time",-5,539328,539333,4020.5
"Post scheduled trip end time",-5,10761,10766,4020.5
"Post scheduled trip end time",-5,2505,2510,4020.5
"Post scheduled trip end time",-5,8352,8357,4020.5
"Post scheduled trip end time",-5,8366,8371,4020.5
"Post scheduled trip end time",-5,13201,13206,4020.5
"Post scheduled trip end time",-5,313,318,4020.5
"Post scheduled trip end time",-5,22,27,4020.5
"Post scheduled trip end time",-5,5857,5862,4020.5
"Post scheduled trip end time",-5,259,264,4020.5
"Post scheduled trip end time",-5,214,219,4020.5
"Post scheduled trip end time",-5,11428,11433,4020.5
"Post scheduled trip end time",-5,522508,522513,4020.5
"Post scheduled trip end time",-5,575,580,4020.5
"Post scheduled trip end time",-5,340,345,4020.5
"Post scheduled trip end time",-5,1157,1162,4020.5
"Post scheduled trip end time",-5,8571,8576,4020.5
"Post scheduled trip end time",-5,51,56,4020.5
"Post scheduled trip end time",-5,318,323,4020.5
"Post scheduled trip end time",-5,82,87,4020.5
"Post scheduled trip end time",-5,15472,15477,4020.5
"Post scheduled trip end time",-5,5037,5042,4020.5
"Post scheduled trip end time",-5,5068,5073,4020.5
"Post scheduled trip end time",-5,8257,8262,4020.5
"Post scheduled trip end time",-5,6785,6790,4020.5
"Post scheduled trip end time",-5,3319,3324,4020.5
"Before scheduled trip start time",-4,26383,26387,8038
"Before scheduled trip start time",-4,4895,4899,8038
"Before scheduled trip start time",-4,53379,53383,8038
"Before scheduled trip start time",-4,4417,4421,8038
"Before scheduled trip start time",-4,1387,1391,8038
"Before scheduled trip start time",-4,8337,8341,8038
"Before scheduled trip start time",-4,57899,57903,8038
"Before scheduled trip start time",-4,188,192,8038
"Before scheduled trip start time",-4,3119,3123,8038
"Before scheduled trip start time",-4,1041,1045,8038
"Before scheduled trip start time",-4,52699,52703,8038
"Before scheduled trip start time",-4,45,49,8038
"Before scheduled trip start time",-4,15878,15882,8038
"Before scheduled trip start time",-4,1014,1018,8038
"Before scheduled trip start time",-4,4697,4701,8038
"Before scheduled trip start time",-4,514468,514472,8038
"Before scheduled trip start time",-4,13352,13356,8038
"Before scheduled trip start time",-4,36516,36520,8038
"Before scheduled trip start time",-4,-19,-15,8038
"Before scheduled trip start time",-4,427,431,8038
"Before scheduled trip start time",-4,179,183,8038
"Before scheduled trip start time",-4,592,596,8038
"Before scheduled trip start time",-4,15178,15182,8038
"Before scheduled trip start time",-4,33043,33047,8038
"Before scheduled trip start time",-4,2532,2536,8038
"Before scheduled trip start time",-4,336,340,8038
"Before scheduled trip start time",-4,237,241,8038
"Before scheduled trip start time",-4,71599,71603,8038
"Before scheduled trip start time",-4,1294,1298,8038
"Before scheduled trip start time",-4,231,235,8038
"Before scheduled trip start time",-4,512388,512392,8038
"Before scheduled trip start time",-4,630,634,8038
"Before scheduled trip start time",-4,17098,17102,8038
"Before scheduled trip start time",-4,8215,8219,8038
"Before scheduled trip start time",-4,51319,51323,8038
"Before scheduled trip start time",-4,1400,1404,8038
"Before scheduled trip start time",-4,296,300,8038
"Before scheduled trip start time",-4,7612,7616,8038
"Before scheduled trip start time",-4,40,44,8038
"Before scheduled trip start time",-4,859,863,8038
"Before scheduled trip start time",-4,364,368,8038
"Before scheduled trip start time",-4,679500,679504,8038
"Before scheduled trip start time",-4,27803,27807,8038
"Before scheduled trip start time",-4,61,65,8038
"Before scheduled trip start time",-4,3817,3821,8038
"Before scheduled trip start time",-4,37247,37251,8038
"Before scheduled trip start time",-4,103,107,8038
"Before scheduled trip start time",-4,7239,7243,8038
"Before scheduled trip start time",-4,479,483,8038
"Before scheduled trip start time",-4,262,266,8038
"Before scheduled trip start time",-4,1940,1944,8038
"Before scheduled trip start time",-4,78359,78363,8038
"Before scheduled trip start time",-4,32438,32442,8038
"Before scheduled trip start time",-4,21898,21902,8038
"Before scheduled trip start time",-4,151,155,8038
"Before scheduled trip start time",-4,328,332,8038
"Before scheduled trip start time",-4,32914,32918,8038
"Before scheduled trip start time",-4,960,964,8038
"Before scheduled trip start time",-4,97,101,8038
"Before scheduled trip start time",-4,369,373,8038
"Before scheduled trip start time",-4,3254,3258,8038
"Before scheduled trip start time",-4,1188,1192,8038
"Before scheduled trip start time",-4,61679,61683,8038
"Before scheduled trip start time",-4,137,141,8038
"Before scheduled trip start time",-4,63339,63343,8038
"Before scheduled trip start time",-4,354,358,8038
"Before scheduled trip start time",-4,-1,3,8038
"Before scheduled trip start time",-4,1455,1459,8038
"Before scheduled trip start time",-4,31103,31107,8038
"Before scheduled trip start time",-4,7392,7396,8038
"Before scheduled trip start time",-4,235,239,8038
"Before scheduled trip start time",-4,9672,9676,8038
"Before scheduled trip start time",-4,38,42,8038
"Before scheduled trip start time",-4,5455,5459,8038
"Before scheduled trip start time",-4,762,766,8038
"Before scheduled trip start time",-4,71047,71051,8038
"Before scheduled trip start time",-4,298,302,8038
"Before scheduled trip start time",-4,58099,58103,8038
"Before scheduled trip start time",-4,11455,11459,8038
"Before scheduled trip start time",-4,56827,56831,8038
"Before scheduled trip start time",-4,24834,24838,8038
"Before scheduled trip start time",-4,28,32,8038
"Before scheduled trip start time",-4,247,251,8038
"Before scheduled trip start time",-4,435,439,8038
"Before scheduled trip start time",-4,634,638,8038
"Before scheduled trip start time",-4,3894,3898,8038
"Before scheduled trip start time",-4,81,85,8038
"Before scheduled trip start time",-4,48219,48223,8038
"Before scheduled trip start time",-4,182,186,8038
"Before scheduled trip start time",-4,82,86,8038
"Before scheduled trip start time",-4,70139,70143,8038
"Before scheduled trip start time",-4,573,577,8038
"Before scheduled trip start time",-4,49,53,8038
"Before scheduled trip start time",-4,258,262,8038
"Before scheduled trip start time",-4,69859,69863,8038
"Before scheduled trip start time",-4,514048,514052,8038
"Before scheduled trip start time",-4,141,145,8038
"Before scheduled trip start time",-4,193,197,8038
"Before scheduled trip start time",-4,71919,71923,8038
"Before scheduled trip start time",-4,615,619,8038
"Before scheduled trip start time",-4,NA,NA,8038
"Before scheduled trip start time",-4,46,50,8038
"Before scheduled trip start time",-4,495748,495752,8038
"Before scheduled trip start time",-4,278,282,8038
"Before scheduled trip start time",-4,55307,55311,8038
"Before scheduled trip start time",-4,5,9,8038
"Before scheduled trip start time",-4,68659,68663,8038
"Before scheduled trip start time",-4,1208,1212,8038
"Before scheduled trip start time",-4,468,472,8038
"Before scheduled trip start time",-4,659920,659924,8038
"Before scheduled trip start time",-4,157,161,8038
"Before scheduled trip start time",-4,-13,-9,8038
"Before scheduled trip start time",-4,335,339,8038
"Before scheduled trip start time",-4,57439,57443,8038
"Before scheduled trip start time",-4,5772,5776,8038
"Before scheduled trip start time",-4,70919,70923,8038
"Before scheduled trip start time",-4,74,78,8038
"Before scheduled trip start time",-4,13518,13522,8038
"Before scheduled trip start time",-4,888,892,8038
"Before scheduled trip start time",-4,377,381,8038
"Before scheduled trip start time",-4,686700,686704,8038
"Before scheduled trip start time",-4,110,114,8038
"Before scheduled trip start time",-4,72959,72963,8038
"Before scheduled trip start time",-4,14654,14658,8038
"Before scheduled trip start time",-4,387,391,8038
"Before scheduled trip start time",-4,417,421,8038
"Before scheduled trip start time",-4,31663,31667,8038
"Before scheduled trip start time",-4,799,803,8038
"Before scheduled trip start time",-4,64,68,8038
"Before scheduled trip start time",-4,65927,65931,8038
"Before scheduled trip start time",-4,3514,3518,8038
"Before scheduled trip start time",-4,62479,62483,8038
"Before scheduled trip start time",-4,63959,63963,8038
"Before scheduled trip start time",-4,48839,48843,8038
"Before scheduled trip start time",-4,74459,74463,8038
"Before scheduled trip start time",-4,172,176,8038
"Before scheduled trip start time",-4,332,336,8038
"Before scheduled trip start time",-4,18798,18802,8038
"Before scheduled trip start time",-4,2035,2039,8038
"Before scheduled trip start time",-4,542,546,8038
"Before scheduled trip start time",-4,78,82,8038
"Before scheduled trip start time",-4,30976,30980,8038
"Before scheduled trip start time",-4,999,1003,8038
"Before scheduled trip start time",-4,206,210,8038
"Before scheduled trip start time",-4,18623,18627,8038
"Before scheduled trip start time",-4,24,28,8038
"Before scheduled trip start time",-4,189,193,8038
"Before scheduled trip start time",-4,218,222,8038
"Before scheduled trip start time",-4,6437,6441,8038
"Before scheduled trip start time",-4,54799,54803,8038
"Before scheduled trip start time",-4,688880,688884,8038
"Before scheduled trip start time",-4,311,315,8038
"Before scheduled trip start time",-4,65439,65443,8038
"Before scheduled trip start time",-4,87,91,8038
"Before scheduled trip start time",-4,457,461,8038
"Before scheduled trip start time",-4,66207,66211,8038
"Before scheduled trip start time",-4,7532,7536,8038
"Before scheduled trip start time",-4,10152,10156,8038
"Before scheduled trip start time",-4,65139,65143,8038
"Before scheduled trip start time",-4,256,260,8038
"Before scheduled trip start time",-4,174,178,8038
"Before scheduled trip start time",-4,5797,5801,8038
"Before scheduled trip start time",-4,1194,1198,8038
"Before scheduled trip start time",-4,68527,68531,8038
"Before scheduled trip start time",-4,156,160,8038
"Before scheduled trip start time",-4,7014,7018,8038
"Before scheduled trip start time",-4,503208,503212,8038
"Before scheduled trip start time",-4,21734,21738,8038
"Before scheduled trip start time",-4,3957,3961,8038
"Before scheduled trip start time",-4,1092,1096,8038
"Before scheduled trip start time",-4,76819,76823,8038
"Before scheduled trip start time",-4,514768,514772,8038
"Before scheduled trip start time",-4,39,43,8038
"Before scheduled trip start time",-4,582,586,8038
"Before scheduled trip start time",-4,69747,69751,8038
"Before scheduled trip start time",-4,127,131,8038
"Before scheduled trip start time",-4,316,320,8038
"Before scheduled trip start time",-4,75099,75103,8038
"Before scheduled trip start time",-4,116,120,8038
"Before scheduled trip start time",-4,317,321,8038
"Before scheduled trip start time",-4,418,422,8038
"Before scheduled trip start time",-4,825,829,8038
"Before scheduled trip start time",-4,77719,77723,8038
"Before scheduled trip start time",-4,20034,20038,8038
"Before scheduled trip start time",-4,16,20,8038
"Before scheduled trip start time",-4,43967,43971,8038
"Before scheduled trip start time",-4,251,255,8038
"Before scheduled trip start time",-4,32158,32162,8038
"Before scheduled trip start time",-4,12195,12199,8038
"Before scheduled trip start time",-4,56,60,8038
"Before scheduled trip start time",-4,26,30,8038
"Before scheduled trip start time",-4,819,823,8038
"Before scheduled trip start time",-4,60667,60671,8038
"Before scheduled trip start time",-4,1,5,8038
"Before scheduled trip start time",-4,16454,16458,8038
"Before scheduled trip start time",-4,15,19,8038
"Before scheduled trip start time",-4,167,171,8038
"Before scheduled trip start time",-4,11472,11476,8038
"Before scheduled trip start time",-4,439,443,8038
"Before scheduled trip start time",-4,503688,503692,8038
"Before scheduled trip start time",-4,18043,18047,8038
"Before scheduled trip start time",-4,64139,64143,8038
"Before scheduled trip start time",-4,587,591,8038
"Before scheduled trip start time",-4,35,39,8038
"Before scheduled trip start time",-4,1317,1321,8038
"Before scheduled trip start time",-4,8815,8819,8038
"Before scheduled trip start time",-4,10,14,8038
"Before scheduled trip start time",-4,74300,74304,8038
"Before scheduled trip start time",-4,674100,674104,8038
"Before scheduled trip start time",-4,59,63,8038
"Before scheduled trip start time",-4,27303,27307,8038
"Before scheduled trip start time",-4,8252,8256,8038
"Before scheduled trip start time",-4,669,673,8038
"Before scheduled trip start time",-4,150,154,8038
"Before scheduled trip start time",-4,94,98,8038
"Before scheduled trip start time",-4,315,319,8038
"Before scheduled trip start time",-4,79,83,8038
"Before scheduled trip start time",-4,77019,77023,8038
"Before scheduled trip start time",-4,677020,677024,8038
"Before scheduled trip start time",-4,4034,4038,8038
"Before scheduled trip start time",-4,13092,13096,8038
"Before scheduled trip start time",-4,1629,1633,8038
"Before scheduled trip start time",-4,17,21,8038
"Before scheduled trip start time",-4,67239,67243,8038
"Before scheduled trip start time",-4,61739,61743,8038
"Before scheduled trip start time",-4,64279,64283,8038
"Before scheduled trip start time",-4,19,23,8038
"Before scheduled trip start time",-4,72,76,8038
"Before scheduled trip start time",-4,1228,1232,8038
"Before scheduled trip start time",-4,11654,11658,8038
"Before scheduled trip start time",-4,211,215,8038
"Before scheduled trip start time",-4,6859,6863,8038
"Before scheduled trip start time",-4,507,511,8038
"Before scheduled trip start time",-4,513188,513192,8038
"Before scheduled trip start time",-4,5899,5903,8038
"Before scheduled trip start time",-4,54,58,8038
"Before scheduled trip start time",-4,-4,0,8038
"Before scheduled trip start time",-4,666640,666644,8038
"Before scheduled trip start time",-4,10392,10396,8038
"Before scheduled trip start time",-4,64599,64603,8038
"Before scheduled trip start time",-4,515848,515852,8038
"Before scheduled trip start time",-4,510748,510752,8038
"Before scheduled trip start time",-4,12892,12896,8038
"Before scheduled trip start time",-4,31338,31342,8038
"Before scheduled trip start time",-4,685020,685024,8038
"Before scheduled trip start time",-4,471,475,8038
"Before scheduled trip start time",-4,1119,1123,8038
"Before scheduled trip start time",-4,414,418,8038
"Before scheduled trip start time",-4,135,139,8038
"Before scheduled trip start time",-4,26463,26467,8038
"Before scheduled trip start time",-4,60,64,8038
"Before scheduled trip start time",-4,442,446,8038
"Before scheduled trip start time",-4,12,16,8038
"Before scheduled trip start time",-4,70619,70623,8038
"Before scheduled trip start time",-4,1025,1029,8038
"Before scheduled trip start time",-4,321,325,8038
"Before scheduled trip start time",-4,422,426,8038
"Before scheduled trip start time",-4,219,223,8038
"Before scheduled trip start time",-4,515308,515312,8038
"Before scheduled trip start time",-4,441,445,8038
"Before scheduled trip start time",-4,51427,51431,8038
"Before scheduled trip start time",-4,497,501,8038
"Before scheduled trip start time",-4,44,48,8038
"Before scheduled trip start time",-4,-2,2,8038
"Before scheduled trip start time",-4,187,191,8038
"Before scheduled trip start time",-4,126,130,8038
"Before scheduled trip start time",-4,100,104,8038
"Before scheduled trip start time",-4,2554,2558,8038
"Before scheduled trip start time",-4,12052,12056,8038
"Before scheduled trip start time",-4,318,322,8038
"Before scheduled trip start time",-4,93,97,8038
"Before scheduled trip start time",-4,20434,20438,8038
"Before scheduled trip start time",-4,18814,18818,8038
"Before scheduled trip start time",-4,513428,513432,8038
"Before scheduled trip start time",-4,775,779,8038
"Before scheduled trip start time",-4,95,99,8038
"Before scheduled trip start time",-4,52,56,8038
"Before scheduled trip start time",-4,53459,53463,8038
"Before scheduled trip start time",-4,64819,64823,8038
"Before scheduled trip start time",-4,895,899,8038
"Before scheduled trip start time",-4,72499,72503,8038
"Before scheduled trip start time",-4,30,34,8038
"Before scheduled trip start time",-4,6599,6603,8038
"Before scheduled trip start time",-4,47,51,8038
"Before scheduled trip start time",-4,51,55,8038
"Before scheduled trip start time",-4,106,110,8038
"Before scheduled trip start time",-4,52499,52503,8038
"Before scheduled trip start time",-4,3339,3343,8038
"Before scheduled trip start time",-4,119,123,8038
"Before scheduled trip start time",-4,2069,2073,8038
"Before scheduled trip start time",-4,509368,509372,8038
"Before scheduled trip start time",-4,389,393,8038
"Before scheduled trip start time",-4,503408,503412,8038
"Before scheduled trip start time",-4,1044,1048,8038
"Before scheduled trip start time",-4,496588,496592,8038
"Before scheduled trip start time",-4,991,995,8038
"Before scheduled trip start time",-4,696,700,8038
"Before scheduled trip start time",-4,288,292,8038
"Before scheduled trip start time",-4,678200,678204,8038
"Before scheduled trip start time",-4,503888,503892,8038
"Before scheduled trip start time",-4,835,839,8038
"Before scheduled trip start time",-4,107,111,8038
"Before scheduled trip start time",-4,209,213,8038
"Before scheduled trip start time",-4,241,245,8038
"Before scheduled trip start time",-4,299,303,8038
"Before scheduled trip start time",-4,23438,23442,8038
"Before scheduled trip start time",-4,52847,52851,8038
"Before scheduled trip start time",-4,649,653,8038
"Before scheduled trip start time",-4,11194,11198,8038
"Before scheduled trip start time",-4,4515,4519,8038
"Before scheduled trip start time",-4,0,4,8038
"Before scheduled trip start time",-4,7857,7861,8038
"Before scheduled trip start time",-4,66659,66663,8038
"Before scheduled trip start time",-4,578,582,8038
"Before scheduled trip start time",-4,1360,1364,8038
"Before scheduled trip start time",-4,32,36,8038
"Before scheduled trip start time",-4,6619,6623,8038
"Before scheduled trip start time",-4,512448,512452,8038
"Before scheduled trip start time",-4,6972,6976,8038
"Before scheduled trip start time",-4,5717,5721,8038
"Before scheduled trip start time",-4,7799,7803,8038
"Before scheduled trip start time",-4,927,931,8038
"Before scheduled trip start time",-4,78919,78923,8038
"Before scheduled trip start time",-4,2697,2701,8038
"Before scheduled trip start time",-4,286,290,8038
"Before scheduled trip start time",-4,333,337,8038
"Before scheduled trip start time",-4,497408,497412,8038
"Before scheduled trip start time",-4,249,253,8038
"Before scheduled trip start time",-4,230,234,8038
"Before scheduled trip start time",-4,508148,508152,8038
"Before scheduled trip start time",-4,10137,10141,8038
"Before scheduled trip start time",-4,242,246,8038
"Before scheduled trip start time",-4,554,558,8038
"Before scheduled trip start time",-4,64027,64031,8038
"Before scheduled trip start time",-4,42527,42531,8038
"Before scheduled trip start time",-4,3355,3359,8038
"Before scheduled trip start time",-4,203,207,8038
"Before scheduled trip start time",-4,41,45,8038
"Before scheduled trip start time",-4,1264,1268,8038
"Before scheduled trip start time",-4,23,27,8038
"Before scheduled trip start time",-4,21843,21847,8038
"Before scheduled trip start time",-4,74727,74731,8038
"Before scheduled trip start time",-4,3,7,8038
"Before scheduled trip start time",-4,75499,75503,8038
"Before scheduled trip start time",-4,1419,1423,8038
"Before scheduled trip start time",-4,7214,7218,8038
"Before scheduled trip start time",-4,290,294,8038
"Before scheduled trip start time",-4,50,54,8038
"Before scheduled trip start time",-4,1007,1011,8038
"Before scheduled trip start time",-4,478,482,8038
"Before scheduled trip start time",-4,677780,677784,8038
"Before scheduled trip start time",-4,72799,72803,8038
"Before scheduled trip start time",-4,504168,504172,8038
"Before scheduled trip start time",-4,74239,74243,8038
"Before scheduled trip start time",-4,112,116,8038
"Before scheduled trip start time",-4,4379,4383,8038
"Before scheduled trip start time",-4,348,352,8038
"Before scheduled trip start time",-4,506748,506752,8038
"Before scheduled trip start time",-4,682720,682724,8038
"Before scheduled trip start time",-4,96,100,8038
"Before scheduled trip start time",-4,31043,31047,8038
"Before scheduled trip start time",-4,68167,68171,8038
"Before scheduled trip start time",-4,813,817,8038
"Before scheduled trip start time",-4,4275,4279,8038
"Before scheduled trip start time",-4,56039,56043,8038
"Before scheduled trip start time",-4,34,38,8038
"Before scheduled trip start time",-4,177,181,8038
"Before scheduled trip start time",-4,496328,496332,8038
"Before scheduled trip start time",-4,9897,9901,8038
"Before scheduled trip start time",-4,5637,5641,8038
"Before scheduled trip start time",-4,674,678,8038
"Before scheduled trip start time",-4,198,202,8038
"Before scheduled trip start time",-4,2390,2394,8038
"Before scheduled trip start time",-4,18883,18887,8038
"Before scheduled trip start time",-4,45039,45043,8038
"Before scheduled trip start time",-4,1915,1919,8038
"Before scheduled trip start time",-4,1635,1639,8038
"Before scheduled trip start time",-4,498928,498932,8038
"Before scheduled trip start time",-4,13,17,8038
"Before scheduled trip start time",-4,2,6,8038
"Before scheduled trip start time",-4,24994,24998,8038
"Before scheduled trip start time",-4,30958,30962,8038
"Before scheduled trip start time",-4,594,598,8038
"Before scheduled trip start time",-4,71879,71883,8038
"Before scheduled trip start time",-4,4454,4458,8038
"Before scheduled trip start time",-4,393,397,8038
"Before scheduled trip start time",-4,27,31,8038
"Before scheduled trip start time",-4,29738,29742,8038
"Before scheduled trip start time",-4,21603,21607,8038
"Before scheduled trip start time",-4,866,870,8038
"Before scheduled trip start time",-4,66479,66483,8038
"Before scheduled trip start time",-4,75447,75451,8038
"Before scheduled trip start time",-4,31,35,8038
"Before scheduled trip start time",-4,3979,3983,8038
"Before scheduled trip start time",-4,77,81,8038
"Before scheduled trip start time",-4,74639,74643,8038
"Before scheduled trip start time",-4,55359,55363,8038
"Before scheduled trip start time",-4,614,618,8038
"Before scheduled trip start time",-4,6,10,8038
"Before scheduled trip start time",-4,200,204,8038
"Before scheduled trip start time",-4,61227,61231,8038
"Before scheduled trip start time",-4,26183,26187,8038
"Before scheduled trip start time",-4,32674,32678,8038
"Before scheduled trip start time",-4,337,341,8038
"Before scheduled trip start time",-4,58659,58663,8038
"Before scheduled trip start time",-4,1303,1307,8038
"Before scheduled trip start time",-4,36,40,8038
"Before scheduled trip start time",-4,11718,11722,8038
"Before scheduled trip start time",-4,58039,58043,8038
"Before scheduled trip start time",-4,166,170,8038
"Before scheduled trip start time",-4,48,52,8038
"Before scheduled trip start time",-4,14,18,8038
"Before scheduled trip start time",-4,1034,1038,8038
"Before scheduled trip start time",-4,282,286,8038
"Before scheduled trip start time",-4,506068,506072,8038
"Before scheduled trip start time",-4,14194,14198,8038
"Before scheduled trip start time",-4,3555,3559,8038
"Before scheduled trip start time",-4,894,898,8038
"Before scheduled trip start time",-4,31418,31422,8038
"Before scheduled trip start time",-4,502028,502032,8038
"Before scheduled trip start time",-4,5699,5703,8038
"Before scheduled trip start time",-4,508748,508752,8038
"Before scheduled trip start time",-4,75340,75344,8038
"Before scheduled trip start time",-4,25503,25507,8038
"Before scheduled trip start time",-4,33,37,8038
"Before scheduled trip start time",-4,29,33,8038
"Before scheduled trip start time",-4,514808,514812,8038
"Before scheduled trip start time",-4,168,172,8038
"Before scheduled trip start time",-4,92,96,8038
"Before scheduled trip start time",-4,62719,62723,8038
"Before scheduled trip start time",-4,3519,3523,8038
"Before scheduled trip start time",-4,102,106,8038
"Before scheduled trip start time",-4,508808,508812,8038
"Before scheduled trip start time",-4,505008,505012,8038
"Before scheduled trip start time",-4,1180,1184,8038
"Before scheduled trip start time",-4,68687,68691,8038
"Before scheduled trip start time",-4,359,363,8038
"Before scheduled trip start time",-4,46699,46703,8038
"Before scheduled trip start time",-4,499308,499312,8038
"Before scheduled trip start time",-4,253,257,8038
"Before scheduled trip start time",-4,21223,21227,8038
"Before scheduled trip start time",-4,53467,53471,8038
"Before scheduled trip start time",-4,915,919,8038
"Before scheduled trip start time",-4,3132,3136,8038
"Before scheduled trip start time",-4,487,491,8038
"Before scheduled trip start time",-4,995,999,8038
"Before scheduled trip start time",-4,53,57,8038
"Before scheduled trip start time",-4,25,29,8038
"Before scheduled trip start time",-4,4,8,8038
"Before scheduled trip start time",-4,32656,32660,8038
"Before scheduled trip start time",-4,496,500,8038
"Before scheduled trip start time",-4,10454,10458,8038
"Before scheduled trip start time",-4,488,492,8038
"Before scheduled trip start time",-4,759,763,8038
"Before scheduled trip start time",-4,63,67,8038
"Before scheduled trip start time",-4,136,140,8038
"Before scheduled trip start time",-4,-3,1,8038
"Before scheduled trip start time",-4,55527,55531,8038
"Before scheduled trip start time",-4,688600,688604,8038
"Before scheduled trip start time",-4,338,342,8038
"Before scheduled trip start time",-4,467,471,8038
"Before scheduled trip start time",-4,452,456,8038
"Before scheduled trip start time",-4,45619,45623,8038
"Before scheduled trip start time",-4,7379,7383,8038
"Before scheduled trip start time",-4,2295,2299,8038
"Before scheduled trip start time",-4,77979,77983,8038
"Before scheduled trip start time",-4,637,641,8038
"Before scheduled trip start time",-4,373,377,8038
"Before scheduled trip start time",-4,396,400,8038
"Before scheduled trip start time",-4,30443,30447,8038
"Before scheduled trip start time",-4,20414,20418,8038
"Before scheduled trip start time",-4,78499,78503,8038
"Before scheduled trip start time",-4,120,124,8038
"Before scheduled trip start time",-4,28363,28367,8038
"Before scheduled trip start time",-4,18114,18118,8038
"Before scheduled trip start time",-4,70227,70231,8038
"Before scheduled trip start time",-4,9266,9270,8038
"Before scheduled trip start time",-4,834,838,8038
"Before scheduled trip start time",-4,349,353,8038
"Before scheduled trip start time",-4,60047,60051,8038
"Before scheduled trip start time",-4,75759,75763,8038
"Before scheduled trip start time",-4,555,559,8038
"Before scheduled trip start time",-4,3059,3063,8038
"Before scheduled trip start time",-4,272,276,8038
"Before scheduled trip start time",-4,1193,1197,8038
"Before scheduled trip start time",-4,60039,60043,8038
"Before scheduled trip start time",-4,3274,3278,8038
"Before scheduled trip start time",-4,11258,11262,8038
"Before scheduled trip start time",-4,64059,64063,8038
"Before scheduled trip start time",-4,1344,1348,8038
"Before scheduled trip start time",-4,88,92,8038
"Before scheduled trip start time",-4,76067,76071,8038
"Before scheduled trip start time",-4,20,24,8038
"Before scheduled trip start time",-4,90,94,8038
"Before scheduled trip start time",-4,5157,5161,8038
"Before scheduled trip start time",-4,30903,30907,8038
"Before scheduled trip start time",-4,1755,1759,8038
"Before scheduled trip start time",-4,80559,80563,8038
"Before scheduled trip start time",-4,1412,1416,8038
"Before scheduled trip start time",-4,55,59,8038
"Before scheduled trip start time",-4,1679,1683,8038
"Before scheduled trip start time",-4,436,440,8038
"Before scheduled trip start time",-4,1379,1383,8038
"Before scheduled trip start time",-4,504088,504092,8038
"Before scheduled trip start time",-4,16474,16478,8038
"Before scheduled trip start time",-4,42,46,8038
"Before scheduled trip start time",-4,53179,53183,8038
"Before scheduled trip start time",-4,683900,683904,8038
"Before scheduled trip start time",-4,514368,514372,8038
"Before scheduled trip start time",-4,1057,1061,8038
"Before scheduled trip start time",-4,123,127,8038
"Before scheduled trip start time",-4,54299,54303,8038
"Before scheduled trip start time",-4,17498,17502,8038
"Before scheduled trip start time",-4,8,12,8038
"Before scheduled trip start time",-4,499548,499552,8038
"Before scheduled trip start time",-4,376,380,8038
"Before scheduled trip start time",-4,43,47,8038
"Before scheduled trip start time",-4,48599,48603,8038
"Before scheduled trip start time",-4,14312,14316,8038
"Before scheduled trip start time",-4,502,506,8038
"Before scheduled trip start time",-4,63659,63663,8038
"Before scheduled trip start time",-4,25983,25987,8038
"Before scheduled trip start time",-4,170,174,8038
"Before scheduled trip start time",-4,31118,31122,8038
"Before scheduled trip start time",-4,71939,71943,8038
"Before scheduled trip start time",-4,379,383,8038
"Before scheduled trip start time",-4,476,480,8038
"Before scheduled trip start time",-4,9657,9661,8038
"Before scheduled trip start time",-4,11952,11956,8038
"Before scheduled trip start time",-4,409,413,8038
"Before scheduled trip start time",-4,183,187,8038
"Before scheduled trip start time",-4,24323,24327,8038
"Before scheduled trip start time",-4,884,888,8038
"Before scheduled trip start time",-4,1175,1179,8038
"Before scheduled trip start time",-4,281,285,8038
"Before scheduled trip start time",-4,4639,4643,8038
"Before scheduled trip start time",-4,18,22,8038
"Before scheduled trip start time",-4,108,112,8038
"Before scheduled trip start time",-4,63235,63239,8038
"Before scheduled trip start time",-4,7,11,8038
"Before scheduled trip start time",-4,1839,1843,8038
"Before scheduled trip start time",-4,7095,7099,8038
"Before scheduled trip start time",-4,403,407,8038
"Before scheduled trip start time",-4,5035,5039,8038
"Before scheduled trip start time",-4,558,562,8038
"Before scheduled trip start time",-4,1359,1363,8038
"Before scheduled trip start time",-4,33138,33142,8038
"Before scheduled trip start time",-4,928,932,8038
"Before scheduled trip start time",-4,12655,12659,8038
"Before scheduled trip start time",-4,77739,77743,8038
"Before scheduled trip start time",-4,6094,6098,8038
"Before scheduled trip start time",-4,556,560,8038
"Before scheduled trip start time",-4,683340,683344,8038
"Before scheduled trip start time",-4,22058,22062,8038
"Before scheduled trip start time",-4,856,860,8038
"Before scheduled trip start time",-4,2549,2553,8038
"Before scheduled trip start time",-4,28018,28022,8038
"Before scheduled trip start time",-4,196,200,8038
"Before scheduled trip start time",-4,26374,26378,8038
"Before scheduled trip start time",-4,239,243,8038
"Before scheduled trip start time",-4,7372,7376,8038
"Before scheduled trip start time",-4,69447,69451,8038
"Before scheduled trip start time",-4,514,518,8038
"Before scheduled trip start time",-4,572,576,8038
"Before scheduled trip start time",-4,6854,6858,8038
"Before scheduled trip start time",-4,2354,2358,8038
"Before scheduled trip start time",-4,547,551,8038
"Before scheduled trip start time",-4,17478,17482,8038
"Before scheduled trip start time",-4,1407,1411,8038
"Before scheduled trip start time",-4,509,513,8038
"Before scheduled trip start time",-4,62347,62351,8038
"Before scheduled trip start time",-4,55107,55111,8038
"Before scheduled trip start time",-4,26034,26038,8038
"Before scheduled trip start time",-4,117,121,8038
"Before scheduled trip start time",-4,173,177,8038
"Before scheduled trip start time",-4,4255,4259,8038
"Before scheduled trip start time",-4,3609,3613,8038
"Before scheduled trip start time",-4,11712,11716,8038
"Before scheduled trip start time",-4,5557,5561,8038
"Before scheduled trip start time",-4,101,105,8038
"Before scheduled trip start time",-4,505508,505512,8038
"Before scheduled trip start time",-4,1954,1958,8038
"Before scheduled trip start time",-4,9,13,8038
"Before scheduled trip start time",-4,7814,7818,8038
"Before scheduled trip start time",-4,1227,1231,8038
"Before scheduled trip start time",-4,21,25,8038
"Before scheduled trip start time",-4,23098,23102,8038
"Before scheduled trip start time",-4,923,927,8038
"Before scheduled trip start time",-4,45879,45883,8038
"Before scheduled trip start time",-4,158,162,8038
"Before scheduled trip start time",-4,64099,64103,8038
"Before scheduled trip start time",-4,29978,29982,8038
"Before scheduled trip start time",-4,186,190,8038
"Before scheduled trip start time",-4,276,280,8038
"Before scheduled trip start time",-4,194,198,8038
"Before scheduled trip start time",-4,190,194,8038
"Before scheduled trip start time",-4,302,306,8038
"Before scheduled trip start time",-4,677980,677984,8038
"Before scheduled trip start time",-4,29043,29047,8038
"Before scheduled trip start time",-4,6512,6516,8038
"Before scheduled trip start time",-4,514848,514852,8038
"Before scheduled trip start time",-4,534,538,8038
"Before scheduled trip start time",-4,892,896,8038
"Before scheduled trip start time",-4,2975,2979,8038
"Before scheduled trip start time",-4,676140,676144,8038
"Before scheduled trip start time",-4,1909,1913,8038
"Before scheduled trip start time",-4,267,271,8038
"Before scheduled trip start time",-4,11,15,8038
"Before scheduled trip start time",-4,52979,52983,8038
"Before scheduled trip start time",-4,676980,676984,8038
"Before scheduled trip start time",-4,153,157,8038
"Before scheduled trip start time",-4,8577,8581,8038
"Before scheduled trip start time",-4,408,412,8038
"Before scheduled trip start time",-4,675520,675524,8038
"Before scheduled trip start time",-4,22,26,8038
"Before scheduled trip start time",-4,32378,32382,8038
"Before scheduled trip start time",-4,1066,1070,8038
"Before scheduled trip start time",-4,5577,5581,8038
"Before scheduled trip start time",-4,25703,25707,8038
"Before scheduled trip start time",-4,31998,32002,8038
"Before scheduled trip start time",-4,83,87,8038
"Before scheduled trip start time",-4,202,206,8038
"Before scheduled trip start time",-4,19703,19707,8038
"Before scheduled trip start time",-4,43087,43091,8038
"Before scheduled trip start time",-4,63759,63763,8038
"Before scheduled trip start time",-4,635,639,8038
"Before scheduled trip start time",-4,54347,54351,8038
"Before scheduled trip start time",-4,665760,665764,8038
"Before scheduled trip start time",-4,244,248,8038
"Before scheduled trip start time",-4,273,277,8038
"Before scheduled trip start time",-4,500328,500332,8038
"Before scheduled trip start time",-4,54307,54311,8038
"Before scheduled trip start time",-4,37,41,8038
"Before scheduled trip start time",-4,7452,7456,8038
"Before scheduled trip start time",-4,292,296,8038
"Before scheduled trip start time",-4,142,146,8038
"Before scheduled trip start time",-4,71,75,8038
"Before scheduled trip start time",-4,111,115,8038
"Before scheduled trip start time",-4,508608,508612,8038
"Before scheduled trip start time",-4,1028,1032,8038
"Before scheduled trip start time",-4,197,201,8038
"Before scheduled trip start time",-4,13538,13542,8038
"Before scheduled trip start time",-4,665200,665204,8038
"Before scheduled trip start time",-4,717,721,8038
"Before scheduled trip start time",-4,875,879,8038
"Before scheduled trip start time",-4,234,238,8038
"Before scheduled trip start time",-4,131,135,8038
"Before scheduled trip start time",-4,49619,49623,8038
"Before scheduled trip start time",-4,539,543,8038
"Before scheduled trip start time",-4,392,396,8038
"Before scheduled trip start time",-4,30954,30958,8038
"Before scheduled trip start time",-4,66159,66163,8038
"Before scheduled trip start time",-4,22623,22627,8038
"Before scheduled trip start time",-4,70419,70423,8038
"Before scheduled trip start time",-4,341,345,8038
"During scheduled trip",-4,388,392,291
"During scheduled trip",-4,63,67,291
"During scheduled trip",-4,66,70,291
"During scheduled trip",-4,42,46,291
"During scheduled trip",-4,83,87,291
"During scheduled trip",-4,543,547,291
"During scheduled trip",-4,12,16,291
"During scheduled trip",-4,2891,2895,291
"During scheduled trip",-4,409,413,291
"During scheduled trip",-4,126,130,291
"During scheduled trip",-4,125,129,291
"During scheduled trip",-4,451,455,291
"During scheduled trip",-4,309,313,291
"During scheduled trip",-4,212,216,291
"During scheduled trip",-4,146,150,291
"During scheduled trip",-4,147,151,291
"During scheduled trip",-4,172,176,291
"During scheduled trip",-4,255,259,291
"During scheduled trip",-4,179,183,291
"During scheduled trip",-4,1369,1373,291
"During scheduled trip",-4,1461,1465,291
"During scheduled trip",-4,336,340,291
"During scheduled trip",-4,56,60,291
"During scheduled trip",-4,1082,1086,291
"During scheduled trip",-4,321,325,291
"During scheduled trip",-4,178,182,291
"During scheduled trip",-4,45,49,291
"During scheduled trip",-4,182,186,291
"During scheduled trip",-4,639,643,291
"During scheduled trip",-4,2,6,291
"During scheduled trip",-4,1091,1095,291
"During scheduled trip",-4,22,26,291
"During scheduled trip",-4,10,14,291
"During scheduled trip",-4,313,317,291
"During scheduled trip",-4,469,473,291
"During scheduled trip",-4,65,69,291
"During scheduled trip",-4,153,157,291
"During scheduled trip",-4,1270,1274,291
"During scheduled trip",-4,68,72,291
"During scheduled trip",-4,155,159,291
"During scheduled trip",-4,581,585,291
"During scheduled trip",-4,57,61,291
"During scheduled trip",-4,177,181,291
"During scheduled trip",-4,240,244,291
"During scheduled trip",-4,3,7,291
"During scheduled trip",-4,594,598,291
"During scheduled trip",-4,120,124,291
"During scheduled trip",-4,67,71,291
"During scheduled trip",-4,522,526,291
"During scheduled trip",-4,475,479,291
"During scheduled trip",-4,140,144,291
"During scheduled trip",-4,1417,1421,291
"During scheduled trip",-4,951,955,291
"During scheduled trip",-4,333,337,291
"During scheduled trip",-4,221,225,291
"During scheduled trip",-4,549,553,291
"During scheduled trip",-4,298,302,291
"During scheduled trip",-4,49,53,291
"During scheduled trip",-4,288,292,291
"During scheduled trip",-4,222,226,291
"During scheduled trip",-4,609,613,291
"During scheduled trip",-4,759,763,291
"During scheduled trip",-4,274,278,291
"During scheduled trip",-4,7,11,291
"During scheduled trip",-4,209,213,291
"During scheduled trip",-4,102,106,291
"During scheduled trip",-4,171,175,291
"During scheduled trip",-4,127,131,291
"During scheduled trip",-4,70,74,291
"During scheduled trip",-4,82,86,291
"During scheduled trip",-4,1,5,291
"During scheduled trip",-4,124,128,291
"During scheduled trip",-4,600,604,291
"During scheduled trip",-4,210,214,291
"During scheduled trip",-4,400,404,291
"During scheduled trip",-4,243,247,291
"During scheduled trip",-4,239,243,291
"During scheduled trip",-4,363,367,291
"During scheduled trip",-4,59,63,291
"During scheduled trip",-4,96,100,291
"During scheduled trip",-4,6,10,291
"During scheduled trip",-4,58,62,291
"During scheduled trip",-4,506,510,291
"During scheduled trip",-4,166,170,291
"During scheduled trip",-4,726,730,291
"During scheduled trip",-4,516868,516872,291
"During scheduled trip",-4,1245,1249,291
"During scheduled trip",-4,1279,1283,291
"During scheduled trip",-4,378,382,291
"During scheduled trip",-4,167,171,291
"During scheduled trip",-4,51,55,291
"During scheduled trip",-4,90,94,291
"During scheduled trip",-4,110,114,291
"During scheduled trip",-4,131,135,291
"During scheduled trip",-4,28,32,291
"During scheduled trip",-4,-1,3,291
"During scheduled trip",-4,527,531,291
"During scheduled trip",-4,1499,1503,291
"During scheduled trip",-4,135,139,291
"During scheduled trip",-4,1766,1770,291
"During scheduled trip",-4,2181,2185,291
"During scheduled trip",-4,48,52,291
"During scheduled trip",-4,32,36,291
"During scheduled trip",-4,92,96,291
"During scheduled trip",-4,11,15,291
"During scheduled trip",-4,128,132,291
"During scheduled trip",-4,375,379,291
"During scheduled trip",-4,162,166,291
"During scheduled trip",-4,1438,1442,291
"During scheduled trip",-4,912,916,291
"During scheduled trip",-4,47,51,291
"During scheduled trip",-4,9,13,291
"During scheduled trip",-4,91,95,291
"During scheduled trip",-4,122,126,291
"During scheduled trip",-4,136,140,291
"During scheduled trip",-4,116,120,291
"During scheduled trip",-4,881,885,291
"During scheduled trip",-4,61,65,291
"During scheduled trip",-4,14,18,291
"During scheduled trip",-4,74,78,291
"During scheduled trip",-4,20,24,291
"During scheduled trip",-4,168,172,291
"During scheduled trip",-4,144,148,291
"During scheduled trip",-4,410,414,291
"During scheduled trip",-4,352,356,291
"During scheduled trip",-4,241,245,291
"During scheduled trip",-4,143,147,291
"During scheduled trip",-4,423,427,291
"During scheduled trip",-4,517948,517952,291
"During scheduled trip",-4,149,153,291
"During scheduled trip",-4,31,35,291
"During scheduled trip",-4,1061,1065,291
"During scheduled trip",-4,36,40,291
"During scheduled trip",-4,62,66,291
"During scheduled trip",-4,1392,1396,291
"During scheduled trip",-4,0,4,291
"During scheduled trip",-4,1639,1643,291
"During scheduled trip",-4,353,357,291
"During scheduled trip",-4,183,187,291
"During scheduled trip",-4,514,518,291
"During scheduled trip",-4,79,83,291
"During scheduled trip",-4,15,19,291
"During scheduled trip",-4,34,38,291
"During scheduled trip",-4,200,204,291
"During scheduled trip",-4,468,472,291
"During scheduled trip",-4,164,168,291
"During scheduled trip",-4,537,541,291
"During scheduled trip",-4,173,177,291
"During scheduled trip",-4,619,623,291
"During scheduled trip",-4,1361,1365,291
"During scheduled trip",-4,181,185,291
"During scheduled trip",-4,799,803,291
"During scheduled trip",-4,648,652,291
"During scheduled trip",-4,188,192,291
"During scheduled trip",-4,517188,517192,291
"During scheduled trip",-4,107,111,291
"During scheduled trip",-4,1092,1096,291
"During scheduled trip",-4,197,201,291
"During scheduled trip",-4,784,788,291
"During scheduled trip",-4,186,190,291
"During scheduled trip",-4,1726,1730,291
"During scheduled trip",-4,72,76,291
"During scheduled trip",-4,86,90,291
"During scheduled trip",-4,1184,1188,291
"During scheduled trip",-4,109,113,291
"During scheduled trip",-4,211,215,291
"During scheduled trip",-4,88,92,291
"During scheduled trip",-4,1261,1265,291
"During scheduled trip",-4,100,104,291
"During scheduled trip",-4,17,21,291
"During scheduled trip",-4,461,465,291
"During scheduled trip",-4,356,360,291
"During scheduled trip",-4,16,20,291
"During scheduled trip",-4,571,575,291
"During scheduled trip",-4,876,880,291
"During scheduled trip",-4,314,318,291
"During scheduled trip",-4,40,44,291
"During scheduled trip",-4,3571,3575,291
"During scheduled trip",-4,187,191,291
"During scheduled trip",-4,94,98,291
"During scheduled trip",-4,2186,2190,291
"During scheduled trip",-4,495,499,291
"During scheduled trip",-4,284,288,291
"During scheduled trip",-4,138,142,291
"During scheduled trip",-4,1076,1080,291
"During scheduled trip",-4,371,375,291
"During scheduled trip",-4,517368,517372,291
"During scheduled trip",-4,101,105,291
"During scheduled trip",-4,5827,5831,291
"During scheduled trip",-4,184,188,291
"During scheduled trip",-4,201,205,291
"During scheduled trip",-4,988,992,291
"During scheduled trip",-4,1121,1125,291
"During scheduled trip",-4,318,322,291
"During scheduled trip",-4,75,79,291
"During scheduled trip",-4,139,143,291
"During scheduled trip",-4,106,110,291
"During scheduled trip",-4,229,233,291
"During scheduled trip",-4,30,34,291
"During scheduled trip",-4,204,208,291
"During scheduled trip",-4,137,141,291
"During scheduled trip",-4,2098,2102,291
"During scheduled trip",-4,418,422,291
"During scheduled trip",-4,175,179,291
"During scheduled trip",-4,257,261,291
"During scheduled trip",-4,77,81,291
"During scheduled trip",-4,152,156,291
"During scheduled trip",-4,119,123,291
"During scheduled trip",-4,73,77,291
"During scheduled trip",-4,3367,3371,291
"During scheduled trip",-4,108,112,291
"During scheduled trip",-4,3151,3155,291
"During scheduled trip",-4,84,88,291
"During scheduled trip",-4,114,118,291
"During scheduled trip",-4,98,102,291
"During scheduled trip",-4,-4,0,291
"During scheduled trip",-4,19,23,291
"During scheduled trip",-4,35,39,291
"During scheduled trip",-4,1640,1644,291
"During scheduled trip",-4,160,164,291
"During scheduled trip",-4,203,207,291
"During scheduled trip",-4,1221,1225,291
"During scheduled trip",-4,-2,2,291
"During scheduled trip",-4,481,485,291
"During scheduled trip",-4,259,263,291
"During scheduled trip",-4,5,9,291
"During scheduled trip",-4,2866,2870,291
"During scheduled trip",-4,159,163,291
"During scheduled trip",-4,85,89,291
"During scheduled trip",-4,170,174,291
"During scheduled trip",-4,14752,14756,291
"During scheduled trip",-4,1317,1321,291
"During scheduled trip",-4,53,57,291
"During scheduled trip",-4,55,59,291
"During scheduled trip",-4,21,25,291
"During scheduled trip",-4,60,64,291
"During scheduled trip",-4,453,457,291
"During scheduled trip",-4,81,85,291
"During scheduled trip",-4,365,369,291
"During scheduled trip",-4,654,658,291
"During scheduled trip",-4,121,125,291
"During scheduled trip",-4,46,50,291
"During scheduled trip",-4,268,272,291
"During scheduled trip",-4,569,573,291
"During scheduled trip",-4,25,29,291
"During scheduled trip",-4,1660,1664,291
"During scheduled trip",-4,29,33,291
"During scheduled trip",-4,39,43,291
"During scheduled trip",-4,198,202,291
"During scheduled trip",-4,253,257,291
"During scheduled trip",-4,233,237,291
"During scheduled trip",-4,151,155,291
"During scheduled trip",-4,38,42,291
"During scheduled trip",-4,3747,3751,291
"During scheduled trip",-4,669,673,291
"During scheduled trip",-4,176,180,291
"During scheduled trip",-4,33,37,291
"During scheduled trip",-4,93,97,291
"During scheduled trip",-4,2174,2178,291
"During scheduled trip",-4,202,206,291
"During scheduled trip",-4,228,232,291
"During scheduled trip",-4,118,122,291
"During scheduled trip",-4,104,108,291
"During scheduled trip",-4,148,152,291
"During scheduled trip",-4,18,22,291
"During scheduled trip",-4,1039,1043,291
"During scheduled trip",-4,969,973,291
"During scheduled trip",-4,129,133,291
"During scheduled trip",-4,87,91,291
"During scheduled trip",-4,95,99,291
"During scheduled trip",-4,158,162,291
"During scheduled trip",-4,-13,-9,291
"During scheduled trip",-4,564,568,291
"During scheduled trip",-4,69,73,291
"During scheduled trip",-4,78,82,291
"During scheduled trip",-4,52,56,291
"During scheduled trip",-4,1840,1844,291
"During scheduled trip",-4,44,48,291
"During scheduled trip",-4,13,17,291
"During scheduled trip",-4,189,193,291
"During scheduled trip",-4,103,107,291
"During scheduled trip",-4,339,343,291
"During scheduled trip",-4,54,58,291
"During scheduled trip",-4,145,149,291
"During scheduled trip",-4,156,160,291
"During scheduled trip",-4,349,353,291
"During scheduled trip",-4,26,30,291
"During scheduled trip",-4,373,377,291
"During scheduled trip",-4,2771,2775,291
"During scheduled trip",-4,105,109,291
"During scheduled trip",-4,4,8,291
"During scheduled trip",-4,608,612,291
"During scheduled trip",-4,133,137,291
"During scheduled trip",-4,213,217,291
"During scheduled trip",-4,64,68,291
"During scheduled trip",-4,215,219,291
"During scheduled trip",-4,346,350,291
"During scheduled trip",-4,89,93,291
"During scheduled trip",-4,111,115,291
"During scheduled trip",-4,1494,1498,291
"During scheduled trip",-4,1511,1515,291
"During scheduled trip",-4,150,154,291
"During scheduled trip",-4,115,119,291
"During scheduled trip",-4,14592,14596,291
"During scheduled trip",-4,281,285,291
"During scheduled trip",-4,97,101,291
"During scheduled trip",-4,8,12,291
"During scheduled trip",-4,157,161,291
"During scheduled trip",-4,2161,2165,291
"During scheduled trip",-4,1861,1865,291
"During scheduled trip",-4,50,54,291
"During scheduled trip",-4,672,676,291
"During scheduled trip",-4,688,692,291
"During scheduled trip",-4,142,146,291
"During scheduled trip",-4,37,41,291
"During scheduled trip",-4,399,403,291
"During scheduled trip",-4,311,315,291
"During scheduled trip",-4,519368,519372,291
"During scheduled trip",-4,2126,2130,291
"During scheduled trip",-4,41,45,291
"During scheduled trip",-4,810,814,291
"During scheduled trip",-4,472,476,291
"During scheduled trip",-4,117,121,291
"During scheduled trip",-4,312,316,291
"During scheduled trip",-4,185,189,291
"During scheduled trip",-4,169,173,291
"During scheduled trip",-4,43,47,291
"During scheduled trip",-4,624,628,291
"During scheduled trip",-4,862,866,291
"During scheduled trip",-4,24,28,291
"During scheduled trip",-4,709,713,291
"During scheduled trip",-4,516148,516152,291
"During scheduled trip",-4,776,780,291
"During scheduled trip",-4,23,27,291
"During scheduled trip",-4,283,287,291
"During scheduled trip",-4,442,446,291
"During scheduled trip",-4,71,75,291
"During scheduled trip",-4,367,371,291
"During scheduled trip",-4,244,248,291
"During scheduled trip",-4,-3,1,291
"During scheduled trip",-4,163,167,291
"During scheduled trip",-4,331,335,291
"During scheduled trip",-4,238,242,291
"During scheduled trip",-4,315,319,291
"During scheduled trip",-4,1786,1790,291
"During scheduled trip",-4,4167,4171,291
"During scheduled trip",-4,76,80,291
"During scheduled trip",-4,218,222,291
"During scheduled trip",-4,NA,NA,291
"During scheduled trip",-4,199,203,291
"During scheduled trip",-4,2240,2244,291
"During scheduled trip",-4,99,103,291
"During scheduled trip",-4,27,31,291
"During scheduled trip",-4,113,117,291
"During scheduled trip",-4,112,116,291
"During scheduled trip",-4,80,84,291
"Post scheduled trip end time",-4,6060,6064,4020.5
"Post scheduled trip end time",-4,3411,3415,4020.5
"Post scheduled trip end time",-4,777,781,4020.5
"Post scheduled trip end time",-4,28810,28814,4020.5
"Post scheduled trip end time",-4,9271,9275,4020.5
"Post scheduled trip end time",-4,13221,13225,4020.5
"Post scheduled trip end time",-4,804,808,4020.5
"Post scheduled trip end time",-4,2629,2633,4020.5
"Post scheduled trip end time",-4,537388,537392,4020.5
"Post scheduled trip end time",-4,521128,521132,4020.5
"Post scheduled trip end time",-4,10412,10416,4020.5
"Post scheduled trip end time",-4,15910,15914,4020.5
"Post scheduled trip end time",-4,19818,19822,4020.5
"Post scheduled trip end time",-4,7197,7201,4020.5
"Post scheduled trip end time",-4,13691,13695,4020.5
"Post scheduled trip end time",-4,541568,541572,4020.5
"Post scheduled trip end time",-4,6740,6744,4020.5
"Post scheduled trip end time",-4,13301,13305,4020.5
"Post scheduled trip end time",-4,418,422,4020.5
"Post scheduled trip end time",-4,523,527,4020.5
"Post scheduled trip end time",-4,1739,1743,4020.5
"Post scheduled trip end time",-4,13785,13789,4020.5
"Post scheduled trip end time",-4,525168,525172,4020.5
"Post scheduled trip end time",-4,378,382,4020.5
"Post scheduled trip end time",-4,541908,541912,4020.5
"Post scheduled trip end time",-4,9952,9956,4020.5
"Post scheduled trip end time",-4,72,76,4020.5
"Post scheduled trip end time",-4,11948,11952,4020.5
"Post scheduled trip end time",-4,11810,11814,4020.5
"Post scheduled trip end time",-4,21378,21382,4020.5
"Post scheduled trip end time",-4,4666,4670,4020.5
"Post scheduled trip end time",-4,6380,6384,4020.5
"Post scheduled trip end time",-4,5914,5918,4020.5
"Post scheduled trip end time",-4,3668,3672,4020.5
"Post scheduled trip end time",-4,1591,1595,4020.5
"Post scheduled trip end time",-4,12334,12338,4020.5
"Post scheduled trip end time",-4,3885,3889,4020.5
"Post scheduled trip end time",-4,2970,2974,4020.5
"Post scheduled trip end time",-4,18,22,4020.5
"Post scheduled trip end time",-4,10778,10782,4020.5
"Post scheduled trip end time",-4,102,106,4020.5
"Post scheduled trip end time",-4,48,52,4020.5
"Post scheduled trip end time",-4,9286,9290,4020.5
"Post scheduled trip end time",-4,257,261,4020.5
"Post scheduled trip end time",-4,6141,6145,4020.5
"Post scheduled trip end time",-4,10550,10554,4020.5
"Post scheduled trip end time",-4,11678,11682,4020.5
"Post scheduled trip end time",-4,8570,8574,4020.5
"Post scheduled trip end time",-4,111,115,4020.5
"Post scheduled trip end time",-4,13332,13336,4020.5
"Post scheduled trip end time",-4,377,381,4020.5
"Post scheduled trip end time",-4,21618,21622,4020.5
"Post scheduled trip end time",-4,4557,4561,4020.5
"Post scheduled trip end time",-4,542748,542752,4020.5
"Post scheduled trip end time",-4,7808,7812,4020.5
"Post scheduled trip end time",-4,7061,7065,4020.5
"Post scheduled trip end time",-4,3381,3385,4020.5
"Post scheduled trip end time",-4,9325,9329,4020.5
"Post scheduled trip end time",-4,8641,8645,4020.5
"Post scheduled trip end time",-4,23352,23356,4020.5
"Post scheduled trip end time",-4,1197,1201,4020.5
"Post scheduled trip end time",-4,39,43,4020.5
"Post scheduled trip end time",-4,630,634,4020.5
"Post scheduled trip end time",-4,15538,15542,4020.5
"Post scheduled trip end time",-4,12131,12135,4020.5
"Post scheduled trip end time",-4,7632,7636,4020.5
"Post scheduled trip end time",-4,13632,13636,4020.5
"Post scheduled trip end time",-4,98,102,4020.5
"Post scheduled trip end time",-4,5341,5345,4020.5
"Post scheduled trip end time",-4,885,889,4020.5
"Post scheduled trip end time",-4,527528,527532,4020.5
"Post scheduled trip end time",-4,5109,5113,4020.5
"Post scheduled trip end time",-4,3152,3156,4020.5
"Post scheduled trip end time",-4,25512,25516,4020.5
"Post scheduled trip end time",-4,521328,521332,4020.5
"Post scheduled trip end time",-4,9677,9681,4020.5
"Post scheduled trip end time",-4,24592,24596,4020.5
"Post scheduled trip end time",-4,2679,2683,4020.5
"Post scheduled trip end time",-4,9865,9869,4020.5
"Post scheduled trip end time",-4,8474,8478,4020.5
"Post scheduled trip end time",-4,142,146,4020.5
"Post scheduled trip end time",-4,523208,523212,4020.5
"Post scheduled trip end time",-4,1285,1289,4020.5
"Post scheduled trip end time",-4,13841,13845,4020.5
"Post scheduled trip end time",-4,3899,3903,4020.5
"Post scheduled trip end time",-4,353,357,4020.5
"Post scheduled trip end time",-4,15670,15674,4020.5
"Post scheduled trip end time",-4,52,56,4020.5
"Post scheduled trip end time",-4,4271,4275,4020.5
"Post scheduled trip end time",-4,11891,11895,4020.5
"Post scheduled trip end time",-4,1518,1522,4020.5
"Post scheduled trip end time",-4,296,300,4020.5
"Post scheduled trip end time",-4,140,144,4020.5
"Post scheduled trip end time",-4,5406,5410,4020.5
"Post scheduled trip end time",-4,26892,26896,4020.5
"Post scheduled trip end time",-4,340,344,4020.5
"Post scheduled trip end time",-4,13451,13455,4020.5
"Post scheduled trip end time",-4,2501,2505,4020.5
"Post scheduled trip end time",-4,529068,529072,4020.5
"Post scheduled trip end time",-4,5872,5876,4020.5
"Post scheduled trip end time",-4,11786,11790,4020.5
"Post scheduled trip end time",-4,14001,14005,4020.5
"Post scheduled trip end time",-4,2389,2393,4020.5
"Post scheduled trip end time",-4,4678,4682,4020.5
"Post scheduled trip end time",-4,45,49,4020.5
"Post scheduled trip end time",-4,8810,8814,4020.5
"Post scheduled trip end time",-4,523508,523512,4020.5
"Post scheduled trip end time",-4,1888,1892,4020.5
"Post scheduled trip end time",-4,36,40,4020.5
"Post scheduled trip end time",-4,159,163,4020.5
"Post scheduled trip end time",-4,13486,13490,4020.5
"Post scheduled trip end time",-4,9891,9895,4020.5
"Post scheduled trip end time",-4,1175,1179,4020.5
"Post scheduled trip end time",-4,11708,11712,4020.5
"Post scheduled trip end time",-4,860,864,4020.5
"Post scheduled trip end time",-4,11,15,4020.5
"Post scheduled trip end time",-4,751,755,4020.5
"Post scheduled trip end time",-4,16051,16055,4020.5
"Post scheduled trip end time",-4,394,398,4020.5
"Post scheduled trip end time",-4,5748,5752,4020.5
"Post scheduled trip end time",-4,1178,1182,4020.5
"Post scheduled trip end time",-4,6920,6924,4020.5
"Post scheduled trip end time",-4,14432,14436,4020.5
"Post scheduled trip end time",-4,8957,8961,4020.5
"Post scheduled trip end time",-4,198,202,4020.5
"Post scheduled trip end time",-4,75,79,4020.5
"Post scheduled trip end time",-4,2474,2478,4020.5
"Post scheduled trip end time",-4,1509,1513,4020.5
"Post scheduled trip end time",-4,8711,8715,4020.5
"Post scheduled trip end time",-4,522648,522652,4020.5
"Post scheduled trip end time",-4,10514,10518,4020.5
"Post scheduled trip end time",-4,7511,7515,4020.5
"Post scheduled trip end time",-4,415,419,4020.5
"Post scheduled trip end time",-4,12570,12574,4020.5
"Post scheduled trip end time",-4,450,454,4020.5
"Post scheduled trip end time",-4,541808,541812,4020.5
"Post scheduled trip end time",-4,7805,7809,4020.5
"Post scheduled trip end time",-4,913,917,4020.5
"Post scheduled trip end time",-4,9991,9995,4020.5
"Post scheduled trip end time",-4,50,54,4020.5
"Post scheduled trip end time",-4,2035,2039,4020.5
"Post scheduled trip end time",-4,1763,1767,4020.5
"Post scheduled trip end time",-4,540008,540012,4020.5
"Post scheduled trip end time",-4,71,75,4020.5
"Post scheduled trip end time",-4,186,190,4020.5
"Post scheduled trip end time",-4,2221,2225,4020.5
"Post scheduled trip end time",-4,6145,6149,4020.5
"Post scheduled trip end time",-4,16,20,4020.5
"Post scheduled trip end time",-4,7212,7216,4020.5
"Post scheduled trip end time",-4,18546,18550,4020.5
"Post scheduled trip end time",-4,30572,30576,4020.5
"Post scheduled trip end time",-4,6934,6938,4020.5
"Post scheduled trip end time",-4,166,170,4020.5
"Post scheduled trip end time",-4,2938,2942,4020.5
"Post scheduled trip end time",-4,2928,2932,4020.5
"Post scheduled trip end time",-4,27164,27168,4020.5
"Post scheduled trip end time",-4,16181,16185,4020.5
"Post scheduled trip end time",-4,14728,14732,4020.5
"Post scheduled trip end time",-4,43,47,4020.5
"Post scheduled trip end time",-4,27312,27316,4020.5
"Post scheduled trip end time",-4,7674,7678,4020.5
"Post scheduled trip end time",-4,879,883,4020.5
"Post scheduled trip end time",-4,19,23,4020.5
"Post scheduled trip end time",-4,10394,10398,4020.5
"Post scheduled trip end time",-4,13272,13276,4020.5
"Post scheduled trip end time",-4,1215,1219,4020.5
"Post scheduled trip end time",-4,54,58,4020.5
"Post scheduled trip end time",-4,63,67,4020.5
"Post scheduled trip end time",-4,12066,12070,4020.5
"Post scheduled trip end time",-4,521628,521632,4020.5
"Post scheduled trip end time",-4,16048,16052,4020.5
"Post scheduled trip end time",-4,2379,2383,4020.5
"Post scheduled trip end time",-4,443,447,4020.5
"Post scheduled trip end time",-4,7008,7012,4020.5
"Post scheduled trip end time",-4,35,39,4020.5
"Post scheduled trip end time",-4,4146,4150,4020.5
"Post scheduled trip end time",-4,3361,3365,4020.5
"Post scheduled trip end time",-4,7665,7669,4020.5
"Post scheduled trip end time",-4,1435,1439,4020.5
"Post scheduled trip end time",-4,12614,12618,4020.5
"Post scheduled trip end time",-4,2008,2012,4020.5
"Post scheduled trip end time",-4,27,31,4020.5
"Post scheduled trip end time",-4,8037,8041,4020.5
"Post scheduled trip end time",-4,13437,13441,4020.5
"Post scheduled trip end time",-4,1938,1942,4020.5
"Post scheduled trip end time",-4,1057,1061,4020.5
"Post scheduled trip end time",-4,11360,11364,4020.5
"Post scheduled trip end time",-4,8512,8516,4020.5
"Post scheduled trip end time",-4,10110,10114,4020.5
"Post scheduled trip end time",-4,10232,10236,4020.5
"Post scheduled trip end time",-4,528448,528452,4020.5
"Post scheduled trip end time",-4,3072,3076,4020.5
"Post scheduled trip end time",-4,68,72,4020.5
"Post scheduled trip end time",-4,398,402,4020.5
"Post scheduled trip end time",-4,14151,14155,4020.5
"Post scheduled trip end time",-4,11132,11136,4020.5
"Post scheduled trip end time",-4,537228,537232,4020.5
"Post scheduled trip end time",-4,563,567,4020.5
"Post scheduled trip end time",-4,17372,17376,4020.5
"Post scheduled trip end time",-4,346,350,4020.5
"Post scheduled trip end time",-4,10981,10985,4020.5
"Post scheduled trip end time",-4,14831,14835,4020.5
"Post scheduled trip end time",-4,1490,1494,4020.5
"Post scheduled trip end time",-4,7151,7155,4020.5
"Post scheduled trip end time",-4,273,277,4020.5
"Post scheduled trip end time",-4,689,693,4020.5
"Post scheduled trip end time",-4,1275,1279,4020.5
"Post scheduled trip end time",-4,8397,8401,4020.5
"Post scheduled trip end time",-4,12610,12614,4020.5
"Post scheduled trip end time",-4,526208,526212,4020.5
"Post scheduled trip end time",-4,1441,1445,4020.5
"Post scheduled trip end time",-4,1812,1816,4020.5
"Post scheduled trip end time",-4,523668,523672,4020.5
"Post scheduled trip end time",-4,15808,15812,4020.5
"Post scheduled trip end time",-4,16331,16335,4020.5
"Post scheduled trip end time",-4,5021,5025,4020.5
"Post scheduled trip end time",-4,11900,11904,4020.5
"Post scheduled trip end time",-4,16438,16442,4020.5
"Post scheduled trip end time",-4,10372,10376,4020.5
"Post scheduled trip end time",-4,14631,14635,4020.5
"Post scheduled trip end time",-4,211,215,4020.5
"Post scheduled trip end time",-4,244,248,4020.5
"Post scheduled trip end time",-4,5866,5870,4020.5
"Post scheduled trip end time",-4,16001,16005,4020.5
"Post scheduled trip end time",-4,531268,531272,4020.5
"Post scheduled trip end time",-4,2014,2018,4020.5
"Post scheduled trip end time",-4,439,443,4020.5
"Post scheduled trip end time",-4,8520,8524,4020.5
"Post scheduled trip end time",-4,855,859,4020.5
"Post scheduled trip end time",-4,12486,12490,4020.5
"Post scheduled trip end time",-4,7620,7624,4020.5
"Post scheduled trip end time",-4,532988,532992,4020.5
"Post scheduled trip end time",-4,27592,27596,4020.5
"Post scheduled trip end time",-4,1060,1064,4020.5
"Post scheduled trip end time",-4,10366,10370,4020.5
"Post scheduled trip end time",-4,8811,8815,4020.5
"Post scheduled trip end time",-4,22,26,4020.5
"Post scheduled trip end time",-4,14008,14012,4020.5
"Post scheduled trip end time",-4,10946,10950,4020.5
"Post scheduled trip end time",-4,3541,3545,4020.5
"Post scheduled trip end time",-4,23,27,4020.5
"Post scheduled trip end time",-4,7072,7076,4020.5
"Post scheduled trip end time",-4,6868,6872,4020.5
"Post scheduled trip end time",-4,10438,10442,4020.5
"Post scheduled trip end time",-4,3760,3764,4020.5
"Post scheduled trip end time",-4,5894,5898,4020.5
"Post scheduled trip end time",-4,1426,1430,4020.5
"Post scheduled trip end time",-4,2818,2822,4020.5
"Post scheduled trip end time",-4,9111,9115,4020.5
"Post scheduled trip end time",-4,320,324,4020.5
"Post scheduled trip end time",-4,4201,4205,4020.5
"Post scheduled trip end time",-4,7350,7354,4020.5
"Post scheduled trip end time",-4,207,211,4020.5
"Post scheduled trip end time",-4,1301,1305,4020.5
"Post scheduled trip end time",-4,27572,27576,4020.5
"Post scheduled trip end time",-4,0,4,4020.5
"Post scheduled trip end time",-4,3410,3414,4020.5
"Post scheduled trip end time",-4,2460,2464,4020.5
"Post scheduled trip end time",-4,10606,10610,4020.5
"Post scheduled trip end time",-4,9245,9249,4020.5
"Post scheduled trip end time",-4,6708,6712,4020.5
"Post scheduled trip end time",-4,4026,4030,4020.5
"Post scheduled trip end time",-4,4,8,4020.5
"Post scheduled trip end time",-4,412,416,4020.5
"Post scheduled trip end time",-4,22932,22936,4020.5
"Post scheduled trip end time",-4,2140,2144,4020.5
"Post scheduled trip end time",-4,11054,11058,4020.5
"Post scheduled trip end time",-4,2732,2736,4020.5
"Post scheduled trip end time",-4,14852,14856,4020.5
"Post scheduled trip end time",-4,1787,1791,4020.5
"Post scheduled trip end time",-4,3192,3196,4020.5
"Post scheduled trip end time",-4,529628,529632,4020.5
"Post scheduled trip end time",-4,13211,13215,4020.5
"Post scheduled trip end time",-4,11728,11732,4020.5
"Post scheduled trip end time",-4,1306,1310,4020.5
"Post scheduled trip end time",-4,6121,6125,4020.5
"Post scheduled trip end time",-4,185,189,4020.5
"Post scheduled trip end time",-4,11811,11815,4020.5
"Post scheduled trip end time",-4,2026,2030,4020.5
"Post scheduled trip end time",-4,5152,5156,4020.5
"Post scheduled trip end time",-4,27072,27076,4020.5
"Post scheduled trip end time",-4,12921,12925,4020.5
"Post scheduled trip end time",-4,15186,15190,4020.5
"Post scheduled trip end time",-4,18031,18035,4020.5
"Post scheduled trip end time",-4,6232,6236,4020.5
"Post scheduled trip end time",-4,3318,3322,4020.5
"Post scheduled trip end time",-4,10621,10625,4020.5
"Post scheduled trip end time",-4,99,103,4020.5
"Post scheduled trip end time",-4,1794,1798,4020.5
"Post scheduled trip end time",-4,237,241,4020.5
"Post scheduled trip end time",-4,1065,1069,4020.5
"Post scheduled trip end time",-4,328,332,4020.5
"Post scheduled trip end time",-4,15785,15789,4020.5
"Post scheduled trip end time",-4,6961,6965,4020.5
"Post scheduled trip end time",-4,11986,11990,4020.5
"Post scheduled trip end time",-4,4341,4345,4020.5
"Post scheduled trip end time",-4,10025,10029,4020.5
"Post scheduled trip end time",-4,536368,536372,4020.5
"Post scheduled trip end time",-4,31,35,4020.5
"Post scheduled trip end time",-4,7531,7535,4020.5
"Post scheduled trip end time",-4,100,104,4020.5
"Post scheduled trip end time",-4,2620,2624,4020.5
"Post scheduled trip end time",-4,522308,522312,4020.5
"Post scheduled trip end time",-4,34,38,4020.5
"Post scheduled trip end time",-4,3721,3725,4020.5
"Post scheduled trip end time",-4,522588,522592,4020.5
"Post scheduled trip end time",-4,248,252,4020.5
"Post scheduled trip end time",-4,541328,541332,4020.5
"Post scheduled trip end time",-4,9191,9195,4020.5
"Post scheduled trip end time",-4,531,535,4020.5
"Post scheduled trip end time",-4,15746,15750,4020.5
"Post scheduled trip end time",-4,16038,16042,4020.5
"Post scheduled trip end time",-4,11788,11792,4020.5
"Post scheduled trip end time",-4,2114,2118,4020.5
"Post scheduled trip end time",-4,520568,520572,4020.5
"Post scheduled trip end time",-4,14611,14615,4020.5
"Post scheduled trip end time",-4,342,346,4020.5
"Post scheduled trip end time",-4,2819,2823,4020.5
"Post scheduled trip end time",-4,5221,5225,4020.5
"Post scheduled trip end time",-4,8877,8881,4020.5
"Post scheduled trip end time",-4,2801,2805,4020.5
"Post scheduled trip end time",-4,3521,3525,4020.5
"Post scheduled trip end time",-4,10,14,4020.5
"Post scheduled trip end time",-4,894,898,4020.5
"Post scheduled trip end time",-4,14126,14130,4020.5
"Post scheduled trip end time",-4,315,319,4020.5
"Post scheduled trip end time",-4,10121,10125,4020.5
"Post scheduled trip end time",-4,112,116,4020.5
"Post scheduled trip end time",-4,87,91,4020.5
"Post scheduled trip end time",-4,13791,13795,4020.5
"Post scheduled trip end time",-4,12588,12592,4020.5
"Post scheduled trip end time",-4,529208,529212,4020.5
"Post scheduled trip end time",-4,989,993,4020.5
"Post scheduled trip end time",-4,16277,16281,4020.5
"Post scheduled trip end time",-4,2872,2876,4020.5
"Post scheduled trip end time",-4,9721,9725,4020.5
"Post scheduled trip end time",-4,227,231,4020.5
"Post scheduled trip end time",-4,8200,8204,4020.5
"Post scheduled trip end time",-4,13294,13298,4020.5
"Post scheduled trip end time",-4,1258,1262,4020.5
"Post scheduled trip end time",-4,1043,1047,4020.5
"Post scheduled trip end time",-4,473,477,4020.5
"Post scheduled trip end time",-4,97231,97235,4020.5
"Post scheduled trip end time",-4,520848,520852,4020.5
"Post scheduled trip end time",-4,948,952,4020.5
"Post scheduled trip end time",-4,358,362,4020.5
"Post scheduled trip end time",-4,2478,2482,4020.5
"Post scheduled trip end time",-4,15490,15494,4020.5
"Post scheduled trip end time",-4,15381,15385,4020.5
"Post scheduled trip end time",-4,69,73,4020.5
"Post scheduled trip end time",-4,28952,28956,4020.5
"Post scheduled trip end time",-4,15091,15095,4020.5
"Post scheduled trip end time",-4,4039,4043,4020.5
"Post scheduled trip end time",-4,7972,7976,4020.5
"Post scheduled trip end time",-4,3688,3692,4020.5
"Post scheduled trip end time",-4,18408,18412,4020.5
"Post scheduled trip end time",-4,11510,11514,4020.5
"Post scheduled trip end time",-4,2908,2912,4020.5
"Post scheduled trip end time",-4,6426,6430,4020.5
"Post scheduled trip end time",-4,5581,5585,4020.5
"Post scheduled trip end time",-4,6172,6176,4020.5
"Post scheduled trip end time",-4,10297,10301,4020.5
"Post scheduled trip end time",-4,1001,1005,4020.5
"Post scheduled trip end time",-4,2023,2027,4020.5
"Post scheduled trip end time",-4,15450,15454,4020.5
"Post scheduled trip end time",-4,317,321,4020.5
"Post scheduled trip end time",-4,11597,11601,4020.5
"Post scheduled trip end time",-4,6760,6764,4020.5
"Post scheduled trip end time",-4,4021,4025,4020.5
"Post scheduled trip end time",-4,15386,15390,4020.5
"Post scheduled trip end time",-4,8566,8570,4020.5
"Post scheduled trip end time",-4,41,45,4020.5
"Post scheduled trip end time",-4,32732,32736,4020.5
"Post scheduled trip end time",-4,121,125,4020.5
"Post scheduled trip end time",-4,3085,3089,4020.5
"Post scheduled trip end time",-4,16865,16869,4020.5
"Post scheduled trip end time",-4,1492,1496,4020.5
"Post scheduled trip end time",-4,113,117,4020.5
"Post scheduled trip end time",-4,373,377,4020.5
"Post scheduled trip end time",-4,537248,537252,4020.5
"Post scheduled trip end time",-4,9641,9645,4020.5
"Post scheduled trip end time",-4,2791,2795,4020.5
"Post scheduled trip end time",-4,12989,12993,4020.5
"Post scheduled trip end time",-4,3,7,4020.5
"Post scheduled trip end time",-4,10890,10894,4020.5
"Post scheduled trip end time",-4,6870,6874,4020.5
"Post scheduled trip end time",-4,13978,13982,4020.5
"Post scheduled trip end time",-4,3580,3584,4020.5
"Post scheduled trip end time",-4,9481,9485,4020.5
"Post scheduled trip end time",-4,13754,13758,4020.5
"Post scheduled trip end time",-4,12025,12029,4020.5
"Post scheduled trip end time",-4,19430,19434,4020.5
"Post scheduled trip end time",-4,30650,30654,4020.5
"Post scheduled trip end time",-4,22532,22536,4020.5
"Post scheduled trip end time",-4,9037,9041,4020.5
"Post scheduled trip end time",-4,22132,22136,4020.5
"Post scheduled trip end time",-4,10694,10698,4020.5
"Post scheduled trip end time",-4,10292,10296,4020.5
"Post scheduled trip end time",-4,17512,17516,4020.5
"Post scheduled trip end time",-4,2941,2945,4020.5
"Post scheduled trip end time",-4,16491,16495,4020.5
"Post scheduled trip end time",-4,3030,3034,4020.5
"Post scheduled trip end time",-4,1576,1580,4020.5
"Post scheduled trip end time",-4,3190,3194,4020.5
"Post scheduled trip end time",-4,-1,3,4020.5
"Post scheduled trip end time",-4,16388,16392,4020.5
"Post scheduled trip end time",-4,18611,18615,4020.5
"Post scheduled trip end time",-4,8251,8255,4020.5
"Post scheduled trip end time",-4,461,465,4020.5
"Post scheduled trip end time",-4,46,50,4020.5
"Post scheduled trip end time",-4,402,406,4020.5
"Post scheduled trip end time",-4,9,13,4020.5
"Post scheduled trip end time",-4,16850,16854,4020.5
"Post scheduled trip end time",-4,9320,9324,4020.5
"Post scheduled trip end time",-4,9131,9135,4020.5
"Post scheduled trip end time",-4,NA,NA,4020.5
"Post scheduled trip end time",-4,24852,24856,4020.5
"Post scheduled trip end time",-4,351,355,4020.5
"Post scheduled trip end time",-4,446,450,4020.5
"Post scheduled trip end time",-4,13621,13625,4020.5
"Post scheduled trip end time",-4,106,110,4020.5
"Post scheduled trip end time",-4,2421,2425,4020.5
"Post scheduled trip end time",-4,685,689,4020.5
"Post scheduled trip end time",-4,6538,6542,4020.5
"Post scheduled trip end time",-4,9526,9530,4020.5
"Post scheduled trip end time",-4,525808,525812,4020.5
"Post scheduled trip end time",-4,535628,535632,4020.5
"Post scheduled trip end time",-4,306,310,4020.5
"Post scheduled trip end time",-4,849,853,4020.5
"Post scheduled trip end time",-4,83,87,4020.5
"Post scheduled trip end time",-4,2412,2416,4020.5
"Post scheduled trip end time",-4,188,192,4020.5
"Post scheduled trip end time",-4,30,34,4020.5
"Post scheduled trip end time",-4,20,24,4020.5
"Post scheduled trip end time",-4,23692,23696,4020.5
"Post scheduled trip end time",-4,2837,2841,4020.5
"Post scheduled trip end time",-4,537468,537472,4020.5
"Post scheduled trip end time",-4,5200,5204,4020.5
"Post scheduled trip end time",-4,6030,6034,4020.5
"Post scheduled trip end time",-4,905,909,4020.5
"Post scheduled trip end time",-4,16845,16849,4020.5
"Post scheduled trip end time",-4,383,387,4020.5
"Post scheduled trip end time",-4,15766,15770,4020.5
"Post scheduled trip end time",-4,33,37,4020.5
"Post scheduled trip end time",-4,2860,2864,4020.5
"Post scheduled trip end time",-4,15146,15150,4020.5
"Post scheduled trip end time",-4,1141,1145,4020.5
"Post scheduled trip end time",-4,7468,7472,4020.5
"Post scheduled trip end time",-4,12,16,4020.5
"Post scheduled trip end time",-4,1572,1576,4020.5
"Post scheduled trip end time",-4,14101,14105,4020.5
"Post scheduled trip end time",-4,9361,9365,4020.5
"Post scheduled trip end time",-4,4352,4356,4020.5
"Post scheduled trip end time",-4,4598,4602,4020.5
"Post scheduled trip end time",-4,2038,2042,4020.5
"Post scheduled trip end time",-4,10108,10112,4020.5
"Post scheduled trip end time",-4,15312,15316,4020.5
"Post scheduled trip end time",-4,7,11,4020.5
"Post scheduled trip end time",-4,40,44,4020.5
"Post scheduled trip end time",-4,6346,6350,4020.5
"Post scheduled trip end time",-4,1735,1739,4020.5
"Post scheduled trip end time",-4,2,6,4020.5
"Post scheduled trip end time",-4,5,9,4020.5
"Post scheduled trip end time",-4,528688,528692,4020.5
"Post scheduled trip end time",-4,17228,17232,4020.5
"Post scheduled trip end time",-4,11868,11872,4020.5
"Post scheduled trip end time",-4,135,139,4020.5
"Post scheduled trip end time",-4,2278,2282,4020.5
"Post scheduled trip end time",-4,3490,3494,4020.5
"Post scheduled trip end time",-4,12410,12414,4020.5
"Post scheduled trip end time",-4,16395,16399,4020.5
"Post scheduled trip end time",-4,6212,6216,4020.5
"Post scheduled trip end time",-4,1,5,4020.5
"Post scheduled trip end time",-4,4573,4577,4020.5
"Post scheduled trip end time",-4,9381,9385,4020.5
"Post scheduled trip end time",-4,3881,3885,4020.5
"Post scheduled trip end time",-4,32192,32196,4020.5
"Post scheduled trip end time",-4,14697,14701,4020.5
"Post scheduled trip end time",-4,19672,19676,4020.5
"Post scheduled trip end time",-4,13206,13210,4020.5
"Post scheduled trip end time",-4,10125,10129,4020.5
"Post scheduled trip end time",-4,12990,12994,4020.5
"Post scheduled trip end time",-4,13712,13716,4020.5
"Post scheduled trip end time",-4,717,721,4020.5
"Post scheduled trip end time",-4,4761,4765,4020.5
"Post scheduled trip end time",-4,2489,2493,4020.5
"Post scheduled trip end time",-4,820,824,4020.5
"Post scheduled trip end time",-4,2380,2384,4020.5
"Post scheduled trip end time",-4,6872,6876,4020.5
"Post scheduled trip end time",-4,24,28,4020.5
"Post scheduled trip end time",-4,7990,7994,4020.5
"Post scheduled trip end time",-4,16288,16292,4020.5
"Post scheduled trip end time",-4,7341,7345,4020.5
"Post scheduled trip end time",-4,42,46,4020.5
"Post scheduled trip end time",-4,8568,8572,4020.5
"Post scheduled trip end time",-4,2689,2693,4020.5
"Post scheduled trip end time",-4,49,53,4020.5
"Post scheduled trip end time",-4,12230,12234,4020.5
"Post scheduled trip end time",-4,20826,20830,4020.5
"Post scheduled trip end time",-4,2208,2212,4020.5
"Post scheduled trip end time",-4,6286,6290,4020.5
"Post scheduled trip end time",-4,291,295,4020.5
"Post scheduled trip end time",-4,1255,1259,4020.5
"Post scheduled trip end time",-4,138,142,4020.5
"Post scheduled trip end time",-4,6774,6778,4020.5
"Post scheduled trip end time",-4,18928,18932,4020.5
"Post scheduled trip end time",-4,17238,17242,4020.5
"Post scheduled trip end time",-4,2520,2524,4020.5
"Post scheduled trip end time",-4,542,546,4020.5
"Post scheduled trip end time",-4,1115,1119,4020.5
"Post scheduled trip end time",-4,1976,1980,4020.5
"Post scheduled trip end time",-4,37,41,4020.5
"Post scheduled trip end time",-4,32,36,4020.5
"Post scheduled trip end time",-4,2914,2918,4020.5
"Post scheduled trip end time",-4,56,60,4020.5
"Post scheduled trip end time",-4,47,51,4020.5
"Post scheduled trip end time",-4,9618,9622,4020.5
"Post scheduled trip end time",-4,62,66,4020.5
"Post scheduled trip end time",-4,5697,5701,4020.5
"Post scheduled trip end time",-4,854,858,4020.5
"Post scheduled trip end time",-4,526468,526472,4020.5
"Post scheduled trip end time",-4,3081,3085,4020.5
"Post scheduled trip end time",-4,11490,11494,4020.5
"Post scheduled trip end time",-4,5001,5005,4020.5
"Post scheduled trip end time",-4,485,489,4020.5
"Post scheduled trip end time",-4,1698,1702,4020.5
"Post scheduled trip end time",-4,650,654,4020.5
"Post scheduled trip end time",-4,1723,1727,4020.5
"Post scheduled trip end time",-4,61,65,4020.5
"Post scheduled trip end time",-4,12652,12656,4020.5
"Post scheduled trip end time",-4,14838,14842,4020.5
"Post scheduled trip end time",-4,1038,1042,4020.5
"Post scheduled trip end time",-4,17592,17596,4020.5
"Post scheduled trip end time",-4,8120,8124,4020.5
"Post scheduled trip end time",-4,19278,19282,4020.5
"Post scheduled trip end time",-4,17688,17692,4020.5
"Post scheduled trip end time",-4,303,307,4020.5
"Post scheduled trip end time",-4,539528,539532,4020.5
"Post scheduled trip end time",-4,540248,540252,4020.5
"Post scheduled trip end time",-4,3560,3564,4020.5
"Post scheduled trip end time",-4,15595,15599,4020.5
"Post scheduled trip end time",-4,1621,1625,4020.5
"Post scheduled trip end time",-4,16110,16114,4020.5
"Post scheduled trip end time",-4,13557,13561,4020.5
"Post scheduled trip end time",-4,6510,6514,4020.5
"Post scheduled trip end time",-4,305,309,4020.5
"Post scheduled trip end time",-4,521,525,4020.5
"Post scheduled trip end time",-4,527728,527732,4020.5
"Post scheduled trip end time",-4,10846,10850,4020.5
"Post scheduled trip end time",-4,10888,10892,4020.5
"Post scheduled trip end time",-4,29004,29008,4020.5
"Post scheduled trip end time",-4,6112,6116,4020.5
"Post scheduled trip end time",-4,29352,29356,4020.5
"Post scheduled trip end time",-4,3777,3781,4020.5
"Post scheduled trip end time",-4,5810,5814,4020.5
"Post scheduled trip end time",-4,14985,14989,4020.5
"Post scheduled trip end time",-4,4705,4709,4020.5
"Post scheduled trip end time",-4,3212,3216,4020.5
"Post scheduled trip end time",-4,2081,2085,4020.5
"Post scheduled trip end time",-4,354,358,4020.5
"Post scheduled trip end time",-4,53,57,4020.5
"Post scheduled trip end time",-4,-2,2,4020.5
"Post scheduled trip end time",-4,4830,4834,4020.5
"Post scheduled trip end time",-4,536828,536832,4020.5
"Post scheduled trip end time",-4,588,592,4020.5
"Post scheduled trip end time",-4,13646,13650,4020.5
"Post scheduled trip end time",-4,21232,21236,4020.5
"Post scheduled trip end time",-4,18352,18356,4020.5
"Post scheduled trip end time",-4,116,120,4020.5
"Post scheduled trip end time",-4,20094,20098,4020.5
"Post scheduled trip end time",-4,13601,13605,4020.5
"Post scheduled trip end time",-4,637,641,4020.5
"Post scheduled trip end time",-4,1592,1596,4020.5
"Post scheduled trip end time",-4,14,18,4020.5
"Post scheduled trip end time",-4,29,33,4020.5
"Post scheduled trip end time",-4,1102,1106,4020.5
"Post scheduled trip end time",-4,8797,8801,4020.5
"Post scheduled trip end time",-4,5366,5370,4020.5
"Post scheduled trip end time",-4,14092,14096,4020.5
"Post scheduled trip end time",-4,11641,11645,4020.5
"Post scheduled trip end time",-4,2129,2133,4020.5
"Post scheduled trip end time",-4,7431,7435,4020.5
"Post scheduled trip end time",-4,870,874,4020.5
"Post scheduled trip end time",-4,13781,13785,4020.5
"Post scheduled trip end time",-4,965,969,4020.5
"Post scheduled trip end time",-4,28,32,4020.5
"Post scheduled trip end time",-4,26,30,4020.5
"Post scheduled trip end time",-4,17,21,4020.5
"Post scheduled trip end time",-4,288,292,4020.5
"Post scheduled trip end time",-4,6721,6725,4020.5
"Post scheduled trip end time",-4,2632,2636,4020.5
"Post scheduled trip end time",-4,10746,10750,4020.5
"Post scheduled trip end time",-4,34292,34296,4020.5
"Post scheduled trip end time",-4,6351,6355,4020.5
"Post scheduled trip end time",-4,5438,5442,4020.5
"Post scheduled trip end time",-4,4108,4112,4020.5
"Post scheduled trip end time",-4,24972,24976,4020.5
"Post scheduled trip end time",-4,542948,542952,4020.5
"Post scheduled trip end time",-4,538108,538112,4020.5
"Post scheduled trip end time",-4,2674,2678,4020.5
"Post scheduled trip end time",-4,9740,9744,4020.5
"Post scheduled trip end time",-4,1292,1296,4020.5
"Post scheduled trip end time",-4,14678,14682,4020.5
"Post scheduled trip end time",-4,6270,6274,4020.5
"Post scheduled trip end time",-4,7134,7138,4020.5
"Post scheduled trip end time",-4,8894,8898,4020.5
"Post scheduled trip end time",-4,-4,0,4020.5
"Post scheduled trip end time",-4,16070,16074,4020.5
"Post scheduled trip end time",-4,19158,19162,4020.5
"Post scheduled trip end time",-4,524948,524952,4020.5
"Post scheduled trip end time",-4,15,19,4020.5
"Post scheduled trip end time",-4,528428,528432,4020.5
"Post scheduled trip end time",-4,1378,1382,4020.5
"Post scheduled trip end time",-4,8,12,4020.5
"Post scheduled trip end time",-4,6,10,4020.5
"Post scheduled trip end time",-4,8018,8022,4020.5
"Post scheduled trip end time",-4,11240,11244,4020.5
"Post scheduled trip end time",-4,17658,17662,4020.5
"Post scheduled trip end time",-4,419,423,4020.5
"Post scheduled trip end time",-4,6266,6270,4020.5
"Post scheduled trip end time",-4,7861,7865,4020.5
"Post scheduled trip end time",-4,21,25,4020.5
"Post scheduled trip end time",-4,14488,14492,4020.5
"Post scheduled trip end time",-4,9351,9355,4020.5
"Post scheduled trip end time",-4,7361,7365,4020.5
"Post scheduled trip end time",-4,21732,21736,4020.5
"Post scheduled trip end time",-4,1674,1678,4020.5
"Post scheduled trip end time",-4,13572,13576,4020.5
"Post scheduled trip end time",-4,4041,4045,4020.5
"Post scheduled trip end time",-4,12232,12236,4020.5
"Post scheduled trip end time",-4,8817,8821,4020.5
"Post scheduled trip end time",-4,10170,10174,4020.5
"Post scheduled trip end time",-4,19452,19456,4020.5
"Post scheduled trip end time",-4,2720,2724,4020.5
"Post scheduled trip end time",-4,15521,15525,4020.5
"Post scheduled trip end time",-4,626,630,4020.5
"Post scheduled trip end time",-4,5481,5485,4020.5
"Post scheduled trip end time",-4,16971,16975,4020.5
"Post scheduled trip end time",-4,970,974,4020.5
"Post scheduled trip end time",-4,8681,8685,4020.5
"Post scheduled trip end time",-4,525348,525352,4020.5
"Post scheduled trip end time",-4,1174,1178,4020.5
"Post scheduled trip end time",-4,8430,8434,4020.5
"Post scheduled trip end time",-4,2539,2543,4020.5
"Post scheduled trip end time",-4,25,29,4020.5
"Post scheduled trip end time",-4,2269,2273,4020.5
"Post scheduled trip end time",-4,14981,14985,4020.5
"Post scheduled trip end time",-4,10070,10074,4020.5
"Post scheduled trip end time",-4,298,302,4020.5
"Post scheduled trip end time",-4,11308,11312,4020.5
"Post scheduled trip end time",-4,4665,4669,4020.5
"Post scheduled trip end time",-4,3709,3713,4020.5
"Post scheduled trip end time",-4,8721,8725,4020.5
"Post scheduled trip end time",-4,6947,6951,4020.5
"Post scheduled trip end time",-4,20372,20376,4020.5
"Post scheduled trip end time",-4,252,256,4020.5
"Post scheduled trip end time",-4,11030,11034,4020.5
"Post scheduled trip end time",-4,28452,28456,4020.5
"Post scheduled trip end time",-4,9046,9050,4020.5
"Post scheduled trip end time",-4,7668,7672,4020.5
"Post scheduled trip end time",-4,-3,1,4020.5
"Post scheduled trip end time",-4,14658,14662,4020.5
"Post scheduled trip end time",-4,869,873,4020.5
"Post scheduled trip end time",-4,4871,4875,4020.5
"Post scheduled trip end time",-4,14292,14296,4020.5
"Post scheduled trip end time",-4,44,48,4020.5
"Post scheduled trip end time",-4,156,160,4020.5
"Post scheduled trip end time",-4,430,434,4020.5
"Post scheduled trip end time",-4,6074,6078,4020.5
"Post scheduled trip end time",-4,7146,7150,4020.5
"Post scheduled trip end time",-4,10848,10852,4020.5
"Post scheduled trip end time",-4,55,59,4020.5
"Post scheduled trip end time",-4,38,42,4020.5
"Post scheduled trip end time",-4,537308,537312,4020.5
"Post scheduled trip end time",-4,11411,11415,4020.5
"Post scheduled trip end time",-4,17428,17432,4020.5
"Post scheduled trip end time",-4,1477,1481,4020.5
"Post scheduled trip end time",-4,11270,11274,4020.5
"Post scheduled trip end time",-4,13,17,4020.5
"Post scheduled trip end time",-4,2590,2594,4020.5
"Post scheduled trip end time",-4,14481,14485,4020.5
"Post scheduled trip end time",-4,89,93,4020.5
"Post scheduled trip end time",-4,9832,9836,4020.5
"Post scheduled trip end time",-4,22577,22581,4020.5
"Post scheduled trip end time",-4,6412,6416,4020.5
"Post scheduled trip end time",-4,283,287,4020.5
"Post scheduled trip end time",-4,1137,1141,4020.5
"Post scheduled trip end time",-4,51,55,4020.5
"Post scheduled trip end time",-4,4974,4978,4020.5
"Post scheduled trip end time",-4,3957,3961,4020.5
"Post scheduled trip end time",-4,57,61,4020.5
"Post scheduled trip end time",-4,18874,18878,4020.5
"Post scheduled trip end time",-4,11545,11549,4020.5
"Post scheduled trip end time",-4,1092,1096,4020.5
"Post scheduled trip end time",-4,14392,14396,4020.5
"Post scheduled trip end time",-4,2414,2418,4020.5
"Post scheduled trip end time",-4,8497,8501,4020.5
"Post scheduled trip end time",-4,532388,532392,4020.5
"Post scheduled trip end time",-4,18648,18652,4020.5
"Post scheduled trip end time",-4,7937,7941,4020.5
"Post scheduled trip end time",-4,3385,3389,4020.5
"Post scheduled trip end time",-4,19232,19236,4020.5
"Post scheduled trip end time",-4,34532,34536,4020.5
"Post scheduled trip end time",-4,5214,5218,4020.5
"Post scheduled trip end time",-4,10834,10838,4020.5
"Post scheduled trip end time",-4,938,942,4020.5
"Post scheduled trip end time",-4,522628,522632,4020.5
"Post scheduled trip end time",-4,201,205,4020.5
"Post scheduled trip end time",-4,3548,3552,4020.5
"Post scheduled trip end time",-4,554,558,4020.5
"Post scheduled trip end time",-4,58,62,4020.5
"Post scheduled trip end time",-4,7550,7554,4020.5
"Post scheduled trip end time",-4,15192,15196,4020.5
"Post scheduled trip end time",-4,10101,10105,4020.5
"Post scheduled trip end time",-4,1101,1105,4020.5
"Post scheduled trip end time",-4,718,722,4020.5
"Post scheduled trip end time",-4,628,632,4020.5
"Post scheduled trip end time",-4,334,338,4020.5
"Post scheduled trip end time",-4,7274,7278,4020.5
"Post scheduled trip end time",-4,16132,16136,4020.5
"Post scheduled trip end time",-4,254,258,4020.5
"Post scheduled trip end time",-4,391,395,4020.5
"Post scheduled trip end time",-4,12246,12250,4020.5
"Post scheduled trip end time",-4,453,457,4020.5
"Post scheduled trip end time",-4,17050,17054,4020.5
"Post scheduled trip end time",-4,2859,2863,4020.5
"Post scheduled trip end time",-4,32072,32076,4020.5
"Post scheduled trip end time",-4,11781,11785,4020.5
"Post scheduled trip end time",-4,10968,10972,4020.5
"Post scheduled trip end time",-4,6506,6510,4020.5
"Post scheduled trip end time",-4,1161,1165,4020.5
"Post scheduled trip end time",-4,182,186,4020.5
"Post scheduled trip end time",-4,3621,3625,4020.5
"Post scheduled trip end time",-4,3234,3238,4020.5
"Post scheduled trip end time",-4,158,162,4020.5
"Post scheduled trip end time",-4,14286,14290,4020.5
"Post scheduled trip end time",-4,3168,3172,4020.5
"Post scheduled trip end time",-4,501,505,4020.5
"Post scheduled trip end time",-4,652,656,4020.5
"Post scheduled trip end time",-4,222,226,4020.5
"Post scheduled trip end time",-4,2343,2347,4020.5
"Post scheduled trip end time",-4,1924,1928,4020.5
"Post scheduled trip end time",-4,2583,2587,4020.5
"Post scheduled trip end time",-4,605,609,4020.5
"Post scheduled trip end time",-4,16472,16476,4020.5
"Post scheduled trip end time",-4,30152,30156,4020.5
"Post scheduled trip end time",-4,20932,20936,4020.5
"Post scheduled trip end time",-4,9614,9618,4020.5
"Post scheduled trip end time",-4,932,936,4020.5
"Post scheduled trip end time",-4,114,118,4020.5
"Post scheduled trip end time",-4,14837,14841,4020.5
"Post scheduled trip end time",-4,10561,10565,4020.5
"Post scheduled trip end time",-4,12854,12858,4020.5
"Post scheduled trip end time",-4,16505,16509,4020.5
"Post scheduled trip end time",-4,2760,2764,4020.5
"Post scheduled trip end time",-4,20352,20356,4020.5
"Post scheduled trip end time",-4,8074,8078,4020.5
"Post scheduled trip end time",-4,577,581,4020.5
"Post scheduled trip end time",-4,654,658,4020.5
"Post scheduled trip end time",-4,8228,8232,4020.5
"Post scheduled trip end time",-4,1206,1210,4020.5
"Before scheduled trip start time",-3,24763,24766,8038
"Before scheduled trip start time",-3,6214,6217,8038
"Before scheduled trip start time",-3,497108,497111,8038
"Before scheduled trip start time",-3,500408,500411,8038
"Before scheduled trip start time",-3,23743,23746,8038
"Before scheduled trip start time",-3,513848,513851,8038
"Before scheduled trip start time",-3,361,364,8038
"Before scheduled trip start time",-3,536,539,8038
"Before scheduled trip start time",-3,-2,1,8038
"Before scheduled trip start time",-3,71367,71370,8038
"Before scheduled trip start time",-3,126,129,8038
"Before scheduled trip start time",-3,50747,50750,8038
"Before scheduled trip start time",-3,30118,30121,8038
"Before scheduled trip start time",-3,6219,6222,8038
"Before scheduled trip start time",-3,42639,42642,8038
"Before scheduled trip start time",-3,504528,504531,8038
"Before scheduled trip start time",-3,657100,657103,8038
"Before scheduled trip start time",-3,19323,19326,8038
"Before scheduled trip start time",-3,51399,51402,8038
"Before scheduled trip start time",-3,662640,662643,8038
"Before scheduled trip start time",-3,69059,69062,8038
"Before scheduled trip start time",-3,747,750,8038
"Before scheduled trip start time",-3,1015,1018,8038
"Before scheduled trip start time",-3,2176,2179,8038
"Before scheduled trip start time",-3,291,294,8038
"Before scheduled trip start time",-3,350,353,8038
"Before scheduled trip start time",-3,1083,1086,8038
"Before scheduled trip start time",-3,428,431,8038
"Before scheduled trip start time",-3,2015,2018,8038
"Before scheduled trip start time",-3,11232,11235,8038
"Before scheduled trip start time",-3,32263,32266,8038
"Before scheduled trip start time",-3,515808,515811,8038
"Before scheduled trip start time",-3,508488,508491,8038
"Before scheduled trip start time",-3,672720,672723,8038
"Before scheduled trip start time",-3,118,121,8038
"Before scheduled trip start time",-3,333,336,8038
"Before scheduled trip start time",-3,934,937,8038
"Before scheduled trip start time",-3,6337,6340,8038
"Before scheduled trip start time",-3,36416,36419,8038
"Before scheduled trip start time",-3,677580,677583,8038
"Before scheduled trip start time",-3,60227,60230,8038
"Before scheduled trip start time",-3,9795,9798,8038
"Before scheduled trip start time",-3,7599,7602,8038
"Before scheduled trip start time",-3,11594,11597,8038
"Before scheduled trip start time",-3,7072,7075,8038
"Before scheduled trip start time",-3,4,7,8038
"Before scheduled trip start time",-3,10177,10180,8038
"Before scheduled trip start time",-3,62,65,8038
"Before scheduled trip start time",-3,61179,61182,8038
"Before scheduled trip start time",-3,27,30,8038
"Before scheduled trip start time",-3,8019,8022,8038
"Before scheduled trip start time",-3,501788,501791,8038
"Before scheduled trip start time",-3,607,610,8038
"Before scheduled trip start time",-3,3357,3360,8038
"Before scheduled trip start time",-3,4139,4142,8038
"Before scheduled trip start time",-3,1646,1649,8038
"Before scheduled trip start time",-3,516048,516051,8038
"Before scheduled trip start time",-3,1030,1033,8038
"Before scheduled trip start time",-3,1248,1251,8038
"Before scheduled trip start time",-3,1977,1980,8038
"Before scheduled trip start time",-3,3315,3318,8038
"Before scheduled trip start time",-3,77079,77082,8038
"Before scheduled trip start time",-3,915,918,8038
"Before scheduled trip start time",-3,573,576,8038
"Before scheduled trip start time",-3,20623,20626,8038
"Before scheduled trip start time",-3,53887,53890,8038
"Before scheduled trip start time",-3,54387,54390,8038
"Before scheduled trip start time",-3,744,747,8038
"Before scheduled trip start time",-3,1235,1238,8038
"Before scheduled trip start time",-3,1934,1937,8038
"Before scheduled trip start time",-3,1421,1424,8038
"Before scheduled trip start time",-3,6072,6075,8038
"Before scheduled trip start time",-3,12678,12681,8038
"Before scheduled trip start time",-3,28343,28346,8038
"Before scheduled trip start time",-3,2494,2497,8038
"Before scheduled trip start time",-3,130,133,8038
"Before scheduled trip start time",-3,1668,1671,8038
"Before scheduled trip start time",-3,47902,47905,8038
"Before scheduled trip start time",-3,24,27,8038
"Before scheduled trip start time",-3,15063,15066,8038
"Before scheduled trip start time",-3,16243,16246,8038
"Before scheduled trip start time",-3,9475,9478,8038
"Before scheduled trip start time",-3,526,529,8038
"Before scheduled trip start time",-3,16703,16706,8038
"Before scheduled trip start time",-3,61779,61782,8038
"Before scheduled trip start time",-3,77199,77202,8038
"Before scheduled trip start time",-3,255,258,8038
"Before scheduled trip start time",-3,11252,11255,8038
"Before scheduled trip start time",-3,2969,2972,8038
"Before scheduled trip start time",-3,54579,54582,8038
"Before scheduled trip start time",-3,16,19,8038
"Before scheduled trip start time",-3,67599,67602,8038
"Before scheduled trip start time",-3,80819,80822,8038
"Before scheduled trip start time",-3,182,185,8038
"Before scheduled trip start time",-3,1369,1372,8038
"Before scheduled trip start time",-3,6892,6895,8038
"Before scheduled trip start time",-3,21454,21457,8038
"Before scheduled trip start time",-3,74047,74050,8038
"Before scheduled trip start time",-3,65,68,8038
"Before scheduled trip start time",-3,554,557,8038
"Before scheduled trip start time",-3,463,466,8038
"Before scheduled trip start time",-3,508188,508191,8038
"Before scheduled trip start time",-3,493768,493771,8038
"Before scheduled trip start time",-3,505,508,8038
"Before scheduled trip start time",-3,3834,3837,8038
"Before scheduled trip start time",-3,494628,494631,8038
"Before scheduled trip start time",-3,495208,495211,8038
"Before scheduled trip start time",-3,980,983,8038
"Before scheduled trip start time",-3,5277,5280,8038
"Before scheduled trip start time",-3,32334,32337,8038
"Before scheduled trip start time",-3,6377,6380,8038
"Before scheduled trip start time",-3,48319,48322,8038
"Before scheduled trip start time",-3,1939,1942,8038
"Before scheduled trip start time",-3,375,378,8038
"Before scheduled trip start time",-3,510048,510051,8038
"Before scheduled trip start time",-3,37,40,8038
"Before scheduled trip start time",-3,41587,41590,8038
"Before scheduled trip start time",-3,2177,2180,8038
"Before scheduled trip start time",-3,1397,1400,8038
"Before scheduled trip start time",-3,1672,1675,8038
"Before scheduled trip start time",-3,65019,65022,8038
"Before scheduled trip start time",-3,496008,496011,8038
"Before scheduled trip start time",-3,42571,42574,8038
"Before scheduled trip start time",-3,53939,53942,8038
"Before scheduled trip start time",-3,667860,667863,8038
"Before scheduled trip start time",-3,47427,47430,8038
"Before scheduled trip start time",-3,1759,1762,8038
"Before scheduled trip start time",-3,64419,64422,8038
"Before scheduled trip start time",-3,11578,11581,8038
"Before scheduled trip start time",-3,8235,8238,8038
"Before scheduled trip start time",-3,1768,1771,8038
"Before scheduled trip start time",-3,2232,2235,8038
"Before scheduled trip start time",-3,507,510,8038
"Before scheduled trip start time",-3,50779,50782,8038
"Before scheduled trip start time",-3,105,108,8038
"Before scheduled trip start time",-3,557,560,8038
"Before scheduled trip start time",-3,9015,9018,8038
"Before scheduled trip start time",-3,3512,3515,8038
"Before scheduled trip start time",-3,1385,1388,8038
"Before scheduled trip start time",-3,675,678,8038
"Before scheduled trip start time",-3,662980,662983,8038
"Before scheduled trip start time",-3,505348,505351,8038
"Before scheduled trip start time",-3,146,149,8038
"Before scheduled trip start time",-3,500568,500571,8038
"Before scheduled trip start time",-3,51259,51262,8038
"Before scheduled trip start time",-3,26316,26319,8038
"Before scheduled trip start time",-3,53947,53950,8038
"Before scheduled trip start time",-3,494348,494351,8038
"Before scheduled trip start time",-3,17163,17166,8038
"Before scheduled trip start time",-3,505828,505831,8038
"Before scheduled trip start time",-3,35616,35619,8038
"Before scheduled trip start time",-3,1499,1502,8038
"Before scheduled trip start time",-3,2589,2592,8038
"Before scheduled trip start time",-3,1590,1593,8038
"Before scheduled trip start time",-3,16803,16806,8038
"Before scheduled trip start time",-3,512488,512491,8038
"Before scheduled trip start time",-3,1697,1700,8038
"Before scheduled trip start time",-3,9437,9440,8038
"Before scheduled trip start time",-3,1154,1157,8038
"Before scheduled trip start time",-3,11892,11895,8038
"Before scheduled trip start time",-3,514,517,8038
"Before scheduled trip start time",-3,1092,1095,8038
"Before scheduled trip start time",-3,558,561,8038
"Before scheduled trip start time",-3,46619,46622,8038
"Before scheduled trip start time",-3,22863,22866,8038
"Before scheduled trip start time",-3,42699,42702,8038
"Before scheduled trip start time",-3,26803,26806,8038
"Before scheduled trip start time",-3,2552,2555,8038
"Before scheduled trip start time",-3,3717,3720,8038
"Before scheduled trip start time",-3,4919,4922,8038
"Before scheduled trip start time",-3,6754,6757,8038
"Before scheduled trip start time",-3,2734,2737,8038
"Before scheduled trip start time",-3,1335,1338,8038
"Before scheduled trip start time",-3,5915,5918,8038
"Before scheduled trip start time",-3,501448,501451,8038
"Before scheduled trip start time",-3,337,340,8038
"Before scheduled trip start time",-3,34867,34870,8038
"Before scheduled trip start time",-3,85,88,8038
"Before scheduled trip start time",-3,395,398,8038
"Before scheduled trip start time",-3,5197,5200,8038
"Before scheduled trip start time",-3,2314,2317,8038
"Before scheduled trip start time",-3,6634,6637,8038
"Before scheduled trip start time",-3,516108,516111,8038
"Before scheduled trip start time",-3,30183,30186,8038
"Before scheduled trip start time",-3,67539,67542,8038
"Before scheduled trip start time",-3,549,552,8038
"Before scheduled trip start time",-3,1837,1840,8038
"Before scheduled trip start time",-3,355,358,8038
"Before scheduled trip start time",-3,287,290,8038
"Before scheduled trip start time",-3,2714,2717,8038
"Before scheduled trip start time",-3,19043,19046,8038
"Before scheduled trip start time",-3,21478,21481,8038
"Before scheduled trip start time",-3,74,77,8038
"Before scheduled trip start time",-3,119,122,8038
"Before scheduled trip start time",-3,78719,78722,8038
"Before scheduled trip start time",-3,302,305,8038
"Before scheduled trip start time",-3,51799,51802,8038
"Before scheduled trip start time",-3,57799,57802,8038
"Before scheduled trip start time",-3,32794,32797,8038
"Before scheduled trip start time",-3,30998,31001,8038
"Before scheduled trip start time",-3,75259,75262,8038
"Before scheduled trip start time",-3,12012,12015,8038
"Before scheduled trip start time",-3,381,384,8038
"Before scheduled trip start time",-3,12654,12657,8038
"Before scheduled trip start time",-3,59259,59262,8038
"Before scheduled trip start time",-3,21134,21137,8038
"Before scheduled trip start time",-3,499908,499911,8038
"Before scheduled trip start time",-3,7699,7702,8038
"Before scheduled trip start time",-3,507788,507791,8038
"Before scheduled trip start time",-3,508288,508291,8038
"Before scheduled trip start time",-3,42427,42430,8038
"Before scheduled trip start time",-3,379,382,8038
"Before scheduled trip start time",-3,5795,5798,8038
"Before scheduled trip start time",-3,419,422,8038
"Before scheduled trip start time",-3,54419,54422,8038
"Before scheduled trip start time",-3,55299,55302,8038
"Before scheduled trip start time",-3,332,335,8038
"Before scheduled trip start time",-3,893,896,8038
"Before scheduled trip start time",-3,1534,1537,8038
"Before scheduled trip start time",-3,9675,9678,8038
"Before scheduled trip start time",-3,228,231,8038
"Before scheduled trip start time",-3,232,235,8038
"Before scheduled trip start time",-3,504048,504051,8038
"Before scheduled trip start time",-3,63,66,8038
"Before scheduled trip start time",-3,1240,1243,8038
"Before scheduled trip start time",-3,498488,498491,8038
"Before scheduled trip start time",-3,23203,23206,8038
"Before scheduled trip start time",-3,505548,505551,8038
"Before scheduled trip start time",-3,25138,25141,8038
"Before scheduled trip start time",-3,572,575,8038
"Before scheduled trip start time",-3,2497,2500,8038
"Before scheduled trip start time",-3,24963,24966,8038
"Before scheduled trip start time",-3,17083,17086,8038
"Before scheduled trip start time",-3,794,797,8038
"Before scheduled trip start time",-3,76079,76082,8038
"Before scheduled trip start time",-3,6479,6482,8038
"Before scheduled trip start time",-3,13452,13455,8038
"Before scheduled trip start time",-3,1449,1452,8038
"Before scheduled trip start time",-3,266,269,8038
"Before scheduled trip start time",-3,61699,61702,8038
"Before scheduled trip start time",-3,1065,1068,8038
"Before scheduled trip start time",-3,7159,7162,8038
"Before scheduled trip start time",-3,250,253,8038
"Before scheduled trip start time",-3,51279,51282,8038
"Before scheduled trip start time",-3,30263,30266,8038
"Before scheduled trip start time",-3,3877,3880,8038
"Before scheduled trip start time",-3,819,822,8038
"Before scheduled trip start time",-3,586,589,8038
"Before scheduled trip start time",-3,71679,71682,8038
"Before scheduled trip start time",-3,1969,1972,8038
"Before scheduled trip start time",-3,6557,6560,8038
"Before scheduled trip start time",-3,8652,8655,8038
"Before scheduled trip start time",-3,54907,54910,8038
"Before scheduled trip start time",-3,17058,17061,8038
"Before scheduled trip start time",-3,459,462,8038
"Before scheduled trip start time",-3,4797,4800,8038
"Before scheduled trip start time",-3,675220,675223,8038
"Before scheduled trip start time",-3,224,227,8038
"Before scheduled trip start time",-3,42499,42502,8038
"Before scheduled trip start time",-3,493748,493751,8038
"Before scheduled trip start time",-3,75719,75722,8038
"Before scheduled trip start time",-3,2375,2378,8038
"Before scheduled trip start time",-3,148,151,8038
"Before scheduled trip start time",-3,46399,46402,8038
"Before scheduled trip start time",-3,9718,9721,8038
"Before scheduled trip start time",-3,156,159,8038
"Before scheduled trip start time",-3,1117,1120,8038
"Before scheduled trip start time",-3,8014,8017,8038
"Before scheduled trip start time",-3,33014,33017,8038
"Before scheduled trip start time",-3,80359,80362,8038
"Before scheduled trip start time",-3,10252,10255,8038
"Before scheduled trip start time",-3,407,410,8038
"Before scheduled trip start time",-3,11418,11421,8038
"Before scheduled trip start time",-3,1835,1838,8038
"Before scheduled trip start time",-3,137,140,8038
"Before scheduled trip start time",-3,515628,515631,8038
"Before scheduled trip start time",-3,3489,3492,8038
"Before scheduled trip start time",-3,12595,12598,8038
"Before scheduled trip start time",-3,21663,21666,8038
"Before scheduled trip start time",-3,24803,24806,8038
"Before scheduled trip start time",-3,72747,72750,8038
"Before scheduled trip start time",-3,41847,41850,8038
"Before scheduled trip start time",-3,70539,70542,8038
"Before scheduled trip start time",-3,754,757,8038
"Before scheduled trip start time",-3,29034,29037,8038
"Before scheduled trip start time",-3,5334,5337,8038
"Before scheduled trip start time",-3,80079,80082,8038
"Before scheduled trip start time",-3,515488,515491,8038
"Before scheduled trip start time",-3,47139,47142,8038
"Before scheduled trip start time",-3,56567,56570,8038
"Before scheduled trip start time",-3,689020,689023,8038
"Before scheduled trip start time",-3,3152,3155,8038
"Before scheduled trip start time",-3,154,157,8038
"Before scheduled trip start time",-3,0,3,8038
"Before scheduled trip start time",-3,35256,35259,8038
"Before scheduled trip start time",-3,1588,1591,8038
"Before scheduled trip start time",-3,2769,2772,8038
"Before scheduled trip start time",-3,3149,3152,8038
"Before scheduled trip start time",-3,8012,8015,8038
"Before scheduled trip start time",-3,500268,500271,8038
"Before scheduled trip start time",-3,51959,51962,8038
"Before scheduled trip start time",-3,54067,54070,8038
"Before scheduled trip start time",-3,42039,42042,8038
"Before scheduled trip start time",-3,15643,15646,8038
"Before scheduled trip start time",-3,23858,23861,8038
"Before scheduled trip start time",-3,579,582,8038
"Before scheduled trip start time",-3,552,555,8038
"Before scheduled trip start time",-3,516028,516031,8038
"Before scheduled trip start time",-3,226,229,8038
"Before scheduled trip start time",-3,633,636,8038
"Before scheduled trip start time",-3,1377,1380,8038
"Before scheduled trip start time",-3,93,96,8038
"Before scheduled trip start time",-3,57839,57842,8038
"Before scheduled trip start time",-3,56187,56190,8038
"Before scheduled trip start time",-3,509088,509091,8038
"Before scheduled trip start time",-3,98,101,8038
"Before scheduled trip start time",-3,43697,43700,8038
"Before scheduled trip start time",-3,417,420,8038
"Before scheduled trip start time",-3,63779,63782,8038
"Before scheduled trip start time",-3,14,17,8038
"Before scheduled trip start time",-3,509928,509931,8038
"Before scheduled trip start time",-3,16783,16786,8038
"Before scheduled trip start time",-3,64,67,8038
"Before scheduled trip start time",-3,274,277,8038
"Before scheduled trip start time",-3,520,523,8038
"Before scheduled trip start time",-3,75927,75930,8038
"Before scheduled trip start time",-3,2755,2758,8038
"Before scheduled trip start time",-3,465,468,8038
"Before scheduled trip start time",-3,501968,501971,8038
"Before scheduled trip start time",-3,59679,59682,8038
"Before scheduled trip start time",-3,506928,506931,8038
"Before scheduled trip start time",-3,62819,62822,8038
"Before scheduled trip start time",-3,7952,7955,8038
"Before scheduled trip start time",-3,40,43,8038
"Before scheduled trip start time",-3,5379,5382,8038
"Before scheduled trip start time",-3,985,988,8038
"Before scheduled trip start time",-3,1126,1129,8038
"Before scheduled trip start time",-3,7495,7498,8038
"Before scheduled trip start time",-3,515468,515471,8038
"Before scheduled trip start time",-3,686,689,8038
"Before scheduled trip start time",-3,498568,498571,8038
"Before scheduled trip start time",-3,74519,74522,8038
"Before scheduled trip start time",-3,2175,2178,8038
"Before scheduled trip start time",-3,193,196,8038
"Before scheduled trip start time",-3,34447,34450,8038
"Before scheduled trip start time",-3,2097,2100,8038
"Before scheduled trip start time",-3,1868,1871,8038
"Before scheduled trip start time",-3,2115,2118,8038
"Before scheduled trip start time",-3,80959,80962,8038
"Before scheduled trip start time",-3,36916,36919,8038
"Before scheduled trip start time",-3,510648,510651,8038
"Before scheduled trip start time",-3,33956,33959,8038
"Before scheduled trip start time",-3,48,51,8038
"Before scheduled trip start time",-3,516,519,8038
"Before scheduled trip start time",-3,191,194,8038
"Before scheduled trip start time",-3,66979,66982,8038
"Before scheduled trip start time",-3,30843,30846,8038
"Before scheduled trip start time",-3,659040,659043,8038
"Before scheduled trip start time",-3,61359,61362,8038
"Before scheduled trip start time",-3,4599,4602,8038
"Before scheduled trip start time",-3,81119,81122,8038
"Before scheduled trip start time",-3,12532,12535,8038
"Before scheduled trip start time",-3,4854,4857,8038
"Before scheduled trip start time",-3,494768,494771,8038
"Before scheduled trip start time",-3,8174,8177,8038
"Before scheduled trip start time",-3,1614,1617,8038
"Before scheduled trip start time",-3,472,475,8038
"Before scheduled trip start time",-3,70999,71002,8038
"Before scheduled trip start time",-3,6017,6020,8038
"Before scheduled trip start time",-3,177,180,8038
"Before scheduled trip start time",-3,492748,492751,8038
"Before scheduled trip start time",-3,54759,54762,8038
"Before scheduled trip start time",-3,60447,60450,8038
"Before scheduled trip start time",-3,69519,69522,8038
"Before scheduled trip start time",-3,61939,61942,8038
"Before scheduled trip start time",-3,10614,10617,8038
"Before scheduled trip start time",-3,957,960,8038
"Before scheduled trip start time",-3,3879,3882,8038
"Before scheduled trip start time",-3,499048,499051,8038
"Before scheduled trip start time",-3,11735,11738,8038
"Before scheduled trip start time",-3,559,562,8038
"Before scheduled trip start time",-3,1114,1117,8038
"Before scheduled trip start time",-3,48359,48362,8038
"Before scheduled trip start time",-3,57779,57782,8038
"Before scheduled trip start time",-3,672220,672223,8038
"Before scheduled trip start time",-3,53819,53822,8038
"Before scheduled trip start time",-3,643,646,8038
"Before scheduled trip start time",-3,1412,1415,8038
"Before scheduled trip start time",-3,515888,515891,8038
"Before scheduled trip start time",-3,17803,17806,8038
"Before scheduled trip start time",-3,17,20,8038
"Before scheduled trip start time",-3,-14,-11,8038
"Before scheduled trip start time",-3,89,92,8038
"Before scheduled trip start time",-3,7872,7875,8038
"Before scheduled trip start time",-3,47619,47622,8038
"Before scheduled trip start time",-3,507968,507971,8038
"Before scheduled trip start time",-3,5694,5697,8038
"Before scheduled trip start time",-3,10077,10080,8038
"Before scheduled trip start time",-3,995,998,8038
"Before scheduled trip start time",-3,567,570,8038
"Before scheduled trip start time",-3,49559,49562,8038
"Before scheduled trip start time",-3,51039,51042,8038
"Before scheduled trip start time",-3,22674,22677,8038
"Before scheduled trip start time",-3,5859,5862,8038
"Before scheduled trip start time",-3,685,688,8038
"Before scheduled trip start time",-3,590,593,8038
"Before scheduled trip start time",-3,535,538,8038
"Before scheduled trip start time",-3,38327,38330,8038
"Before scheduled trip start time",-3,19738,19741,8038
"Before scheduled trip start time",-3,683660,683663,8038
"Before scheduled trip start time",-3,48159,48162,8038
"Before scheduled trip start time",-3,26256,26259,8038
"Before scheduled trip start time",-3,74267,74270,8038
"Before scheduled trip start time",-3,7314,7317,8038
"Before scheduled trip start time",-3,8474,8477,8038
"Before scheduled trip start time",-3,79259,79262,8038
"Before scheduled trip start time",-3,976,979,8038
"Before scheduled trip start time",-3,20974,20977,8038
"Before scheduled trip start time",-3,198,201,8038
"Before scheduled trip start time",-3,65099,65102,8038
"Before scheduled trip start time",-3,881,884,8038
"Before scheduled trip start time",-3,509,512,8038
"Before scheduled trip start time",-3,46999,47002,8038
"Before scheduled trip start time",-3,509328,509331,8038
"Before scheduled trip start time",-3,17014,17017,8038
"Before scheduled trip start time",-3,9537,9540,8038
"Before scheduled trip start time",-3,20863,20866,8038
"Before scheduled trip start time",-3,44799,44802,8038
"Before scheduled trip start time",-3,32096,32099,8038
"Before scheduled trip start time",-3,10694,10697,8038
"Before scheduled trip start time",-3,1299,1302,8038
"Before scheduled trip start time",-3,3199,3202,8038
"Before scheduled trip start time",-3,6695,6698,8038
"Before scheduled trip start time",-3,281,284,8038
"Before scheduled trip start time",-3,31,34,8038
"Before scheduled trip start time",-3,2752,2755,8038
"Before scheduled trip start time",-3,125,128,8038
"Before scheduled trip start time",-3,2099,2102,8038
"Before scheduled trip start time",-3,64659,64662,8038
"Before scheduled trip start time",-3,502748,502751,8038
"Before scheduled trip start time",-3,28123,28126,8038
"Before scheduled trip start time",-3,24634,24637,8038
"Before scheduled trip start time",-3,69999,70002,8038
"Before scheduled trip start time",-3,7254,7257,8038
"Before scheduled trip start time",-3,988,991,8038
"Before scheduled trip start time",-3,196,199,8038
"Before scheduled trip start time",-3,2,5,8038
"Before scheduled trip start time",-3,23,26,8038
"Before scheduled trip start time",-3,30083,30086,8038
"Before scheduled trip start time",-3,46,49,8038
"Before scheduled trip start time",-3,514208,514211,8038
"Before scheduled trip start time",-3,533,536,8038
"Before scheduled trip start time",-3,-3,0,8038
"Before scheduled trip start time",-3,7115,7118,8038
"Before scheduled trip start time",-3,730,733,8038
"Before scheduled trip start time",-3,497648,497651,8038
"Before scheduled trip start time",-3,27083,27086,8038
"Before scheduled trip start time",-3,86,89,8038
"Before scheduled trip start time",-3,75219,75222,8038
"Before scheduled trip start time",-3,2659,2662,8038
"Before scheduled trip start time",-3,2669,2672,8038
"Before scheduled trip start time",-3,162,165,8038
"Before scheduled trip start time",-3,635,638,8038
"Before scheduled trip start time",-3,135,138,8038
"Before scheduled trip start time",-3,619,622,8038
"Before scheduled trip start time",-3,202,205,8038
"Before scheduled trip start time",-3,409,412,8038
"Before scheduled trip start time",-3,43699,43702,8038
"Before scheduled trip start time",-3,92,95,8038
"Before scheduled trip start time",-3,237,240,8038
"Before scheduled trip start time",-3,475,478,8038
"Before scheduled trip start time",-3,149,152,8038
"Before scheduled trip start time",-3,10758,10761,8038
"Before scheduled trip start time",-3,53,56,8038
"Before scheduled trip start time",-3,20314,20317,8038
"Before scheduled trip start time",-3,69679,69682,8038
"Before scheduled trip start time",-3,3372,3375,8038
"Before scheduled trip start time",-3,8794,8797,8038
"Before scheduled trip start time",-3,826,829,8038
"Before scheduled trip start time",-3,12312,12315,8038
"Before scheduled trip start time",-3,769,772,8038
"Before scheduled trip start time",-3,796,799,8038
"Before scheduled trip start time",-3,8812,8815,8038
"Before scheduled trip start time",-3,23523,23526,8038
"Before scheduled trip start time",-3,3477,3480,8038
"Before scheduled trip start time",-3,2110,2113,8038
"Before scheduled trip start time",-3,316,319,8038
"Before scheduled trip start time",-3,45379,45382,8038
"Before scheduled trip start time",-3,70299,70302,8038
"Before scheduled trip start time",-3,1239,1242,8038
"Before scheduled trip start time",-3,2614,2617,8038
"Before scheduled trip start time",-3,1267,1270,8038
"Before scheduled trip start time",-3,42139,42142,8038
"Before scheduled trip start time",-3,3459,3462,8038
"Before scheduled trip start time",-3,24283,24286,8038
"Before scheduled trip start time",-3,5397,5400,8038
"Before scheduled trip start time",-3,207,210,8038
"Before scheduled trip start time",-3,48747,48750,8038
"Before scheduled trip start time",-3,678660,678663,8038
"Before scheduled trip start time",-3,493288,493291,8038
"Before scheduled trip start time",-3,61,64,8038
"Before scheduled trip start time",-3,11615,11618,8038
"Before scheduled trip start time",-3,3235,3238,8038
"Before scheduled trip start time",-3,3515,3518,8038
"Before scheduled trip start time",-3,1040,1043,8038
"Before scheduled trip start time",-3,59199,59202,8038
"Before scheduled trip start time",-3,43039,43042,8038
"Before scheduled trip start time",-3,25678,25681,8038
"Before scheduled trip start time",-3,6114,6117,8038
"Before scheduled trip start time",-3,499,502,8038
"Before scheduled trip start time",-3,2512,2515,8038
"Before scheduled trip start time",-3,3075,3078,8038
"Before scheduled trip start time",-3,20003,20006,8038
"Before scheduled trip start time",-3,504788,504791,8038
"Before scheduled trip start time",-3,16138,16141,8038
"Before scheduled trip start time",-3,9734,9737,8038
"Before scheduled trip start time",-3,2859,2862,8038
"Before scheduled trip start time",-3,10092,10095,8038
"Before scheduled trip start time",-3,2127,2130,8038
"Before scheduled trip start time",-3,42019,42022,8038
"Before scheduled trip start time",-3,505408,505411,8038
"Before scheduled trip start time",-3,67,70,8038
"Before scheduled trip start time",-3,1575,1578,8038
"Before scheduled trip start time",-3,515728,515731,8038
"Before scheduled trip start time",-3,45859,45862,8038
"Before scheduled trip start time",-3,55247,55250,8038
"Before scheduled trip start time",-3,61619,61622,8038
"Before scheduled trip start time",-3,484,487,8038
"Before scheduled trip start time",-3,174,177,8038
"Before scheduled trip start time",-3,327,330,8038
"Before scheduled trip start time",-3,500088,500091,8038
"Before scheduled trip start time",-3,30583,30586,8038
"Before scheduled trip start time",-3,55259,55262,8038
"Before scheduled trip start time",-3,21498,21501,8038
"Before scheduled trip start time",-3,512408,512411,8038
"Before scheduled trip start time",-3,774,777,8038
"Before scheduled trip start time",-3,282,285,8038
"Before scheduled trip start time",-3,52039,52042,8038
"Before scheduled trip start time",-3,179,182,8038
"Before scheduled trip start time",-3,33074,33077,8038
"Before scheduled trip start time",-3,1635,1638,8038
"Before scheduled trip start time",-3,79239,79242,8038
"Before scheduled trip start time",-3,362,365,8038
"Before scheduled trip start time",-3,14394,14397,8038
"Before scheduled trip start time",-3,500788,500791,8038
"Before scheduled trip start time",-3,1554,1557,8038
"Before scheduled trip start time",-3,9752,9755,8038
"Before scheduled trip start time",-3,113,116,8038
"Before scheduled trip start time",-3,497,500,8038
"Before scheduled trip start time",-3,132,135,8038
"Before scheduled trip start time",-3,1519,1522,8038
"Before scheduled trip start time",-3,6514,6517,8038
"Before scheduled trip start time",-3,562,565,8038
"Before scheduled trip start time",-3,30503,30506,8038
"Before scheduled trip start time",-3,40036,40039,8038
"Before scheduled trip start time",-3,22638,22641,8038
"Before scheduled trip start time",-3,26814,26817,8038
"Before scheduled trip start time",-3,62007,62010,8038
"Before scheduled trip start time",-3,30454,30457,8038
"Before scheduled trip start time",-3,30818,30821,8038
"Before scheduled trip start time",-3,7419,7422,8038
"Before scheduled trip start time",-3,4059,4062,8038
"Before scheduled trip start time",-3,217,220,8038
"Before scheduled trip start time",-3,32343,32346,8038
"Before scheduled trip start time",-3,124,127,8038
"Before scheduled trip start time",-3,8275,8278,8038
"Before scheduled trip start time",-3,9115,9118,8038
"Before scheduled trip start time",-3,181,184,8038
"Before scheduled trip start time",-3,37116,37119,8038
"Before scheduled trip start time",-3,500908,500911,8038
"Before scheduled trip start time",-3,43827,43830,8038
"Before scheduled trip start time",-3,8094,8097,8038
"Before scheduled trip start time",-3,508508,508511,8038
"Before scheduled trip start time",-3,678120,678123,8038
"Before scheduled trip start time",-3,16974,16977,8038
"Before scheduled trip start time",-3,532,535,8038
"Before scheduled trip start time",-3,10734,10737,8038
"Before scheduled trip start time",-3,8437,8440,8038
"Before scheduled trip start time",-3,64379,64382,8038
"Before scheduled trip start time",-3,869,872,8038
"Before scheduled trip start time",-3,470,473,8038
"Before scheduled trip start time",-3,49919,49922,8038
"Before scheduled trip start time",-3,660820,660823,8038
"Before scheduled trip start time",-3,15543,15546,8038
"Before scheduled trip start time",-3,17723,17726,8038
"Before scheduled trip start time",-3,495768,495771,8038
"Before scheduled trip start time",-3,666,669,8038
"Before scheduled trip start time",-3,21,24,8038
"Before scheduled trip start time",-3,3857,3860,8038
"Before scheduled trip start time",-3,746,749,8038
"Before scheduled trip start time",-3,1426,1429,8038
"Before scheduled trip start time",-3,77599,77602,8038
"Before scheduled trip start time",-3,10932,10935,8038
"Before scheduled trip start time",-3,84,87,8038
"Before scheduled trip start time",-3,634,637,8038
"Before scheduled trip start time",-3,447,450,8038
"Before scheduled trip start time",-3,52999,53002,8038
"Before scheduled trip start time",-3,483,486,8038
"Before scheduled trip start time",-3,70339,70342,8038
"Before scheduled trip start time",-3,8835,8838,8038
"Before scheduled trip start time",-3,1459,1462,8038
"Before scheduled trip start time",-3,932,935,8038
"Before scheduled trip start time",-3,2874,2877,8038
"Before scheduled trip start time",-3,1937,1940,8038
"Before scheduled trip start time",-3,65619,65622,8038
"Before scheduled trip start time",-3,2895,2898,8038
"Before scheduled trip start time",-3,32618,32621,8038
"Before scheduled trip start time",-3,30483,30486,8038
"Before scheduled trip start time",-3,49967,49970,8038
"Before scheduled trip start time",-3,26954,26957,8038
"Before scheduled trip start time",-3,13998,14001,8038
"Before scheduled trip start time",-3,657120,657123,8038
"Before scheduled trip start time",-3,5932,5935,8038
"Before scheduled trip start time",-3,141,144,8038
"Before scheduled trip start time",-3,257,260,8038
"Before scheduled trip start time",-3,99,102,8038
"Before scheduled trip start time",-3,432,435,8038
"Before scheduled trip start time",-3,11338,11341,8038
"Before scheduled trip start time",-3,55847,55850,8038
"Before scheduled trip start time",-3,24174,24177,8038
"Before scheduled trip start time",-3,8974,8977,8038
"Before scheduled trip start time",-3,79359,79362,8038
"Before scheduled trip start time",-3,50047,50050,8038
"Before scheduled trip start time",-3,656120,656123,8038
"Before scheduled trip start time",-3,63439,63442,8038
"Before scheduled trip start time",-3,78879,78882,8038
"Before scheduled trip start time",-3,2217,2220,8038
"Before scheduled trip start time",-3,956,959,8038
"Before scheduled trip start time",-3,14514,14517,8038
"Before scheduled trip start time",-3,57579,57582,8038
"Before scheduled trip start time",-3,2259,2262,8038
"Before scheduled trip start time",-3,178,181,8038
"Before scheduled trip start time",-3,511548,511551,8038
"Before scheduled trip start time",-3,5097,5100,8038
"Before scheduled trip start time",-3,4899,4902,8038
"Before scheduled trip start time",-3,5419,5422,8038
"Before scheduled trip start time",-3,1375,1378,8038
"Before scheduled trip start time",-3,64699,64702,8038
"Before scheduled trip start time",-3,127,130,8038
"Before scheduled trip start time",-3,19623,19626,8038
"Before scheduled trip start time",-3,49199,49202,8038
"Before scheduled trip start time",-3,25183,25186,8038
"Before scheduled trip start time",-3,43239,43242,8038
"Before scheduled trip start time",-3,820,823,8038
"Before scheduled trip start time",-3,308,311,8038
"Before scheduled trip start time",-3,28518,28521,8038
"Before scheduled trip start time",-3,6455,6458,8038
"Before scheduled trip start time",-3,44079,44082,8038
"Before scheduled trip start time",-3,13,16,8038
"Before scheduled trip start time",-3,474,477,8038
"Before scheduled trip start time",-3,8615,8618,8038
"Before scheduled trip start time",-3,3992,3995,8038
"Before scheduled trip start time",-3,1574,1577,8038
"Before scheduled trip start time",-3,1559,1562,8038
"Before scheduled trip start time",-3,32423,32426,8038
"Before scheduled trip start time",-3,15023,15026,8038
"Before scheduled trip start time",-3,55279,55282,8038
"Before scheduled trip start time",-3,812,815,8038
"Before scheduled trip start time",-3,5075,5078,8038
"Before scheduled trip start time",-3,11672,11675,8038
"Before scheduled trip start time",-3,66759,66762,8038
"Before scheduled trip start time",-3,40916,40919,8038
"Before scheduled trip start time",-3,26098,26101,8038
"Before scheduled trip start time",-3,814,817,8038
"Before scheduled trip start time",-3,405,408,8038
"Before scheduled trip start time",-3,7259,7262,8038
"Before scheduled trip start time",-3,5894,5897,8038
"Before scheduled trip start time",-3,5454,5457,8038
"Before scheduled trip start time",-3,14794,14797,8038
"Before scheduled trip start time",-3,22363,22366,8038
"Before scheduled trip start time",-3,27423,27426,8038
"Before scheduled trip start time",-3,70827,70830,8038
"Before scheduled trip start time",-3,62059,62062,8038
"Before scheduled trip start time",-3,2174,2177,8038
"Before scheduled trip start time",-3,50259,50262,8038
"Before scheduled trip start time",-3,492848,492851,8038
"Before scheduled trip start time",-3,56219,56222,8038
"Before scheduled trip start time",-3,18198,18201,8038
"Before scheduled trip start time",-3,748,751,8038
"Before scheduled trip start time",-3,656660,656663,8038
"Before scheduled trip start time",-3,1184,1187,8038
"Before scheduled trip start time",-3,2335,2338,8038
"Before scheduled trip start time",-3,24383,24386,8038
"Before scheduled trip start time",-3,218,221,8038
"Before scheduled trip start time",-3,7439,7442,8038
"Before scheduled trip start time",-3,569,572,8038
"Before scheduled trip start time",-3,11215,11218,8038
"Before scheduled trip start time",-3,75239,75242,8038
"Before scheduled trip start time",-3,444,447,8038
"Before scheduled trip start time",-3,1309,1312,8038
"Before scheduled trip start time",-3,51519,51522,8038
"Before scheduled trip start time",-3,508628,508631,8038
"Before scheduled trip start time",-3,294,297,8038
"Before scheduled trip start time",-3,70559,70562,8038
"Before scheduled trip start time",-3,61139,61142,8038
"Before scheduled trip start time",-3,1815,1818,8038
"Before scheduled trip start time",-3,9932,9935,8038
"Before scheduled trip start time",-3,18863,18866,8038
"Before scheduled trip start time",-3,19318,19321,8038
"Before scheduled trip start time",-3,7734,7737,8038
"Before scheduled trip start time",-3,1028,1031,8038
"Before scheduled trip start time",-3,1277,1280,8038
"Before scheduled trip start time",-3,3839,3842,8038
"Before scheduled trip start time",-3,7874,7877,8038
"Before scheduled trip start time",-3,49459,49462,8038
"Before scheduled trip start time",-3,12538,12541,8038
"Before scheduled trip start time",-3,18734,18737,8038
"Before scheduled trip start time",-3,4697,4700,8038
"Before scheduled trip start time",-3,3652,3655,8038
"Before scheduled trip start time",-3,10534,10537,8038
"Before scheduled trip start time",-3,32114,32117,8038
"Before scheduled trip start time",-3,73979,73982,8038
"Before scheduled trip start time",-3,673100,673103,8038
"Before scheduled trip start time",-3,1832,1835,8038
"Before scheduled trip start time",-3,51287,51290,8038
"Before scheduled trip start time",-3,7194,7197,8038
"Before scheduled trip start time",-3,76039,76042,8038
"Before scheduled trip start time",-3,80759,80762,8038
"Before scheduled trip start time",-3,6477,6480,8038
"Before scheduled trip start time",-3,26343,26346,8038
"Before scheduled trip start time",-3,684680,684683,8038
"Before scheduled trip start time",-3,109,112,8038
"Before scheduled trip start time",-3,1084,1087,8038
"Before scheduled trip start time",-3,76399,76402,8038
"Before scheduled trip start time",-3,14132,14135,8038
"Before scheduled trip start time",-3,11574,11577,8038
"Before scheduled trip start time",-3,437,440,8038
"Before scheduled trip start time",-3,30,33,8038
"Before scheduled trip start time",-3,660400,660403,8038
"Before scheduled trip start time",-3,53339,53342,8038
"Before scheduled trip start time",-3,20114,20117,8038
"Before scheduled trip start time",-3,343,346,8038
"Before scheduled trip start time",-3,422,425,8038
"Before scheduled trip start time",-3,205,208,8038
"Before scheduled trip start time",-3,719,722,8038
"Before scheduled trip start time",-3,1259,1262,8038
"Before scheduled trip start time",-3,26003,26006,8038
"Before scheduled trip start time",-3,2632,2635,8038
"Before scheduled trip start time",-3,414,417,8038
"Before scheduled trip start time",-3,412,415,8038
"Before scheduled trip start time",-3,142,145,8038
"Before scheduled trip start time",-3,7114,7117,8038
"Before scheduled trip start time",-3,70019,70022,8038
"Before scheduled trip start time",-3,5614,5617,8038
"Before scheduled trip start time",-3,478,481,8038
"Before scheduled trip start time",-3,43779,43782,8038
"Before scheduled trip start time",-3,495728,495731,8038
"Before scheduled trip start time",-3,20118,20121,8038
"Before scheduled trip start time",-3,29158,29161,8038
"Before scheduled trip start time",-3,13252,13255,8038
"Before scheduled trip start time",-3,13914,13917,8038
"Before scheduled trip start time",-3,500168,500171,8038
"Before scheduled trip start time",-3,504608,504611,8038
"Before scheduled trip start time",-3,26698,26701,8038
"Before scheduled trip start time",-3,47479,47482,8038
"Before scheduled trip start time",-3,508468,508471,8038
"Before scheduled trip start time",-3,25496,25499,8038
"Before scheduled trip start time",-3,15503,15506,8038
"Before scheduled trip start time",-3,684020,684023,8038
"Before scheduled trip start time",-3,16654,16657,8038
"Before scheduled trip start time",-3,29858,29861,8038
"Before scheduled trip start time",-3,610,613,8038
"Before scheduled trip start time",-3,244,247,8038
"Before scheduled trip start time",-3,164,167,8038
"Before scheduled trip start time",-3,4934,4937,8038
"Before scheduled trip start time",-3,503708,503711,8038
"Before scheduled trip start time",-3,657540,657543,8038
"Before scheduled trip start time",-3,339,342,8038
"Before scheduled trip start time",-3,2057,2060,8038
"Before scheduled trip start time",-3,492768,492771,8038
"Before scheduled trip start time",-3,3035,3038,8038
"Before scheduled trip start time",-3,587,590,8038
"Before scheduled trip start time",-3,499208,499211,8038
"Before scheduled trip start time",-3,13198,13201,8038
"Before scheduled trip start time",-3,28618,28621,8038
"Before scheduled trip start time",-3,168,171,8038
"Before scheduled trip start time",-3,3479,3482,8038
"Before scheduled trip start time",-3,3049,3052,8038
"Before scheduled trip start time",-3,5457,5460,8038
"Before scheduled trip start time",-3,6977,6980,8038
"Before scheduled trip start time",-3,496448,496451,8038
"Before scheduled trip start time",-3,31263,31266,8038
"Before scheduled trip start time",-3,494968,494971,8038
"Before scheduled trip start time",-3,25,28,8038
"Before scheduled trip start time",-3,30078,30081,8038
"Before scheduled trip start time",-3,3399,3402,8038
"Before scheduled trip start time",-3,3179,3182,8038
"Before scheduled trip start time",-3,677,680,8038
"Before scheduled trip start time",-3,32298,32301,8038
"Before scheduled trip start time",-3,51299,51302,8038
"Before scheduled trip start time",-3,678340,678343,8038
"Before scheduled trip start time",-3,675380,675383,8038
"Before scheduled trip start time",-3,657760,657763,8038
"Before scheduled trip start time",-3,1132,1135,8038
"Before scheduled trip start time",-3,4894,4897,8038
"Before scheduled trip start time",-3,11452,11455,8038
"Before scheduled trip start time",-3,35096,35099,8038
"Before scheduled trip start time",-3,24414,24417,8038
"Before scheduled trip start time",-3,211,214,8038
"Before scheduled trip start time",-3,9195,9198,8038
"Before scheduled trip start time",-3,15038,15041,8038
"Before scheduled trip start time",-3,19254,19257,8038
"Before scheduled trip start time",-3,44967,44970,8038
"Before scheduled trip start time",-3,3434,3437,8038
"Before scheduled trip start time",-3,102,105,8038
"Before scheduled trip start time",-3,9914,9917,8038
"Before scheduled trip start time",-3,376,379,8038
"Before scheduled trip start time",-3,497088,497091,8038
"Before scheduled trip start time",-3,157,160,8038
"Before scheduled trip start time",-3,104,107,8038
"Before scheduled trip start time",-3,512308,512311,8038
"Before scheduled trip start time",-3,9595,9598,8038
"Before scheduled trip start time",-3,1252,1255,8038
"Before scheduled trip start time",-3,8792,8795,8038
"Before scheduled trip start time",-3,188,191,8038
"Before scheduled trip start time",-3,-1,2,8038
"Before scheduled trip start time",-3,11458,11461,8038
"Before scheduled trip start time",-3,675880,675883,8038
"Before scheduled trip start time",-3,24098,24101,8038
"Before scheduled trip start time",-3,2192,2195,8038
"Before scheduled trip start time",-3,64679,64682,8038
"Before scheduled trip start time",-3,27703,27706,8038
"Before scheduled trip start time",-3,1032,1035,8038
"Before scheduled trip start time",-3,189,192,8038
"Before scheduled trip start time",-3,1275,1278,8038
"Before scheduled trip start time",-3,6259,6262,8038
"Before scheduled trip start time",-3,47579,47582,8038
"Before scheduled trip start time",-3,NA,NA,8038
"Before scheduled trip start time",-3,24523,24526,8038
"Before scheduled trip start time",-3,57259,57262,8038
"Before scheduled trip start time",-3,31183,31186,8038
"Before scheduled trip start time",-3,31983,31986,8038
"Before scheduled trip start time",-3,54659,54662,8038
"Before scheduled trip start time",-3,368,371,8038
"Before scheduled trip start time",-3,20783,20786,8038
"Before scheduled trip start time",-3,284,287,8038
"Before scheduled trip start time",-3,61339,61342,8038
"Before scheduled trip start time",-3,1205,1208,8038
"Before scheduled trip start time",-3,17503,17506,8038
"Before scheduled trip start time",-3,24354,24357,8038
"Before scheduled trip start time",-3,17974,17977,8038
"Before scheduled trip start time",-3,273,276,8038
"Before scheduled trip start time",-3,8117,8120,8038
"Before scheduled trip start time",-3,25574,25577,8038
"Before scheduled trip start time",-3,7554,7557,8038
"Before scheduled trip start time",-3,6012,6015,8038
"Before scheduled trip start time",-3,26978,26981,8038
"Before scheduled trip start time",-3,344,347,8038
"Before scheduled trip start time",-3,67739,67742,8038
"Before scheduled trip start time",-3,5837,5840,8038
"Before scheduled trip start time",-3,547,550,8038
"Before scheduled trip start time",-3,21043,21046,8038
"Before scheduled trip start time",-3,501608,501611,8038
"Before scheduled trip start time",-3,25878,25881,8038
"Before scheduled trip start time",-3,29,32,8038
"Before scheduled trip start time",-3,797,800,8038
"Before scheduled trip start time",-3,427,430,8038
"Before scheduled trip start time",-3,71999,72002,8038
"Before scheduled trip start time",-3,67179,67182,8038
"Before scheduled trip start time",-3,499108,499111,8038
"Before scheduled trip start time",-3,935,938,8038
"Before scheduled trip start time",-3,10712,10715,8038
"Before scheduled trip start time",-3,65479,65482,8038
"Before scheduled trip start time",-3,1615,1618,8038
"Before scheduled trip start time",-3,581,584,8038
"Before scheduled trip start time",-3,8372,8375,8038
"Before scheduled trip start time",-3,673960,673963,8038
"Before scheduled trip start time",-3,492728,492731,8038
"Before scheduled trip start time",-3,505468,505471,8038
"Before scheduled trip start time",-3,32916,32919,8038
"Before scheduled trip start time",-3,668300,668303,8038
"Before scheduled trip start time",-3,664520,664523,8038
"Before scheduled trip start time",-3,514148,514151,8038
"Before scheduled trip start time",-3,78539,78542,8038
"Before scheduled trip start time",-3,59219,59222,8038
"Before scheduled trip start time",-3,42979,42982,8038
"Before scheduled trip start time",-3,22114,22117,8038
"Before scheduled trip start time",-3,25598,25601,8038
"Before scheduled trip start time",-3,4217,4220,8038
"Before scheduled trip start time",-3,2735,2738,8038
"Before scheduled trip start time",-3,30023,30026,8038
"Before scheduled trip start time",-3,44159,44162,8038
"Before scheduled trip start time",-3,31454,31457,8038
"Before scheduled trip start time",-3,7635,7638,8038
"Before scheduled trip start time",-3,821,824,8038
"Before scheduled trip start time",-3,16923,16926,8038
"Before scheduled trip start time",-3,23414,23417,8038
"Before scheduled trip start time",-3,61499,61502,8038
"Before scheduled trip start time",-3,10735,10738,8038
"Before scheduled trip start time",-3,588,591,8038
"Before scheduled trip start time",-3,77059,77062,8038
"Before scheduled trip start time",-3,1879,1882,8038
"Before scheduled trip start time",-3,854,857,8038
"Before scheduled trip start time",-3,1775,1778,8038
"Before scheduled trip start time",-3,65339,65342,8038
"Before scheduled trip start time",-3,1128,1131,8038
"Before scheduled trip start time",-3,1152,1155,8038
"Before scheduled trip start time",-3,435,438,8038
"Before scheduled trip start time",-3,8897,8900,8038
"Before scheduled trip start time",-3,45739,45742,8038
"Before scheduled trip start time",-3,20743,20746,8038
"Before scheduled trip start time",-3,51839,51842,8038
"Before scheduled trip start time",-3,676620,676623,8038
"Before scheduled trip start time",-3,247,250,8038
"Before scheduled trip start time",-3,1855,1858,8038
"Before scheduled trip start time",-3,6494,6497,8038
"Before scheduled trip start time",-3,502008,502011,8038
"Before scheduled trip start time",-3,4157,4160,8038
"Before scheduled trip start time",-3,879,882,8038
"Before scheduled trip start time",-3,810,813,8038
"Before scheduled trip start time",-3,46659,46662,8038
"Before scheduled trip start time",-3,21163,21166,8038
"Before scheduled trip start time",-3,48619,48622,8038
"Before scheduled trip start time",-3,817,820,8038
"Before scheduled trip start time",-3,955,958,8038
"Before scheduled trip start time",-3,506348,506351,8038
"Before scheduled trip start time",-3,76,79,8038
"Before scheduled trip start time",-3,128,131,8038
"Before scheduled trip start time",-3,8334,8337,8038
"Before scheduled trip start time",-3,834,837,8038
"Before scheduled trip start time",-3,76959,76962,8038
"Before scheduled trip start time",-3,403,406,8038
"Before scheduled trip start time",-3,57939,57942,8038
"Before scheduled trip start time",-3,21418,21421,8038
"Before scheduled trip start time",-3,16934,16937,8038
"Before scheduled trip start time",-3,14318,14321,8038
"Before scheduled trip start time",-3,670100,670103,8038
"Before scheduled trip start time",-3,74919,74922,8038
"Before scheduled trip start time",-3,497848,497851,8038
"Before scheduled trip start time",-3,31763,31766,8038
"Before scheduled trip start time",-3,59419,59422,8038
"Before scheduled trip start time",-3,24274,24277,8038
"Before scheduled trip start time",-3,71947,71950,8038
"Before scheduled trip start time",-3,97,100,8038
"Before scheduled trip start time",-3,348,351,8038
"Before scheduled trip start time",-3,8795,8798,8038
"Before scheduled trip start time",-3,79379,79382,8038
"Before scheduled trip start time",-3,1221,1224,8038
"Before scheduled trip start time",-3,278,281,8038
"Before scheduled trip start time",-3,16014,16017,8038
"Before scheduled trip start time",-3,51759,51762,8038
"Before scheduled trip start time",-3,32803,32806,8038
"Before scheduled trip start time",-3,48467,48470,8038
"Before scheduled trip start time",-3,21738,21741,8038
"Before scheduled trip start time",-3,513528,513531,8038
"Before scheduled trip start time",-3,2935,2938,8038
"Before scheduled trip start time",-3,11512,11515,8038
"Before scheduled trip start time",-3,502468,502471,8038
"Before scheduled trip start time",-3,508008,508011,8038
"Before scheduled trip start time",-3,900,903,8038
"Before scheduled trip start time",-3,45059,45062,8038
"Before scheduled trip start time",-3,29223,29226,8038
"Before scheduled trip start time",-3,134,137,8038
"Before scheduled trip start time",-3,5355,5358,8038
"Before scheduled trip start time",-3,14354,14357,8038
"Before scheduled trip start time",-3,3637,3640,8038
"Before scheduled trip start time",-3,75039,75042,8038
"Before scheduled trip start time",-3,7355,7358,8038
"Before scheduled trip start time",-3,197,200,8038
"Before scheduled trip start time",-3,510128,510131,8038
"Before scheduled trip start time",-3,1400,1403,8038
"Before scheduled trip start time",-3,68199,68202,8038
"Before scheduled trip start time",-3,17663,17666,8038
"Before scheduled trip start time",-3,68,71,8038
"Before scheduled trip start time",-3,844,847,8038
"Before scheduled trip start time",-3,11435,11438,8038
"Before scheduled trip start time",-3,3919,3922,8038
"Before scheduled trip start time",-3,6335,6338,8038
"Before scheduled trip start time",-3,31698,31701,8038
"Before scheduled trip start time",-3,399,402,8038
"Before scheduled trip start time",-3,505288,505291,8038
"Before scheduled trip start time",-3,439,442,8038
"Before scheduled trip start time",-3,1812,1815,8038
"Before scheduled trip start time",-3,63799,63802,8038
"Before scheduled trip start time",-3,42919,42922,8038
"Before scheduled trip start time",-3,26318,26321,8038
"Before scheduled trip start time",-3,4437,4440,8038
"Before scheduled trip start time",-3,3332,3335,8038
"Before scheduled trip start time",-3,7352,7355,8038
"Before scheduled trip start time",-3,5757,5760,8038
"Before scheduled trip start time",-3,505988,505991,8038
"Before scheduled trip start time",-3,683840,683843,8038
"Before scheduled trip start time",-3,6079,6082,8038
"Before scheduled trip start time",-3,534,537,8038
"Before scheduled trip start time",-3,18023,18026,8038
"Before scheduled trip start time",-3,45299,45302,8038
"Before scheduled trip start time",-3,18038,18041,8038
"Before scheduled trip start time",-3,2539,2542,8038
"Before scheduled trip start time",-3,79599,79602,8038
"Before scheduled trip start time",-3,299,302,8038
"Before scheduled trip start time",-3,39856,39859,8038
"Before scheduled trip start time",-3,74187,74190,8038
"Before scheduled trip start time",-3,11015,11018,8038
"Before scheduled trip start time",-3,1100,1103,8038
"Before scheduled trip start time",-3,12372,12375,8038
"Before scheduled trip start time",-3,1950,1953,8038
"Before scheduled trip start time",-3,31083,31086,8038
"Before scheduled trip start time",-3,42579,42582,8038
"Before scheduled trip start time",-3,52919,52922,8038
"Before scheduled trip start time",-3,251,254,8038
"Before scheduled trip start time",-3,1147,1150,8038
"Before scheduled trip start time",-3,48479,48482,8038
"Before scheduled trip start time",-3,56487,56490,8038
"Before scheduled trip start time",-3,94,97,8038
"Before scheduled trip start time",-3,7234,7237,8038
"Before scheduled trip start time",-3,25148,25151,8038
"Before scheduled trip start time",-3,4574,4577,8038
"Before scheduled trip start time",-3,5354,5357,8038
"Before scheduled trip start time",-3,34856,34859,8038
"Before scheduled trip start time",-3,20478,20481,8038
"Before scheduled trip start time",-3,4112,4115,8038
"Before scheduled trip start time",-3,33234,33237,8038
"Before scheduled trip start time",-3,75779,75782,8038
"Before scheduled trip start time",-3,10197,10200,8038
"Before scheduled trip start time",-3,83,86,8038
"Before scheduled trip start time",-3,372,375,8038
"Before scheduled trip start time",-3,4514,4517,8038
"Before scheduled trip start time",-3,859,862,8038
"Before scheduled trip start time",-3,51201,51204,8038
"Before scheduled trip start time",-3,502508,502511,8038
"Before scheduled trip start time",-3,30434,30437,8038
"Before scheduled trip start time",-3,5077,5080,8038
"Before scheduled trip start time",-3,498908,498911,8038
"Before scheduled trip start time",-3,2315,2318,8038
"Before scheduled trip start time",-3,386,389,8038
"Before scheduled trip start time",-3,55447,55450,8038
"Before scheduled trip start time",-3,2419,2422,8038
"Before scheduled trip start time",-3,80159,80162,8038
"Before scheduled trip start time",-3,6997,7000,8038
"Before scheduled trip start time",-3,850,853,8038
"Before scheduled trip start time",-3,683560,683563,8038
"Before scheduled trip start time",-3,503,506,8038
"Before scheduled trip start time",-3,10274,10277,8038
"Before scheduled trip start time",-3,2514,2517,8038
"Before scheduled trip start time",-3,78559,78562,8038
"Before scheduled trip start time",-3,5537,5540,8038
"Before scheduled trip start time",-3,300,303,8038
"Before scheduled trip start time",-3,6,9,8038
"Before scheduled trip start time",-3,42539,42542,8038
"Before scheduled trip start time",-3,44619,44622,8038
"Before scheduled trip start time",-3,8735,8738,8038
"Before scheduled trip start time",-3,4237,4240,8038
"Before scheduled trip start time",-3,55339,55342,8038
"Before scheduled trip start time",-3,78,81,8038
"Before scheduled trip start time",-3,170,173,8038
"Before scheduled trip start time",-3,1755,1758,8038
"Before scheduled trip start time",-3,655,658,8038
"Before scheduled trip start time",-3,387,390,8038
"Before scheduled trip start time",-3,57687,57690,8038
"Before scheduled trip start time",-3,33987,33990,8038
"Before scheduled trip start time",-3,499328,499331,8038
"Before scheduled trip start time",-3,52179,52182,8038
"Before scheduled trip start time",-3,30783,30786,8038
"Before scheduled trip start time",-3,34127,34130,8038
"Before scheduled trip start time",-3,79859,79862,8038
"Before scheduled trip start time",-3,13132,13135,8038
"Before scheduled trip start time",-3,492,495,8038
"Before scheduled trip start time",-3,12575,12578,8038
"Before scheduled trip start time",-3,55,58,8038
"Before scheduled trip start time",-3,502788,502791,8038
"Before scheduled trip start time",-3,17454,17457,8038
"Before scheduled trip start time",-3,304,307,8038
"Before scheduled trip start time",-3,271,274,8038
"Before scheduled trip start time",-3,285,288,8038
"Before scheduled trip start time",-3,194,197,8038
"Before scheduled trip start time",-3,37236,37239,8038
"Before scheduled trip start time",-3,501568,501571,8038
"Before scheduled trip start time",-3,199,202,8038
"Before scheduled trip start time",-3,42819,42822,8038
"Before scheduled trip start time",-3,44659,44662,8038
"Before scheduled trip start time",-3,21338,21341,8038
"Before scheduled trip start time",-3,874,877,8038
"Before scheduled trip start time",-3,512628,512631,8038
"Before scheduled trip start time",-3,288,291,8038
"Before scheduled trip start time",-3,76779,76782,8038
"Before scheduled trip start time",-3,10572,10575,8038
"Before scheduled trip start time",-3,321,324,8038
"Before scheduled trip start time",-3,498868,498871,8038
"Before scheduled trip start time",-3,502548,502551,8038
"Before scheduled trip start time",-3,673420,673423,8038
"Before scheduled trip start time",-3,8255,8258,8038
"Before scheduled trip start time",-3,11755,11758,8038
"Before scheduled trip start time",-3,222,225,8038
"Before scheduled trip start time",-3,314,317,8038
"Before scheduled trip start time",-3,220,223,8038
"Before scheduled trip start time",-3,2297,2300,8038
"Before scheduled trip start time",-3,248,251,8038
"Before scheduled trip start time",-3,71699,71702,8038
"Before scheduled trip start time",-3,1,4,8038
"Before scheduled trip start time",-3,493948,493951,8038
"Before scheduled trip start time",-3,76739,76742,8038
"Before scheduled trip start time",-3,9737,9740,8038
"Before scheduled trip start time",-3,2129,2132,8038
"Before scheduled trip start time",-3,10754,10757,8038
"Before scheduled trip start time",-3,26903,26906,8038
"Before scheduled trip start time",-3,166,169,8038
"Before scheduled trip start time",-3,4717,4720,8038
"Before scheduled trip start time",-3,33054,33057,8038
"Before scheduled trip start time",-3,11332,11335,8038
"Before scheduled trip start time",-3,6912,6915,8038
"Before scheduled trip start time",-3,7677,7680,8038
"Before scheduled trip start time",-3,14234,14237,8038
"Before scheduled trip start time",-3,508888,508891,8038
"Before scheduled trip start time",-3,15583,15586,8038
"Before scheduled trip start time",-3,480,483,8038
"Before scheduled trip start time",-3,10014,10017,8038
"Before scheduled trip start time",-3,5415,5418,8038
"Before scheduled trip start time",-3,24143,24146,8038
"Before scheduled trip start time",-3,659,662,8038
"Before scheduled trip start time",-3,61347,61350,8038
"Before scheduled trip start time",-3,71099,71102,8038
"Before scheduled trip start time",-3,2039,2042,8038
"Before scheduled trip start time",-3,937,940,8038
"Before scheduled trip start time",-3,3417,3420,8038
"Before scheduled trip start time",-3,4119,4122,8038
"Before scheduled trip start time",-3,1497,1500,8038
"Before scheduled trip start time",-3,46939,46942,8038
"Before scheduled trip start time",-3,41,44,8038
"Before scheduled trip start time",-3,4292,4295,8038
"Before scheduled trip start time",-3,1955,1958,8038
"Before scheduled trip start time",-3,305,308,8038
"Before scheduled trip start time",-3,47819,47822,8038
"Before scheduled trip start time",-3,501228,501231,8038
"Before scheduled trip start time",-3,58519,58522,8038
"Before scheduled trip start time",-3,58067,58070,8038
"Before scheduled trip start time",-3,28254,28257,8038
"Before scheduled trip start time",-3,433,436,8038
"Before scheduled trip start time",-3,4094,4097,8038
"Before scheduled trip start time",-3,123,126,8038
"Before scheduled trip start time",-3,510448,510451,8038
"Before scheduled trip start time",-3,20218,20221,8038
"Before scheduled trip start time",-3,61919,61922,8038
"Before scheduled trip start time",-3,120,123,8038
"Before scheduled trip start time",-3,3275,3278,8038
"Before scheduled trip start time",-3,1959,1962,8038
"Before scheduled trip start time",-3,103,106,8038
"Before scheduled trip start time",-3,499028,499031,8038
"Before scheduled trip start time",-3,519,522,8038
"Before scheduled trip start time",-3,23054,23057,8038
"Before scheduled trip start time",-3,3735,3738,8038
"Before scheduled trip start time",-3,74299,74302,8038
"Before scheduled trip start time",-3,7759,7762,8038
"Before scheduled trip start time",-3,1190,1193,8038
"Before scheduled trip start time",-3,502588,502591,8038
"Before scheduled trip start time",-3,502968,502971,8038
"Before scheduled trip start time",-3,493688,493691,8038
"Before scheduled trip start time",-3,1057,1060,8038
"Before scheduled trip start time",-3,74739,74742,8038
"Before scheduled trip start time",-3,498748,498751,8038
"Before scheduled trip start time",-3,499188,499191,8038
"Before scheduled trip start time",-3,50199,50202,8038
"Before scheduled trip start time",-3,50739,50742,8038
"Before scheduled trip start time",-3,59799,59802,8038
"Before scheduled trip start time",-3,493448,493451,8038
"Before scheduled trip start time",-3,515368,515371,8038
"Before scheduled trip start time",-3,1170,1173,8038
"Before scheduled trip start time",-3,498288,498291,8038
"Before scheduled trip start time",-3,1347,1350,8038
"Before scheduled trip start time",-3,4759,4762,8038
"Before scheduled trip start time",-3,848,851,8038
"Before scheduled trip start time",-3,20074,20077,8038
"Before scheduled trip start time",-3,2048,2051,8038
"Before scheduled trip start time",-3,46379,46382,8038
"Before scheduled trip start time",-3,176,179,8038
"Before scheduled trip start time",-3,495428,495431,8038
"Before scheduled trip start time",-3,63599,63602,8038
"Before scheduled trip start time",-3,450,453,8038
"Before scheduled trip start time",-3,46039,46042,8038
"Before scheduled trip start time",-3,54839,54842,8038
"Before scheduled trip start time",-3,36487,36490,8038
"Before scheduled trip start time",-3,3719,3722,8038
"Before scheduled trip start time",-3,295,298,8038
"Before scheduled trip start time",-3,1068,1071,8038
"Before scheduled trip start time",-3,906,909,8038
"Before scheduled trip start time",-3,1006,1009,8038
"Before scheduled trip start time",-3,1386,1389,8038
"Before scheduled trip start time",-3,1035,1038,8038
"Before scheduled trip start time",-3,1010,1013,8038
"Before scheduled trip start time",-3,169,172,8038
"Before scheduled trip start time",-3,22563,22566,8038
"Before scheduled trip start time",-3,52259,52262,8038
"Before scheduled trip start time",-3,95,98,8038
"Before scheduled trip start time",-3,328,331,8038
"Before scheduled trip start time",-3,31554,31557,8038
"Before scheduled trip start time",-3,2675,2678,8038
"Before scheduled trip start time",-3,374,377,8038
"Before scheduled trip start time",-3,508988,508991,8038
"Before scheduled trip start time",-3,493628,493631,8038
"Before scheduled trip start time",-3,40016,40019,8038
"Before scheduled trip start time",-3,20094,20097,8038
"Before scheduled trip start time",-3,511288,511291,8038
"Before scheduled trip start time",-3,752,755,8038
"Before scheduled trip start time",-3,1052,1055,8038
"Before scheduled trip start time",-3,4774,4777,8038
"Before scheduled trip start time",-3,1577,1580,8038
"Before scheduled trip start time",-3,1415,1418,8038
"Before scheduled trip start time",-3,3,6,8038
"Before scheduled trip start time",-3,15923,15926,8038
"Before scheduled trip start time",-3,27054,27057,8038
"Before scheduled trip start time",-3,1134,1137,8038
"Before scheduled trip start time",-3,1460,1463,8038
"Before scheduled trip start time",-3,76539,76542,8038
"Before scheduled trip start time",-3,994,997,8038
"Before scheduled trip start time",-3,921,924,8038
"Before scheduled trip start time",-3,30763,30766,8038
"Before scheduled trip start time",-3,18303,18306,8038
"Before scheduled trip start time",-3,515,518,8038
"Before scheduled trip start time",-3,494788,494791,8038
"Before scheduled trip start time",-3,267,270,8038
"Before scheduled trip start time",-3,402,405,8038
"Before scheduled trip start time",-3,25636,25639,8038
"Before scheduled trip start time",-3,69099,69102,8038
"Before scheduled trip start time",-3,786,789,8038
"Before scheduled trip start time",-3,6395,6398,8038
"Before scheduled trip start time",-3,28503,28506,8038
"Before scheduled trip start time",-3,482,485,8038
"Before scheduled trip start time",-3,2835,2838,8038
"Before scheduled trip start time",-3,570,573,8038
"Before scheduled trip start time",-3,497728,497731,8038
"Before scheduled trip start time",-3,495508,495511,8038
"Before scheduled trip start time",-3,21238,21241,8038
"Before scheduled trip start time",-3,122,125,8038
"Before scheduled trip start time",-3,8172,8175,8038
"Before scheduled trip start time",-3,24976,24979,8038
"Before scheduled trip start time",-3,70,73,8038
"Before scheduled trip start time",-3,8054,8057,8038
"Before scheduled trip start time",-3,353,356,8038
"Before scheduled trip start time",-3,46859,46862,8038
"Before scheduled trip start time",-3,17863,17866,8038
"Before scheduled trip start time",-3,22574,22577,8038
"Before scheduled trip start time",-3,62019,62022,8038
"Before scheduled trip start time",-3,5134,5137,8038
"Before scheduled trip start time",-3,1307,1310,8038
"Before scheduled trip start time",-3,7092,7095,8038
"Before scheduled trip start time",-3,393,396,8038
"Before scheduled trip start time",-3,30943,30946,8038
"Before scheduled trip start time",-3,51227,51230,8038
"Before scheduled trip start time",-3,506548,506551,8038
"Before scheduled trip start time",-3,47207,47210,8038
"Before scheduled trip start time",-3,2592,2595,8038
"Before scheduled trip start time",-3,708,711,8038
"Before scheduled trip start time",-3,64479,64482,8038
"Before scheduled trip start time",-3,1297,1300,8038
"Before scheduled trip start time",-3,3777,3780,8038
"Before scheduled trip start time",-3,1420,1423,8038
"Before scheduled trip start time",-3,2555,2558,8038
"Before scheduled trip start time",-3,76499,76502,8038
"Before scheduled trip start time",-3,1106,1109,8038
"Before scheduled trip start time",-3,77379,77382,8038
"Before scheduled trip start time",-3,71979,71982,8038
"Before scheduled trip start time",-3,22463,22466,8038
"Before scheduled trip start time",-3,39967,39970,8038
"Before scheduled trip start time",-3,54639,54642,8038
"Before scheduled trip start time",-3,505368,505371,8038
"Before scheduled trip start time",-3,28263,28266,8038
"Before scheduled trip start time",-3,29694,29697,8038
"Before scheduled trip start time",-3,4815,4818,8038
"Before scheduled trip start time",-3,469,472,8038
"Before scheduled trip start time",-3,676560,676563,8038
"Before scheduled trip start time",-3,210,213,8038
"Before scheduled trip start time",-3,568,571,8038
"Before scheduled trip start time",-3,5577,5580,8038
"Before scheduled trip start time",-3,75639,75642,8038
"Before scheduled trip start time",-3,501,504,8038
"Before scheduled trip start time",-3,310,313,8038
"Before scheduled trip start time",-3,19943,19946,8038
"Before scheduled trip start time",-3,365,368,8038
"Before scheduled trip start time",-3,953,956,8038
"Before scheduled trip start time",-3,70127,70130,8038
"Before scheduled trip start time",-3,58279,58282,8038
"Before scheduled trip start time",-3,61267,61270,8038
"Before scheduled trip start time",-3,1597,1600,8038
"Before scheduled trip start time",-3,3579,3582,8038
"Before scheduled trip start time",-3,745,748,8038
"Before scheduled trip start time",-3,6894,6897,8038
"Before scheduled trip start time",-3,3797,3800,8038
"Before scheduled trip start time",-3,415,418,8038
"Before scheduled trip start time",-3,48339,48342,8038
"Before scheduled trip start time",-3,74827,74830,8038
"Before scheduled trip start time",-3,51379,51382,8038
"Before scheduled trip start time",-3,505128,505131,8038
"Before scheduled trip start time",-3,32,35,8038
"Before scheduled trip start time",-3,326,329,8038
"Before scheduled trip start time",-3,426,429,8038
"Before scheduled trip start time",-3,73379,73382,8038
"Before scheduled trip start time",-3,60987,60990,8038
"Before scheduled trip start time",-3,60579,60582,8038
"Before scheduled trip start time",-3,3615,3618,8038
"Before scheduled trip start time",-3,3412,3415,8038
"Before scheduled trip start time",-3,1550,1553,8038
"Before scheduled trip start time",-3,21623,21626,8038
"Before scheduled trip start time",-3,16043,16046,8038
"Before scheduled trip start time",-3,506648,506651,8038
"Before scheduled trip start time",-3,19614,19617,8038
"Before scheduled trip start time",-3,45627,45630,8038
"Before scheduled trip start time",-3,679160,679163,8038
"Before scheduled trip start time",-3,61927,61930,8038
"Before scheduled trip start time",-3,45,48,8038
"Before scheduled trip start time",-3,79,82,8038
"Before scheduled trip start time",-3,1455,1458,8038
"Before scheduled trip start time",-3,668,671,8038
"Before scheduled trip start time",-3,12775,12778,8038
"Before scheduled trip start time",-3,491,494,8038
"Before scheduled trip start time",-3,650,653,8038
"Before scheduled trip start time",-3,997,1000,8038
"Before scheduled trip start time",-3,79959,79962,8038
"Before scheduled trip start time",-3,66739,66742,8038
"Before scheduled trip start time",-3,48039,48042,8038
"Before scheduled trip start time",-3,25656,25659,8038
"Before scheduled trip start time",-3,280,283,8038
"Before scheduled trip start time",-3,69039,69042,8038
"Before scheduled trip start time",-3,5692,5695,8038
"Before scheduled trip start time",-3,74699,74702,8038
"Before scheduled trip start time",-3,596,599,8038
"Before scheduled trip start time",-3,20143,20146,8038
"Before scheduled trip start time",-3,22,25,8038
"Before scheduled trip start time",-3,8674,8677,8038
"Before scheduled trip start time",-3,1739,1742,8038
"Before scheduled trip start time",-3,208,211,8038
"Before scheduled trip start time",-3,2229,2232,8038
"Before scheduled trip start time",-3,249,252,8038
"Before scheduled trip start time",-3,19403,19406,8038
"Before scheduled trip start time",-3,509908,509911,8038
"Before scheduled trip start time",-3,544,547,8038
"Before scheduled trip start time",-3,67099,67102,8038
"Before scheduled trip start time",-3,952,955,8038
"Before scheduled trip start time",-3,50519,50522,8038
"Before scheduled trip start time",-3,456,459,8038
"Before scheduled trip start time",-3,493528,493531,8038
"Before scheduled trip start time",-3,512328,512331,8038
"Before scheduled trip start time",-3,115,118,8038
"Before scheduled trip start time",-3,10978,10981,8038
"Before scheduled trip start time",-3,144,147,8038
"Before scheduled trip start time",-3,455,458,8038
"Before scheduled trip start time",-3,72119,72122,8038
"Before scheduled trip start time",-3,2495,2498,8038
"Before scheduled trip start time",-3,31738,31741,8038
"Before scheduled trip start time",-3,2210,2213,8038
"Before scheduled trip start time",-3,59539,59542,8038
"Before scheduled trip start time",-3,59367,59370,8038
"Before scheduled trip start time",-3,683940,683943,8038
"Before scheduled trip start time",-3,668140,668143,8038
"Before scheduled trip start time",-3,71,74,8038
"Before scheduled trip start time",-3,7434,7437,8038
"Before scheduled trip start time",-3,5852,5855,8038
"Before scheduled trip start time",-3,49359,49362,8038
"Before scheduled trip start time",-3,33376,33379,8038
"Before scheduled trip start time",-3,5752,5755,8038
"Before scheduled trip start time",-3,4655,4658,8038
"Before scheduled trip start time",-3,4414,4417,8038
"Before scheduled trip start time",-3,65847,65850,8038
"Before scheduled trip start time",-3,4037,4040,8038
"Before scheduled trip start time",-3,1952,1955,8038
"Before scheduled trip start time",-3,6417,6420,8038
"Before scheduled trip start time",-3,442,445,8038
"Before scheduled trip start time",-3,117,120,8038
"Before scheduled trip start time",-3,4519,4522,8038
"Before scheduled trip start time",-3,518,521,8038
"Before scheduled trip start time",-3,20023,20026,8038
"Before scheduled trip start time",-3,22203,22206,8038
"Before scheduled trip start time",-3,685360,685363,8038
"Before scheduled trip start time",-3,40307,40310,8038
"Before scheduled trip start time",-3,1334,1337,8038
"Before scheduled trip start time",-3,29178,29181,8038
"Before scheduled trip start time",-3,21203,21206,8038
"Before scheduled trip start time",-3,21483,21486,8038
"Before scheduled trip start time",-3,677380,677383,8038
"Before scheduled trip start time",-3,7,10,8038
"Before scheduled trip start time",-3,33696,33699,8038
"Before scheduled trip start time",-3,1026,1029,8038
"Before scheduled trip start time",-3,515168,515171,8038
"Before scheduled trip start time",-3,438,441,8038
"Before scheduled trip start time",-3,21323,21326,8038
"Before scheduled trip start time",-3,12,15,8038
"Before scheduled trip start time",-3,43919,43922,8038
"Before scheduled trip start time",-3,36367,36370,8038
"Before scheduled trip start time",-3,612,615,8038
"Before scheduled trip start time",-3,75684,75687,8038
"Before scheduled trip start time",-3,53799,53802,8038
"Before scheduled trip start time",-3,-17,-14,8038
"Before scheduled trip start time",-3,155,158,8038
"Before scheduled trip start time",-3,38376,38379,8038
"Before scheduled trip start time",-3,30203,30206,8038
"Before scheduled trip start time",-3,492928,492931,8038
"Before scheduled trip start time",-3,66347,66350,8038
"Before scheduled trip start time",-3,665100,665103,8038
"Before scheduled trip start time",-3,1075,1078,8038
"Before scheduled trip start time",-3,594,597,8038
"Before scheduled trip start time",-3,24403,24406,8038
"Before scheduled trip start time",-3,31283,31286,8038
"Before scheduled trip start time",-3,31416,31419,8038
"Before scheduled trip start time",-3,42739,42742,8038
"Before scheduled trip start time",-3,682040,682043,8038
"Before scheduled trip start time",-3,65939,65942,8038
"Before scheduled trip start time",-3,778,781,8038
"Before scheduled trip start time",-3,7652,7655,8038
"Before scheduled trip start time",-3,57067,57070,8038
"Before scheduled trip start time",-3,153,156,8038
"Before scheduled trip start time",-3,652,655,8038
"Before scheduled trip start time",-3,11992,11995,8038
"Before scheduled trip start time",-3,449,452,8038
"Before scheduled trip start time",-3,159,162,8038
"Before scheduled trip start time",-3,1548,1551,8038
"Before scheduled trip start time",-3,76139,76142,8038
"Before scheduled trip start time",-3,515188,515191,8038
"Before scheduled trip start time",-3,65379,65382,8038
"Before scheduled trip start time",-3,498328,498331,8038
"Before scheduled trip start time",-3,660760,660763,8038
"Before scheduled trip start time",-3,9314,9317,8038
"Before scheduled trip start time",-3,1174,1177,8038
"Before scheduled trip start time",-3,8772,8775,8038
"Before scheduled trip start time",-3,369,372,8038
"Before scheduled trip start time",-3,192,195,8038
"Before scheduled trip start time",-3,1630,1633,8038
"Before scheduled trip start time",-3,23878,23881,8038
"Before scheduled trip start time",-3,81,84,8038
"Before scheduled trip start time",-3,32094,32097,8038
"Before scheduled trip start time",-3,35756,35759,8038
"Before scheduled trip start time",-3,543,546,8038
"Before scheduled trip start time",-3,667740,667743,8038
"Before scheduled trip start time",-3,62459,62462,8038
"Before scheduled trip start time",-3,150,153,8038
"Before scheduled trip start time",-3,2195,2198,8038
"Before scheduled trip start time",-3,4257,4260,8038
"Before scheduled trip start time",-3,680740,680743,8038
"Before scheduled trip start time",-3,51,54,8038
"Before scheduled trip start time",-3,26534,26537,8038
"Before scheduled trip start time",-3,69119,69122,8038
"Before scheduled trip start time",-3,32554,32557,8038
"Before scheduled trip start time",-3,65179,65182,8038
"Before scheduled trip start time",-3,331,334,8038
"Before scheduled trip start time",-3,512768,512771,8038
"Before scheduled trip start time",-3,7274,7277,8038
"Before scheduled trip start time",-3,3097,3100,8038
"Before scheduled trip start time",-3,51599,51602,8038
"Before scheduled trip start time",-3,31523,31526,8038
"Before scheduled trip start time",-3,55839,55842,8038
"Before scheduled trip start time",-3,9095,9098,8038
"Before scheduled trip start time",-3,8494,8497,8038
"Before scheduled trip start time",-3,1655,1658,8038
"Before scheduled trip start time",-3,11774,11777,8038
"Before scheduled trip start time",-3,26758,26761,8038
"Before scheduled trip start time",-3,18554,18557,8038
"Before scheduled trip start time",-3,292,295,8038
"Before scheduled trip start time",-3,279,282,8038
"Before scheduled trip start time",-3,486,489,8038
"Before scheduled trip start time",-3,53807,53810,8038
"Before scheduled trip start time",-3,43799,43802,8038
"Before scheduled trip start time",-3,1687,1690,8038
"Before scheduled trip start time",-3,380,383,8038
"Before scheduled trip start time",-3,67159,67162,8038
"Before scheduled trip start time",-3,1989,1992,8038
"Before scheduled trip start time",-3,538,541,8038
"Before scheduled trip start time",-3,501988,501991,8038
"Before scheduled trip start time",-3,58759,58762,8038
"Before scheduled trip start time",-3,7094,7097,8038
"Before scheduled trip start time",-3,527,530,8038
"Before scheduled trip start time",-3,509228,509231,8038
"Before scheduled trip start time",-3,61859,61862,8038
"Before scheduled trip start time",-3,446,449,8038
"Before scheduled trip start time",-3,75279,75282,8038
"Before scheduled trip start time",-3,835,838,8038
"Before scheduled trip start time",-3,1612,1615,8038
"Before scheduled trip start time",-3,502228,502231,8038
"Before scheduled trip start time",-3,15823,15826,8038
"Before scheduled trip start time",-3,6197,6200,8038
"Before scheduled trip start time",-3,404,407,8038
"Before scheduled trip start time",-3,19863,19866,8038
"Before scheduled trip start time",-3,58619,58622,8038
"Before scheduled trip start time",-3,999,1002,8038
"Before scheduled trip start time",-3,1679,1682,8038
"Before scheduled trip start time",-3,6999,7002,8038
"Before scheduled trip start time",-3,501848,501851,8038
"Before scheduled trip start time",-3,50427,50430,8038
"Before scheduled trip start time",-3,313,316,8038
"Before scheduled trip start time",-3,11375,11378,8038
"Before scheduled trip start time",-3,608,611,8038
"Before scheduled trip start time",-3,481,484,8038
"Before scheduled trip start time",-3,694,697,8038
"Before scheduled trip start time",-3,42987,42990,8038
"Before scheduled trip start time",-3,1568,1571,8038
"Before scheduled trip start time",-3,79439,79442,8038
"Before scheduled trip start time",-3,24603,24606,8038
"Before scheduled trip start time",-3,665080,665083,8038
"Before scheduled trip start time",-3,513748,513751,8038
"Before scheduled trip start time",-3,2255,2258,8038
"Before scheduled trip start time",-3,448,451,8038
"Before scheduled trip start time",-3,390,393,8038
"Before scheduled trip start time",-3,3474,3477,8038
"Before scheduled trip start time",-3,678860,678863,8038
"Before scheduled trip start time",-3,107,110,8038
"Before scheduled trip start time",-3,16158,16161,8038
"Before scheduled trip start time",-3,659160,659163,8038
"Before scheduled trip start time",-3,72379,72382,8038
"Before scheduled trip start time",-3,4254,4257,8038
"Before scheduled trip start time",-3,787,790,8038
"Before scheduled trip start time",-3,32018,32021,8038
"Before scheduled trip start time",-3,69367,69370,8038
"Before scheduled trip start time",-3,45187,45190,8038
"Before scheduled trip start time",-3,700,703,8038
"Before scheduled trip start time",-3,65399,65402,8038
"Before scheduled trip start time",-3,66939,66942,8038
"Before scheduled trip start time",-3,11,14,8038
"Before scheduled trip start time",-3,494408,494411,8038
"Before scheduled trip start time",-3,71459,71462,8038
"Before scheduled trip start time",-3,2789,2792,8038
"Before scheduled trip start time",-3,11754,11757,8038
"Before scheduled trip start time",-3,990,993,8038
"Before scheduled trip start time",-3,14594,14597,8038
"Before scheduled trip start time",-3,659460,659463,8038
"Before scheduled trip start time",-3,363,366,8038
"Before scheduled trip start time",-3,9055,9058,8038
"Before scheduled trip start time",-3,789,792,8038
"Before scheduled trip start time",-3,48999,49002,8038
"Before scheduled trip start time",-3,8,11,8038
"Before scheduled trip start time",-3,676480,676483,8038
"Before scheduled trip start time",-3,548,551,8038
"Before scheduled trip start time",-3,6239,6242,8038
"Before scheduled trip start time",-3,828,831,8038
"Before scheduled trip start time",-3,11352,11355,8038
"Before scheduled trip start time",-3,576,579,8038
"Before scheduled trip start time",-3,504508,504511,8038
"Before scheduled trip start time",-3,684600,684603,8038
"Before scheduled trip start time",-3,234,237,8038
"Before scheduled trip start time",-3,75879,75882,8038
"Before scheduled trip start time",-3,65319,65322,8038
"Before scheduled trip start time",-3,69559,69562,8038
"Before scheduled trip start time",-3,3492,3495,8038
"Before scheduled trip start time",-3,494,497,8038
"Before scheduled trip start time",-3,7875,7878,8038
"Before scheduled trip start time",-3,9637,9640,8038
"Before scheduled trip start time",-3,416,419,8038
"Before scheduled trip start time",-3,25923,25926,8038
"Before scheduled trip start time",-3,72559,72562,8038
"Before scheduled trip start time",-3,290,293,8038
"Before scheduled trip start time",-3,507728,507731,8038
"Before scheduled trip start time",-3,319,322,8038
"Before scheduled trip start time",-3,55667,55670,8038
"Before scheduled trip start time",-3,678520,678523,8038
"Before scheduled trip start time",-3,679240,679243,8038
"Before scheduled trip start time",-3,493408,493411,8038
"Before scheduled trip start time",-3,688520,688523,8038
"Before scheduled trip start time",-3,268,271,8038
"Before scheduled trip start time",-3,4959,4962,8038
"Before scheduled trip start time",-3,461,464,8038
"Before scheduled trip start time",-3,489,492,8038
"Before scheduled trip start time",-3,57079,57082,8038
"Before scheduled trip start time",-3,510508,510511,8038
"Before scheduled trip start time",-3,25318,25321,8038
"Before scheduled trip start time",-3,26778,26781,8038
"Before scheduled trip start time",-3,2388,2391,8038
"Before scheduled trip start time",-3,52079,52082,8038
"Before scheduled trip start time",-3,507888,507891,8038
"Before scheduled trip start time",-3,38147,38150,8038
"Before scheduled trip start time",-3,212,215,8038
"Before scheduled trip start time",-3,512368,512371,8038
"Before scheduled trip start time",-3,2812,2815,8038
"Before scheduled trip start time",-3,5895,5898,8038
"Before scheduled trip start time",-3,49379,49382,8038
"Before scheduled trip start time",-3,24043,24046,8038
"Before scheduled trip start time",-3,70487,70490,8038
"Before scheduled trip start time",-3,61167,61170,8038
"Before scheduled trip start time",-3,515408,515411,8038
"Before scheduled trip start time",-3,342,345,8038
"Before scheduled trip start time",-3,466,469,8038
"Before scheduled trip start time",-3,32743,32746,8038
"Before scheduled trip start time",-3,28283,28286,8038
"Before scheduled trip start time",-3,17254,17257,8038
"Before scheduled trip start time",-3,11552,11555,8038
"Before scheduled trip start time",-3,1435,1438,8038
"Before scheduled trip start time",-3,497328,497331,8038
"Before scheduled trip start time",-3,508208,508211,8038
"Before scheduled trip start time",-3,59339,59342,8038
"Before scheduled trip start time",-3,671420,671423,8038
"Before scheduled trip start time",-3,56047,56050,8038
"Before scheduled trip start time",-3,4777,4780,8038
"Before scheduled trip start time",-3,11275,11278,8038
"Before scheduled trip start time",-3,4659,4662,8038
"Before scheduled trip start time",-3,76379,76382,8038
"Before scheduled trip start time",-3,147,150,8038
"Before scheduled trip start time",-3,2319,2322,8038
"Before scheduled trip start time",-3,79099,79102,8038
"Before scheduled trip start time",-3,33158,33161,8038
"Before scheduled trip start time",-3,15194,15197,8038
"Before scheduled trip start time",-3,30923,30926,8038
"Before scheduled trip start time",-3,32523,32526,8038
"Before scheduled trip start time",-3,76287,76290,8038
"Before scheduled trip start time",-3,10915,10918,8038
"Before scheduled trip start time",-3,347,350,8038
"Before scheduled trip start time",-3,3595,3598,8038
"Before scheduled trip start time",-3,515608,515611,8038
"Before scheduled trip start time",-3,499368,499371,8038
"Before scheduled trip start time",-3,28074,28077,8038
"Before scheduled trip start time",-3,28614,28617,8038
"Before scheduled trip start time",-3,77339,77342,8038
"Before scheduled trip start time",-3,6874,6877,8038
"Before scheduled trip start time",-3,1995,1998,8038
"Before scheduled trip start time",-3,23278,23281,8038
"Before scheduled trip start time",-3,371,374,8038
"Before scheduled trip start time",-3,1017,1020,8038
"Before scheduled trip start time",-3,13992,13995,8038
"Before scheduled trip start time",-3,8152,8155,8038
"Before scheduled trip start time",-3,367,370,8038
"Before scheduled trip start time",-3,21343,21346,8038
"Before scheduled trip start time",-3,509968,509971,8038
"Before scheduled trip start time",-3,19,22,8038
"Before scheduled trip start time",-3,16318,16321,8038
"Before scheduled trip start time",-3,772,775,8038
"Before scheduled trip start time",-3,163,166,8038
"Before scheduled trip start time",-3,930,933,8038
"Before scheduled trip start time",-3,20563,20566,8038
"Before scheduled trip start time",-3,637,640,8038
"Before scheduled trip start time",-3,9335,9338,8038
"Before scheduled trip start time",-3,528,531,8038
"Before scheduled trip start time",-3,354,357,8038
"Before scheduled trip start time",-3,22003,22006,8038
"Before scheduled trip start time",-3,51079,51082,8038
"Before scheduled trip start time",-3,68979,68982,8038
"Before scheduled trip start time",-3,7915,7918,8038
"Before scheduled trip start time",-3,497368,497371,8038
"Before scheduled trip start time",-3,9,12,8038
"Before scheduled trip start time",-3,48367,48370,8038
"Before scheduled trip start time",-3,334,337,8038
"Before scheduled trip start time",-3,1364,1367,8038
"Before scheduled trip start time",-3,73059,73062,8038
"Before scheduled trip start time",-3,78379,78382,8038
"Before scheduled trip start time",-3,507148,507151,8038
"Before scheduled trip start time",-3,24434,24437,8038
"Before scheduled trip start time",-3,230,233,8038
"Before scheduled trip start time",-3,592,595,8038
"Before scheduled trip start time",-3,158,161,8038
"Before scheduled trip start time",-3,110,113,8038
"Before scheduled trip start time",-3,665580,665583,8038
"Before scheduled trip start time",-3,1219,1222,8038
"Before scheduled trip start time",-3,8937,8940,8038
"Before scheduled trip start time",-3,46319,46322,8038
"Before scheduled trip start time",-3,14038,14041,8038
"Before scheduled trip start time",-3,67339,67342,8038
"Before scheduled trip start time",-3,3814,3817,8038
"Before scheduled trip start time",-3,5975,5978,8038
"Before scheduled trip start time",-3,336,339,8038
"Before scheduled trip start time",-3,5774,5777,8038
"Before scheduled trip start time",-3,12298,12301,8038
"Before scheduled trip start time",-3,16643,16646,8038
"Before scheduled trip start time",-3,27954,27957,8038
"Before scheduled trip start time",-3,68319,68322,8038
"Before scheduled trip start time",-3,8435,8438,8038
"Before scheduled trip start time",-3,2575,2578,8038
"Before scheduled trip start time",-3,506,509,8038
"Before scheduled trip start time",-3,502888,502891,8038
"Before scheduled trip start time",-3,8555,8558,8038
"Before scheduled trip start time",-3,1737,1740,8038
"Before scheduled trip start time",-3,815,818,8038
"Before scheduled trip start time",-3,15474,15477,8038
"Before scheduled trip start time",-3,30303,30306,8038
"Before scheduled trip start time",-3,58979,58982,8038
"Before scheduled trip start time",-3,15614,15617,8038
"Before scheduled trip start time",-3,505968,505971,8038
"Before scheduled trip start time",-3,21698,21701,8038
"Before scheduled trip start time",-3,14078,14081,8038
"Before scheduled trip start time",-3,3117,3120,8038
"Before scheduled trip start time",-3,12412,12415,8038
"Before scheduled trip start time",-3,1510,1513,8038
"Before scheduled trip start time",-3,47779,47782,8038
"Before scheduled trip start time",-3,5259,5262,8038
"Before scheduled trip start time",-3,32543,32546,8038
"Before scheduled trip start time",-3,23198,23201,8038
"Before scheduled trip start time",-3,3112,3115,8038
"Before scheduled trip start time",-3,3237,3240,8038
"Before scheduled trip start time",-3,3395,3398,8038
"Before scheduled trip start time",-3,72439,72442,8038
"Before scheduled trip start time",-3,857,860,8038
"Before scheduled trip start time",-3,2459,2462,8038
"Before scheduled trip start time",-3,340,343,8038
"Before scheduled trip start time",-3,502668,502671,8038
"Before scheduled trip start time",-3,39936,39939,8038
"Before scheduled trip start time",-3,18518,18521,8038
"Before scheduled trip start time",-3,25018,25021,8038
"Before scheduled trip start time",-3,66,69,8038
"Before scheduled trip start time",-3,1406,1409,8038
"Before scheduled trip start time",-3,795,798,8038
"Before scheduled trip start time",-3,195,198,8038
"Before scheduled trip start time",-3,7755,7758,8038
"Before scheduled trip start time",-3,25043,25046,8038
"Before scheduled trip start time",-3,39,42,8038
"Before scheduled trip start time",-3,452,455,8038
"Before scheduled trip start time",-3,9257,9260,8038
"Before scheduled trip start time",-3,32198,32201,8038
"Before scheduled trip start time",-3,22703,22706,8038
"Before scheduled trip start time",-3,44,47,8038
"Before scheduled trip start time",-3,15743,15746,8038
"Before scheduled trip start time",-3,1157,1160,8038
"Before scheduled trip start time",-3,13472,13475,8038
"Before scheduled trip start time",-3,320,323,8038
"Before scheduled trip start time",-3,5,8,8038
"Before scheduled trip start time",-3,54847,54850,8038
"Before scheduled trip start time",-3,679740,679743,8038
"Before scheduled trip start time",-3,6615,6618,8038
"Before scheduled trip start time",-3,298,301,8038
"Before scheduled trip start time",-3,500628,500631,8038
"Before scheduled trip start time",-3,18063,18066,8038
"Before scheduled trip start time",-3,36787,36790,8038
"Before scheduled trip start time",-3,70399,70402,8038
"Before scheduled trip start time",-3,4397,4400,8038
"Before scheduled trip start time",-3,1087,1090,8038
"Before scheduled trip start time",-3,20483,20486,8038
"Before scheduled trip start time",-3,20983,20986,8038
"Before scheduled trip start time",-3,48399,48402,8038
"Before scheduled trip start time",-3,21503,21506,8038
"Before scheduled trip start time",-3,680360,680363,8038
"Before scheduled trip start time",-3,63039,63042,8038
"Before scheduled trip start time",-3,56,59,8038
"Before scheduled trip start time",-3,8114,8117,8038
"Before scheduled trip start time",-3,840,843,8038
"Before scheduled trip start time",-3,1287,1290,8038
"Before scheduled trip start time",-3,8757,8760,8038
"Before scheduled trip start time",-3,36,39,8038
"Before scheduled trip start time",-3,2872,2875,8038
"Before scheduled trip start time",-3,1617,1620,8038
"Before scheduled trip start time",-3,467,470,8038
"Before scheduled trip start time",-3,64459,64462,8038
"Before scheduled trip start time",-3,66259,66262,8038
"Before scheduled trip start time",-3,674,677,8038
"Before scheduled trip start time",-3,388,391,8038
"Before scheduled trip start time",-3,5172,5175,8038
"Before scheduled trip start time",-3,3259,3262,8038
"Before scheduled trip start time",-3,8552,8555,8038
"Before scheduled trip start time",-3,509648,509651,8038
"Before scheduled trip start time",-3,57947,57950,8038
"Before scheduled trip start time",-3,494508,494511,8038
"Before scheduled trip start time",-3,40076,40079,8038
"Before scheduled trip start time",-3,666500,666503,8038
"Before scheduled trip start time",-3,5332,5335,8038
"Before scheduled trip start time",-3,77359,77362,8038
"Before scheduled trip start time",-3,1532,1535,8038
"Before scheduled trip start time",-3,15,18,8038
"Before scheduled trip start time",-3,2394,2397,8038
"Before scheduled trip start time",-3,254,257,8038
"Before scheduled trip start time",-3,670,673,8038
"Before scheduled trip start time",-3,497568,497571,8038
"Before scheduled trip start time",-3,27583,27586,8038
"Before scheduled trip start time",-3,4097,4100,8038
"Before scheduled trip start time",-3,479,482,8038
"Before scheduled trip start time",-3,57919,57922,8038
"Before scheduled trip start time",-3,15223,15226,8038
"Before scheduled trip start time",-3,55639,55642,8038
"Before scheduled trip start time",-3,34356,34359,8038
"Before scheduled trip start time",-3,27674,27677,8038
"Before scheduled trip start time",-3,9975,9978,8038
"Before scheduled trip start time",-3,5739,5742,8038
"Before scheduled trip start time",-3,2395,2398,8038
"Before scheduled trip start time",-3,5675,5678,8038
"Before scheduled trip start time",-3,9497,9500,8038
"Before scheduled trip start time",-3,499068,499071,8038
"Before scheduled trip start time",-3,91,94,8038
"Before scheduled trip start time",-3,3619,3622,8038
"Before scheduled trip start time",-3,2579,2582,8038
"Before scheduled trip start time",-3,64779,64782,8038
"Before scheduled trip start time",-3,6837,6840,8038
"Before scheduled trip start time",-3,25083,25086,8038
"Before scheduled trip start time",-3,503628,503631,8038
"Before scheduled trip start time",-3,55939,55942,8038
"Before scheduled trip start time",-3,5452,5455,8038
"Before scheduled trip start time",-3,296,299,8038
"Before scheduled trip start time",-3,96,99,8038
"Before scheduled trip start time",-3,398,401,8038
"Before scheduled trip start time",-3,57547,57550,8038
"Before scheduled trip start time",-3,23598,23601,8038
"Before scheduled trip start time",-3,67307,67310,8038
"Before scheduled trip start time",-3,8495,8498,8038
"Before scheduled trip start time",-3,1246,1249,8038
"Before scheduled trip start time",-3,421,424,8038
"Before scheduled trip start time",-3,78819,78822,8038
"Before scheduled trip start time",-3,556,559,8038
"Before scheduled trip start time",-3,13694,13697,8038
"Before scheduled trip start time",-3,82,85,8038
"Before scheduled trip start time",-3,11135,11138,8038
"Before scheduled trip start time",-3,4915,4918,8038
"Before scheduled trip start time",-3,31623,31626,8038
"Before scheduled trip start time",-3,15043,15046,8038
"Before scheduled trip start time",-3,493248,493251,8038
"Before scheduled trip start time",-3,55119,55122,8038
"Before scheduled trip start time",-3,68139,68142,8038
"Before scheduled trip start time",-3,4937,4940,8038
"Before scheduled trip start time",-3,3792,3795,8038
"Before scheduled trip start time",-3,10134,10137,8038
"Before scheduled trip start time",-3,855,858,8038
"Before scheduled trip start time",-3,521,524,8038
"Before scheduled trip start time",-3,47859,47862,8038
"Before scheduled trip start time",-3,496088,496091,8038
"Before scheduled trip start time",-3,73,76,8038
"Before scheduled trip start time",-3,4199,4202,8038
"Before scheduled trip start time",-3,2034,2037,8038
"Before scheduled trip start time",-3,32203,32206,8038
"Before scheduled trip start time",-3,406,409,8038
"Before scheduled trip start time",-3,511,514,8038
"Before scheduled trip start time",-3,57,60,8038
"Before scheduled trip start time",-3,11298,11301,8038
"Before scheduled trip start time",-3,167,170,8038
"Before scheduled trip start time",-3,1451,1454,8038
"Before scheduled trip start time",-3,1140,1143,8038
"Before scheduled trip start time",-3,301,304,8038
"Before scheduled trip start time",-3,16134,16137,8038
"Before scheduled trip start time",-3,52827,52830,8038
"Before scheduled trip start time",-3,15703,15706,8038
"Before scheduled trip start time",-3,33036,33039,8038
"Before scheduled trip start time",-3,239,242,8038
"Before scheduled trip start time",-3,70467,70470,8038
"Before scheduled trip start time",-3,75,78,8038
"Before scheduled trip start time",-3,3432,3435,8038
"Before scheduled trip start time",-3,1315,1318,8038
"Before scheduled trip start time",-3,654,657,8038
"Before scheduled trip start time",-3,32276,32279,8038
"Before scheduled trip start time",-3,29618,29621,8038
"Before scheduled trip start time",-3,377,380,8038
"Before scheduled trip start time",-3,101,104,8038
"Before scheduled trip start time",-3,57299,57302,8038
"Before scheduled trip start time",-3,54079,54082,8038
"Before scheduled trip start time",-3,68087,68090,8038
"Before scheduled trip start time",-3,8195,8198,8038
"Before scheduled trip start time",-3,808,811,8038
"Before scheduled trip start time",-3,9697,9700,8038
"Before scheduled trip start time",-3,515128,515131,8038
"Before scheduled trip start time",-3,502,505,8038
"Before scheduled trip start time",-3,10374,10377,8038
"Before scheduled trip start time",-3,1674,1677,8038
"Before scheduled trip start time",-3,1914,1917,8038
"Before scheduled trip start time",-3,1213,1216,8038
"Before scheduled trip start time",-3,17623,17626,8038
"Before scheduled trip start time",-3,27643,27646,8038
"Before scheduled trip start time",-3,1734,1737,8038
"Before scheduled trip start time",-3,4632,4635,8038
"Before scheduled trip start time",-3,10214,10217,8038
"Before scheduled trip start time",-3,5592,5595,8038
"Before scheduled trip start time",-3,76019,76022,8038
"Before scheduled trip start time",-3,4557,4560,8038
"Before scheduled trip start time",-3,677520,677523,8038
"Before scheduled trip start time",-3,27034,27037,8038
"Before scheduled trip start time",-3,965,968,8038
"Before scheduled trip start time",-3,6495,6498,8038
"Before scheduled trip start time",-3,909,912,8038
"Before scheduled trip start time",-3,67619,67622,8038
"Before scheduled trip start time",-3,9815,9818,8038
"Before scheduled trip start time",-3,66839,66842,8038
"Before scheduled trip start time",-3,121,124,8038
"Before scheduled trip start time",-3,8232,8235,8038
"Before scheduled trip start time",-3,389,392,8038
"Before scheduled trip start time",-3,14518,14521,8038
"Before scheduled trip start time",-3,514248,514251,8038
"Before scheduled trip start time",-3,5417,5420,8038
"Before scheduled trip start time",-3,10315,10318,8038
"Before scheduled trip start time",-3,186,189,8038
"Before scheduled trip start time",-3,1695,1698,8038
"Before scheduled trip start time",-3,9517,9520,8038
"Before scheduled trip start time",-3,67039,67042,8038
"Before scheduled trip start time",-3,13592,13595,8038
"Before scheduled trip start time",-3,1014,1017,8038
"Before scheduled trip start time",-3,11858,11861,8038
"Before scheduled trip start time",-3,36316,36319,8038
"Before scheduled trip start time",-3,26134,26137,8038
"Before scheduled trip start time",-3,776,779,8038
"Before scheduled trip start time",-3,145,148,8038
"Before scheduled trip start time",-3,5659,5662,8038
"Before scheduled trip start time",-3,496,499,8038
"Before scheduled trip start time",-3,20823,20826,8038
"Before scheduled trip start time",-3,52707,52710,8038
"Before scheduled trip start time",-3,32374,32377,8038
"Before scheduled trip start time",-3,2615,2618,8038
"Before scheduled trip start time",-3,12612,12615,8038
"Before scheduled trip start time",-3,20583,20586,8038
"Before scheduled trip start time",-3,509468,509471,8038
"Before scheduled trip start time",-3,26438,26441,8038
"Before scheduled trip start time",-3,7614,7617,8038
"Before scheduled trip start time",-3,454,457,8038
"Before scheduled trip start time",-3,1345,1348,8038
"Before scheduled trip start time",-3,63939,63942,8038
"Before scheduled trip start time",-3,47979,47982,8038
"Before scheduled trip start time",-3,2515,2518,8038
"Before scheduled trip start time",-3,508788,508791,8038
"Before scheduled trip start time",-3,24738,24741,8038
"Before scheduled trip start time",-3,19074,19077,8038
"Before scheduled trip start time",-3,512068,512071,8038
"Before scheduled trip start time",-3,63139,63142,8038
"Before scheduled trip start time",-3,6354,6357,8038
"Before scheduled trip start time",-3,1972,1975,8038
"Before scheduled trip start time",-3,497028,497031,8038
"Before scheduled trip start time",-3,12258,12261,8038
"Before scheduled trip start time",-3,55127,55130,8038
"Before scheduled trip start time",-3,88,91,8038
"Before scheduled trip start time",-3,656800,656803,8038
"Before scheduled trip start time",-3,29438,29441,8038
"Before scheduled trip start time",-3,10532,10535,8038
"Before scheduled trip start time",-3,25823,25826,8038
"Before scheduled trip start time",-3,503808,503811,8038
"Before scheduled trip start time",-3,664260,664263,8038
"Before scheduled trip start time",-3,1288,1291,8038
"Before scheduled trip start time",-3,5394,5397,8038
"Before scheduled trip start time",-3,2412,2415,8038
"Before scheduled trip start time",-3,2849,2852,8038
"Before scheduled trip start time",-3,6852,6855,8038
"Before scheduled trip start time",-3,26,29,8038
"Before scheduled trip start time",-3,1273,1276,8038
"Before scheduled trip start time",-3,25418,25421,8038
"Before scheduled trip start time",-3,37727,37730,8038
"Before scheduled trip start time",-3,33,36,8038
"Before scheduled trip start time",-3,175,178,8038
"Before scheduled trip start time",-3,515388,515391,8038
"Before scheduled trip start time",-3,356,359,8038
"Before scheduled trip start time",-3,6294,6297,8038
"Before scheduled trip start time",-3,1101,1104,8038
"Before scheduled trip start time",-3,779,782,8038
"Before scheduled trip start time",-3,4159,4162,8038
"Before scheduled trip start time",-3,750,753,8038
"Before scheduled trip start time",-3,309,312,8038
"Before scheduled trip start time",-3,50079,50082,8038
"Before scheduled trip start time",-3,261,264,8038
"Before scheduled trip start time",-3,511888,511891,8038
"Before scheduled trip start time",-3,7834,7837,8038
"Before scheduled trip start time",-3,9117,9120,8038
"Before scheduled trip start time",-3,11772,11775,8038
"Before scheduled trip start time",-3,500968,500971,8038
"Before scheduled trip start time",-3,501248,501251,8038
"Before scheduled trip start time",-3,3799,3802,8038
"Before scheduled trip start time",-3,1639,1642,8038
"Before scheduled trip start time",-3,2717,2720,8038
"Before scheduled trip start time",-3,3257,3260,8038
"Before scheduled trip start time",-3,11852,11855,8038
"Before scheduled trip start time",-3,861,864,8038
"Before scheduled trip start time",-3,57199,57202,8038
"Before scheduled trip start time",-3,510248,510251,8038
"Before scheduled trip start time",-3,29374,29377,8038
"Before scheduled trip start time",-3,512608,512611,8038
"Before scheduled trip start time",-3,5619,5622,8038
"Before scheduled trip start time",-3,678720,678723,8038
"Before scheduled trip start time",-3,79799,79802,8038
"Before scheduled trip start time",-3,81132,81135,8038
"Before scheduled trip start time",-3,665660,665663,8038
"Before scheduled trip start time",-3,522,525,8038
"Before scheduled trip start time",-3,1515,1518,8038
"Before scheduled trip start time",-3,258,261,8038
"Before scheduled trip start time",-3,47,50,8038
"Before scheduled trip start time",-3,672640,672643,8038
"Before scheduled trip start time",-3,15618,15621,8038
"Before scheduled trip start time",-3,9857,9860,8038
"Before scheduled trip start time",-3,501908,501911,8038
"Before scheduled trip start time",-3,494868,494871,8038
"Before scheduled trip start time",-3,45019,45022,8038
"Before scheduled trip start time",-3,539,542,8038
"Before scheduled trip start time",-3,507908,507911,8038
"Before scheduled trip start time",-3,1560,1563,8038
"Before scheduled trip start time",-3,12535,12538,8038
"Before scheduled trip start time",-3,36276,36279,8038
"Before scheduled trip start time",-3,24303,24306,8038
"Before scheduled trip start time",-3,15983,15986,8038
"Before scheduled trip start time",-3,221,224,8038
"Before scheduled trip start time",-3,4914,4917,8038
"Before scheduled trip start time",-3,9957,9960,8038
"Before scheduled trip start time",-3,5257,5260,8038
"Before scheduled trip start time",-3,50859,50862,8038
"Before scheduled trip start time",-3,23903,23906,8038
"Before scheduled trip start time",-3,17063,17066,8038
"Before scheduled trip start time",-3,67867,67870,8038
"Before scheduled trip start time",-3,165,168,8038
"Before scheduled trip start time",-3,81219,81222,8038
"Before scheduled trip start time",-3,1149,1152,8038
"Before scheduled trip start time",-3,6957,6960,8038
"Before scheduled trip start time",-3,25116,25119,8038
"Before scheduled trip start time",-3,28303,28306,8038
"Before scheduled trip start time",-3,453,456,8038
"Before scheduled trip start time",-3,3937,3940,8038
"Before scheduled trip start time",-3,6439,6442,8038
"Before scheduled trip start time",-3,73659,73662,8038
"Before scheduled trip start time",-3,875,878,8038
"Before scheduled trip start time",-3,488,491,8038
"Before scheduled trip start time",-3,9238,9241,8038
"Before scheduled trip start time",-3,1533,1536,8038
"Before scheduled trip start time",-3,59519,59522,8038
"Before scheduled trip start time",-3,676740,676743,8038
"Before scheduled trip start time",-3,71119,71122,8038
"Before scheduled trip start time",-3,11054,11057,8038
"Before scheduled trip start time",-3,508548,508551,8038
"Before scheduled trip start time",-3,17158,17161,8038
"Before scheduled trip start time",-3,1997,2000,8038
"Before scheduled trip start time",-3,429,432,8038
"Before scheduled trip start time",-3,3794,3797,8038
"Before scheduled trip start time",-3,21363,21366,8038
"Before scheduled trip start time",-3,50407,50410,8038
"Before scheduled trip start time",-3,44859,44862,8038
"Before scheduled trip start time",-3,385,388,8038
"Before scheduled trip start time",-3,11072,11075,8038
"Before scheduled trip start time",-3,6954,6957,8038
"Before scheduled trip start time",-3,495368,495371,8038
"Before scheduled trip start time",-3,34427,34430,8038
"Before scheduled trip start time",-3,865,868,8038
"Before scheduled trip start time",-3,6654,6657,8038
"Before scheduled trip start time",-3,64759,64762,8038
"Before scheduled trip start time",-3,44259,44262,8038
"Before scheduled trip start time",-3,26103,26106,8038
"Before scheduled trip start time",-3,54699,54702,8038
"Before scheduled trip start time",-3,29634,29637,8038
"Before scheduled trip start time",-3,1012,1015,8038
"Before scheduled trip start time",-3,31438,31441,8038
"Before scheduled trip start time",-3,498188,498191,8038
"Before scheduled trip start time",-3,58079,58082,8038
"Before scheduled trip start time",-3,67947,67950,8038
"Before scheduled trip start time",-3,180,183,8038
"Before scheduled trip start time",-3,1268,1271,8038
"Before scheduled trip start time",-3,30378,30381,8038
"Before scheduled trip start time",-3,54965,54968,8038
"Before scheduled trip start time",-3,5279,5282,8038
"Before scheduled trip start time",-3,71839,71842,8038
"Before scheduled trip start time",-3,72419,72422,8038
"Before scheduled trip start time",-3,1492,1495,8038
"Before scheduled trip start time",-3,1090,1093,8038
"Before scheduled trip start time",-3,6014,6017,8038
"Before scheduled trip start time",-3,49547,49550,8038
"Before scheduled trip start time",-3,593,596,8038
"Before scheduled trip start time",-3,1439,1442,8038
"Before scheduled trip start time",-3,2072,2075,8038
"Before scheduled trip start time",-3,12755,12758,8038
"Before scheduled trip start time",-3,57019,57022,8038
"Before scheduled trip start time",-3,514308,514311,8038
"Before scheduled trip start time",-3,8095,8098,8038
"Before scheduled trip start time",-3,28943,28946,8038
"Before scheduled trip start time",-3,512728,512731,8038
"Before scheduled trip start time",-3,8315,8318,8038
"Before scheduled trip start time",-3,868,871,8038
"Before scheduled trip start time",-3,3812,3815,8038
"Before scheduled trip start time",-3,574,577,8038
"Before scheduled trip start time",-3,3094,3097,8038
"Before scheduled trip start time",-3,10752,10755,8038
"Before scheduled trip start time",-3,64899,64902,8038
"Before scheduled trip start time",-3,510228,510231,8038
"Before scheduled trip start time",-3,32683,32686,8038
"Before scheduled trip start time",-3,27763,27766,8038
"Before scheduled trip start time",-3,17138,17141,8038
"Before scheduled trip start time",-3,52,55,8038
"Before scheduled trip start time",-3,5079,5082,8038
"Before scheduled trip start time",-3,12572,12575,8038
"Before scheduled trip start time",-3,36596,36599,8038
"Before scheduled trip start time",-3,31943,31946,8038
"Before scheduled trip start time",-3,495568,495571,8038
"Before scheduled trip start time",-3,3917,3920,8038
"Before scheduled trip start time",-3,10855,10858,8038
"Before scheduled trip start time",-3,1555,1558,8038
"Before scheduled trip start time",-3,1067,1070,8038
"Before scheduled trip start time",-3,1055,1058,8038
"Before scheduled trip start time",-3,516088,516091,8038
"Before scheduled trip start time",-3,32318,32321,8038
"Before scheduled trip start time",-3,51199,51202,8038
"Before scheduled trip start time",-3,24883,24886,8038
"Before scheduled trip start time",-3,53899,53902,8038
"Before scheduled trip start time",-3,29914,29917,8038
"Before scheduled trip start time",-3,512568,512571,8038
"Before scheduled trip start time",-3,357,360,8038
"Before scheduled trip start time",-3,7272,7275,8038
"Before scheduled trip start time",-3,517,520,8038
"Before scheduled trip start time",-3,36396,36399,8038
"Before scheduled trip start time",-3,23863,23866,8038
"Before scheduled trip start time",-3,24263,24266,8038
"Before scheduled trip start time",-3,38,41,8038
"Before scheduled trip start time",-3,58,61,8038
"Before scheduled trip start time",-3,924,927,8038
"Before scheduled trip start time",-3,57179,57182,8038
"Before scheduled trip start time",-3,4132,4135,8038
"Before scheduled trip start time",-3,2035,2038,8038
"Before scheduled trip start time",-3,33447,33450,8038
"Before scheduled trip start time",-3,61899,61902,8038
"Before scheduled trip start time",-3,1088,1091,8038
"Before scheduled trip start time",-3,1795,1798,8038
"Before scheduled trip start time",-3,10037,10040,8038
"Before scheduled trip start time",-3,11954,11957,8038
"Before scheduled trip start time",-3,352,355,8038
"Before scheduled trip start time",-3,15234,15237,8038
"Before scheduled trip start time",-3,23783,23786,8038
"Before scheduled trip start time",-3,1408,1411,8038
"Before scheduled trip start time",-3,3895,3898,8038
"Before scheduled trip start time",-3,72679,72682,8038
"Before scheduled trip start time",-3,1250,1253,8038
"Before scheduled trip start time",-3,18743,18746,8038
"Before scheduled trip start time",-3,49699,49702,8038
"Before scheduled trip start time",-3,671140,671143,8038
"Before scheduled trip start time",-3,67567,67570,8038
"Before scheduled trip start time",-3,45067,45070,8038
"Before scheduled trip start time",-3,60,63,8038
"Before scheduled trip start time",-3,512048,512051,8038
"Before scheduled trip start time",-3,2317,2320,8038
"Before scheduled trip start time",-3,948,951,8038
"Before scheduled trip start time",-3,1365,1368,8038
"Before scheduled trip start time",-3,1039,1042,8038
"Before scheduled trip start time",-3,7515,7518,8038
"Before scheduled trip start time",-3,108,111,8038
"Before scheduled trip start time",-3,19663,19666,8038
"Before scheduled trip start time",-3,3079,3082,8038
"Before scheduled trip start time",-3,312,315,8038
"Before scheduled trip start time",-3,36816,36819,8038
"Before scheduled trip start time",-3,677920,677923,8038
"Before scheduled trip start time",-3,26943,26946,8038
"Before scheduled trip start time",-3,697,700,8038
"Before scheduled trip start time",-3,5232,5235,8038
"Before scheduled trip start time",-3,2915,2918,8038
"Before scheduled trip start time",-3,712,715,8038
"Before scheduled trip start time",-3,1212,1215,8038
"Before scheduled trip start time",-3,458,461,8038
"Before scheduled trip start time",-3,48499,48502,8038
"Before scheduled trip start time",-3,57759,57762,8038
"Before scheduled trip start time",-3,9495,9498,8038
"Before scheduled trip start time",-3,246,249,8038
"Before scheduled trip start time",-3,55047,55050,8038
"Before scheduled trip start time",-3,17178,17181,8038
"Before scheduled trip start time",-3,742,745,8038
"Before scheduled trip start time",-3,424,427,8038
"Before scheduled trip start time",-3,9175,9178,8038
"Before scheduled trip start time",-3,33314,33317,8038
"Before scheduled trip start time",-3,2274,2277,8038
"Before scheduled trip start time",-3,60147,60150,8038
"Before scheduled trip start time",-3,4794,4797,8038
"Before scheduled trip start time",-3,47019,47022,8038
"Before scheduled trip start time",-3,1700,1703,8038
"Before scheduled trip start time",-3,809,812,8038
"Before scheduled trip start time",-3,112,115,8038
"Before scheduled trip start time",-3,61599,61602,8038
"Before scheduled trip start time",-3,4617,4620,8038
"Before scheduled trip start time",-3,1619,1622,8038
"Before scheduled trip start time",-3,114,117,8038
"Before scheduled trip start time",-3,597,600,8038
"Before scheduled trip start time",-3,21403,21406,8038
"Before scheduled trip start time",-3,740,743,8038
"Before scheduled trip start time",-3,628,631,8038
"Before scheduled trip start time",-3,6737,6740,8038
"Before scheduled trip start time",-3,498268,498271,8038
"Before scheduled trip start time",-3,53207,53210,8038
"Before scheduled trip start time",-3,171,174,8038
"Before scheduled trip start time",-3,58229,58232,8038
"Before scheduled trip start time",-3,76199,76202,8038
"Before scheduled trip start time",-3,76699,76702,8038
"Before scheduled trip start time",-3,79139,79142,8038
"Before scheduled trip start time",-3,79919,79922,8038
"Before scheduled trip start time",-3,512648,512651,8038
"Before scheduled trip start time",-3,1020,1023,8038
"Before scheduled trip start time",-3,383,386,8038
"Before scheduled trip start time",-3,17378,17381,8038
"Before scheduled trip start time",-3,4197,4200,8038
"Before scheduled trip start time",-3,3914,3917,8038
"Before scheduled trip start time",-3,25263,25266,8038
"Before scheduled trip start time",-3,1237,1240,8038
"Before scheduled trip start time",-3,1888,1891,8038
"Before scheduled trip start time",-3,496748,496751,8038
"Before scheduled trip start time",-3,22923,22926,8038
"Before scheduled trip start time",-3,28814,28817,8038
"Before scheduled trip start time",-3,90,93,8038
"Before scheduled trip start time",-3,60839,60842,8038
"Before scheduled trip start time",-3,233,236,8038
"Before scheduled trip start time",-3,4074,4077,8038
"Before scheduled trip start time",-3,5255,5258,8038
"Before scheduled trip start time",-3,2359,2362,8038
"Before scheduled trip start time",-3,8717,8720,8038
"Before scheduled trip start time",-3,1715,1718,8038
"Before scheduled trip start time",-3,1935,1938,8038
"Before scheduled trip start time",-3,510388,510391,8038
"Before scheduled trip start time",-3,25838,25841,8038
"Before scheduled trip start time",-3,15798,15801,8038
"Before scheduled trip start time",-3,111,114,8038
"Before scheduled trip start time",-3,616,619,8038
"Before scheduled trip start time",-3,1557,1560,8038
"Before scheduled trip start time",-3,5959,5962,8038
"Before scheduled trip start time",-3,116,119,8038
"Before scheduled trip start time",-3,24083,24086,8038
"Before scheduled trip start time",-3,677720,677723,8038
"Before scheduled trip start time",-3,19638,19641,8038
"Before scheduled trip start time",-3,1108,1111,8038
"Before scheduled trip start time",-3,20,23,8038
"Before scheduled trip start time",-3,1272,1275,8038
"Before scheduled trip start time",-3,2914,2917,8038
"Before scheduled trip start time",-3,4974,4977,8038
"Before scheduled trip start time",-3,65539,65542,8038
"Before scheduled trip start time",-3,661660,661663,8038
"Before scheduled trip start time",-3,201,204,8038
"Before scheduled trip start time",-3,59,62,8038
"Before scheduled trip start time",-3,8194,8197,8038
"Before scheduled trip start time",-3,7295,7298,8038
"Before scheduled trip start time",-3,2869,2872,8038
"Before scheduled trip start time",-3,6057,6060,8038
"Before scheduled trip start time",-3,4179,4182,8038
"Before scheduled trip start time",-3,1254,1257,8038
"Before scheduled trip start time",-3,2894,2897,8038
"Before scheduled trip start time",-3,7832,7835,8038
"Before scheduled trip start time",-3,47559,47562,8038
"Before scheduled trip start time",-3,680220,680223,8038
"Before scheduled trip start time",-3,54707,54710,8038
"Before scheduled trip start time",-3,35,38,8038
"Before scheduled trip start time",-3,506008,506011,8038
"Before scheduled trip start time",-3,506048,506051,8038
"Before scheduled trip start time",-3,80979,80982,8038
"Before scheduled trip start time",-3,852,855,8038
"Before scheduled trip start time",-3,4135,4138,8038
"Before scheduled trip start time",-3,58179,58182,8038
"Before scheduled trip start time",-3,680620,680623,8038
"Before scheduled trip start time",-3,665860,665863,8038
"Before scheduled trip start time",-3,9854,9857,8038
"Before scheduled trip start time",-3,43059,43062,8038
"Before scheduled trip start time",-3,8192,8195,8038
"Before scheduled trip start time",-3,1150,1153,8038
"Before scheduled trip start time",-3,504,507,8038
"Before scheduled trip start time",-3,58259,58262,8038
"Before scheduled trip start time",-3,509688,509691,8038
"Before scheduled trip start time",-3,494488,494491,8038
"Before scheduled trip start time",-3,33136,33139,8038
"Before scheduled trip start time",-3,680,683,8038
"Before scheduled trip start time",-3,27498,27501,8038
"Before scheduled trip start time",-3,3654,3657,8038
"Before scheduled trip start time",-3,32943,32946,8038
"Before scheduled trip start time",-3,669880,669883,8038
"Before scheduled trip start time",-3,52547,52550,8038
"Before scheduled trip start time",-3,7937,7940,8038
"Before scheduled trip start time",-3,1327,1330,8038
"Before scheduled trip start time",-3,59327,59330,8038
"Before scheduled trip start time",-3,152,155,8038
"Before scheduled trip start time",-3,545,548,8038
"Before scheduled trip start time",-3,359,362,8038
"Before scheduled trip start time",-3,5037,5040,8038
"Before scheduled trip start time",-3,508648,508651,8038
"Before scheduled trip start time",-3,42,45,8038
"Before scheduled trip start time",-3,760,763,8038
"Before scheduled trip start time",-3,1677,1680,8038
"Before scheduled trip start time",-3,1748,1751,8038
"Before scheduled trip start time",-3,5839,5842,8038
"Before scheduled trip start time",-3,530,533,8038
"Before scheduled trip start time",-3,151,154,8038
"Before scheduled trip start time",-3,1470,1473,8038
"Before scheduled trip start time",-3,31383,31386,8038
"Before scheduled trip start time",-3,26823,26826,8038
"Before scheduled trip start time",-3,462,465,8038
"Before scheduled trip start time",-3,642,645,8038
"Before scheduled trip start time",-3,227,230,8038
"Before scheduled trip start time",-3,19383,19386,8038
"Before scheduled trip start time",-3,675500,675503,8038
"Before scheduled trip start time",-3,23154,23157,8038
"Before scheduled trip start time",-3,13738,13741,8038
"Before scheduled trip start time",-3,777,780,8038
"Before scheduled trip start time",-3,908,911,8038
"Before scheduled trip start time",-3,6052,6055,8038
"Before scheduled trip start time",-3,392,395,8038
"Before scheduled trip start time",-3,496568,496571,8038
"Before scheduled trip start time",-3,28354,28357,8038
"Before scheduled trip start time",-3,42407,42410,8038
"Before scheduled trip start time",-3,184,187,8038
"Before scheduled trip start time",-3,2897,2900,8038
"Before scheduled trip start time",-3,13078,13081,8038
"Before scheduled trip start time",-3,34,37,8038
"Before scheduled trip start time",-3,53099,53102,8038
"Before scheduled trip start time",-3,987,990,8038
"Before scheduled trip start time",-3,60887,60890,8038
"Before scheduled trip start time",-3,136,139,8038
"Before scheduled trip start time",-3,6914,6917,8038
"Before scheduled trip start time",-3,256,259,8038
"Before scheduled trip start time",-3,52007,52010,8038
"Before scheduled trip start time",-3,27843,27846,8038
"Before scheduled trip start time",-3,6135,6138,8038
"Before scheduled trip start time",-3,76979,76982,8038
"Before scheduled trip start time",-3,12938,12941,8038
"Before scheduled trip start time",-3,44499,44502,8038
"Before scheduled trip start time",-3,219,222,8038
"Before scheduled trip start time",-3,513168,513171,8038
"Before scheduled trip start time",-3,5052,5055,8038
"Before scheduled trip start time",-3,2234,2237,8038
"Before scheduled trip start time",-3,4095,4098,8038
"Before scheduled trip start time",-3,31158,31161,8038
"Before scheduled trip start time",-3,1379,1382,8038
"Before scheduled trip start time",-3,493208,493211,8038
"Before scheduled trip start time",-3,443,446,8038
"Before scheduled trip start time",-3,3912,3915,8038
"Before scheduled trip start time",-3,73159,73162,8038
"Before scheduled trip start time",-3,5095,5098,8038
"Before scheduled trip start time",-3,8612,8615,8038
"Before scheduled trip start time",-3,349,352,8038
"Before scheduled trip start time",-3,43639,43642,8038
"Before scheduled trip start time",-3,106,109,8038
"Before scheduled trip start time",-3,63399,63402,8038
"Before scheduled trip start time",-3,408,411,8038
"Before scheduled trip start time",-3,54,57,8038
"Before scheduled trip start time",-3,57479,57482,8038
"Before scheduled trip start time",-3,28534,28537,8038
"Before scheduled trip start time",-3,3915,3918,8038
"Before scheduled trip start time",-3,514488,514491,8038
"Before scheduled trip start time",-3,1054,1057,8038
"Before scheduled trip start time",-3,48199,48202,8038
"Before scheduled trip start time",-3,661000,661003,8038
"Before scheduled trip start time",-3,24814,24817,8038
"Before scheduled trip start time",-3,63499,63502,8038
"Before scheduled trip start time",-3,1467,1470,8038
"Before scheduled trip start time",-3,73439,73442,8038
"Before scheduled trip start time",-3,307,310,8038
"Before scheduled trip start time",-3,61807,61810,8038
"Before scheduled trip start time",-3,16674,16677,8038
"Before scheduled trip start time",-3,434,437,8038
"Before scheduled trip start time",-3,3319,3322,8038
"Before scheduled trip start time",-3,18,21,8038
"Before scheduled trip start time",-3,546,549,8038
"Before scheduled trip start time",-3,1234,1237,8038
"Before scheduled trip start time",-3,524,527,8038
"Before scheduled trip start time",-3,5532,5535,8038
"Before scheduled trip start time",-3,2815,2818,8038
"Before scheduled trip start time",-3,55987,55990,8038
"Before scheduled trip start time",-3,10,13,8038
"Before scheduled trip start time",-3,139,142,8038
"Before scheduled trip start time",-3,5494,5497,8038
"Before scheduled trip start time",-3,7655,7658,8038
"Before scheduled trip start time",-3,14274,14277,8038
"Before scheduled trip start time",-3,52819,52822,8038
"Before scheduled trip start time",-3,683100,683103,8038
"Before scheduled trip start time",-3,29714,29717,8038
"Before scheduled trip start time",-3,16678,16681,8038
"Before scheduled trip start time",-3,4337,4340,8038
"Before scheduled trip start time",-3,4099,4102,8038
"Before scheduled trip start time",-3,14052,14055,8038
"Before scheduled trip start time",-3,3549,3552,8038
"Before scheduled trip start time",-3,6137,6140,8038
"Before scheduled trip start time",-3,19994,19997,8038
"Before scheduled trip start time",-3,684480,684483,8038
"Before scheduled trip start time",-3,76767,76770,8038
"Before scheduled trip start time",-3,511848,511851,8038
"Before scheduled trip start time",-3,5019,5022,8038
"Before scheduled trip start time",-3,64919,64922,8038
"Before scheduled trip start time",-3,216,219,8038
"Before scheduled trip start time",-3,418,421,8038
"Before scheduled trip start time",-3,172,175,8038
"Before scheduled trip start time",-3,80,83,8038
"Before scheduled trip start time",-3,61199,61202,8038
"Before scheduled trip start time",-3,2477,2480,8038
"Before scheduled trip start time",-3,1414,1417,8038
"Before scheduled trip start time",-3,605,608,8038
"Before scheduled trip start time",-3,1274,1277,8038
"Before scheduled trip start time",-3,50,53,8038
"Before scheduled trip start time",-3,1314,1317,8038
"Before scheduled trip start time",-3,12352,12355,8038
"Before scheduled trip start time",-3,87,90,8038
"Before scheduled trip start time",-3,32223,32226,8038
"Before scheduled trip start time",-3,44059,44062,8038
"Before scheduled trip start time",-3,13718,13721,8038
"Before scheduled trip start time",-3,2074,2077,8038
"Before scheduled trip start time",-3,13832,13835,8038
"Before scheduled trip start time",-3,736,739,8038
"Before scheduled trip start time",-3,9232,9235,8038
"Before scheduled trip start time",-3,493,496,8038
"Before scheduled trip start time",-3,3517,3520,8038
"Before scheduled trip start time",-3,1059,1062,8038
"Before scheduled trip start time",-3,2235,2238,8038
"Before scheduled trip start time",-3,48659,48662,8038
"Before scheduled trip start time",-3,15874,15877,8038
"Before scheduled trip start time",-3,242,245,8038
"Before scheduled trip start time",-3,351,354,8038
"Before scheduled trip start time",-3,76859,76862,8038
"Before scheduled trip start time",-3,3134,3137,8038
"Before scheduled trip start time",-3,1319,1322,8038
"Before scheduled trip start time",-3,12055,12058,8038
"Before scheduled trip start time",-3,33233,33236,8038
"Before scheduled trip start time",-3,317,320,8038
"Before scheduled trip start time",-3,11658,11661,8038
"Before scheduled trip start time",-3,3925,3928,8038
"Before scheduled trip start time",-3,30803,30806,8038
"Before scheduled trip start time",-3,493348,493351,8038
"Before scheduled trip start time",-3,41496,41499,8038
"Before scheduled trip start time",-3,70647,70650,8038
"Before scheduled trip start time",-3,19178,19181,8038
"Before scheduled trip start time",-3,29478,29481,8038
"Before scheduled trip start time",-3,187,190,8038
"Before scheduled trip start time",-3,81099,81102,8038
"Before scheduled trip start time",-3,514648,514651,8038
"Before scheduled trip start time",-3,215,218,8038
"Before scheduled trip start time",-3,9492,9495,8038
"Before scheduled trip start time",-3,1173,1176,8038
"Before scheduled trip start time",-3,501488,501491,8038
"Before scheduled trip start time",-3,7794,7797,8038
"Before scheduled trip start time",-3,4657,4660,8038
"Before scheduled trip start time",-3,464,467,8038
"Before scheduled trip start time",-3,190,193,8038
"Before scheduled trip start time",-3,55499,55502,8038
"Before scheduled trip start time",-3,29254,29257,8038
"Before scheduled trip start time",-3,737,740,8038
"Before scheduled trip start time",-3,1517,1520,8038
"Before scheduled trip start time",-3,5579,5582,8038
"Before scheduled trip start time",-3,41056,41059,8038
"Before scheduled trip start time",-3,504648,504651,8038
"Before scheduled trip start time",-3,129,132,8038
"Before scheduled trip start time",-3,49,52,8038
"Before scheduled trip start time",-3,45467,45470,8038
"Before scheduled trip start time",-3,364,367,8038
"Before scheduled trip start time",-3,11312,11315,8038
"Before scheduled trip start time",-3,2529,2532,8038
"Before scheduled trip start time",-3,27976,27979,8038
"Before scheduled trip start time",-3,1859,1862,8038
"Before scheduled trip start time",-3,8292,8295,8038
"Before scheduled trip start time",-3,75319,75322,8038
"Before scheduled trip start time",-3,80579,80582,8038
"Before scheduled trip start time",-3,10812,10815,8038
"Before scheduled trip start time",-3,550,553,8038
"Before scheduled trip start time",-3,51139,51142,8038
"Before scheduled trip start time",-3,58939,58942,8038
"Before scheduled trip start time",-3,394,397,8038
"Before scheduled trip start time",-3,60427,60430,8038
"Before scheduled trip start time",-3,61659,61662,8038
"Before scheduled trip start time",-3,138,141,8038
"Before scheduled trip start time",-3,140,143,8038
"Before scheduled trip start time",-3,63539,63542,8038
"Before scheduled trip start time",-3,272,275,8038
"Before scheduled trip start time",-3,785,788,8038
"Before scheduled trip start time",-3,674680,674683,8038
"Before scheduled trip start time",-3,4117,4120,8038
"Before scheduled trip start time",-3,498528,498531,8038
"Before scheduled trip start time",-3,677800,677803,8038
"Before scheduled trip start time",-3,38087,38090,8038
"Before scheduled trip start time",-3,31656,31659,8038
"Before scheduled trip start time",-3,18383,18386,8038
"Before scheduled trip start time",-3,503528,503531,8038
"Before scheduled trip start time",-3,487,490,8038
"Before scheduled trip start time",-3,682000,682003,8038
"Before scheduled trip start time",-3,100,103,8038
"Before scheduled trip start time",-3,30138,30141,8038
"Before scheduled trip start time",-3,3875,3878,8038
"Before scheduled trip start time",-3,1395,1398,8038
"Before scheduled trip start time",-3,131,134,8038
"Before scheduled trip start time",-3,43,46,8038
"Before scheduled trip start time",-3,515088,515091,8038
"Before scheduled trip start time",-3,69879,69882,8038
"Before scheduled trip start time",-3,2572,2575,8038
"Before scheduled trip start time",-3,757,760,8038
"Before scheduled trip start time",-3,3495,3498,8038
"Before scheduled trip start time",-3,2594,2597,8038
"Before scheduled trip start time",-3,26794,26797,8038
"Before scheduled trip start time",-3,682900,682903,8038
"Before scheduled trip start time",-3,24118,24121,8038
"Before scheduled trip start time",-3,27518,27521,8038
"Before scheduled trip start time",-3,270,273,8038
"Before scheduled trip start time",-3,8814,8817,8038
"Before scheduled trip start time",-3,1507,1510,8038
"Before scheduled trip start time",-3,591,594,8038
"Before scheduled trip start time",-3,22383,22386,8038
"Before scheduled trip start time",-3,502108,502111,8038
"Before scheduled trip start time",-3,57499,57502,8038
"Before scheduled trip start time",-3,677060,677063,8038
"Before scheduled trip start time",-3,2932,2935,8038
"Before scheduled trip start time",-3,303,306,8038
"Before scheduled trip start time",-3,225,228,8038
"Before scheduled trip start time",-3,47739,47742,8038
"Before scheduled trip start time",-3,24843,24846,8038
"Before scheduled trip start time",-3,59739,59742,8038
"Before scheduled trip start time",-3,59939,59942,8038
"Before scheduled trip start time",-3,44719,44722,8038
"Before scheduled trip start time",-3,506208,506211,8038
"Before scheduled trip start time",-3,28,31,8038
"Before scheduled trip start time",-3,667640,667643,8038
"Before scheduled trip start time",-3,11535,11538,8038
"Before scheduled trip start time",-3,1280,1283,8038
"Before scheduled trip start time",-3,72739,72742,8038
"Before scheduled trip start time",-3,3599,3602,8038
"Before scheduled trip start time",-3,7417,7420,8038
"Before scheduled trip start time",-3,24018,24021,8038
"Before scheduled trip start time",-3,13552,13555,8038
"Before scheduled trip start time",-3,70907,70910,8038
"Before scheduled trip start time",-3,69,72,8038
"Before scheduled trip start time",-3,3837,3840,8038
"Before scheduled trip start time",-3,508,511,8038
"Before scheduled trip start time",-3,160,163,8038
"Before scheduled trip start time",-3,214,217,8038
"Before scheduled trip start time",-3,431,434,8038
"Before scheduled trip start time",-3,236,239,8038
"Before scheduled trip start time",-3,682820,682823,8038
"Before scheduled trip start time",-3,68707,68710,8038
"Before scheduled trip start time",-3,5775,5778,8038
"Before scheduled trip start time",-3,476,479,8038
"Before scheduled trip start time",-3,252,255,8038
"Before scheduled trip start time",-3,69179,69182,8038
"Before scheduled trip start time",-3,1337,1340,8038
"Before scheduled trip start time",-3,73419,73422,8038
"Before scheduled trip start time",-3,713,716,8038
"Before scheduled trip start time",-3,276,279,8038
"Before scheduled trip start time",-3,500068,500071,8038
"Before scheduled trip start time",-3,739,742,8038
"Before scheduled trip start time",-3,80679,80682,8038
"Before scheduled trip start time",-3,269,272,8038
"Before scheduled trip start time",-3,43187,43190,8038
"Before scheduled trip start time",-3,1188,1191,8038
"Before scheduled trip start time",-3,684,687,8038
"Before scheduled trip start time",-3,49859,49862,8038
"Before scheduled trip start time",-3,23543,23546,8038
"Before scheduled trip start time",-3,58379,58382,8038
"Before scheduled trip start time",-3,671040,671043,8038
"Before scheduled trip start time",-3,26214,26217,8038
"Before scheduled trip start time",-3,370,373,8038
"Before scheduled trip start time",-3,6797,6800,8038
"Before scheduled trip start time",-3,23083,23086,8038
"Before scheduled trip start time",-3,502308,502311,8038
"Before scheduled trip start time",-3,512208,512211,8038
"Before scheduled trip start time",-3,1432,1435,8038
"Before scheduled trip start time",-3,78279,78282,8038
"Before scheduled trip start time",-3,241,244,8038
"Before scheduled trip start time",-3,259,262,8038
"Before scheduled trip start time",-3,12058,12061,8038
"Before scheduled trip start time",-3,508968,508971,8038
"Before scheduled trip start time",-3,77047,77050,8038
"Before scheduled trip start time",-3,42907,42910,8038
"Before scheduled trip start time",-3,70699,70702,8038
"Before scheduled trip start time",-3,5939,5942,8038
"Before scheduled trip start time",-3,73079,73082,8038
"Before scheduled trip start time",-3,9417,9420,8038
"Before scheduled trip start time",-3,12432,12435,8038
"Before scheduled trip start time",-3,502088,502091,8038
"Before scheduled trip start time",-3,51879,51882,8038
"Before scheduled trip start time",-3,62687,62690,8038
"Before scheduled trip start time",-3,28774,28777,8038
"Before scheduled trip start time",-3,19094,19097,8038
"Before scheduled trip start time",-3,50899,50902,8038
"Before scheduled trip start time",-3,42219,42222,8038
"Before scheduled trip start time",-3,17263,17266,8038
"Before scheduled trip start time",-3,420,423,8038
"Before scheduled trip start time",-3,11695,11698,8038
"Before scheduled trip start time",-3,705,708,8038
"Before scheduled trip start time",-3,78119,78122,8038
"Before scheduled trip start time",-3,50539,50542,8038
"Before scheduled trip start time",-3,27663,27666,8038
"Before scheduled trip start time",-3,209,212,8038
"Before scheduled trip start time",-3,30298,30301,8038
"Before scheduled trip start time",-3,74319,74322,8038
"Before scheduled trip start time",-3,324,327,8038
"Before scheduled trip start time",-3,11534,11537,8038
"Before scheduled trip start time",-3,6617,6620,8038
"Before scheduled trip start time",-3,28643,28646,8038
"Before scheduled trip start time",-3,35087,35090,8038
"Before scheduled trip start time",-3,293,296,8038
"Before scheduled trip start time",-3,1085,1088,8038
"Before scheduled trip start time",-3,2299,2302,8038
"Before scheduled trip start time",-3,6357,6360,8038
"Before scheduled trip start time",-3,498448,498451,8038
"Before scheduled trip start time",-3,29443,29446,8038
"Before scheduled trip start time",-3,77,80,8038
"Before scheduled trip start time",-3,514108,514111,8038
"Before scheduled trip start time",-3,29398,29401,8038
"Before scheduled trip start time",-3,75299,75302,8038
"Before scheduled trip start time",-3,2415,2418,8038
"Before scheduled trip start time",-3,2957,2960,8038
"Before scheduled trip start time",-3,3697,3700,8038
"Before scheduled trip start time",-3,23263,23266,8038
"Before scheduled trip start time",-3,24674,24677,8038
"Before scheduled trip start time",-3,204,207,8038
"Before scheduled trip start time",-3,7215,7218,8038
"Before scheduled trip start time",-3,185,188,8038
"Before scheduled trip start time",-3,6895,6898,8038
"Before scheduled trip start time",-3,7572,7575,8038
"Before scheduled trip start time",-3,16063,16066,8038
"Before scheduled trip start time",-3,32414,32417,8038
"Before scheduled trip start time",-3,74379,74382,8038
"Before scheduled trip start time",-3,4354,4357,8038
"Before scheduled trip start time",-3,3249,3252,8038
"Before scheduled trip start time",-3,490,493,8038
"Before scheduled trip start time",-3,14994,14997,8038
"Before scheduled trip start time",-3,673900,673903,8038
"Before scheduled trip start time",-3,38987,38990,8038
"Before scheduled trip start time",-3,31676,31679,8038
"Before scheduled trip start time",-3,495328,495331,8038
"Before scheduled trip start time",-3,21878,21881,8038
"Before scheduled trip start time",-3,8594,8597,8038
"Before scheduled trip start time",-3,695,698,8038
"Before scheduled trip start time",-3,253,256,8038
"Before scheduled trip start time",-3,24203,24206,8038
"Before scheduled trip start time",-3,56439,56442,8038
"Before scheduled trip start time",-3,143,146,8038
"Before scheduled trip start time",-3,33754,33757,8038
"Before scheduled trip start time",-3,71479,71482,8038
"Before scheduled trip start time",-3,22254,22257,8038
"Before scheduled trip start time",-3,683120,683123,8038
"Before scheduled trip start time",-3,3052,3055,8038
"Before scheduled trip start time",-3,1168,1171,8038
"Before scheduled trip start time",-3,411,414,8038
"Before scheduled trip start time",-3,497708,497711,8038
"Before scheduled trip start time",-3,1480,1483,8038
"Before scheduled trip start time",-3,10434,10437,8038
"Before scheduled trip start time",-3,6372,6375,8038
"Before scheduled trip start time",-3,501748,501751,8038
"Before scheduled trip start time",-3,72,75,8038
"Before scheduled trip start time",-3,2817,2820,8038
"Before scheduled trip start time",-3,1060,1063,8038
"Before scheduled trip start time",-3,1606,1609,8038
"Before scheduled trip start time",-3,8277,8280,8038
"Before scheduled trip start time",-3,8997,9000,8038
"Before scheduled trip start time",-3,65999,66002,8038
"Before scheduled trip start time",-3,673080,673083,8038
"Before scheduled trip start time",-3,15143,15146,8038
"Before scheduled trip start time",-3,688,691,8038
"Before scheduled trip start time",-3,664,667,8038
"Before scheduled trip start time",-3,8432,8435,8038
"Before scheduled trip start time",-3,73947,73950,8038
"Before scheduled trip start time",-3,7494,7497,8038
"Before scheduled trip start time",-3,77559,77562,8038
"Before scheduled trip start time",-3,4674,4677,8038
"During scheduled trip",-3,69,72,291
"During scheduled trip",-3,180,183,291
"During scheduled trip",-3,1020,1023,291
"During scheduled trip",-3,308,311,291
"During scheduled trip",-3,203,206,291
"During scheduled trip",-3,526,529,291
"During scheduled trip",-3,1160,1163,291
"During scheduled trip",-3,352,355,291
"During scheduled trip",-3,515,518,291
"During scheduled trip",-3,1599,1602,291
"During scheduled trip",-3,331,334,291
"During scheduled trip",-3,517808,517811,291
"During scheduled trip",-3,242,245,291
"During scheduled trip",-3,159,162,291
"During scheduled trip",-3,146,149,291
"During scheduled trip",-3,226,229,291
"During scheduled trip",-3,532,535,291
"During scheduled trip",-3,450,453,291
"During scheduled trip",-3,509,512,291
"During scheduled trip",-3,240,243,291
"During scheduled trip",-3,84,87,291
"During scheduled trip",-3,52,55,291
"During scheduled trip",-3,1170,1173,291
"During scheduled trip",-3,2471,2474,291
"During scheduled trip",-3,582,585,291
"During scheduled trip",-3,223,226,291
"During scheduled trip",-3,968,971,291
"During scheduled trip",-3,1519,1522,291
"During scheduled trip",-3,158,161,291
"During scheduled trip",-3,270,273,291
"During scheduled trip",-3,162,165,291
"During scheduled trip",-3,256,259,291
"During scheduled trip",-3,2080,2083,291
"During scheduled trip",-3,33,36,291
"During scheduled trip",-3,398,401,291
"During scheduled trip",-3,454,457,291
"During scheduled trip",-3,279,282,291
"During scheduled trip",-3,114,117,291
"During scheduled trip",-3,183,186,291
"During scheduled trip",-3,119,122,291
"During scheduled trip",-3,189,192,291
"During scheduled trip",-3,2958,2961,291
"During scheduled trip",-3,32,35,291
"During scheduled trip",-3,457,460,291
"During scheduled trip",-3,1093,1096,291
"During scheduled trip",-3,1851,1854,291
"During scheduled trip",-3,144,147,291
"During scheduled trip",-3,53,56,291
"During scheduled trip",-3,-12,-9,291
"During scheduled trip",-3,556,559,291
"During scheduled trip",-3,213,216,291
"During scheduled trip",-3,844,847,291
"During scheduled trip",-3,359,362,291
"During scheduled trip",-3,30,33,291
"During scheduled trip",-3,5587,5590,291
"During scheduled trip",-3,57,60,291
"During scheduled trip",-3,1689,1692,291
"During scheduled trip",-3,101,104,291
"During scheduled trip",-3,981,984,291
"During scheduled trip",-3,1091,1094,291
"During scheduled trip",-3,564,567,291
"During scheduled trip",-3,476,479,291
"During scheduled trip",-3,1441,1444,291
"During scheduled trip",-3,841,844,291
"During scheduled trip",-3,286,289,291
"During scheduled trip",-3,494,497,291
"During scheduled trip",-3,2871,2874,291
"During scheduled trip",-3,1740,1743,291
"During scheduled trip",-3,267,270,291
"During scheduled trip",-3,196,199,291
"During scheduled trip",-3,110,113,291
"During scheduled trip",-3,408,411,291
"During scheduled trip",-3,161,164,291
"During scheduled trip",-3,278,281,291
"During scheduled trip",-3,713,716,291
"During scheduled trip",-3,544,547,291
"During scheduled trip",-3,479,482,291
"During scheduled trip",-3,324,327,291
"During scheduled trip",-3,1440,1443,291
"During scheduled trip",-3,2191,2194,291
"During scheduled trip",-3,107,110,291
"During scheduled trip",-3,583,586,291
"During scheduled trip",-3,651,654,291
"During scheduled trip",-3,1951,1954,291
"During scheduled trip",-3,1019,1022,291
"During scheduled trip",-3,1399,1402,291
"During scheduled trip",-3,605,608,291
"During scheduled trip",-3,629,632,291
"During scheduled trip",-3,54,57,291
"During scheduled trip",-3,-8,-5,291
"During scheduled trip",-3,1520,1523,291
"During scheduled trip",-3,272,275,291
"During scheduled trip",-3,591,594,291
"During scheduled trip",-3,919,922,291
"During scheduled trip",-3,-11,-8,291
"During scheduled trip",-3,529,532,291
"During scheduled trip",-3,958,961,291
"During scheduled trip",-3,136,139,291
"During scheduled trip",-3,399,402,291
"During scheduled trip",-3,202,205,291
"During scheduled trip",-3,245,248,291
"During scheduled trip",-3,1641,1644,291
"During scheduled trip",-3,129,132,291
"During scheduled trip",-3,198,201,291
"During scheduled trip",-3,519028,519031,291
"During scheduled trip",-3,138,141,291
"During scheduled trip",-3,1148,1151,291
"During scheduled trip",-3,1921,1924,291
"During scheduled trip",-3,76,79,291
"During scheduled trip",-3,517888,517891,291
"During scheduled trip",-3,1131,1134,291
"During scheduled trip",-3,815,818,291
"During scheduled trip",-3,2380,2383,291
"During scheduled trip",-3,685,688,291
"During scheduled trip",-3,4087,4090,291
"During scheduled trip",-3,518308,518311,291
"During scheduled trip",-3,250,253,291
"During scheduled trip",-3,71,74,291
"During scheduled trip",-3,3811,3814,291
"During scheduled trip",-3,168,171,291
"During scheduled trip",-3,816,819,291
"During scheduled trip",-3,1634,1637,291
"During scheduled trip",-3,1469,1472,291
"During scheduled trip",-3,323,326,291
"During scheduled trip",-3,2950,2953,291
"During scheduled trip",-3,47,50,291
"During scheduled trip",-3,2614,2617,291
"During scheduled trip",-3,489,492,291
"During scheduled trip",-3,6767,6770,291
"During scheduled trip",-3,2311,2314,291
"During scheduled trip",-3,317,320,291
"During scheduled trip",-3,1974,1977,291
"During scheduled trip",-3,116,119,291
"During scheduled trip",-3,2378,2381,291
"During scheduled trip",-3,3691,3694,291
"During scheduled trip",-3,137,140,291
"During scheduled trip",-3,96,99,291
"During scheduled trip",-3,2340,2343,291
"During scheduled trip",-3,499,502,291
"During scheduled trip",-3,288,291,291
"During scheduled trip",-3,610,613,291
"During scheduled trip",-3,80,83,291
"During scheduled trip",-3,2251,2254,291
"During scheduled trip",-3,873,876,291
"During scheduled trip",-3,63,66,291
"During scheduled trip",-3,5767,5770,291
"During scheduled trip",-3,1389,1392,291
"During scheduled trip",-3,292,295,291
"During scheduled trip",-3,1136,1139,291
"During scheduled trip",-3,1957,1960,291
"During scheduled trip",-3,95,98,291
"During scheduled trip",-3,517868,517871,291
"During scheduled trip",-3,545,548,291
"During scheduled trip",-3,212,215,291
"During scheduled trip",-3,77,80,291
"During scheduled trip",-3,1172,1175,291
"During scheduled trip",-3,11,14,291
"During scheduled trip",-3,956,959,291
"During scheduled trip",-3,97,100,291
"During scheduled trip",-3,128,131,291
"During scheduled trip",-3,37,40,291
"During scheduled trip",-3,313,316,291
"During scheduled trip",-3,90,93,291
"During scheduled trip",-3,147,150,291
"During scheduled trip",-3,247,250,291
"During scheduled trip",-3,325,328,291
"During scheduled trip",-3,372,375,291
"During scheduled trip",-3,152,155,291
"During scheduled trip",-3,3100,3103,291
"During scheduled trip",-3,178,181,291
"During scheduled trip",-3,115,118,291
"During scheduled trip",-3,253,256,291
"During scheduled trip",-3,8,11,291
"During scheduled trip",-3,139,142,291
"During scheduled trip",-3,2671,2674,291
"During scheduled trip",-3,817,820,291
"During scheduled trip",-3,12,15,291
"During scheduled trip",-3,181,184,291
"During scheduled trip",-3,395,398,291
"During scheduled trip",-3,318,321,291
"During scheduled trip",-3,1757,1760,291
"During scheduled trip",-3,3727,3730,291
"During scheduled trip",-3,2633,2636,291
"During scheduled trip",-3,373,376,291
"During scheduled trip",-3,126,129,291
"During scheduled trip",-3,871,874,291
"During scheduled trip",-3,1585,1588,291
"During scheduled trip",-3,275,278,291
"During scheduled trip",-3,320,323,291
"During scheduled trip",-3,1219,1222,291
"During scheduled trip",-3,384,387,291
"During scheduled trip",-3,382,385,291
"During scheduled trip",-3,78,81,291
"During scheduled trip",-3,163,166,291
"During scheduled trip",-3,49,52,291
"During scheduled trip",-3,170,173,291
"During scheduled trip",-3,134,137,291
"During scheduled trip",-3,348,351,291
"During scheduled trip",-3,14652,14655,291
"During scheduled trip",-3,131,134,291
"During scheduled trip",-3,1259,1262,291
"During scheduled trip",-3,1581,1584,291
"During scheduled trip",-3,1701,1704,291
"During scheduled trip",-3,209,212,291
"During scheduled trip",-3,56,59,291
"During scheduled trip",-3,1100,1103,291
"During scheduled trip",-3,1721,1724,291
"During scheduled trip",-3,91,94,291
"During scheduled trip",-3,340,343,291
"During scheduled trip",-3,81,84,291
"During scheduled trip",-3,142,145,291
"During scheduled trip",-3,127,130,291
"During scheduled trip",-3,866,869,291
"During scheduled trip",-3,1946,1949,291
"During scheduled trip",-3,188,191,291
"During scheduled trip",-3,1265,1268,291
"During scheduled trip",-3,207,210,291
"During scheduled trip",-3,2951,2954,291
"During scheduled trip",-3,43,46,291
"During scheduled trip",-3,517448,517451,291
"During scheduled trip",-3,812,815,291
"During scheduled trip",-3,1390,1393,291
"During scheduled trip",-3,1311,1314,291
"During scheduled trip",-3,985,988,291
"During scheduled trip",-3,310,313,291
"During scheduled trip",-3,50,53,291
"During scheduled trip",-3,111,114,291
"During scheduled trip",-3,1239,1242,291
"During scheduled trip",-3,58,61,291
"During scheduled trip",-3,517688,517691,291
"During scheduled trip",-3,579,582,291
"During scheduled trip",-3,17,20,291
"During scheduled trip",-3,550,553,291
"During scheduled trip",-3,117,120,291
"During scheduled trip",-3,1201,1204,291
"During scheduled trip",-3,604,607,291
"During scheduled trip",-3,2511,2514,291
"During scheduled trip",-3,336,339,291
"During scheduled trip",-3,438,441,291
"During scheduled trip",-3,1334,1337,291
"During scheduled trip",-3,440,443,291
"During scheduled trip",-3,220,223,291
"During scheduled trip",-3,468,471,291
"During scheduled trip",-3,72,75,291
"During scheduled trip",-3,83,86,291
"During scheduled trip",-3,917,920,291
"During scheduled trip",-3,1601,1604,291
"During scheduled trip",-3,0,3,291
"During scheduled trip",-3,2526,2529,291
"During scheduled trip",-3,2451,2454,291
"During scheduled trip",-3,14812,14815,291
"During scheduled trip",-3,759,762,291
"During scheduled trip",-3,478,481,291
"During scheduled trip",-3,154,157,291
"During scheduled trip",-3,2220,2223,291
"During scheduled trip",-3,534,537,291
"During scheduled trip",-3,673,676,291
"During scheduled trip",-3,417,420,291
"During scheduled trip",-3,918,921,291
"During scheduled trip",-3,1800,1803,291
"During scheduled trip",-3,688,691,291
"During scheduled trip",-3,446,449,291
"During scheduled trip",-3,185,188,291
"During scheduled trip",-3,65,68,291
"During scheduled trip",-3,98,101,291
"During scheduled trip",-3,1801,1804,291
"During scheduled trip",-3,241,244,291
"During scheduled trip",-3,344,347,291
"During scheduled trip",-3,953,956,291
"During scheduled trip",-3,1289,1292,291
"During scheduled trip",-3,27,30,291
"During scheduled trip",-3,421,424,291
"During scheduled trip",-3,112,115,291
"During scheduled trip",-3,962,965,291
"During scheduled trip",-3,333,336,291
"During scheduled trip",-3,14,17,291
"During scheduled trip",-3,5267,5270,291
"During scheduled trip",-3,2413,2416,291
"During scheduled trip",-3,99,102,291
"During scheduled trip",-3,518848,518851,291
"During scheduled trip",-3,1664,1667,291
"During scheduled trip",-3,104,107,291
"During scheduled trip",-3,60,63,291
"During scheduled trip",-3,516968,516971,291
"During scheduled trip",-3,712,715,291
"During scheduled trip",-3,387,390,291
"During scheduled trip",-3,1971,1974,291
"During scheduled trip",-3,2800,2803,291
"During scheduled trip",-3,428,431,291
"During scheduled trip",-3,2121,2124,291
"During scheduled trip",-3,1385,1388,291
"During scheduled trip",-3,4831,4834,291
"During scheduled trip",-3,349,352,291
"During scheduled trip",-3,631,634,291
"During scheduled trip",-3,462,465,291
"During scheduled trip",-3,-14,-11,291
"During scheduled trip",-3,354,357,291
"During scheduled trip",-3,379,382,291
"During scheduled trip",-3,40,43,291
"During scheduled trip",-3,597,600,291
"During scheduled trip",-3,1379,1382,291
"During scheduled trip",-3,679,682,291
"During scheduled trip",-3,404,407,291
"During scheduled trip",-3,506,509,291
"During scheduled trip",-3,818,821,291
"During scheduled trip",-3,2690,2693,291
"During scheduled trip",-3,262,265,291
"During scheduled trip",-3,1368,1371,291
"During scheduled trip",-3,1481,1484,291
"During scheduled trip",-3,517,520,291
"During scheduled trip",-3,493,496,291
"During scheduled trip",-3,498,501,291
"During scheduled trip",-3,31,34,291
"During scheduled trip",-3,1821,1824,291
"During scheduled trip",-3,434,437,291
"During scheduled trip",-3,206,209,291
"During scheduled trip",-3,1156,1159,291
"During scheduled trip",-3,510,513,291
"During scheduled trip",-3,828,831,291
"During scheduled trip",-3,100,103,291
"During scheduled trip",-3,281,284,291
"During scheduled trip",-3,394,397,291
"During scheduled trip",-3,274,277,291
"During scheduled trip",-3,113,116,291
"During scheduled trip",-3,410,413,291
"During scheduled trip",-3,383,386,291
"During scheduled trip",-3,38,41,291
"During scheduled trip",-3,1401,1404,291
"During scheduled trip",-3,639,642,291
"During scheduled trip",-3,719,722,291
"During scheduled trip",-3,891,894,291
"During scheduled trip",-3,19,22,291
"During scheduled trip",-3,44,47,291
"During scheduled trip",-3,424,427,291
"During scheduled trip",-3,246,249,291
"During scheduled trip",-3,1198,1201,291
"During scheduled trip",-3,125,128,291
"During scheduled trip",-3,18,21,291
"During scheduled trip",-3,175,178,291
"During scheduled trip",-3,70,73,291
"During scheduled trip",-3,517748,517751,291
"During scheduled trip",-3,789,792,291
"During scheduled trip",-3,674,677,291
"During scheduled trip",-3,266,269,291
"During scheduled trip",-3,3711,3714,291
"During scheduled trip",-3,578,581,291
"During scheduled trip",-3,67,70,291
"During scheduled trip",-3,374,377,291
"During scheduled trip",-3,1651,1654,291
"During scheduled trip",-3,2012,2015,291
"During scheduled trip",-3,449,452,291
"During scheduled trip",-3,164,167,291
"During scheduled trip",-3,74,77,291
"During scheduled trip",-3,51,54,291
"During scheduled trip",-3,630,633,291
"During scheduled trip",-3,298,301,291
"During scheduled trip",-3,908,911,291
"During scheduled trip",-3,418,421,291
"During scheduled trip",-3,367,370,291
"During scheduled trip",-3,879,882,291
"During scheduled trip",-3,143,146,291
"During scheduled trip",-3,561,564,291
"During scheduled trip",-3,345,348,291
"During scheduled trip",-3,1081,1084,291
"During scheduled trip",-3,375,378,291
"During scheduled trip",-3,397,400,291
"During scheduled trip",-3,227,230,291
"During scheduled trip",-3,1134,1137,291
"During scheduled trip",-3,868,871,291
"During scheduled trip",-3,5,8,291
"During scheduled trip",-3,1094,1097,291
"During scheduled trip",-3,92,95,291
"During scheduled trip",-3,309,312,291
"During scheduled trip",-3,388,391,291
"During scheduled trip",-3,483,486,291
"During scheduled trip",-3,838,841,291
"During scheduled trip",-3,-1,2,291
"During scheduled trip",-3,321,324,291
"During scheduled trip",-3,268,271,291
"During scheduled trip",-3,392,395,291
"During scheduled trip",-3,254,257,291
"During scheduled trip",-3,3827,3830,291
"During scheduled trip",-3,824,827,291
"During scheduled trip",-3,1471,1474,291
"During scheduled trip",-3,2751,2754,291
"During scheduled trip",-3,516188,516191,291
"During scheduled trip",-3,36,39,291
"During scheduled trip",-3,199,202,291
"During scheduled trip",-3,1108,1111,291
"During scheduled trip",-3,1189,1192,291
"During scheduled trip",-3,23,26,291
"During scheduled trip",-3,734,737,291
"During scheduled trip",-3,258,261,291
"During scheduled trip",-3,951,954,291
"During scheduled trip",-3,461,464,291
"During scheduled trip",-3,141,144,291
"During scheduled trip",-3,665,668,291
"During scheduled trip",-3,25,28,291
"During scheduled trip",-3,195,198,291
"During scheduled trip",-3,840,843,291
"During scheduled trip",-3,1254,1257,291
"During scheduled trip",-3,581,584,291
"During scheduled trip",-3,1169,1172,291
"During scheduled trip",-3,35,38,291
"During scheduled trip",-3,224,227,291
"During scheduled trip",-3,3171,3174,291
"During scheduled trip",-3,319,322,291
"During scheduled trip",-3,624,627,291
"During scheduled trip",-3,1434,1437,291
"During scheduled trip",-3,661,664,291
"During scheduled trip",-3,518248,518251,291
"During scheduled trip",-3,3351,3354,291
"During scheduled trip",-3,334,337,291
"During scheduled trip",-3,34,37,291
"During scheduled trip",-3,518048,518051,291
"During scheduled trip",-3,488,491,291
"During scheduled trip",-3,314,317,291
"During scheduled trip",-3,467,470,291
"During scheduled trip",-3,516248,516251,291
"During scheduled trip",-3,608,611,291
"During scheduled trip",-3,822,825,291
"During scheduled trip",-3,1431,1434,291
"During scheduled trip",-3,261,264,291
"During scheduled trip",-3,338,341,291
"During scheduled trip",-3,109,112,291
"During scheduled trip",-3,89,92,291
"During scheduled trip",-3,781,784,291
"During scheduled trip",-3,899,902,291
"During scheduled trip",-3,508,511,291
"During scheduled trip",-3,255,258,291
"During scheduled trip",-3,13,16,291
"During scheduled trip",-3,103,106,291
"During scheduled trip",-3,3571,3574,291
"During scheduled trip",-3,1649,1652,291
"During scheduled trip",-3,15,18,291
"During scheduled trip",-3,6,9,291
"During scheduled trip",-3,1814,1817,291
"During scheduled trip",-3,2870,2873,291
"During scheduled trip",-3,21,24,291
"During scheduled trip",-3,773,776,291
"During scheduled trip",-3,169,172,291
"During scheduled trip",-3,697,700,291
"During scheduled trip",-3,186,189,291
"During scheduled trip",-3,689,692,291
"During scheduled trip",-3,124,127,291
"During scheduled trip",-3,216,219,291
"During scheduled trip",-3,26,29,291
"During scheduled trip",-3,172,175,291
"During scheduled trip",-3,-7,-4,291
"During scheduled trip",-3,1281,1284,291
"During scheduled trip",-3,355,358,291
"During scheduled trip",-3,1099,1102,291
"During scheduled trip",-3,39,42,291
"During scheduled trip",-3,1425,1428,291
"During scheduled trip",-3,1193,1196,291
"During scheduled trip",-3,595,598,291
"During scheduled trip",-3,711,714,291
"During scheduled trip",-3,1005,1008,291
"During scheduled trip",-3,121,124,291
"During scheduled trip",-3,297,300,291
"During scheduled trip",-3,2061,2064,291
"During scheduled trip",-3,445,448,291
"During scheduled trip",-3,NA,NA,291
"During scheduled trip",-3,61,64,291
"During scheduled trip",-3,210,213,291
"During scheduled trip",-3,1480,1483,291
"During scheduled trip",-3,964,967,291
"During scheduled trip",-3,385,388,291
"During scheduled trip",-3,971,974,291
"During scheduled trip",-3,516328,516331,291
"During scheduled trip",-3,303,306,291
"During scheduled trip",-3,145,148,291
"During scheduled trip",-3,123,126,291
"During scheduled trip",-3,187,190,291
"During scheduled trip",-3,197,200,291
"During scheduled trip",-3,658,661,291
"During scheduled trip",-3,85,88,291
"During scheduled trip",-3,1960,1963,291
"During scheduled trip",-3,3971,3974,291
"During scheduled trip",-3,682,685,291
"During scheduled trip",-3,740,743,291
"During scheduled trip",-3,45,48,291
"During scheduled trip",-3,849,852,291
"During scheduled trip",-3,20,23,291
"During scheduled trip",-3,328,331,291
"During scheduled trip",-3,192,195,291
"During scheduled trip",-3,294,297,291
"During scheduled trip",-3,2291,2294,291
"During scheduled trip",-3,205,208,291
"During scheduled trip",-3,108,111,291
"During scheduled trip",-3,407,410,291
"During scheduled trip",-3,300,303,291
"During scheduled trip",-3,1388,1391,291
"During scheduled trip",-3,62,65,291
"During scheduled trip",-3,327,330,291
"During scheduled trip",-3,82,85,291
"During scheduled trip",-3,362,365,291
"During scheduled trip",-3,820,823,291
"During scheduled trip",-3,924,927,291
"During scheduled trip",-3,1661,1664,291
"During scheduled trip",-3,222,225,291
"During scheduled trip",-3,1190,1193,291
"During scheduled trip",-3,287,290,291
"During scheduled trip",-3,990,993,291
"During scheduled trip",-3,574,577,291
"During scheduled trip",-3,520,523,291
"During scheduled trip",-3,562,565,291
"During scheduled trip",-3,204,207,291
"During scheduled trip",-3,1781,1784,291
"During scheduled trip",-3,1059,1062,291
"During scheduled trip",-3,2647,2650,291
"During scheduled trip",-3,193,196,291
"During scheduled trip",-3,191,194,291
"During scheduled trip",-3,381,384,291
"During scheduled trip",-3,269,272,291
"During scheduled trip",-3,236,239,291
"During scheduled trip",-3,-3,0,291
"During scheduled trip",-3,133,136,291
"During scheduled trip",-3,3000,3003,291
"During scheduled trip",-3,2730,2733,291
"During scheduled trip",-3,88,91,291
"During scheduled trip",-3,547,550,291
"During scheduled trip",-3,1600,1603,291
"During scheduled trip",-3,724,727,291
"During scheduled trip",-3,59,62,291
"During scheduled trip",-3,302,305,291
"During scheduled trip",-3,442,445,291
"During scheduled trip",-3,1141,1144,291
"During scheduled trip",-3,699,702,291
"During scheduled trip",-3,2637,2640,291
"During scheduled trip",-3,337,340,291
"During scheduled trip",-3,1212,1215,291
"During scheduled trip",-3,456,459,291
"During scheduled trip",-3,2081,2084,291
"During scheduled trip",-3,575,578,291
"During scheduled trip",-3,263,266,291
"During scheduled trip",-3,430,433,291
"During scheduled trip",-3,4151,4154,291
"During scheduled trip",-3,954,957,291
"During scheduled trip",-3,376,379,291
"During scheduled trip",-3,1011,1014,291
"During scheduled trip",-3,753,756,291
"During scheduled trip",-3,1116,1119,291
"During scheduled trip",-3,234,237,291
"During scheduled trip",-3,1381,1384,291
"During scheduled trip",-3,311,314,291
"During scheduled trip",-3,678,681,291
"During scheduled trip",-3,166,169,291
"During scheduled trip",-3,872,875,291
"During scheduled trip",-3,122,125,291
"During scheduled trip",-3,1813,1816,291
"During scheduled trip",-3,371,374,291
"During scheduled trip",-3,1780,1783,291
"During scheduled trip",-3,280,283,291
"During scheduled trip",-3,589,592,291
"During scheduled trip",-3,307,310,291
"During scheduled trip",-3,900,903,291
"During scheduled trip",-3,194,197,291
"During scheduled trip",-3,4191,4194,291
"During scheduled trip",-3,342,345,291
"During scheduled trip",-3,436,439,291
"During scheduled trip",-3,86,89,291
"During scheduled trip",-3,231,234,291
"During scheduled trip",-3,518908,518911,291
"During scheduled trip",-3,1501,1504,291
"During scheduled trip",-3,920,923,291
"During scheduled trip",-3,390,393,291
"During scheduled trip",-3,1761,1764,291
"During scheduled trip",-3,1439,1442,291
"During scheduled trip",-3,1900,1903,291
"During scheduled trip",-3,2280,2283,291
"During scheduled trip",-3,48,51,291
"During scheduled trip",-3,232,235,291
"During scheduled trip",-3,654,657,291
"During scheduled trip",-3,429,432,291
"During scheduled trip",-3,244,247,291
"During scheduled trip",-3,1421,1424,291
"During scheduled trip",-3,507,510,291
"During scheduled trip",-3,343,346,291
"During scheduled trip",-3,393,396,291
"During scheduled trip",-3,2001,2004,291
"During scheduled trip",-3,120,123,291
"During scheduled trip",-3,1151,1154,291
"During scheduled trip",-3,580,583,291
"During scheduled trip",-3,518448,518451,291
"During scheduled trip",-3,291,294,291
"During scheduled trip",-3,330,333,291
"During scheduled trip",-3,448,451,291
"During scheduled trip",-3,7,10,291
"During scheduled trip",-3,283,286,291
"During scheduled trip",-3,1731,1734,291
"During scheduled trip",-3,1300,1303,291
"During scheduled trip",-3,315,318,291
"During scheduled trip",-3,64,67,291
"During scheduled trip",-3,1149,1152,291
"During scheduled trip",-3,106,109,291
"During scheduled trip",-3,496,499,291
"During scheduled trip",-3,472,475,291
"During scheduled trip",-3,708,711,291
"During scheduled trip",-3,341,344,291
"During scheduled trip",-3,1,4,291
"During scheduled trip",-3,4967,4970,291
"During scheduled trip",-3,814,817,291
"During scheduled trip",-3,644,647,291
"During scheduled trip",-3,419,422,291
"During scheduled trip",-3,721,724,291
"During scheduled trip",-3,969,972,291
"During scheduled trip",-3,769,772,291
"During scheduled trip",-3,834,837,291
"During scheduled trip",-3,28,31,291
"During scheduled trip",-3,176,179,291
"During scheduled trip",-3,1181,1184,291
"During scheduled trip",-3,389,392,291
"During scheduled trip",-3,151,154,291
"During scheduled trip",-3,1200,1203,291
"During scheduled trip",-3,66,69,291
"During scheduled trip",-3,412,415,291
"During scheduled trip",-3,772,775,291
"During scheduled trip",-3,46,49,291
"During scheduled trip",-3,437,440,291
"During scheduled trip",-3,3911,3914,291
"During scheduled trip",-3,451,454,291
"During scheduled trip",-3,3340,3343,291
"During scheduled trip",-3,916,919,291
"During scheduled trip",-3,363,366,291
"During scheduled trip",-3,132,135,291
"During scheduled trip",-3,304,307,291
"During scheduled trip",-3,588,591,291
"During scheduled trip",-3,830,833,291
"During scheduled trip",-3,140,143,291
"During scheduled trip",-3,1333,1336,291
"During scheduled trip",-3,214,217,291
"During scheduled trip",-3,911,914,291
"During scheduled trip",-3,235,238,291
"During scheduled trip",-3,568,571,291
"During scheduled trip",-3,795,798,291
"During scheduled trip",-3,1092,1095,291
"During scheduled trip",-3,518,521,291
"During scheduled trip",-3,190,193,291
"During scheduled trip",-3,370,373,291
"During scheduled trip",-3,1513,1516,291
"During scheduled trip",-3,518328,518331,291
"During scheduled trip",-3,1232,1235,291
"During scheduled trip",-3,366,369,291
"During scheduled trip",-3,500,503,291
"During scheduled trip",-3,628,631,291
"During scheduled trip",-3,833,836,291
"During scheduled trip",-3,501,504,291
"During scheduled trip",-3,55,58,291
"During scheduled trip",-3,346,349,291
"During scheduled trip",-3,201,204,291
"During scheduled trip",-3,481,484,291
"During scheduled trip",-3,2940,2943,291
"During scheduled trip",-3,1540,1543,291
"During scheduled trip",-3,497,500,291
"During scheduled trip",-3,356,359,291
"During scheduled trip",-3,361,364,291
"During scheduled trip",-3,296,299,291
"During scheduled trip",-3,416,419,291
"During scheduled trip",-3,179,182,291
"During scheduled trip",-3,1294,1297,291
"During scheduled trip",-3,153,156,291
"During scheduled trip",-3,941,944,291
"During scheduled trip",-3,2980,2983,291
"During scheduled trip",-3,265,268,291
"During scheduled trip",-3,1069,1072,291
"During scheduled trip",-3,731,734,291
"During scheduled trip",-3,492,495,291
"During scheduled trip",-3,-13,-10,291
"During scheduled trip",-3,513,516,291
"During scheduled trip",-3,2140,2143,291
"During scheduled trip",-3,652,655,291
"During scheduled trip",-3,93,96,291
"During scheduled trip",-3,243,246,291
"During scheduled trip",-3,305,308,291
"During scheduled trip",-3,299,302,291
"During scheduled trip",-3,360,363,291
"During scheduled trip",-3,332,335,291
"During scheduled trip",-3,257,260,291
"During scheduled trip",-3,322,325,291
"During scheduled trip",-3,1910,1913,291
"During scheduled trip",-3,1132,1135,291
"During scheduled trip",-3,1609,1612,291
"During scheduled trip",-3,470,473,291
"During scheduled trip",-3,184,187,291
"During scheduled trip",-3,694,697,291
"During scheduled trip",-3,944,947,291
"During scheduled trip",-3,641,644,291
"During scheduled trip",-3,248,251,291
"During scheduled trip",-3,215,218,291
"During scheduled trip",-3,24,27,291
"During scheduled trip",-3,859,862,291
"During scheduled trip",-3,42,45,291
"During scheduled trip",-3,925,928,291
"During scheduled trip",-3,1831,1834,291
"During scheduled trip",-3,477,480,291
"During scheduled trip",-3,2031,2034,291
"During scheduled trip",-3,312,315,291
"During scheduled trip",-3,102,105,291
"During scheduled trip",-3,148,151,291
"During scheduled trip",-3,1521,1524,291
"During scheduled trip",-3,414,417,291
"During scheduled trip",-3,401,404,291
"During scheduled trip",-3,2234,2237,291
"During scheduled trip",-3,264,267,291
"During scheduled trip",-3,516708,516711,291
"During scheduled trip",-3,819,822,291
"During scheduled trip",-3,754,757,291
"During scheduled trip",-3,271,274,291
"During scheduled trip",-3,521,524,291
"During scheduled trip",-3,3931,3934,291
"During scheduled trip",-3,696,699,291
"During scheduled trip",-3,464,467,291
"During scheduled trip",-3,156,159,291
"During scheduled trip",-3,2160,2163,291
"During scheduled trip",-3,431,434,291
"During scheduled trip",-3,2750,2753,291
"During scheduled trip",-3,237,240,291
"During scheduled trip",-3,177,180,291
"During scheduled trip",-3,650,653,291
"During scheduled trip",-3,1030,1033,291
"During scheduled trip",-3,5987,5990,291
"During scheduled trip",-3,259,262,291
"During scheduled trip",-3,749,752,291
"During scheduled trip",-3,1029,1032,291
"During scheduled trip",-3,861,864,291
"During scheduled trip",-3,284,287,291
"During scheduled trip",-3,433,436,291
"During scheduled trip",-3,221,224,291
"During scheduled trip",-3,517708,517711,291
"During scheduled trip",-3,306,309,291
"During scheduled trip",-3,3,6,291
"During scheduled trip",-3,3767,3770,291
"During scheduled trip",-3,413,416,291
"During scheduled trip",-3,511,514,291
"During scheduled trip",-3,720,723,291
"During scheduled trip",-3,135,138,291
"During scheduled trip",-3,260,263,291
"During scheduled trip",-3,289,292,291
"During scheduled trip",-3,-2,1,291
"During scheduled trip",-3,378,381,291
"During scheduled trip",-3,351,354,291
"During scheduled trip",-3,347,350,291
"During scheduled trip",-3,612,615,291
"During scheduled trip",-3,1629,1632,291
"During scheduled trip",-3,364,367,291
"During scheduled trip",-3,150,153,291
"During scheduled trip",-3,1529,1532,291
"During scheduled trip",-3,79,82,291
"During scheduled trip",-3,621,624,291
"During scheduled trip",-3,555,558,291
"During scheduled trip",-3,173,176,291
"During scheduled trip",-3,155,158,291
"During scheduled trip",-3,551,554,291
"During scheduled trip",-3,668,671,291
"During scheduled trip",-3,948,951,291
"During scheduled trip",-3,1569,1572,291
"During scheduled trip",-3,435,438,291
"During scheduled trip",-3,890,893,291
"During scheduled trip",-3,233,236,291
"During scheduled trip",-3,171,174,291
"During scheduled trip",-3,403,406,291
"During scheduled trip",-3,1840,1843,291
"During scheduled trip",-3,228,231,291
"During scheduled trip",-3,208,211,291
"During scheduled trip",-3,3551,3554,291
"During scheduled trip",-3,105,108,291
"During scheduled trip",-3,3271,3274,291
"During scheduled trip",-3,516648,516651,291
"During scheduled trip",-3,1774,1777,291
"During scheduled trip",-3,999,1002,291
"During scheduled trip",-3,788,791,291
"During scheduled trip",-3,1301,1304,291
"During scheduled trip",-3,295,298,291
"During scheduled trip",-3,427,430,291
"During scheduled trip",-3,567,570,291
"During scheduled trip",-3,527,530,291
"During scheduled trip",-3,290,293,291
"During scheduled trip",-3,285,288,291
"During scheduled trip",-3,277,280,291
"During scheduled trip",-3,301,304,291
"During scheduled trip",-3,350,353,291
"During scheduled trip",-3,714,717,291
"During scheduled trip",-3,1624,1627,291
"During scheduled trip",-3,411,414,291
"During scheduled trip",-3,542,545,291
"During scheduled trip",-3,5167,5170,291
"During scheduled trip",-3,157,160,291
"During scheduled trip",-3,648,651,291
"During scheduled trip",-3,517468,517471,291
"During scheduled trip",-3,149,152,291
"During scheduled trip",-3,453,456,291
"During scheduled trip",-3,538,541,291
"During scheduled trip",-3,167,170,291
"During scheduled trip",-3,1429,1432,291
"During scheduled trip",-3,217,220,291
"During scheduled trip",-3,1411,1414,291
"During scheduled trip",-3,3411,3414,291
"During scheduled trip",-3,1312,1315,291
"During scheduled trip",-3,41,44,291
"During scheduled trip",-3,238,241,291
"During scheduled trip",-3,174,177,291
"During scheduled trip",-3,640,643,291
"During scheduled trip",-3,87,90,291
"During scheduled trip",-3,1249,1252,291
"During scheduled trip",-3,339,342,291
"During scheduled trip",-3,225,228,291
"During scheduled trip",-3,68,71,291
"During scheduled trip",-3,519,522,291
"During scheduled trip",-3,2700,2703,291
"During scheduled trip",-3,821,824,291
"During scheduled trip",-3,517648,517651,291
"During scheduled trip",-3,3507,3510,291
"During scheduled trip",-3,656,659,291
"During scheduled trip",-3,1097,1100,291
"During scheduled trip",-3,426,429,291
"During scheduled trip",-3,1554,1557,291
"During scheduled trip",-3,514,517,291
"During scheduled trip",-3,738,741,291
"During scheduled trip",-3,4,7,291
"During scheduled trip",-3,793,796,291
"During scheduled trip",-3,9,12,291
"During scheduled trip",-3,219,222,291
"During scheduled trip",-3,273,276,291
"During scheduled trip",-3,1221,1224,291
"During scheduled trip",-3,229,232,291
"During scheduled trip",-3,774,777,291
"During scheduled trip",-3,276,279,291
"During scheduled trip",-3,22,25,291
"During scheduled trip",-3,2391,2394,291
"During scheduled trip",-3,377,380,291
"During scheduled trip",-3,1049,1052,291
"During scheduled trip",-3,75,78,291
"During scheduled trip",-3,391,394,291
"During scheduled trip",-3,230,233,291
"During scheduled trip",-3,2811,2814,291
"During scheduled trip",-3,939,942,291
"During scheduled trip",-3,936,939,291
"During scheduled trip",-3,2460,2463,291
"During scheduled trip",-3,541,544,291
"During scheduled trip",-3,549,552,291
"During scheduled trip",-3,691,694,291
"During scheduled trip",-3,590,593,291
"During scheduled trip",-3,664,667,291
"During scheduled trip",-3,474,477,291
"During scheduled trip",-3,877,880,291
"During scheduled trip",-3,980,983,291
"During scheduled trip",-3,1159,1162,291
"During scheduled trip",-3,528,531,291
"During scheduled trip",-3,218,221,291
"During scheduled trip",-3,1000,1003,291
"During scheduled trip",-3,380,383,291
"During scheduled trip",-3,1640,1643,291
"During scheduled trip",-3,16,19,291
"During scheduled trip",-3,1036,1039,291
"During scheduled trip",-3,1561,1564,291
"During scheduled trip",-3,1074,1077,291
"During scheduled trip",-3,1494,1497,291
"During scheduled trip",-3,530,533,291
"During scheduled trip",-3,249,252,291
"During scheduled trip",-3,211,214,291
"During scheduled trip",-3,787,790,291
"During scheduled trip",-3,730,733,291
"During scheduled trip",-3,165,168,291
"During scheduled trip",-3,480,483,291
"During scheduled trip",-3,118,121,291
"During scheduled trip",-3,1269,1272,291
"During scheduled trip",-3,2551,2554,291
"During scheduled trip",-3,1129,1132,291
"During scheduled trip",-3,409,412,291
"During scheduled trip",-3,94,97,291
"During scheduled trip",-3,73,76,291
"During scheduled trip",-3,2431,2434,291
"During scheduled trip",-3,-9,-6,291
"During scheduled trip",-3,10,13,291
"During scheduled trip",-3,160,163,291
"During scheduled trip",-3,130,133,291
"During scheduled trip",-3,848,851,291
"During scheduled trip",-3,14672,14675,291
"During scheduled trip",-3,182,185,291
"During scheduled trip",-3,200,203,291
"During scheduled trip",-3,2,5,291
"During scheduled trip",-3,669,672,291
"During scheduled trip",-3,517548,517551,291
"During scheduled trip",-3,558,561,291
"During scheduled trip",-3,798,801,291
"During scheduled trip",-3,634,637,291
"During scheduled trip",-3,405,408,291
"During scheduled trip",-3,1314,1317,291
"During scheduled trip",-3,14912,14915,291
"During scheduled trip",-3,460,463,291
"During scheduled trip",-3,-17,-14,291
"During scheduled trip",-3,768,771,291
"During scheduled trip",-3,29,32,291
"During scheduled trip",-3,1109,1112,291
"During scheduled trip",-3,601,604,291
"During scheduled trip",-3,1245,1248,291
"During scheduled trip",-3,2041,2044,291
"Post scheduled trip end time",-3,240,243,4020.5
"Post scheduled trip end time",-3,19598,19601,4020.5
"Post scheduled trip end time",-3,10770,10773,4020.5
"Post scheduled trip end time",-3,6754,6757,4020.5
"Post scheduled trip end time",-3,395,398,4020.5
"Post scheduled trip end time",-3,13246,13249,4020.5
"Post scheduled trip end time",-3,13050,13053,4020.5
"Post scheduled trip end time",-3,9870,9873,4020.5
"Post scheduled trip end time",-3,10490,10493,4020.5
"Post scheduled trip end time",-3,660,663,4020.5
"Post scheduled trip end time",-3,8878,8881,4020.5
"Post scheduled trip end time",-3,17346,17349,4020.5
"Post scheduled trip end time",-3,15230,15233,4020.5
"Post scheduled trip end time",-3,18194,18197,4020.5
"Post scheduled trip end time",-3,1514,1517,4020.5
"Post scheduled trip end time",-3,12794,12797,4020.5
"Post scheduled trip end time",-3,7252,7255,4020.5
"Post scheduled trip end time",-3,15291,15294,4020.5
"Post scheduled trip end time",-3,537428,537431,4020.5
"Post scheduled trip end time",-3,503,506,4020.5
"Post scheduled trip end time",-3,167,170,4020.5
"Post scheduled trip end time",-3,286,289,4020.5
"Post scheduled trip end time",-3,11406,11409,4020.5
"Post scheduled trip end time",-3,7738,7741,4020.5
"Post scheduled trip end time",-3,13872,13875,4020.5
"Post scheduled trip end time",-3,6971,6974,4020.5
"Post scheduled trip end time",-3,13081,13084,4020.5
"Post scheduled trip end time",-3,699,702,4020.5
"Post scheduled trip end time",-3,17210,17213,4020.5
"Post scheduled trip end time",-3,16010,16013,4020.5
"Post scheduled trip end time",-3,11814,11817,4020.5
"Post scheduled trip end time",-3,19357,19360,4020.5
"Post scheduled trip end time",-3,12494,12497,4020.5
"Post scheduled trip end time",-3,12634,12637,4020.5
"Post scheduled trip end time",-3,13278,13281,4020.5
"Post scheduled trip end time",-3,519748,519751,4020.5
"Post scheduled trip end time",-3,558,561,4020.5
"Post scheduled trip end time",-3,1972,1975,4020.5
"Post scheduled trip end time",-3,1950,1953,4020.5
"Post scheduled trip end time",-3,13714,13717,4020.5
"Post scheduled trip end time",-3,8514,8517,4020.5
"Post scheduled trip end time",-3,8321,8324,4020.5
"Post scheduled trip end time",-3,9868,9871,4020.5
"Post scheduled trip end time",-3,4601,4604,4020.5
"Post scheduled trip end time",-3,7732,7735,4020.5
"Post scheduled trip end time",-3,390,393,4020.5
"Post scheduled trip end time",-3,12586,12589,4020.5
"Post scheduled trip end time",-3,22018,22021,4020.5
"Post scheduled trip end time",-3,7501,7504,4020.5
"Post scheduled trip end time",-3,8661,8664,4020.5
"Post scheduled trip end time",-3,1434,1437,4020.5
"Post scheduled trip end time",-3,10701,10704,4020.5
"Post scheduled trip end time",-3,12341,12344,4020.5
"Post scheduled trip end time",-3,19212,19215,4020.5
"Post scheduled trip end time",-3,3819,3822,4020.5
"Post scheduled trip end time",-3,1653,1656,4020.5
"Post scheduled trip end time",-3,7988,7991,4020.5
"Post scheduled trip end time",-3,10652,10655,4020.5
"Post scheduled trip end time",-3,8908,8911,4020.5
"Post scheduled trip end time",-3,17670,17673,4020.5
"Post scheduled trip end time",-3,885,888,4020.5
"Post scheduled trip end time",-3,2051,2054,4020.5
"Post scheduled trip end time",-3,2851,2854,4020.5
"Post scheduled trip end time",-3,22392,22395,4020.5
"Post scheduled trip end time",-3,8081,8084,4020.5
"Post scheduled trip end time",-3,3174,3177,4020.5
"Post scheduled trip end time",-3,3114,3117,4020.5
"Post scheduled trip end time",-3,18492,18495,4020.5
"Post scheduled trip end time",-3,433,436,4020.5
"Post scheduled trip end time",-3,531288,531291,4020.5
"Post scheduled trip end time",-3,2499,2502,4020.5
"Post scheduled trip end time",-3,298,301,4020.5
"Post scheduled trip end time",-3,16651,16654,4020.5
"Post scheduled trip end time",-3,7546,7549,4020.5
"Post scheduled trip end time",-3,10830,10833,4020.5
"Post scheduled trip end time",-3,26752,26755,4020.5
"Post scheduled trip end time",-3,18972,18975,4020.5
"Post scheduled trip end time",-3,535548,535551,4020.5
"Post scheduled trip end time",-3,5348,5351,4020.5
"Post scheduled trip end time",-3,17872,17875,4020.5
"Post scheduled trip end time",-3,1072,1075,4020.5
"Post scheduled trip end time",-3,414,417,4020.5
"Post scheduled trip end time",-3,2632,2635,4020.5
"Post scheduled trip end time",-3,158,161,4020.5
"Post scheduled trip end time",-3,26252,26255,4020.5
"Post scheduled trip end time",-3,14901,14904,4020.5
"Post scheduled trip end time",-3,9861,9864,4020.5
"Post scheduled trip end time",-3,18712,18715,4020.5
"Post scheduled trip end time",-3,5272,5275,4020.5
"Post scheduled trip end time",-3,2354,2357,4020.5
"Post scheduled trip end time",-3,573,576,4020.5
"Post scheduled trip end time",-3,6650,6653,4020.5
"Post scheduled trip end time",-3,21398,21401,4020.5
"Post scheduled trip end time",-3,23292,23295,4020.5
"Post scheduled trip end time",-3,3214,3217,4020.5
"Post scheduled trip end time",-3,855,858,4020.5
"Post scheduled trip end time",-3,7778,7781,4020.5
"Post scheduled trip end time",-3,1706,1709,4020.5
"Post scheduled trip end time",-3,529528,529531,4020.5
"Post scheduled trip end time",-3,6772,6775,4020.5
"Post scheduled trip end time",-3,2932,2935,4020.5
"Post scheduled trip end time",-3,7968,7971,4020.5
"Post scheduled trip end time",-3,166,169,4020.5
"Post scheduled trip end time",-3,716,719,4020.5
"Post scheduled trip end time",-3,3118,3121,4020.5
"Post scheduled trip end time",-3,5329,5332,4020.5
"Post scheduled trip end time",-3,18338,18341,4020.5
"Post scheduled trip end time",-3,3514,3517,4020.5
"Post scheduled trip end time",-3,1577,1580,4020.5
"Post scheduled trip end time",-3,9651,9654,4020.5
"Post scheduled trip end time",-3,2193,2196,4020.5
"Post scheduled trip end time",-3,5391,5394,4020.5
"Post scheduled trip end time",-3,533508,533511,4020.5
"Post scheduled trip end time",-3,506,509,4020.5
"Post scheduled trip end time",-3,19008,19011,4020.5
"Post scheduled trip end time",-3,5786,5789,4020.5
"Post scheduled trip end time",-3,6726,6729,4020.5
"Post scheduled trip end time",-3,9657,9660,4020.5
"Post scheduled trip end time",-3,3399,3402,4020.5
"Post scheduled trip end time",-3,8614,8617,4020.5
"Post scheduled trip end time",-3,30932,30935,4020.5
"Post scheduled trip end time",-3,1638,1641,4020.5
"Post scheduled trip end time",-3,2548,2551,4020.5
"Post scheduled trip end time",-3,6094,6097,4020.5
"Post scheduled trip end time",-3,2452,2455,4020.5
"Post scheduled trip end time",-3,19311,19314,4020.5
"Post scheduled trip end time",-3,14166,14169,4020.5
"Post scheduled trip end time",-3,7608,7611,4020.5
"Post scheduled trip end time",-3,28352,28355,4020.5
"Post scheduled trip end time",-3,9798,9801,4020.5
"Post scheduled trip end time",-3,27652,27655,4020.5
"Post scheduled trip end time",-3,15757,15760,4020.5
"Post scheduled trip end time",-3,524688,524691,4020.5
"Post scheduled trip end time",-3,4850,4853,4020.5
"Post scheduled trip end time",-3,111,114,4020.5
"Post scheduled trip end time",-3,1010,1013,4020.5
"Post scheduled trip end time",-3,1079,1082,4020.5
"Post scheduled trip end time",-3,1139,1142,4020.5
"Post scheduled trip end time",-3,6105,6108,4020.5
"Post scheduled trip end time",-3,815,818,4020.5
"Post scheduled trip end time",-3,5890,5893,4020.5
"Post scheduled trip end time",-3,7730,7733,4020.5
"Post scheduled trip end time",-3,19654,19657,4020.5
"Post scheduled trip end time",-3,19834,19837,4020.5
"Post scheduled trip end time",-3,28192,28195,4020.5
"Post scheduled trip end time",-3,15641,15644,4020.5
"Post scheduled trip end time",-3,14018,14021,4020.5
"Post scheduled trip end time",-3,2820,2823,4020.5
"Post scheduled trip end time",-3,2119,2122,4020.5
"Post scheduled trip end time",-3,10386,10389,4020.5
"Post scheduled trip end time",-3,145,148,4020.5
"Post scheduled trip end time",-3,20454,20457,4020.5
"Post scheduled trip end time",-3,4815,4818,4020.5
"Post scheduled trip end time",-3,579,582,4020.5
"Post scheduled trip end time",-3,16321,16324,4020.5
"Post scheduled trip end time",-3,7541,7544,4020.5
"Post scheduled trip end time",-3,2234,2237,4020.5
"Post scheduled trip end time",-3,18692,18695,4020.5
"Post scheduled trip end time",-3,10610,10613,4020.5
"Post scheduled trip end time",-3,3261,3264,4020.5
"Post scheduled trip end time",-3,6001,6004,4020.5
"Post scheduled trip end time",-3,14192,14195,4020.5
"Post scheduled trip end time",-3,7785,7788,4020.5
"Post scheduled trip end time",-3,6092,6095,4020.5
"Post scheduled trip end time",-3,1750,1753,4020.5
"Post scheduled trip end time",-3,2207,2210,4020.5
"Post scheduled trip end time",-3,14238,14241,4020.5
"Post scheduled trip end time",-3,2570,2573,4020.5
"Post scheduled trip end time",-3,18318,18321,4020.5
"Post scheduled trip end time",-3,7001,7004,4020.5
"Post scheduled trip end time",-3,17888,17891,4020.5
"Post scheduled trip end time",-3,5945,5948,4020.5
"Post scheduled trip end time",-3,6561,6564,4020.5
"Post scheduled trip end time",-3,1790,1793,4020.5
"Post scheduled trip end time",-3,11941,11944,4020.5
"Post scheduled trip end time",-3,532968,532971,4020.5
"Post scheduled trip end time",-3,533368,533371,4020.5
"Post scheduled trip end time",-3,653,656,4020.5
"Post scheduled trip end time",-3,10551,10554,4020.5
"Post scheduled trip end time",-3,7292,7295,4020.5
"Post scheduled trip end time",-3,760,763,4020.5
"Post scheduled trip end time",-3,92,95,4020.5
"Post scheduled trip end time",-3,1221,1224,4020.5
"Post scheduled trip end time",-3,2332,2335,4020.5
"Post scheduled trip end time",-3,6037,6040,4020.5
"Post scheduled trip end time",-3,4177,4180,4020.5
"Post scheduled trip end time",-3,10348,10351,4020.5
"Post scheduled trip end time",-3,14532,14535,4020.5
"Post scheduled trip end time",-3,761,764,4020.5
"Post scheduled trip end time",-3,10632,10635,4020.5
"Post scheduled trip end time",-3,26092,26095,4020.5
"Post scheduled trip end time",-3,10920,10923,4020.5
"Post scheduled trip end time",-3,5161,5164,4020.5
"Post scheduled trip end time",-3,533968,533971,4020.5
"Post scheduled trip end time",-3,578,581,4020.5
"Post scheduled trip end time",-3,5350,5353,4020.5
"Post scheduled trip end time",-3,6510,6513,4020.5
"Post scheduled trip end time",-3,519,522,4020.5
"Post scheduled trip end time",-3,8581,8584,4020.5
"Post scheduled trip end time",-3,9001,9004,4020.5
"Post scheduled trip end time",-3,39,42,4020.5
"Post scheduled trip end time",-3,7494,7497,4020.5
"Post scheduled trip end time",-3,9521,9524,4020.5
"Post scheduled trip end time",-3,7751,7754,4020.5
"Post scheduled trip end time",-3,1558,1561,4020.5
"Post scheduled trip end time",-3,96,99,4020.5
"Post scheduled trip end time",-3,17105,17108,4020.5
"Post scheduled trip end time",-3,8532,8535,4020.5
"Post scheduled trip end time",-3,8750,8753,4020.5
"Post scheduled trip end time",-3,4171,4174,4020.5
"Post scheduled trip end time",-3,17912,17915,4020.5
"Post scheduled trip end time",-3,4371,4374,4020.5
"Post scheduled trip end time",-3,6921,6924,4020.5
"Post scheduled trip end time",-3,1518,1521,4020.5
"Post scheduled trip end time",-3,13525,13528,4020.5
"Post scheduled trip end time",-3,3468,3471,4020.5
"Post scheduled trip end time",-3,5108,5111,4020.5
"Post scheduled trip end time",-3,13025,13028,4020.5
"Post scheduled trip end time",-3,1175,1178,4020.5
"Post scheduled trip end time",-3,0,3,4020.5
"Post scheduled trip end time",-3,33710,33713,4020.5
"Post scheduled trip end time",-3,874,877,4020.5
"Post scheduled trip end time",-3,7121,7124,4020.5
"Post scheduled trip end time",-3,4551,4554,4020.5
"Post scheduled trip end time",-3,600,603,4020.5
"Post scheduled trip end time",-3,8292,8295,4020.5
"Post scheduled trip end time",-3,15292,15295,4020.5
"Post scheduled trip end time",-3,2070,2073,4020.5
"Post scheduled trip end time",-3,2230,2233,4020.5
"Post scheduled trip end time",-3,4775,4778,4020.5
"Post scheduled trip end time",-3,31752,31755,4020.5
"Post scheduled trip end time",-3,15652,15655,4020.5
"Post scheduled trip end time",-3,1418,1421,4020.5
"Post scheduled trip end time",-3,9146,9149,4020.5
"Post scheduled trip end time",-3,1298,1301,4020.5
"Post scheduled trip end time",-3,7052,7055,4020.5
"Post scheduled trip end time",-3,7491,7494,4020.5
"Post scheduled trip end time",-3,485,488,4020.5
"Post scheduled trip end time",-3,12218,12221,4020.5
"Post scheduled trip end time",-3,969,972,4020.5
"Post scheduled trip end time",-3,838,841,4020.5
"Post scheduled trip end time",-3,537808,537811,4020.5
"Post scheduled trip end time",-3,616,619,4020.5
"Post scheduled trip end time",-3,169,172,4020.5
"Post scheduled trip end time",-3,15550,15553,4020.5
"Post scheduled trip end time",-3,20030,20033,4020.5
"Post scheduled trip end time",-3,8201,8204,4020.5
"Post scheduled trip end time",-3,12418,12421,4020.5
"Post scheduled trip end time",-3,541168,541171,4020.5
"Post scheduled trip end time",-3,19371,19374,4020.5
"Post scheduled trip end time",-3,9717,9720,4020.5
"Post scheduled trip end time",-3,151,154,4020.5
"Post scheduled trip end time",-3,15,18,4020.5
"Post scheduled trip end time",-3,3106,3109,4020.5
"Post scheduled trip end time",-3,72,75,4020.5
"Post scheduled trip end time",-3,35452,35455,4020.5
"Post scheduled trip end time",-3,18838,18841,4020.5
"Post scheduled trip end time",-3,14412,14415,4020.5
"Post scheduled trip end time",-3,21632,21635,4020.5
"Post scheduled trip end time",-3,7661,7664,4020.5
"Post scheduled trip end time",-3,11198,11201,4020.5
"Post scheduled trip end time",-3,10461,10464,4020.5
"Post scheduled trip end time",-3,477,480,4020.5
"Post scheduled trip end time",-3,3352,3355,4020.5
"Post scheduled trip end time",-3,954,957,4020.5
"Post scheduled trip end time",-3,16141,16144,4020.5
"Post scheduled trip end time",-3,14171,14174,4020.5
"Post scheduled trip end time",-3,517,520,4020.5
"Post scheduled trip end time",-3,538008,538011,4020.5
"Post scheduled trip end time",-3,7666,7669,4020.5
"Post scheduled trip end time",-3,302,305,4020.5
"Post scheduled trip end time",-3,10834,10837,4020.5
"Post scheduled trip end time",-3,22418,22421,4020.5
"Post scheduled trip end time",-3,14394,14397,4020.5
"Post scheduled trip end time",-3,10390,10393,4020.5
"Post scheduled trip end time",-3,6100,6103,4020.5
"Post scheduled trip end time",-3,14061,14064,4020.5
"Post scheduled trip end time",-3,3917,3920,4020.5
"Post scheduled trip end time",-3,1849,1852,4020.5
"Post scheduled trip end time",-3,898,901,4020.5
"Post scheduled trip end time",-3,530868,530871,4020.5
"Post scheduled trip end time",-3,9088,9091,4020.5
"Post scheduled trip end time",-3,350,353,4020.5
"Post scheduled trip end time",-3,8220,8223,4020.5
"Post scheduled trip end time",-3,64,67,4020.5
"Post scheduled trip end time",-3,17712,17715,4020.5
"Post scheduled trip end time",-3,13738,13741,4020.5
"Post scheduled trip end time",-3,4281,4284,4020.5
"Post scheduled trip end time",-3,5731,5734,4020.5
"Post scheduled trip end time",-3,446,449,4020.5
"Post scheduled trip end time",-3,9297,9300,4020.5
"Post scheduled trip end time",-3,16565,16568,4020.5
"Post scheduled trip end time",-3,3043,3046,4020.5
"Post scheduled trip end time",-3,48,51,4020.5
"Post scheduled trip end time",-3,27092,27095,4020.5
"Post scheduled trip end time",-3,21652,21655,4020.5
"Post scheduled trip end time",-3,9134,9137,4020.5
"Post scheduled trip end time",-3,289,292,4020.5
"Post scheduled trip end time",-3,4126,4129,4020.5
"Post scheduled trip end time",-3,9268,9271,4020.5
"Post scheduled trip end time",-3,5741,5744,4020.5
"Post scheduled trip end time",-3,751,754,4020.5
"Post scheduled trip end time",-3,14026,14029,4020.5
"Post scheduled trip end time",-3,15826,15829,4020.5
"Post scheduled trip end time",-3,125,128,4020.5
"Post scheduled trip end time",-3,633,636,4020.5
"Post scheduled trip end time",-3,521808,521811,4020.5
"Post scheduled trip end time",-3,567,570,4020.5
"Post scheduled trip end time",-3,8552,8555,4020.5
"Post scheduled trip end time",-3,5825,5828,4020.5
"Post scheduled trip end time",-3,18112,18115,4020.5
"Post scheduled trip end time",-3,11351,11354,4020.5
"Post scheduled trip end time",-3,7581,7584,4020.5
"Post scheduled trip end time",-3,9641,9644,4020.5
"Post scheduled trip end time",-3,4995,4998,4020.5
"Post scheduled trip end time",-3,4032,4035,4020.5
"Post scheduled trip end time",-3,2178,2181,4020.5
"Post scheduled trip end time",-3,530788,530791,4020.5
"Post scheduled trip end time",-3,18651,18654,4020.5
"Post scheduled trip end time",-3,528,531,4020.5
"Post scheduled trip end time",-3,3401,3404,4020.5
"Post scheduled trip end time",-3,1665,1668,4020.5
"Post scheduled trip end time",-3,11400,11403,4020.5
"Post scheduled trip end time",-3,11314,11317,4020.5
"Post scheduled trip end time",-3,3000,3003,4020.5
"Post scheduled trip end time",-3,1979,1982,4020.5
"Post scheduled trip end time",-3,7125,7128,4020.5
"Post scheduled trip end time",-3,3374,3377,4020.5
"Post scheduled trip end time",-3,2592,2595,4020.5
"Post scheduled trip end time",-3,8166,8169,4020.5
"Post scheduled trip end time",-3,9154,9157,4020.5
"Post scheduled trip end time",-3,14252,14255,4020.5
"Post scheduled trip end time",-3,6288,6291,4020.5
"Post scheduled trip end time",-3,238,241,4020.5
"Post scheduled trip end time",-3,16411,16414,4020.5
"Post scheduled trip end time",-3,17971,17974,4020.5
"Post scheduled trip end time",-3,538288,538291,4020.5
"Post scheduled trip end time",-3,5694,5697,4020.5
"Post scheduled trip end time",-3,2599,2602,4020.5
"Post scheduled trip end time",-3,14630,14633,4020.5
"Post scheduled trip end time",-3,32632,32635,4020.5
"Post scheduled trip end time",-3,4628,4631,4020.5
"Post scheduled trip end time",-3,522388,522391,4020.5
"Post scheduled trip end time",-3,1143,1146,4020.5
"Post scheduled trip end time",-3,14111,14114,4020.5
"Post scheduled trip end time",-3,15078,15081,4020.5
"Post scheduled trip end time",-3,2268,2271,4020.5
"Post scheduled trip end time",-3,12366,12369,4020.5
"Post scheduled trip end time",-3,31,34,4020.5
"Post scheduled trip end time",-3,13001,13004,4020.5
"Post scheduled trip end time",-3,397,400,4020.5
"Post scheduled trip end time",-3,4761,4764,4020.5
"Post scheduled trip end time",-3,1477,1480,4020.5
"Post scheduled trip end time",-3,1717,1720,4020.5
"Post scheduled trip end time",-3,635,638,4020.5
"Post scheduled trip end time",-3,8972,8975,4020.5
"Post scheduled trip end time",-3,5266,5269,4020.5
"Post scheduled trip end time",-3,162,165,4020.5
"Post scheduled trip end time",-3,2939,2942,4020.5
"Post scheduled trip end time",-3,3239,3242,4020.5
"Post scheduled trip end time",-3,8070,8073,4020.5
"Post scheduled trip end time",-3,1486,1489,4020.5
"Post scheduled trip end time",-3,541408,541411,4020.5
"Post scheduled trip end time",-3,1337,1340,4020.5
"Post scheduled trip end time",-3,833,836,4020.5
"Post scheduled trip end time",-3,11581,11584,4020.5
"Post scheduled trip end time",-3,5932,5935,4020.5
"Post scheduled trip end time",-3,8172,8175,4020.5
"Post scheduled trip end time",-3,11280,11283,4020.5
"Post scheduled trip end time",-3,7191,7194,4020.5
"Post scheduled trip end time",-3,678,681,4020.5
"Post scheduled trip end time",-3,11426,11429,4020.5
"Post scheduled trip end time",-3,3281,3284,4020.5
"Post scheduled trip end time",-3,6821,6824,4020.5
"Post scheduled trip end time",-3,189,192,4020.5
"Post scheduled trip end time",-3,18374,18377,4020.5
"Post scheduled trip end time",-3,3115,3118,4020.5
"Post scheduled trip end time",-3,11032,11035,4020.5
"Post scheduled trip end time",-3,10772,10775,4020.5
"Post scheduled trip end time",-3,14351,14354,4020.5
"Post scheduled trip end time",-3,1792,1795,4020.5
"Post scheduled trip end time",-3,20938,20941,4020.5
"Post scheduled trip end time",-3,8157,8160,4020.5
"Post scheduled trip end time",-3,18732,18735,4020.5
"Post scheduled trip end time",-3,5652,5655,4020.5
"Post scheduled trip end time",-3,539348,539351,4020.5
"Post scheduled trip end time",-3,7821,7824,4020.5
"Post scheduled trip end time",-3,1940,1943,4020.5
"Post scheduled trip end time",-3,17212,17215,4020.5
"Post scheduled trip end time",-3,725,728,4020.5
"Post scheduled trip end time",-3,2326,2329,4020.5
"Post scheduled trip end time",-3,5088,5091,4020.5
"Post scheduled trip end time",-3,6088,6091,4020.5
"Post scheduled trip end time",-3,14991,14994,4020.5
"Post scheduled trip end time",-3,538228,538231,4020.5
"Post scheduled trip end time",-3,3445,3448,4020.5
"Post scheduled trip end time",-3,4721,4724,4020.5
"Post scheduled trip end time",-3,526,529,4020.5
"Post scheduled trip end time",-3,6041,6044,4020.5
"Post scheduled trip end time",-3,1980,1983,4020.5
"Post scheduled trip end time",-3,15958,15961,4020.5
"Post scheduled trip end time",-3,3912,3915,4020.5
"Post scheduled trip end time",-3,525448,525451,4020.5
"Post scheduled trip end time",-3,9577,9580,4020.5
"Post scheduled trip end time",-3,11461,11464,4020.5
"Post scheduled trip end time",-3,6490,6493,4020.5
"Post scheduled trip end time",-3,181,184,4020.5
"Post scheduled trip end time",-3,20518,20521,4020.5
"Post scheduled trip end time",-3,17838,17841,4020.5
"Post scheduled trip end time",-3,11532,11535,4020.5
"Post scheduled trip end time",-3,4537,4540,4020.5
"Post scheduled trip end time",-3,7308,7311,4020.5
"Post scheduled trip end time",-3,643,646,4020.5
"Post scheduled trip end time",-3,12671,12674,4020.5
"Post scheduled trip end time",-3,541108,541111,4020.5
"Post scheduled trip end time",-3,542228,542231,4020.5
"Post scheduled trip end time",-3,1872,1875,4020.5
"Post scheduled trip end time",-3,8386,8389,4020.5
"Post scheduled trip end time",-3,4010,4013,4020.5
"Post scheduled trip end time",-3,26132,26135,4020.5
"Post scheduled trip end time",-3,640,643,4020.5
"Post scheduled trip end time",-3,1800,1803,4020.5
"Post scheduled trip end time",-3,22772,22775,4020.5
"Post scheduled trip end time",-3,14738,14741,4020.5
"Post scheduled trip end time",-3,3372,3375,4020.5
"Post scheduled trip end time",-3,10628,10631,4020.5
"Post scheduled trip end time",-3,17065,17068,4020.5
"Post scheduled trip end time",-3,533648,533651,4020.5
"Post scheduled trip end time",-3,12932,12935,4020.5
"Post scheduled trip end time",-3,6388,6391,4020.5
"Post scheduled trip end time",-3,2248,2251,4020.5
"Post scheduled trip end time",-3,10446,10449,4020.5
"Post scheduled trip end time",-3,537508,537511,4020.5
"Post scheduled trip end time",-3,36,39,4020.5
"Post scheduled trip end time",-3,74,77,4020.5
"Post scheduled trip end time",-3,535868,535871,4020.5
"Post scheduled trip end time",-3,524368,524371,4020.5
"Post scheduled trip end time",-3,5201,5204,4020.5
"Post scheduled trip end time",-3,20711,20714,4020.5
"Post scheduled trip end time",-3,992,995,4020.5
"Post scheduled trip end time",-3,13905,13908,4020.5
"Post scheduled trip end time",-3,8912,8915,4020.5
"Post scheduled trip end time",-3,3803,3806,4020.5
"Post scheduled trip end time",-3,560,563,4020.5
"Post scheduled trip end time",-3,2420,2423,4020.5
"Post scheduled trip end time",-3,568,571,4020.5
"Post scheduled trip end time",-3,1498,1501,4020.5
"Post scheduled trip end time",-3,12965,12968,4020.5
"Post scheduled trip end time",-3,10030,10033,4020.5
"Post scheduled trip end time",-3,407,410,4020.5
"Post scheduled trip end time",-3,3074,3077,4020.5
"Post scheduled trip end time",-3,77,80,4020.5
"Post scheduled trip end time",-3,2629,2632,4020.5
"Post scheduled trip end time",-3,28804,28807,4020.5
"Post scheduled trip end time",-3,15506,15509,4020.5
"Post scheduled trip end time",-3,18018,18021,4020.5
"Post scheduled trip end time",-3,24932,24935,4020.5
"Post scheduled trip end time",-3,13452,13455,4020.5
"Post scheduled trip end time",-3,1546,1549,4020.5
"Post scheduled trip end time",-3,536148,536151,4020.5
"Post scheduled trip end time",-3,8497,8500,4020.5
"Post scheduled trip end time",-3,3379,3382,4020.5
"Post scheduled trip end time",-3,16245,16248,4020.5
"Post scheduled trip end time",-3,1595,1598,4020.5
"Post scheduled trip end time",-3,7330,7333,4020.5
"Post scheduled trip end time",-3,24292,24295,4020.5
"Post scheduled trip end time",-3,27992,27995,4020.5
"Post scheduled trip end time",-3,8148,8151,4020.5
"Post scheduled trip end time",-3,5561,5564,4020.5
"Post scheduled trip end time",-3,175,178,4020.5
"Post scheduled trip end time",-3,191,194,4020.5
"Post scheduled trip end time",-3,9448,9451,4020.5
"Post scheduled trip end time",-3,456,459,4020.5
"Post scheduled trip end time",-3,667,670,4020.5
"Post scheduled trip end time",-3,11146,11149,4020.5
"Post scheduled trip end time",-3,11094,11097,4020.5
"Post scheduled trip end time",-3,14314,14317,4020.5
"Post scheduled trip end time",-3,15214,15217,4020.5
"Post scheduled trip end time",-3,1074,1077,4020.5
"Post scheduled trip end time",-3,4346,4349,4020.5
"Post scheduled trip end time",-3,4152,4155,4020.5
"Post scheduled trip end time",-3,540108,540111,4020.5
"Post scheduled trip end time",-3,10954,10957,4020.5
"Post scheduled trip end time",-3,3355,3358,4020.5
"Post scheduled trip end time",-3,108,111,4020.5
"Post scheduled trip end time",-3,3026,3029,4020.5
"Post scheduled trip end time",-3,525988,525991,4020.5
"Post scheduled trip end time",-3,3408,3411,4020.5
"Post scheduled trip end time",-3,16530,16533,4020.5
"Post scheduled trip end time",-3,18506,18509,4020.5
"Post scheduled trip end time",-3,12194,12197,4020.5
"Post scheduled trip end time",-3,6834,6837,4020.5
"Post scheduled trip end time",-3,9061,9064,4020.5
"Post scheduled trip end time",-3,12878,12881,4020.5
"Post scheduled trip end time",-3,5700,5703,4020.5
"Post scheduled trip end time",-3,5971,5974,4020.5
"Post scheduled trip end time",-3,2857,2860,4020.5
"Post scheduled trip end time",-3,12726,12729,4020.5
"Post scheduled trip end time",-3,2232,2235,4020.5
"Post scheduled trip end time",-3,15518,15521,4020.5
"Post scheduled trip end time",-3,11132,11135,4020.5
"Post scheduled trip end time",-3,9241,9244,4020.5
"Post scheduled trip end time",-3,631,634,4020.5
"Post scheduled trip end time",-3,13885,13888,4020.5
"Post scheduled trip end time",-3,24750,24753,4020.5
"Post scheduled trip end time",-3,9920,9923,4020.5
"Post scheduled trip end time",-3,15152,15155,4020.5
"Post scheduled trip end time",-3,11318,11321,4020.5
"Post scheduled trip end time",-3,2806,2809,4020.5
"Post scheduled trip end time",-3,15666,15669,4020.5
"Post scheduled trip end time",-3,1818,1821,4020.5
"Post scheduled trip end time",-3,15734,15737,4020.5
"Post scheduled trip end time",-3,20712,20715,4020.5
"Post scheduled trip end time",-3,8178,8181,4020.5
"Post scheduled trip end time",-3,4491,4494,4020.5
"Post scheduled trip end time",-3,4826,4829,4020.5
"Post scheduled trip end time",-3,3472,3475,4020.5
"Post scheduled trip end time",-3,4505,4508,4020.5
"Post scheduled trip end time",-3,3107,3110,4020.5
"Post scheduled trip end time",-3,14814,14817,4020.5
"Post scheduled trip end time",-3,9440,9443,4020.5
"Post scheduled trip end time",-3,658,661,4020.5
"Post scheduled trip end time",-3,1068,1071,4020.5
"Post scheduled trip end time",-3,993,996,4020.5
"Post scheduled trip end time",-3,11732,11735,4020.5
"Post scheduled trip end time",-3,8952,8955,4020.5
"Post scheduled trip end time",-3,231,234,4020.5
"Post scheduled trip end time",-3,5370,5373,4020.5
"Post scheduled trip end time",-3,25644,25647,4020.5
"Post scheduled trip end time",-3,294,297,4020.5
"Post scheduled trip end time",-3,15812,15815,4020.5
"Post scheduled trip end time",-3,16592,16595,4020.5
"Post scheduled trip end time",-3,370,373,4020.5
"Post scheduled trip end time",-3,12971,12974,4020.5
"Post scheduled trip end time",-3,4865,4868,4020.5
"Post scheduled trip end time",-3,5119,5122,4020.5
"Post scheduled trip end time",-3,4312,4315,4020.5
"Post scheduled trip end time",-3,12452,12455,4020.5
"Post scheduled trip end time",-3,3257,3260,4020.5
"Post scheduled trip end time",-3,1380,1383,4020.5
"Post scheduled trip end time",-3,9912,9915,4020.5
"Post scheduled trip end time",-3,8672,8675,4020.5
"Post scheduled trip end time",-3,173,176,4020.5
"Post scheduled trip end time",-3,18878,18881,4020.5
"Post scheduled trip end time",-3,532788,532791,4020.5
"Post scheduled trip end time",-3,535088,535091,4020.5
"Post scheduled trip end time",-3,4980,4983,4020.5
"Post scheduled trip end time",-3,499,502,4020.5
"Post scheduled trip end time",-3,13512,13515,4020.5
"Post scheduled trip end time",-3,7641,7644,4020.5
"Post scheduled trip end time",-3,9318,9321,4020.5
"Post scheduled trip end time",-3,4300,4303,4020.5
"Post scheduled trip end time",-3,3288,3291,4020.5
"Post scheduled trip end time",-3,5592,5595,4020.5
"Post scheduled trip end time",-3,9165,9168,4020.5
"Post scheduled trip end time",-3,5545,5548,4020.5
"Post scheduled trip end time",-3,4292,4295,4020.5
"Post scheduled trip end time",-3,5111,5114,4020.5
"Post scheduled trip end time",-3,6308,6311,4020.5
"Post scheduled trip end time",-3,626,629,4020.5
"Post scheduled trip end time",-3,16852,16855,4020.5
"Post scheduled trip end time",-3,14866,14869,4020.5
"Post scheduled trip end time",-3,666,669,4020.5
"Post scheduled trip end time",-3,3594,3597,4020.5
"Post scheduled trip end time",-3,5372,5375,4020.5
"Post scheduled trip end time",-3,6752,6755,4020.5
"Post scheduled trip end time",-3,3377,3380,4020.5
"Post scheduled trip end time",-3,13706,13709,4020.5
"Post scheduled trip end time",-3,2138,2141,4020.5
"Post scheduled trip end time",-3,536768,536771,4020.5
"Post scheduled trip end time",-3,9977,9980,4020.5
"Post scheduled trip end time",-3,2761,2764,4020.5
"Post scheduled trip end time",-3,5821,5824,4020.5
"Post scheduled trip end time",-3,33612,33615,4020.5
"Post scheduled trip end time",-3,1460,1463,4020.5
"Post scheduled trip end time",-3,8821,8824,4020.5
"Post scheduled trip end time",-3,2534,2537,4020.5
"Post scheduled trip end time",-3,1109,1112,4020.5
"Post scheduled trip end time",-3,9041,9044,4020.5
"Post scheduled trip end time",-3,13192,13195,4020.5
"Post scheduled trip end time",-3,955,958,4020.5
"Post scheduled trip end time",-3,4765,4768,4020.5
"Post scheduled trip end time",-3,12470,12473,4020.5
"Post scheduled trip end time",-3,15141,15144,4020.5
"Post scheduled trip end time",-3,3454,3457,4020.5
"Post scheduled trip end time",-3,545,548,4020.5
"Post scheduled trip end time",-3,529948,529951,4020.5
"Post scheduled trip end time",-3,220,223,4020.5
"Post scheduled trip end time",-3,4340,4343,4020.5
"Post scheduled trip end time",-3,888,891,4020.5
"Post scheduled trip end time",-3,5070,5073,4020.5
"Post scheduled trip end time",-3,14050,14053,4020.5
"Post scheduled trip end time",-3,9330,9333,4020.5
"Post scheduled trip end time",-3,9841,9844,4020.5
"Post scheduled trip end time",-3,3940,3943,4020.5
"Post scheduled trip end time",-3,4334,4337,4020.5
"Post scheduled trip end time",-3,19312,19315,4020.5
"Post scheduled trip end time",-3,521268,521271,4020.5
"Post scheduled trip end time",-3,420,423,4020.5
"Post scheduled trip end time",-3,13051,13054,4020.5
"Post scheduled trip end time",-3,7674,7677,4020.5
"Post scheduled trip end time",-3,1739,1742,4020.5
"Post scheduled trip end time",-3,8852,8855,4020.5
"Post scheduled trip end time",-3,12346,12349,4020.5
"Post scheduled trip end time",-3,33472,33475,4020.5
"Post scheduled trip end time",-3,7574,7577,4020.5
"Post scheduled trip end time",-3,15532,15535,4020.5
"Post scheduled trip end time",-3,429,432,4020.5
"Post scheduled trip end time",-3,16108,16111,4020.5
"Post scheduled trip end time",-3,542168,542171,4020.5
"Post scheduled trip end time",-3,7086,7089,4020.5
"Post scheduled trip end time",-3,11081,11084,4020.5
"Post scheduled trip end time",-3,2883,2886,4020.5
"Post scheduled trip end time",-3,19752,19755,4020.5
"Post scheduled trip end time",-3,533188,533191,4020.5
"Post scheduled trip end time",-3,3526,3529,4020.5
"Post scheduled trip end time",-3,5128,5131,4020.5
"Post scheduled trip end time",-3,5288,5291,4020.5
"Post scheduled trip end time",-3,813,816,4020.5
"Post scheduled trip end time",-3,17291,17294,4020.5
"Post scheduled trip end time",-3,10081,10084,4020.5
"Post scheduled trip end time",-3,13912,13915,4020.5
"Post scheduled trip end time",-3,534488,534491,4020.5
"Post scheduled trip end time",-3,180,183,4020.5
"Post scheduled trip end time",-3,5121,5124,4020.5
"Post scheduled trip end time",-3,13828,13831,4020.5
"Post scheduled trip end time",-3,3225,3228,4020.5
"Post scheduled trip end time",-3,4061,4064,4020.5
"Post scheduled trip end time",-3,13961,13964,4020.5
"Post scheduled trip end time",-3,519828,519831,4020.5
"Post scheduled trip end time",-3,5411,5414,4020.5
"Post scheduled trip end time",-3,318,321,4020.5
"Post scheduled trip end time",-3,1306,1309,4020.5
"Post scheduled trip end time",-3,641,644,4020.5
"Post scheduled trip end time",-3,781,784,4020.5
"Post scheduled trip end time",-3,15205,15208,4020.5
"Post scheduled trip end time",-3,104,107,4020.5
"Post scheduled trip end time",-3,11754,11757,4020.5
"Post scheduled trip end time",-3,21670,21673,4020.5
"Post scheduled trip end time",-3,249,252,4020.5
"Post scheduled trip end time",-3,5717,5720,4020.5
"Post scheduled trip end time",-3,527568,527571,4020.5
"Post scheduled trip end time",-3,208,211,4020.5
"Post scheduled trip end time",-3,10886,10889,4020.5
"Post scheduled trip end time",-3,10786,10789,4020.5
"Post scheduled trip end time",-3,16348,16351,4020.5
"Post scheduled trip end time",-3,2379,2382,4020.5
"Post scheduled trip end time",-3,18451,18454,4020.5
"Post scheduled trip end time",-3,3869,3872,4020.5
"Post scheduled trip end time",-3,1278,1281,4020.5
"Post scheduled trip end time",-3,4868,4871,4020.5
"Post scheduled trip end time",-3,232,235,4020.5
"Post scheduled trip end time",-3,541868,541871,4020.5
"Post scheduled trip end time",-3,6812,6815,4020.5
"Post scheduled trip end time",-3,10391,10394,4020.5
"Post scheduled trip end time",-3,3272,3275,4020.5
"Post scheduled trip end time",-3,4970,4973,4020.5
"Post scheduled trip end time",-3,3195,3198,4020.5
"Post scheduled trip end time",-3,16732,16735,4020.5
"Post scheduled trip end time",-3,5557,5560,4020.5
"Post scheduled trip end time",-3,5928,5931,4020.5
"Post scheduled trip end time",-3,13232,13235,4020.5
"Post scheduled trip end time",-3,12508,12511,4020.5
"Post scheduled trip end time",-3,13148,13151,4020.5
"Post scheduled trip end time",-3,1290,1293,4020.5
"Post scheduled trip end time",-3,18190,18193,4020.5
"Post scheduled trip end time",-3,17226,17229,4020.5
"Post scheduled trip end time",-3,18157,18160,4020.5
"Post scheduled trip end time",-3,1273,1276,4020.5
"Post scheduled trip end time",-3,7734,7737,4020.5
"Post scheduled trip end time",-3,9091,9094,4020.5
"Post scheduled trip end time",-3,519808,519811,4020.5
"Post scheduled trip end time",-3,6977,6980,4020.5
"Post scheduled trip end time",-3,2266,2269,4020.5
"Post scheduled trip end time",-3,7748,7751,4020.5
"Post scheduled trip end time",-3,2546,2549,4020.5
"Post scheduled trip end time",-3,7117,7120,4020.5
"Post scheduled trip end time",-3,1038,1041,4020.5
"Post scheduled trip end time",-3,1017,1020,4020.5
"Post scheduled trip end time",-3,9571,9574,4020.5
"Post scheduled trip end time",-3,6,9,4020.5
"Post scheduled trip end time",-3,33250,33253,4020.5
"Post scheduled trip end time",-3,8698,8701,4020.5
"Post scheduled trip end time",-3,9878,9881,4020.5
"Post scheduled trip end time",-3,7021,7024,4020.5
"Post scheduled trip end time",-3,373,376,4020.5
"Post scheduled trip end time",-3,6552,6555,4020.5
"Post scheduled trip end time",-3,14826,14829,4020.5
"Post scheduled trip end time",-3,5746,5749,4020.5
"Post scheduled trip end time",-3,8692,8695,4020.5
"Post scheduled trip end time",-3,4791,4794,4020.5
"Post scheduled trip end time",-3,7692,7695,4020.5
"Post scheduled trip end time",-3,32232,32235,4020.5
"Post scheduled trip end time",-3,20958,20961,4020.5
"Post scheduled trip end time",-3,6841,6844,4020.5
"Post scheduled trip end time",-3,4291,4294,4020.5
"Post scheduled trip end time",-3,21588,21591,4020.5
"Post scheduled trip end time",-3,5668,5671,4020.5
"Post scheduled trip end time",-3,9052,9055,4020.5
"Post scheduled trip end time",-3,536708,536711,4020.5
"Post scheduled trip end time",-3,4701,4704,4020.5
"Post scheduled trip end time",-3,2989,2992,4020.5
"Post scheduled trip end time",-3,2667,2670,4020.5
"Post scheduled trip end time",-3,11880,11883,4020.5
"Post scheduled trip end time",-3,33872,33875,4020.5
"Post scheduled trip end time",-3,3715,3718,4020.5
"Post scheduled trip end time",-3,7194,7197,4020.5
"Post scheduled trip end time",-3,1614,1617,4020.5
"Post scheduled trip end time",-3,18272,18275,4020.5
"Post scheduled trip end time",-3,9457,9460,4020.5
"Post scheduled trip end time",-3,11072,11075,4020.5
"Post scheduled trip end time",-3,13812,13815,4020.5
"Post scheduled trip end time",-3,257,260,4020.5
"Post scheduled trip end time",-3,11250,11253,4020.5
"Post scheduled trip end time",-3,10141,10144,4020.5
"Post scheduled trip end time",-3,3914,3917,4020.5
"Post scheduled trip end time",-3,1888,1891,4020.5
"Post scheduled trip end time",-3,163,166,4020.5
"Post scheduled trip end time",-3,223,226,4020.5
"Post scheduled trip end time",-3,1848,1851,4020.5
"Post scheduled trip end time",-3,1997,2000,4020.5
"Post scheduled trip end time",-3,6766,6769,4020.5
"Post scheduled trip end time",-3,3123,3126,4020.5
"Post scheduled trip end time",-3,10766,10769,4020.5
"Post scheduled trip end time",-3,49,52,4020.5
"Post scheduled trip end time",-3,16666,16669,4020.5
"Post scheduled trip end time",-3,13734,13737,4020.5
"Post scheduled trip end time",-3,14534,14537,4020.5
"Post scheduled trip end time",-3,88,91,4020.5
"Post scheduled trip end time",-3,21692,21695,4020.5
"Post scheduled trip end time",-3,29132,29135,4020.5
"Post scheduled trip end time",-3,4588,4591,4020.5
"Post scheduled trip end time",-3,525948,525951,4020.5
"Post scheduled trip end time",-3,2048,2051,4020.5
"Post scheduled trip end time",-3,10346,10349,4020.5
"Post scheduled trip end time",-3,1428,1431,4020.5
"Post scheduled trip end time",-3,15326,15329,4020.5
"Post scheduled trip end time",-3,9421,9424,4020.5
"Post scheduled trip end time",-3,5612,5615,4020.5
"Post scheduled trip end time",-3,13774,13777,4020.5
"Post scheduled trip end time",-3,2595,2598,4020.5
"Post scheduled trip end time",-3,9980,9983,4020.5
"Post scheduled trip end time",-3,1194,1197,4020.5
"Post scheduled trip end time",-3,13518,13521,4020.5
"Post scheduled trip end time",-3,533348,533351,4020.5
"Post scheduled trip end time",-3,535028,535031,4020.5
"Post scheduled trip end time",-3,4226,4229,4020.5
"Post scheduled trip end time",-3,2020,2023,4020.5
"Post scheduled trip end time",-3,17588,17591,4020.5
"Post scheduled trip end time",-3,10708,10711,4020.5
"Post scheduled trip end time",-3,768,771,4020.5
"Post scheduled trip end time",-3,982,985,4020.5
"Post scheduled trip end time",-3,686,689,4020.5
"Post scheduled trip end time",-3,13305,13308,4020.5
"Post scheduled trip end time",-3,14832,14835,4020.5
"Post scheduled trip end time",-3,12691,12694,4020.5
"Post scheduled trip end time",-3,7071,7074,4020.5
"Post scheduled trip end time",-3,8921,8924,4020.5
"Post scheduled trip end time",-3,7472,7475,4020.5
"Post scheduled trip end time",-3,1174,1177,4020.5
"Post scheduled trip end time",-3,3941,3944,4020.5
"Post scheduled trip end time",-3,4805,4808,4020.5
"Post scheduled trip end time",-3,19426,19429,4020.5
"Post scheduled trip end time",-3,3634,3637,4020.5
"Post scheduled trip end time",-3,12112,12115,4020.5
"Post scheduled trip end time",-3,7081,7084,4020.5
"Post scheduled trip end time",-3,8350,8353,4020.5
"Post scheduled trip end time",-3,2226,2229,4020.5
"Post scheduled trip end time",-3,1568,1571,4020.5
"Post scheduled trip end time",-3,2721,2724,4020.5
"Post scheduled trip end time",-3,1681,1684,4020.5
"Post scheduled trip end time",-3,960,963,4020.5
"Post scheduled trip end time",-3,10457,10460,4020.5
"Post scheduled trip end time",-3,3629,3632,4020.5
"Post scheduled trip end time",-3,9857,9860,4020.5
"Post scheduled trip end time",-3,547,550,4020.5
"Post scheduled trip end time",-3,2930,2933,4020.5
"Post scheduled trip end time",-3,10511,10514,4020.5
"Post scheduled trip end time",-3,1446,1449,4020.5
"Post scheduled trip end time",-3,1688,1691,4020.5
"Post scheduled trip end time",-3,9808,9811,4020.5
"Post scheduled trip end time",-3,15232,15235,4020.5
"Post scheduled trip end time",-3,10378,10381,4020.5
"Post scheduled trip end time",-3,25332,25335,4020.5
"Post scheduled trip end time",-3,12717,12720,4020.5
"Post scheduled trip end time",-3,12072,12075,4020.5
"Post scheduled trip end time",-3,2197,2200,4020.5
"Post scheduled trip end time",-3,6892,6895,4020.5
"Post scheduled trip end time",-3,6872,6875,4020.5
"Post scheduled trip end time",-3,87,90,4020.5
"Post scheduled trip end time",-3,16510,16513,4020.5
"Post scheduled trip end time",-3,9538,9541,4020.5
"Post scheduled trip end time",-3,9928,9931,4020.5
"Post scheduled trip end time",-3,6168,6171,4020.5
"Post scheduled trip end time",-3,17788,17791,4020.5
"Post scheduled trip end time",-3,14546,14549,4020.5
"Post scheduled trip end time",-3,2858,2861,4020.5
"Post scheduled trip end time",-3,6445,6448,4020.5
"Post scheduled trip end time",-3,8381,8384,4020.5
"Post scheduled trip end time",-3,18034,18037,4020.5
"Post scheduled trip end time",-3,2295,2298,4020.5
"Post scheduled trip end time",-3,10900,10903,4020.5
"Post scheduled trip end time",-3,11518,11521,4020.5
"Post scheduled trip end time",-3,15731,15734,4020.5
"Post scheduled trip end time",-3,2272,2275,4020.5
"Post scheduled trip end time",-3,6330,6333,4020.5
"Post scheduled trip end time",-3,16718,16721,4020.5
"Post scheduled trip end time",-3,17938,17941,4020.5
"Post scheduled trip end time",-3,6792,6795,4020.5
"Post scheduled trip end time",-3,28390,28393,4020.5
"Post scheduled trip end time",-3,9174,9177,4020.5
"Post scheduled trip end time",-3,5421,5424,4020.5
"Post scheduled trip end time",-3,846,849,4020.5
"Post scheduled trip end time",-3,966,969,4020.5
"Post scheduled trip end time",-3,1251,1254,4020.5
"Post scheduled trip end time",-3,566,569,4020.5
"Post scheduled trip end time",-3,5835,5838,4020.5
"Post scheduled trip end time",-3,9221,9224,4020.5
"Post scheduled trip end time",-3,2974,2977,4020.5
"Post scheduled trip end time",-3,527788,527791,4020.5
"Post scheduled trip end time",-3,14366,14369,4020.5
"Post scheduled trip end time",-3,10928,10931,4020.5
"Post scheduled trip end time",-3,8780,8783,4020.5
"Post scheduled trip end time",-3,18652,18655,4020.5
"Post scheduled trip end time",-3,767,770,4020.5
"Post scheduled trip end time",-3,1126,1129,4020.5
"Post scheduled trip end time",-3,2560,2563,4020.5
"Post scheduled trip end time",-3,12254,12257,4020.5
"Post scheduled trip end time",-3,16708,16711,4020.5
"Post scheduled trip end time",-3,2241,2244,4020.5
"Post scheduled trip end time",-3,1315,1318,4020.5
"Post scheduled trip end time",-3,8,11,4020.5
"Post scheduled trip end time",-3,7011,7014,4020.5
"Post scheduled trip end time",-3,17577,17580,4020.5
"Post scheduled trip end time",-3,201,204,4020.5
"Post scheduled trip end time",-3,3840,3843,4020.5
"Post scheduled trip end time",-3,13652,13655,4020.5
"Post scheduled trip end time",-3,1240,1243,4020.5
"Post scheduled trip end time",-3,17808,17811,4020.5
"Post scheduled trip end time",-3,10521,10524,4020.5
"Post scheduled trip end time",-3,387,390,4020.5
"Post scheduled trip end time",-3,23730,23733,4020.5
"Post scheduled trip end time",-3,7600,7603,4020.5
"Post scheduled trip end time",-3,6051,6054,4020.5
"Post scheduled trip end time",-3,3977,3980,4020.5
"Post scheduled trip end time",-3,221,224,4020.5
"Post scheduled trip end time",-3,7392,7395,4020.5
"Post scheduled trip end time",-3,1261,1264,4020.5
"Post scheduled trip end time",-3,1042,1045,4020.5
"Post scheduled trip end time",-3,25,28,4020.5
"Post scheduled trip end time",-3,4083,4086,4020.5
"Post scheduled trip end time",-3,14950,14953,4020.5
"Post scheduled trip end time",-3,3734,3737,4020.5
"Post scheduled trip end time",-3,4461,4464,4020.5
"Post scheduled trip end time",-3,541628,541631,4020.5
"Post scheduled trip end time",-3,2381,2384,4020.5
"Post scheduled trip end time",-3,851,854,4020.5
"Post scheduled trip end time",-3,713,716,4020.5
"Post scheduled trip end time",-3,35332,35335,4020.5
"Post scheduled trip end time",-3,19932,19935,4020.5
"Post scheduled trip end time",-3,5638,5641,4020.5
"Post scheduled trip end time",-3,1826,1829,4020.5
"Post scheduled trip end time",-3,6877,6880,4020.5
"Post scheduled trip end time",-3,12852,12855,4020.5
"Post scheduled trip end time",-3,3161,3164,4020.5
"Post scheduled trip end time",-3,1998,2001,4020.5
"Post scheduled trip end time",-3,14886,14889,4020.5
"Post scheduled trip end time",-3,2040,2043,4020.5
"Post scheduled trip end time",-3,16032,16035,4020.5
"Post scheduled trip end time",-3,19492,19495,4020.5
"Post scheduled trip end time",-3,1825,1828,4020.5
"Post scheduled trip end time",-3,521108,521111,4020.5
"Post scheduled trip end time",-3,6592,6595,4020.5
"Post scheduled trip end time",-3,1197,1200,4020.5
"Post scheduled trip end time",-3,394,397,4020.5
"Post scheduled trip end time",-3,436,439,4020.5
"Post scheduled trip end time",-3,4660,4663,4020.5
"Post scheduled trip end time",-3,19392,19395,4020.5
"Post scheduled trip end time",-3,107,110,4020.5
"Post scheduled trip end time",-3,3968,3971,4020.5
"Post scheduled trip end time",-3,5008,5011,4020.5
"Post scheduled trip end time",-3,6828,6831,4020.5
"Post scheduled trip end time",-3,4685,4688,4020.5
"Post scheduled trip end time",-3,255,258,4020.5
"Post scheduled trip end time",-3,1192,1195,4020.5
"Post scheduled trip end time",-3,230,233,4020.5
"Post scheduled trip end time",-3,40,43,4020.5
"Post scheduled trip end time",-3,250,253,4020.5
"Post scheduled trip end time",-3,20338,20341,4020.5
"Post scheduled trip end time",-3,7981,7984,4020.5
"Post scheduled trip end time",-3,22792,22795,4020.5
"Post scheduled trip end time",-3,755,758,4020.5
"Post scheduled trip end time",-3,1869,1872,4020.5
"Post scheduled trip end time",-3,3946,3949,4020.5
"Post scheduled trip end time",-3,11712,11715,4020.5
"Post scheduled trip end time",-3,521828,521831,4020.5
"Post scheduled trip end time",-3,529088,529091,4020.5
"Post scheduled trip end time",-3,530628,530631,4020.5
"Post scheduled trip end time",-3,540928,540931,4020.5
"Post scheduled trip end time",-3,2180,2183,4020.5
"Post scheduled trip end time",-3,6850,6853,4020.5
"Post scheduled trip end time",-3,3158,3161,4020.5
"Post scheduled trip end time",-3,9801,9804,4020.5
"Post scheduled trip end time",-3,2795,2798,4020.5
"Post scheduled trip end time",-3,900,903,4020.5
"Post scheduled trip end time",-3,1463,1466,4020.5
"Post scheduled trip end time",-3,20292,20295,4020.5
"Post scheduled trip end time",-3,6485,6488,4020.5
"Post scheduled trip end time",-3,2019,2022,4020.5
"Post scheduled trip end time",-3,8230,8233,4020.5
"Post scheduled trip end time",-3,8830,8833,4020.5
"Post scheduled trip end time",-3,9718,9721,4020.5
"Post scheduled trip end time",-3,4251,4254,4020.5
"Post scheduled trip end time",-3,1258,1261,4020.5
"Post scheduled trip end time",-3,268,271,4020.5
"Post scheduled trip end time",-3,19171,19174,4020.5
"Post scheduled trip end time",-3,865,868,4020.5
"Post scheduled trip end time",-3,61,64,4020.5
"Post scheduled trip end time",-3,9074,9077,4020.5
"Post scheduled trip end time",-3,5600,5603,4020.5
"Post scheduled trip end time",-3,20312,20315,4020.5
"Post scheduled trip end time",-3,4508,4511,4020.5
"Post scheduled trip end time",-3,11172,11175,4020.5
"Post scheduled trip end time",-3,12811,12814,4020.5
"Post scheduled trip end time",-3,20192,20195,4020.5
"Post scheduled trip end time",-3,353,356,4020.5
"Post scheduled trip end time",-3,12446,12449,4020.5
"Post scheduled trip end time",-3,178,181,4020.5
"Post scheduled trip end time",-3,2861,2864,4020.5
"Post scheduled trip end time",-3,8400,8403,4020.5
"Post scheduled trip end time",-3,625,628,4020.5
"Post scheduled trip end time",-3,15661,15664,4020.5
"Post scheduled trip end time",-3,24852,24855,4020.5
"Post scheduled trip end time",-3,5474,5477,4020.5
"Post scheduled trip end time",-3,958,961,4020.5
"Post scheduled trip end time",-3,18531,18534,4020.5
"Post scheduled trip end time",-3,10070,10073,4020.5
"Post scheduled trip end time",-3,2069,2072,4020.5
"Post scheduled trip end time",-3,3150,3153,4020.5
"Post scheduled trip end time",-3,30112,30115,4020.5
"Post scheduled trip end time",-3,1600,1603,4020.5
"Post scheduled trip end time",-3,11326,11329,4020.5
"Post scheduled trip end time",-3,82,85,4020.5
"Post scheduled trip end time",-3,11228,11231,4020.5
"Post scheduled trip end time",-3,206,209,4020.5
"Post scheduled trip end time",-3,5606,5609,4020.5
"Post scheduled trip end time",-3,9000,9003,4020.5
"Post scheduled trip end time",-3,234,237,4020.5
"Post scheduled trip end time",-3,10961,10964,4020.5
"Post scheduled trip end time",-3,19012,19015,4020.5
"Post scheduled trip end time",-3,11912,11915,4020.5
"Post scheduled trip end time",-3,531928,531931,4020.5
"Post scheduled trip end time",-3,695,698,4020.5
"Post scheduled trip end time",-3,6852,6855,4020.5
"Post scheduled trip end time",-3,9437,9440,4020.5
"Post scheduled trip end time",-3,7621,7624,4020.5
"Post scheduled trip end time",-3,6374,6377,4020.5
"Post scheduled trip end time",-3,4071,4074,4020.5
"Post scheduled trip end time",-3,7848,7851,4020.5
"Post scheduled trip end time",-3,6608,6611,4020.5
"Post scheduled trip end time",-3,8428,8431,4020.5
"Post scheduled trip end time",-3,8591,8594,4020.5
"Post scheduled trip end time",-3,7066,7069,4020.5
"Post scheduled trip end time",-3,83,86,4020.5
"Post scheduled trip end time",-3,19318,19321,4020.5
"Post scheduled trip end time",-3,6734,6737,4020.5
"Post scheduled trip end time",-3,18532,18535,4020.5
"Post scheduled trip end time",-3,20812,20815,4020.5
"Post scheduled trip end time",-3,7488,7491,4020.5
"Post scheduled trip end time",-3,535928,535931,4020.5
"Post scheduled trip end time",-3,9138,9141,4020.5
"Post scheduled trip end time",-3,2074,2077,4020.5
"Post scheduled trip end time",-3,3349,3352,4020.5
"Post scheduled trip end time",-3,590,593,4020.5
"Post scheduled trip end time",-3,8111,8114,4020.5
"Post scheduled trip end time",-3,10381,10384,4020.5
"Post scheduled trip end time",-3,303,306,4020.5
"Post scheduled trip end time",-3,418,421,4020.5
"Post scheduled trip end time",-3,11750,11753,4020.5
"Post scheduled trip end time",-3,19138,19141,4020.5
"Post scheduled trip end time",-3,4937,4940,4020.5
"Post scheduled trip end time",-3,525408,525411,4020.5
"Post scheduled trip end time",-3,529248,529251,4020.5
"Post scheduled trip end time",-3,8317,8320,4020.5
"Post scheduled trip end time",-3,3241,3244,4020.5
"Post scheduled trip end time",-3,26532,26535,4020.5
"Post scheduled trip end time",-3,3830,3833,4020.5
"Post scheduled trip end time",-3,2438,2441,4020.5
"Post scheduled trip end time",-3,15486,15489,4020.5
"Post scheduled trip end time",-3,3492,3495,4020.5
"Post scheduled trip end time",-3,8052,8055,4020.5
"Post scheduled trip end time",-3,1710,1713,4020.5
"Post scheduled trip end time",-3,5153,5156,4020.5
"Post scheduled trip end time",-3,21852,21855,4020.5
"Post scheduled trip end time",-3,9958,9961,4020.5
"Post scheduled trip end time",-3,23192,23195,4020.5
"Post scheduled trip end time",-3,15138,15141,4020.5
"Post scheduled trip end time",-3,386,389,4020.5
"Post scheduled trip end time",-3,3212,3215,4020.5
"Post scheduled trip end time",-3,9941,9944,4020.5
"Post scheduled trip end time",-3,529968,529971,4020.5
"Post scheduled trip end time",-3,538148,538151,4020.5
"Post scheduled trip end time",-3,31472,31475,4020.5
"Post scheduled trip end time",-3,10960,10963,4020.5
"Post scheduled trip end time",-3,520588,520591,4020.5
"Post scheduled trip end time",-3,348,351,4020.5
"Post scheduled trip end time",-3,24492,24495,4020.5
"Post scheduled trip end time",-3,9898,9901,4020.5
"Post scheduled trip end time",-3,2398,2401,4020.5
"Post scheduled trip end time",-3,1552,1555,4020.5
"Post scheduled trip end time",-3,14726,14729,4020.5
"Post scheduled trip end time",-3,183,186,4020.5
"Post scheduled trip end time",-3,9921,9924,4020.5
"Post scheduled trip end time",-3,25012,25015,4020.5
"Post scheduled trip end time",-3,5820,5823,4020.5
"Post scheduled trip end time",-3,532488,532491,4020.5
"Post scheduled trip end time",-3,9606,9609,4020.5
"Post scheduled trip end time",-3,6941,6944,4020.5
"Post scheduled trip end time",-3,427,430,4020.5
"Post scheduled trip end time",-3,523788,523791,4020.5
"Post scheduled trip end time",-3,272,275,4020.5
"Post scheduled trip end time",-3,3112,3115,4020.5
"Post scheduled trip end time",-3,1765,1768,4020.5
"Post scheduled trip end time",-3,17121,17124,4020.5
"Post scheduled trip end time",-3,1978,1981,4020.5
"Post scheduled trip end time",-3,18817,18820,4020.5
"Post scheduled trip end time",-3,31252,31255,4020.5
"Post scheduled trip end time",-3,5974,5977,4020.5
"Post scheduled trip end time",-3,10268,10271,4020.5
"Post scheduled trip end time",-3,7152,7155,4020.5
"Post scheduled trip end time",-3,2879,2882,4020.5
"Post scheduled trip end time",-3,34190,34193,4020.5
"Post scheduled trip end time",-3,26632,26635,4020.5
"Post scheduled trip end time",-3,15101,15104,4020.5
"Post scheduled trip end time",-3,7434,7437,4020.5
"Post scheduled trip end time",-3,9038,9041,4020.5
"Post scheduled trip end time",-3,1657,1660,4020.5
"Post scheduled trip end time",-3,9426,9429,4020.5
"Post scheduled trip end time",-3,1012,1015,4020.5
"Post scheduled trip end time",-3,9125,9128,4020.5
"Post scheduled trip end time",-3,3101,3104,4020.5
"Post scheduled trip end time",-3,2992,2995,4020.5
"Post scheduled trip end time",-3,28530,28533,4020.5
"Post scheduled trip end time",-3,5780,5783,4020.5
"Post scheduled trip end time",-3,531668,531671,4020.5
"Post scheduled trip end time",-3,3172,3175,4020.5
"Post scheduled trip end time",-3,9248,9251,4020.5
"Post scheduled trip end time",-3,4154,4157,4020.5
"Post scheduled trip end time",-3,5690,5693,4020.5
"Post scheduled trip end time",-3,12358,12361,4020.5
"Post scheduled trip end time",-3,4237,4240,4020.5
"Post scheduled trip end time",-3,478,481,4020.5
"Post scheduled trip end time",-3,657,660,4020.5
"Post scheduled trip end time",-3,18472,18475,4020.5
"Post scheduled trip end time",-3,2892,2895,4020.5
"Post scheduled trip end time",-3,47,50,4020.5
"Post scheduled trip end time",-3,8300,8303,4020.5
"Post scheduled trip end time",-3,13411,13414,4020.5
"Post scheduled trip end time",-3,533768,533771,4020.5
"Post scheduled trip end time",-3,5332,5335,4020.5
"Post scheduled trip end time",-3,7550,7553,4020.5
"Post scheduled trip end time",-3,10810,10813,4020.5
"Post scheduled trip end time",-3,7177,7180,4020.5
"Post scheduled trip end time",-3,371,374,4020.5
"Post scheduled trip end time",-3,7612,7615,4020.5
"Post scheduled trip end time",-3,10332,10335,4020.5
"Post scheduled trip end time",-3,12568,12571,4020.5
"Post scheduled trip end time",-3,316,319,4020.5
"Post scheduled trip end time",-3,5540,5543,4020.5
"Post scheduled trip end time",-3,11550,11553,4020.5
"Post scheduled trip end time",-3,18558,18561,4020.5
"Post scheduled trip end time",-3,3937,3940,4020.5
"Post scheduled trip end time",-3,9754,9757,4020.5
"Post scheduled trip end time",-3,535308,535311,4020.5
"Post scheduled trip end time",-3,1228,1231,4020.5
"Post scheduled trip end time",-3,7532,7535,4020.5
"Post scheduled trip end time",-3,7772,7775,4020.5
"Post scheduled trip end time",-3,7568,7571,4020.5
"Post scheduled trip end time",-3,2479,2482,4020.5
"Post scheduled trip end time",-3,412,415,4020.5
"Post scheduled trip end time",-3,532428,532431,4020.5
"Post scheduled trip end time",-3,278,281,4020.5
"Post scheduled trip end time",-3,5948,5951,4020.5
"Post scheduled trip end time",-3,531468,531471,4020.5
"Post scheduled trip end time",-3,16188,16191,4020.5
"Post scheduled trip end time",-3,8211,8214,4020.5
"Post scheduled trip end time",-3,14441,14444,4020.5
"Post scheduled trip end time",-3,1713,1716,4020.5
"Post scheduled trip end time",-3,3728,3731,4020.5
"Post scheduled trip end time",-3,2957,2960,4020.5
"Post scheduled trip end time",-3,9661,9664,4020.5
"Post scheduled trip end time",-3,9611,9614,4020.5
"Post scheduled trip end time",-3,1606,1609,4020.5
"Post scheduled trip end time",-3,20578,20581,4020.5
"Post scheduled trip end time",-3,18237,18240,4020.5
"Post scheduled trip end time",-3,5774,5777,4020.5
"Post scheduled trip end time",-3,182,185,4020.5
"Post scheduled trip end time",-3,4612,4615,4020.5
"Post scheduled trip end time",-3,202,205,4020.5
"Post scheduled trip end time",-3,4006,4009,4020.5
"Post scheduled trip end time",-3,19330,19333,4020.5
"Post scheduled trip end time",-3,13594,13597,4020.5
"Post scheduled trip end time",-3,12190,12193,4020.5
"Post scheduled trip end time",-3,16301,16304,4020.5
"Post scheduled trip end time",-3,12712,12715,4020.5
"Post scheduled trip end time",-3,531388,531391,4020.5
"Post scheduled trip end time",-3,18832,18835,4020.5
"Post scheduled trip end time",-3,638,641,4020.5
"Post scheduled trip end time",-3,20191,20194,4020.5
"Post scheduled trip end time",-3,6810,6813,4020.5
"Post scheduled trip end time",-3,23832,23835,4020.5
"Post scheduled trip end time",-3,1195,1198,4020.5
"Post scheduled trip end time",-3,280,283,4020.5
"Post scheduled trip end time",-3,9751,9754,4020.5
"Post scheduled trip end time",-3,4901,4904,4020.5
"Post scheduled trip end time",-3,180418,180421,4020.5
"Post scheduled trip end time",-3,26272,26275,4020.5
"Post scheduled trip end time",-3,14058,14061,4020.5
"Post scheduled trip end time",-3,523128,523131,4020.5
"Post scheduled trip end time",-3,525008,525011,4020.5
"Post scheduled trip end time",-3,14908,14911,4020.5
"Post scheduled trip end time",-3,196,199,4020.5
"Post scheduled trip end time",-3,2459,2462,4020.5
"Post scheduled trip end time",-3,831,834,4020.5
"Post scheduled trip end time",-3,515,518,4020.5
"Post scheduled trip end time",-3,26032,26035,4020.5
"Post scheduled trip end time",-3,14052,14055,4020.5
"Post scheduled trip end time",-3,554,557,4020.5
"Post scheduled trip end time",-3,520728,520731,4020.5
"Post scheduled trip end time",-3,3748,3751,4020.5
"Post scheduled trip end time",-3,542468,542471,4020.5
"Post scheduled trip end time",-3,1866,1869,4020.5
"Post scheduled trip end time",-3,1801,1804,4020.5
"Post scheduled trip end time",-3,1641,1644,4020.5
"Post scheduled trip end time",-3,10881,10884,4020.5
"Post scheduled trip end time",-3,4974,4977,4020.5
"Post scheduled trip end time",-3,3749,3752,4020.5
"Post scheduled trip end time",-3,530568,530571,4020.5
"Post scheduled trip end time",-3,6981,6984,4020.5
"Post scheduled trip end time",-3,94483,94486,4020.5
"Post scheduled trip end time",-3,24810,24813,4020.5
"Post scheduled trip end time",-3,1440,1443,4020.5
"Post scheduled trip end time",-3,5617,5620,4020.5
"Post scheduled trip end time",-3,15606,15609,4020.5
"Post scheduled trip end time",-3,16265,16268,4020.5
"Post scheduled trip end time",-3,2287,2290,4020.5
"Post scheduled trip end time",-3,12160,12163,4020.5
"Post scheduled trip end time",-3,27712,27715,4020.5
"Post scheduled trip end time",-3,10640,10643,4020.5
"Post scheduled trip end time",-3,113,116,4020.5
"Post scheduled trip end time",-3,16328,16331,4020.5
"Post scheduled trip end time",-3,18711,18714,4020.5
"Post scheduled trip end time",-3,14346,14349,4020.5
"Post scheduled trip end time",-3,11248,11251,4020.5
"Post scheduled trip end time",-3,12708,12711,4020.5
"Post scheduled trip end time",-3,1851,1854,4020.5
"Post scheduled trip end time",-3,28492,28495,4020.5
"Post scheduled trip end time",-3,12998,13001,4020.5
"Post scheduled trip end time",-3,9714,9717,4020.5
"Post scheduled trip end time",-3,10530,10533,4020.5
"Post scheduled trip end time",-3,11492,11495,4020.5
"Post scheduled trip end time",-3,6408,6411,4020.5
"Post scheduled trip end time",-3,7572,7575,4020.5
"Post scheduled trip end time",-3,2650,2653,4020.5
"Post scheduled trip end time",-3,16552,16555,4020.5
"Post scheduled trip end time",-3,65,68,4020.5
"Post scheduled trip end time",-3,9490,9493,4020.5
"Post scheduled trip end time",-3,16318,16321,4020.5
"Post scheduled trip end time",-3,1220,1223,4020.5
"Post scheduled trip end time",-3,22712,22715,4020.5
"Post scheduled trip end time",-3,740,743,4020.5
"Post scheduled trip end time",-3,2079,2082,4020.5
"Post scheduled trip end time",-3,1152,1155,4020.5
"Post scheduled trip end time",-3,18470,18473,4020.5
"Post scheduled trip end time",-3,3350,3353,4020.5
"Post scheduled trip end time",-3,69,72,4020.5
"Post scheduled trip end time",-3,466,469,4020.5
"Post scheduled trip end time",-3,680,683,4020.5
"Post scheduled trip end time",-3,6620,6623,4020.5
"Post scheduled trip end time",-3,535788,535791,4020.5
"Post scheduled trip end time",-3,5632,5635,4020.5
"Post scheduled trip end time",-3,3681,3684,4020.5
"Post scheduled trip end time",-3,793,796,4020.5
"Post scheduled trip end time",-3,8986,8989,4020.5
"Post scheduled trip end time",-3,16710,16713,4020.5
"Post scheduled trip end time",-3,3873,3876,4020.5
"Post scheduled trip end time",-3,21772,21775,4020.5
"Post scheduled trip end time",-3,28992,28995,4020.5
"Post scheduled trip end time",-3,24012,24015,4020.5
"Post scheduled trip end time",-3,10114,10117,4020.5
"Post scheduled trip end time",-3,4297,4300,4020.5
"Post scheduled trip end time",-3,2706,2709,4020.5
"Post scheduled trip end time",-3,526348,526351,4020.5
"Post scheduled trip end time",-3,106,109,4020.5
"Post scheduled trip end time",-3,7192,7195,4020.5
"Post scheduled trip end time",-3,3230,3233,4020.5
"Post scheduled trip end time",-3,34932,34935,4020.5
"Post scheduled trip end time",-3,24532,24535,4020.5
"Post scheduled trip end time",-3,31792,31795,4020.5
"Post scheduled trip end time",-3,4440,4443,4020.5
"Post scheduled trip end time",-3,12838,12841,4020.5
"Post scheduled trip end time",-3,12151,12154,4020.5
"Post scheduled trip end time",-3,541088,541091,4020.5
"Post scheduled trip end time",-3,378,381,4020.5
"Post scheduled trip end time",-3,17571,17574,4020.5
"Post scheduled trip end time",-3,7925,7928,4020.5
"Post scheduled trip end time",-3,174,177,4020.5
"Post scheduled trip end time",-3,187,190,4020.5
"Post scheduled trip end time",-3,16338,16341,4020.5
"Post scheduled trip end time",-3,26312,26315,4020.5
"Post scheduled trip end time",-3,5052,5055,4020.5
"Post scheduled trip end time",-3,5790,5793,4020.5
"Post scheduled trip end time",-3,627,630,4020.5
"Post scheduled trip end time",-3,9732,9735,4020.5
"Post scheduled trip end time",-3,17271,17274,4020.5
"Post scheduled trip end time",-3,11901,11904,4020.5
"Post scheduled trip end time",-3,9561,9564,4020.5
"Post scheduled trip end time",-3,-1,2,4020.5
"Post scheduled trip end time",-3,1627,1630,4020.5
"Post scheduled trip end time",-3,19154,19157,4020.5
"Post scheduled trip end time",-3,32772,32775,4020.5
"Post scheduled trip end time",-3,10510,10513,4020.5
"Post scheduled trip end time",-3,4017,4020,4020.5
"Post scheduled trip end time",-3,4768,4771,4020.5
"Post scheduled trip end time",-3,18591,18594,4020.5
"Post scheduled trip end time",-3,10481,10484,4020.5
"Post scheduled trip end time",-3,313,316,4020.5
"Post scheduled trip end time",-3,3826,3829,4020.5
"Post scheduled trip end time",-3,5270,5273,4020.5
"Post scheduled trip end time",-3,16698,16701,4020.5
"Post scheduled trip end time",-3,3254,3257,4020.5
"Post scheduled trip end time",-3,13181,13184,4020.5
"Post scheduled trip end time",-3,14081,14084,4020.5
"Post scheduled trip end time",-3,1389,1392,4020.5
"Post scheduled trip end time",-3,533848,533851,4020.5
"Post scheduled trip end time",-3,1740,1743,4020.5
"Post scheduled trip end time",-3,16008,16011,4020.5
"Post scheduled trip end time",-3,2598,2601,4020.5
"Post scheduled trip end time",-3,260,263,4020.5
"Post scheduled trip end time",-3,2618,2621,4020.5
"Post scheduled trip end time",-3,10077,10080,4020.5
"Post scheduled trip end time",-3,359,362,4020.5
"Post scheduled trip end time",-3,10665,10668,4020.5
"Post scheduled trip end time",-3,13366,13369,4020.5
"Post scheduled trip end time",-3,10534,10537,4020.5
"Post scheduled trip end time",-3,1575,1578,4020.5
"Post scheduled trip end time",-3,8472,8475,4020.5
"Post scheduled trip end time",-3,537208,537211,4020.5
"Post scheduled trip end time",-3,628,631,4020.5
"Post scheduled trip end time",-3,6175,6178,4020.5
"Post scheduled trip end time",-3,2334,2337,4020.5
"Post scheduled trip end time",-3,527208,527211,4020.5
"Post scheduled trip end time",-3,5530,5533,4020.5
"Post scheduled trip end time",-3,10237,10240,4020.5
"Post scheduled trip end time",-3,3901,3904,4020.5
"Post scheduled trip end time",-3,5693,5696,4020.5
"Post scheduled trip end time",-3,7174,7177,4020.5
"Post scheduled trip end time",-3,31504,31507,4020.5
"Post scheduled trip end time",-3,8598,8601,4020.5
"Post scheduled trip end time",-3,11361,11364,4020.5
"Post scheduled trip end time",-3,3554,3557,4020.5
"Post scheduled trip end time",-3,5148,5151,4020.5
"Post scheduled trip end time",-3,14212,14215,4020.5
"Post scheduled trip end time",-3,6906,6909,4020.5
"Post scheduled trip end time",-3,6452,6455,4020.5
"Post scheduled trip end time",-3,7514,7517,4020.5
"Post scheduled trip end time",-3,13014,13017,4020.5
"Post scheduled trip end time",-3,6741,6744,4020.5
"Post scheduled trip end time",-3,9466,9469,4020.5
"Post scheduled trip end time",-3,8631,8634,4020.5
"Post scheduled trip end time",-3,2215,2218,4020.5
"Post scheduled trip end time",-3,26692,26695,4020.5
"Post scheduled trip end time",-3,15592,15595,4020.5
"Post scheduled trip end time",-3,12941,12944,4020.5
"Post scheduled trip end time",-3,300,303,4020.5
"Post scheduled trip end time",-3,6770,6773,4020.5
"Post scheduled trip end time",-3,5040,5043,4020.5
"Post scheduled trip end time",-3,17665,17668,4020.5
"Post scheduled trip end time",-3,355,358,4020.5
"Post scheduled trip end time",-3,1780,1783,4020.5
"Post scheduled trip end time",-3,13750,13753,4020.5
"Post scheduled trip end time",-3,620,623,4020.5
"Post scheduled trip end time",-3,22872,22875,4020.5
"Post scheduled trip end time",-3,5319,5322,4020.5
"Post scheduled trip end time",-3,4357,4360,4020.5
"Post scheduled trip end time",-3,4586,4589,4020.5
"Post scheduled trip end time",-3,4028,4031,4020.5
"Post scheduled trip end time",-3,5021,5024,4020.5
"Post scheduled trip end time",-3,540668,540671,4020.5
"Post scheduled trip end time",-3,3720,3723,4020.5
"Post scheduled trip end time",-3,6661,6664,4020.5
"Post scheduled trip end time",-3,13550,13553,4020.5
"Post scheduled trip end time",-3,24512,24515,4020.5
"Post scheduled trip end time",-3,1314,1317,4020.5
"Post scheduled trip end time",-3,12978,12981,4020.5
"Post scheduled trip end time",-3,7898,7901,4020.5
"Post scheduled trip end time",-3,8248,8251,4020.5
"Post scheduled trip end time",-3,798,801,4020.5
"Post scheduled trip end time",-3,15126,15129,4020.5
"Post scheduled trip end time",-3,43,46,4020.5
"Post scheduled trip end time",-3,6721,6724,4020.5
"Post scheduled trip end time",-3,7958,7961,4020.5
"Post scheduled trip end time",-3,7348,7351,4020.5
"Post scheduled trip end time",-3,5050,5053,4020.5
"Post scheduled trip end time",-3,9425,9428,4020.5
"Post scheduled trip end time",-3,215,218,4020.5
"Post scheduled trip end time",-3,3010,3013,4020.5
"Post scheduled trip end time",-3,1620,1623,4020.5
"Post scheduled trip end time",-3,24652,24655,4020.5
"Post scheduled trip end time",-3,12694,12697,4020.5
"Post scheduled trip end time",-3,7794,7797,4020.5
"Post scheduled trip end time",-3,11988,11991,4020.5
"Post scheduled trip end time",-3,14905,14908,4020.5
"Post scheduled trip end time",-3,7301,7304,4020.5
"Post scheduled trip end time",-3,11758,11761,4020.5
"Post scheduled trip end time",-3,7140,7143,4020.5
"Post scheduled trip end time",-3,15588,15591,4020.5
"Post scheduled trip end time",-3,17468,17471,4020.5
"Post scheduled trip end time",-3,15066,15069,4020.5
"Post scheduled trip end time",-3,9132,9135,4020.5
"Post scheduled trip end time",-3,9797,9800,4020.5
"Post scheduled trip end time",-3,1372,1375,4020.5
"Post scheduled trip end time",-3,15578,15581,4020.5
"Post scheduled trip end time",-3,23612,23615,4020.5
"Post scheduled trip end time",-3,570,573,4020.5
"Post scheduled trip end time",-3,7597,7600,4020.5
"Post scheduled trip end time",-3,4311,4314,4020.5
"Post scheduled trip end time",-3,5510,5513,4020.5
"Post scheduled trip end time",-3,8874,8877,4020.5
"Post scheduled trip end time",-3,8728,8731,4020.5
"Post scheduled trip end time",-3,551,554,4020.5
"Post scheduled trip end time",-3,85,88,4020.5
"Post scheduled trip end time",-3,2154,2157,4020.5
"Post scheduled trip end time",-3,6671,6674,4020.5
"Post scheduled trip end time",-3,8138,8141,4020.5
"Post scheduled trip end time",-3,5072,5075,4020.5
"Post scheduled trip end time",-3,4988,4991,4020.5
"Post scheduled trip end time",-3,2421,2424,4020.5
"Post scheduled trip end time",-3,16,19,4020.5
"Post scheduled trip end time",-3,33352,33355,4020.5
"Post scheduled trip end time",-3,709,712,4020.5
"Post scheduled trip end time",-3,5009,5012,4020.5
"Post scheduled trip end time",-3,10406,10409,4020.5
"Post scheduled trip end time",-3,5992,5995,4020.5
"Post scheduled trip end time",-3,3052,3055,4020.5
"Post scheduled trip end time",-3,7408,7411,4020.5
"Post scheduled trip end time",-3,922,925,4020.5
"Post scheduled trip end time",-3,1310,1313,4020.5
"Post scheduled trip end time",-3,81,84,4020.5
"Post scheduled trip end time",-3,12741,12744,4020.5
"Post scheduled trip end time",-3,10088,10091,4020.5
"Post scheduled trip end time",-3,22377,22380,4020.5
"Post scheduled trip end time",-3,6012,6015,4020.5
"Post scheduled trip end time",-3,1377,1380,4020.5
"Post scheduled trip end time",-3,6352,6355,4020.5
"Post scheduled trip end time",-3,132,135,4020.5
"Post scheduled trip end time",-3,3490,3493,4020.5
"Post scheduled trip end time",-3,28252,28255,4020.5
"Post scheduled trip end time",-3,265,268,4020.5
"Post scheduled trip end time",-3,14572,14575,4020.5
"Post scheduled trip end time",-3,15058,15061,4020.5
"Post scheduled trip end time",-3,6888,6891,4020.5
"Post scheduled trip end time",-3,525748,525751,4020.5
"Post scheduled trip end time",-3,529268,529271,4020.5
"Post scheduled trip end time",-3,2660,2663,4020.5
"Post scheduled trip end time",-3,1894,1897,4020.5
"Post scheduled trip end time",-3,9588,9591,4020.5
"Post scheduled trip end time",-3,9011,9014,4020.5
"Post scheduled trip end time",-3,604,607,4020.5
"Post scheduled trip end time",-3,24,27,4020.5
"Post scheduled trip end time",-3,9110,9113,4020.5
"Post scheduled trip end time",-3,3338,3341,4020.5
"Post scheduled trip end time",-3,5130,5133,4020.5
"Post scheduled trip end time",-3,23304,23307,4020.5
"Post scheduled trip end time",-3,25272,25275,4020.5
"Post scheduled trip end time",-3,19292,19295,4020.5
"Post scheduled trip end time",-3,4772,4775,4020.5
"Post scheduled trip end time",-3,2528,2531,4020.5
"Post scheduled trip end time",-3,531828,531831,4020.5
"Post scheduled trip end time",-3,6660,6663,4020.5
"Post scheduled trip end time",-3,121,124,4020.5
"Post scheduled trip end time",-3,10210,10213,4020.5
"Post scheduled trip end time",-3,7620,7623,4020.5
"Post scheduled trip end time",-3,20998,21001,4020.5
"Post scheduled trip end time",-3,15054,15057,4020.5
"Post scheduled trip end time",-3,13481,13484,4020.5
"Post scheduled trip end time",-3,5891,5894,4020.5
"Post scheduled trip end time",-3,7268,7271,4020.5
"Post scheduled trip end time",-3,531068,531071,4020.5
"Post scheduled trip end time",-3,9646,9649,4020.5
"Post scheduled trip end time",-3,9911,9914,4020.5
"Post scheduled trip end time",-3,4981,4984,4020.5
"Post scheduled trip end time",-3,14126,14129,4020.5
"Post scheduled trip end time",-3,13571,13574,4020.5
"Post scheduled trip end time",-3,6128,6131,4020.5
"Post scheduled trip end time",-3,5972,5975,4020.5
"Post scheduled trip end time",-3,2220,2223,4020.5
"Post scheduled trip end time",-3,16868,16871,4020.5
"Post scheduled trip end time",-3,18388,18391,4020.5
"Post scheduled trip end time",-3,9105,9108,4020.5
"Post scheduled trip end time",-3,126,129,4020.5
"Post scheduled trip end time",-3,4634,4637,4020.5
"Post scheduled trip end time",-3,525088,525091,4020.5
"Post scheduled trip end time",-3,541188,541191,4020.5
"Post scheduled trip end time",-3,17471,17474,4020.5
"Post scheduled trip end time",-3,135,138,4020.5
"Post scheduled trip end time",-3,17432,17435,4020.5
"Post scheduled trip end time",-3,275,278,4020.5
"Post scheduled trip end time",-3,6228,6231,4020.5
"Post scheduled trip end time",-3,5548,5551,4020.5
"Post scheduled trip end time",-3,15268,15271,4020.5
"Post scheduled trip end time",-3,6432,6435,4020.5
"Post scheduled trip end time",-3,2132,2135,4020.5
"Post scheduled trip end time",-3,2481,2484,4020.5
"Post scheduled trip end time",-3,23164,23167,4020.5
"Post scheduled trip end time",-3,9070,9073,4020.5
"Post scheduled trip end time",-3,22272,22275,4020.5
"Post scheduled trip end time",-3,12997,13000,4020.5
"Post scheduled trip end time",-3,3821,3824,4020.5
"Post scheduled trip end time",-3,9034,9037,4020.5
"Post scheduled trip end time",-3,120,123,4020.5
"Post scheduled trip end time",-3,15194,15197,4020.5
"Post scheduled trip end time",-3,11014,11017,4020.5
"Post scheduled trip end time",-3,13432,13435,4020.5
"Post scheduled trip end time",-3,21617,21620,4020.5
"Post scheduled trip end time",-3,11752,11755,4020.5
"Post scheduled trip end time",-3,4801,4804,4020.5
"Post scheduled trip end time",-3,7446,7449,4020.5
"Post scheduled trip end time",-3,10145,10148,4020.5
"Post scheduled trip end time",-3,3655,3658,4020.5
"Post scheduled trip end time",-3,8080,8083,4020.5
"Post scheduled trip end time",-3,16198,16201,4020.5
"Post scheduled trip end time",-3,780,783,4020.5
"Post scheduled trip end time",-3,12461,12464,4020.5
"Post scheduled trip end time",-3,2821,2824,4020.5
"Post scheduled trip end time",-3,539608,539611,4020.5
"Post scheduled trip end time",-3,3108,3111,4020.5
"Post scheduled trip end time",-3,12768,12771,4020.5
"Post scheduled trip end time",-3,11101,11104,4020.5
"Post scheduled trip end time",-3,8765,8768,4020.5
"Post scheduled trip end time",-3,5641,5644,4020.5
"Post scheduled trip end time",-3,6213,6216,4020.5
"Post scheduled trip end time",-3,8430,8433,4020.5
"Post scheduled trip end time",-3,10261,10264,4020.5
"Post scheduled trip end time",-3,5768,5771,4020.5
"Post scheduled trip end time",-3,17011,17014,4020.5
"Post scheduled trip end time",-3,877,880,4020.5
"Post scheduled trip end time",-3,12488,12491,4020.5
"Post scheduled trip end time",-3,5885,5888,4020.5
"Post scheduled trip end time",-3,929,932,4020.5
"Post scheduled trip end time",-3,1947,1950,4020.5
"Post scheduled trip end time",-3,8246,8249,4020.5
"Post scheduled trip end time",-3,1406,1409,4020.5
"Post scheduled trip end time",-3,11672,11675,4020.5
"Post scheduled trip end time",-3,1436,1439,4020.5
"Post scheduled trip end time",-3,11292,11295,4020.5
"Post scheduled trip end time",-3,8800,8803,4020.5
"Post scheduled trip end time",-3,17378,17381,4020.5
"Post scheduled trip end time",-3,540608,540611,4020.5
"Post scheduled trip end time",-3,19912,19915,4020.5
"Post scheduled trip end time",-3,11192,11195,4020.5
"Post scheduled trip end time",-3,8030,8033,4020.5
"Post scheduled trip end time",-3,4917,4920,4020.5
"Post scheduled trip end time",-3,19892,19895,4020.5
"Post scheduled trip end time",-3,148,151,4020.5
"Post scheduled trip end time",-3,56,59,4020.5
"Post scheduled trip end time",-3,33972,33975,4020.5
"Post scheduled trip end time",-3,35412,35415,4020.5
"Post scheduled trip end time",-3,5251,5254,4020.5
"Post scheduled trip end time",-3,4821,4824,4020.5
"Post scheduled trip end time",-3,3430,3433,4020.5
"Post scheduled trip end time",-3,1361,1364,4020.5
"Post scheduled trip end time",-3,11812,11815,4020.5
"Post scheduled trip end time",-3,1471,1474,4020.5
"Post scheduled trip end time",-3,24112,24115,4020.5
"Post scheduled trip end time",-3,15118,15121,4020.5
"Post scheduled trip end time",-3,4746,4749,4020.5
"Post scheduled trip end time",-3,7506,7509,4020.5
"Post scheduled trip end time",-3,522,525,4020.5
"Post scheduled trip end time",-3,4261,4264,4020.5
"Post scheduled trip end time",-3,637,640,4020.5
"Post scheduled trip end time",-3,1085,1088,4020.5
"Post scheduled trip end time",-3,9610,9613,4020.5
"Post scheduled trip end time",-3,14,17,4020.5
"Post scheduled trip end time",-3,684,687,4020.5
"Post scheduled trip end time",-3,8434,8437,4020.5
"Post scheduled trip end time",-3,8401,8404,4020.5
"Post scheduled trip end time",-3,9691,9694,4020.5
"Post scheduled trip end time",-3,3725,3728,4020.5
"Post scheduled trip end time",-3,15572,15575,4020.5
"Post scheduled trip end time",-3,1394,1397,4020.5
"Post scheduled trip end time",-3,23912,23915,4020.5
"Post scheduled trip end time",-3,12041,12044,4020.5
"Post scheduled trip end time",-3,15295,15298,4020.5
"Post scheduled trip end time",-3,1537,1540,4020.5
"Post scheduled trip end time",-3,11266,11269,4020.5
"Post scheduled trip end time",-3,9645,9648,4020.5
"Post scheduled trip end time",-3,2085,2088,4020.5
"Post scheduled trip end time",-3,3906,3909,4020.5
"Post scheduled trip end time",-3,31604,31607,4020.5
"Post scheduled trip end time",-3,4040,4043,4020.5
"Post scheduled trip end time",-3,5254,5257,4020.5
"Post scheduled trip end time",-3,11914,11917,4020.5
"Post scheduled trip end time",-3,6232,6235,4020.5
"Post scheduled trip end time",-3,523868,523871,4020.5
"Post scheduled trip end time",-3,1668,1671,4020.5
"Post scheduled trip end time",-3,1832,1835,4020.5
"Post scheduled trip end time",-3,1992,1995,4020.5
"Post scheduled trip end time",-3,10501,10504,4020.5
"Post scheduled trip end time",-3,15125,15128,4020.5
"Post scheduled trip end time",-3,5211,5214,4020.5
"Post scheduled trip end time",-3,3801,3804,4020.5
"Post scheduled trip end time",-3,5260,5263,4020.5
"Post scheduled trip end time",-3,15191,15194,4020.5
"Post scheduled trip end time",-3,18328,18331,4020.5
"Post scheduled trip end time",-3,18468,18471,4020.5
"Post scheduled trip end time",-3,1817,1820,4020.5
"Post scheduled trip end time",-3,2278,2281,4020.5
"Post scheduled trip end time",-3,26884,26887,4020.5
"Post scheduled trip end time",-3,1949,1952,4020.5
"Post scheduled trip end time",-3,5321,5324,4020.5
"Post scheduled trip end time",-3,112,115,4020.5
"Post scheduled trip end time",-3,11552,11555,4020.5
"Post scheduled trip end time",-3,1054,1057,4020.5
"Post scheduled trip end time",-3,17830,17833,4020.5
"Post scheduled trip end time",-3,10100,10103,4020.5
"Post scheduled trip end time",-3,535908,535911,4020.5
"Post scheduled trip end time",-3,571,574,4020.5
"Post scheduled trip end time",-3,2652,2655,4020.5
"Post scheduled trip end time",-3,8605,8608,4020.5
"Post scheduled trip end time",-3,124,127,4020.5
"Post scheduled trip end time",-3,2621,2624,4020.5
"Post scheduled trip end time",-3,364,367,4020.5
"Post scheduled trip end time",-3,5234,5237,4020.5
"Post scheduled trip end time",-3,766,769,4020.5
"Post scheduled trip end time",-3,10111,10114,4020.5
"Post scheduled trip end time",-3,1519,1522,4020.5
"Post scheduled trip end time",-3,6801,6804,4020.5
"Post scheduled trip end time",-3,2134,2137,4020.5
"Post scheduled trip end time",-3,16197,16200,4020.5
"Post scheduled trip end time",-3,9007,9010,4020.5
"Post scheduled trip end time",-3,522708,522711,4020.5
"Post scheduled trip end time",-3,10531,10534,4020.5
"Post scheduled trip end time",-3,9365,9368,4020.5
"Post scheduled trip end time",-3,216,219,4020.5
"Post scheduled trip end time",-3,7660,7663,4020.5
"Post scheduled trip end time",-3,3820,3823,4020.5
"Post scheduled trip end time",-3,10146,10149,4020.5
"Post scheduled trip end time",-3,7811,7814,4020.5
"Post scheduled trip end time",-3,1034,1037,4020.5
"Post scheduled trip end time",-3,22732,22735,4020.5
"Post scheduled trip end time",-3,8761,8764,4020.5
"Post scheduled trip end time",-3,24672,24675,4020.5
"Post scheduled trip end time",-3,13031,13034,4020.5
"Post scheduled trip end time",-3,11212,11215,4020.5
"Post scheduled trip end time",-3,12432,12435,4020.5
"Post scheduled trip end time",-3,15408,15411,4020.5
"Post scheduled trip end time",-3,15866,15869,4020.5
"Post scheduled trip end time",-3,1612,1615,4020.5
"Post scheduled trip end time",-3,9148,9151,4020.5
"Post scheduled trip end time",-3,2460,2463,4020.5
"Post scheduled trip end time",-3,10430,10433,4020.5
"Post scheduled trip end time",-3,532408,532411,4020.5
"Post scheduled trip end time",-3,15211,15214,4020.5
"Post scheduled trip end time",-3,13568,13571,4020.5
"Post scheduled trip end time",-3,2329,2332,4020.5
"Post scheduled trip end time",-3,10158,10161,4020.5
"Post scheduled trip end time",-3,11491,11494,4020.5
"Post scheduled trip end time",-3,6246,6249,4020.5
"Post scheduled trip end time",-3,583,586,4020.5
"Post scheduled trip end time",-3,979,982,4020.5
"Post scheduled trip end time",-3,8012,8015,4020.5
"Post scheduled trip end time",-3,618,621,4020.5
"Post scheduled trip end time",-3,24124,24127,4020.5
"Post scheduled trip end time",-3,16794,16797,4020.5
"Post scheduled trip end time",-3,2054,2057,4020.5
"Post scheduled trip end time",-3,110,113,4020.5
"Post scheduled trip end time",-3,11572,11575,4020.5
"Post scheduled trip end time",-3,11671,11674,4020.5
"Post scheduled trip end time",-3,19071,19074,4020.5
"Post scheduled trip end time",-3,441,444,4020.5
"Post scheduled trip end time",-3,7110,7113,4020.5
"Post scheduled trip end time",-3,6015,6018,4020.5
"Post scheduled trip end time",-3,30192,30195,4020.5
"Post scheduled trip end time",-3,2200,2203,4020.5
"Post scheduled trip end time",-3,7160,7163,4020.5
"Post scheduled trip end time",-3,4426,4429,4020.5
"Post scheduled trip end time",-3,787,790,4020.5
"Post scheduled trip end time",-3,12888,12891,4020.5
"Post scheduled trip end time",-3,6121,6124,4020.5
"Post scheduled trip end time",-3,17494,17497,4020.5
"Post scheduled trip end time",-3,22292,22295,4020.5
"Post scheduled trip end time",-3,19432,19435,4020.5
"Post scheduled trip end time",-3,3186,3189,4020.5
"Post scheduled trip end time",-3,532048,532051,4020.5
"Post scheduled trip end time",-3,8781,8784,4020.5
"Post scheduled trip end time",-3,4960,4963,4020.5
"Post scheduled trip end time",-3,5412,5415,4020.5
"Post scheduled trip end time",-3,76,79,4020.5
"Post scheduled trip end time",-3,624,627,4020.5
"Post scheduled trip end time",-3,16830,16833,4020.5
"Post scheduled trip end time",-3,12350,12353,4020.5
"Post scheduled trip end time",-3,985,988,4020.5
"Post scheduled trip end time",-3,10497,10500,4020.5
"Post scheduled trip end time",-3,8641,8644,4020.5
"Post scheduled trip end time",-3,354,357,4020.5
"Post scheduled trip end time",-3,13,16,4020.5
"Post scheduled trip end time",-3,2496,2499,4020.5
"Post scheduled trip end time",-3,20432,20435,4020.5
"Post scheduled trip end time",-3,13097,13100,4020.5
"Post scheduled trip end time",-3,1138,1141,4020.5
"Post scheduled trip end time",-3,6181,6184,4020.5
"Post scheduled trip end time",-3,14871,14874,4020.5
"Post scheduled trip end time",-3,1748,1751,4020.5
"Post scheduled trip end time",-3,4341,4344,4020.5
"Post scheduled trip end time",-3,3537,3540,4020.5
"Post scheduled trip end time",-3,11048,11051,4020.5
"Post scheduled trip end time",-3,6161,6164,4020.5
"Post scheduled trip end time",-3,6968,6971,4020.5
"Post scheduled trip end time",-3,542428,542431,4020.5
"Post scheduled trip end time",-3,9257,9260,4020.5
"Post scheduled trip end time",-3,1340,1343,4020.5
"Post scheduled trip end time",-3,4620,4623,4020.5
"Post scheduled trip end time",-3,13845,13848,4020.5
"Post scheduled trip end time",-3,9032,9035,4020.5
"Post scheduled trip end time",-3,575,578,4020.5
"Post scheduled trip end time",-3,9981,9984,4020.5
"Post scheduled trip end time",-3,6917,6920,4020.5
"Post scheduled trip end time",-3,4748,4751,4020.5
"Post scheduled trip end time",-3,526028,526031,4020.5
"Post scheduled trip end time",-3,542268,542271,4020.5
"Post scheduled trip end time",-3,440,443,4020.5
"Post scheduled trip end time",-3,136,139,4020.5
"Post scheduled trip end time",-3,646,649,4020.5
"Post scheduled trip end time",-3,4720,4723,4020.5
"Post scheduled trip end time",-3,205,208,4020.5
"Post scheduled trip end time",-3,9554,9557,4020.5
"Post scheduled trip end time",-3,4234,4237,4020.5
"Post scheduled trip end time",-3,1689,1692,4020.5
"Post scheduled trip end time",-3,5171,5174,4020.5
"Post scheduled trip end time",-3,287,290,4020.5
"Post scheduled trip end time",-3,11738,11741,4020.5
"Post scheduled trip end time",-3,11632,11635,4020.5
"Post scheduled trip end time",-3,13546,13549,4020.5
"Post scheduled trip end time",-3,154,157,4020.5
"Post scheduled trip end time",-3,243,246,4020.5
"Post scheduled trip end time",-3,62,65,4020.5
"Post scheduled trip end time",-3,11034,11037,4020.5
"Post scheduled trip end time",-3,12678,12681,4020.5
"Post scheduled trip end time",-3,508,511,4020.5
"Post scheduled trip end time",-3,12491,12494,4020.5
"Post scheduled trip end time",-3,532368,532371,4020.5
"Post scheduled trip end time",-3,12192,12195,4020.5
"Post scheduled trip end time",-3,12592,12595,4020.5
"Post scheduled trip end time",-3,605,608,4020.5
"Post scheduled trip end time",-3,4085,4088,4020.5
"Post scheduled trip end time",-3,18245,18248,4020.5
"Post scheduled trip end time",-3,2512,2515,4020.5
"Post scheduled trip end time",-3,4221,4224,4020.5
"Post scheduled trip end time",-3,14385,14388,4020.5
"Post scheduled trip end time",-3,5854,5857,4020.5
"Post scheduled trip end time",-3,20631,20634,4020.5
"Post scheduled trip end time",-3,5794,5797,4020.5
"Post scheduled trip end time",-3,9392,9395,4020.5
"Post scheduled trip end time",-3,11521,11524,4020.5
"Post scheduled trip end time",-3,13998,14001,4020.5
"Post scheduled trip end time",-3,5294,5297,4020.5
"Post scheduled trip end time",-3,8221,8224,4020.5
"Post scheduled trip end time",-3,4448,4451,4020.5
"Post scheduled trip end time",-3,968,971,4020.5
"Post scheduled trip end time",-3,330,333,4020.5
"Post scheduled trip end time",-3,10126,10129,4020.5
"Post scheduled trip end time",-3,2680,2683,4020.5
"Post scheduled trip end time",-3,6874,6877,4020.5
"Post scheduled trip end time",-3,15871,15874,4020.5
"Post scheduled trip end time",-3,28912,28915,4020.5
"Post scheduled trip end time",-3,4100,4103,4020.5
"Post scheduled trip end time",-3,11372,11375,4020.5
"Post scheduled trip end time",-3,611,614,4020.5
"Post scheduled trip end time",-3,18045,18048,4020.5
"Post scheduled trip end time",-3,4580,4583,4020.5
"Post scheduled trip end time",-3,13254,13257,4020.5
"Post scheduled trip end time",-3,4271,4274,4020.5
"Post scheduled trip end time",-3,4495,4498,4020.5
"Post scheduled trip end time",-3,22232,22235,4020.5
"Post scheduled trip end time",-3,310,313,4020.5
"Post scheduled trip end time",-3,5361,5364,4020.5
"Post scheduled trip end time",-3,3552,3555,4020.5
"Post scheduled trip end time",-3,5208,5211,4020.5
"Post scheduled trip end time",-3,1632,1635,4020.5
"Post scheduled trip end time",-3,-2,1,4020.5
"Post scheduled trip end time",-3,3,6,4020.5
"Post scheduled trip end time",-3,16634,16637,4020.5
"Post scheduled trip end time",-3,323,326,4020.5
"Post scheduled trip end time",-3,9121,9124,4020.5
"Post scheduled trip end time",-3,358,361,4020.5
"Post scheduled trip end time",-3,5852,5855,4020.5
"Post scheduled trip end time",-3,13052,13055,4020.5
"Post scheduled trip end time",-3,10190,10193,4020.5
"Post scheduled trip end time",-3,13814,13817,4020.5
"Post scheduled trip end time",-3,21272,21275,4020.5
"Post scheduled trip end time",-3,18752,18755,4020.5
"Post scheduled trip end time",-3,4548,4551,4020.5
"Post scheduled trip end time",-3,526908,526911,4020.5
"Post scheduled trip end time",-3,8432,8435,4020.5
"Post scheduled trip end time",-3,15706,15709,4020.5
"Post scheduled trip end time",-3,15552,15555,4020.5
"Post scheduled trip end time",-3,25132,25135,4020.5
"Post scheduled trip end time",-3,25892,25895,4020.5
"Post scheduled trip end time",-3,17672,17675,4020.5
"Post scheduled trip end time",-3,1133,1136,4020.5
"Post scheduled trip end time",-3,5968,5971,4020.5
"Post scheduled trip end time",-3,7290,7293,4020.5
"Post scheduled trip end time",-3,18831,18834,4020.5
"Post scheduled trip end time",-3,2978,2981,4020.5
"Post scheduled trip end time",-3,2360,2363,4020.5
"Post scheduled trip end time",-3,7721,7724,4020.5
"Post scheduled trip end time",-3,3001,3004,4020.5
"Post scheduled trip end time",-3,2461,2464,4020.5
"Post scheduled trip end time",-3,22910,22913,4020.5
"Post scheduled trip end time",-3,16361,16364,4020.5
"Post scheduled trip end time",-3,17292,17295,4020.5
"Post scheduled trip end time",-3,5034,5037,4020.5
"Post scheduled trip end time",-3,533988,533991,4020.5
"Post scheduled trip end time",-3,3881,3884,4020.5
"Post scheduled trip end time",-3,3497,3500,4020.5
"Post scheduled trip end time",-3,121076,121079,4020.5
"Post scheduled trip end time",-3,1369,1372,4020.5
"Post scheduled trip end time",-3,380,383,4020.5
"Post scheduled trip end time",-3,21058,21061,4020.5
"Post scheduled trip end time",-3,10278,10281,4020.5
"Post scheduled trip end time",-3,3094,3097,4020.5
"Post scheduled trip end time",-3,13485,13488,4020.5
"Post scheduled trip end time",-3,4194,4197,4020.5
"Post scheduled trip end time",-3,5475,5478,4020.5
"Post scheduled trip end time",-3,21212,21215,4020.5
"Post scheduled trip end time",-3,4397,4400,4020.5
"Post scheduled trip end time",-3,6910,6913,4020.5
"Post scheduled trip end time",-3,537688,537691,4020.5
"Post scheduled trip end time",-3,5265,5268,4020.5
"Post scheduled trip end time",-3,6713,6716,4020.5
"Post scheduled trip end time",-3,9510,9513,4020.5
"Post scheduled trip end time",-3,28432,28435,4020.5
"Post scheduled trip end time",-3,3194,3197,4020.5
"Post scheduled trip end time",-3,5838,5841,4020.5
"Post scheduled trip end time",-3,533228,533231,4020.5
"Post scheduled trip end time",-3,15746,15749,4020.5
"Post scheduled trip end time",-3,6861,6864,4020.5
"Post scheduled trip end time",-3,431,434,4020.5
"Post scheduled trip end time",-3,5550,5553,4020.5
"Post scheduled trip end time",-3,4155,4158,4020.5
"Post scheduled trip end time",-3,17632,17635,4020.5
"Post scheduled trip end time",-3,5661,5664,4020.5
"Post scheduled trip end time",-3,11991,11994,4020.5
"Post scheduled trip end time",-3,236,239,4020.5
"Post scheduled trip end time",-3,537868,537871,4020.5
"Post scheduled trip end time",-3,5461,5464,4020.5
"Post scheduled trip end time",-3,35,38,4020.5
"Post scheduled trip end time",-3,10400,10403,4020.5
"Post scheduled trip end time",-3,6577,6580,4020.5
"Post scheduled trip end time",-3,5871,5874,4020.5
"Post scheduled trip end time",-3,4132,4135,4020.5
"Post scheduled trip end time",-3,892,895,4020.5
"Post scheduled trip end time",-3,7431,7434,4020.5
"Post scheduled trip end time",-3,52,55,4020.5
"Post scheduled trip end time",-3,11680,11683,4020.5
"Post scheduled trip end time",-3,550,553,4020.5
"Post scheduled trip end time",-3,13071,13074,4020.5
"Post scheduled trip end time",-3,12026,12029,4020.5
"Post scheduled trip end time",-3,555,558,4020.5
"Post scheduled trip end time",-3,401,404,4020.5
"Post scheduled trip end time",-3,16310,16313,4020.5
"Post scheduled trip end time",-3,4020,4023,4020.5
"Post scheduled trip end time",-3,11950,11953,4020.5
"Post scheduled trip end time",-3,53,56,4020.5
"Post scheduled trip end time",-3,6070,6073,4020.5
"Post scheduled trip end time",-3,7161,7164,4020.5
"Post scheduled trip end time",-3,527088,527091,4020.5
"Post scheduled trip end time",-3,529848,529851,4020.5
"Post scheduled trip end time",-3,1752,1755,4020.5
"Post scheduled trip end time",-3,19718,19721,4020.5
"Post scheduled trip end time",-3,22498,22501,4020.5
"Post scheduled trip end time",-3,8160,8163,4020.5
"Post scheduled trip end time",-3,6377,6380,4020.5
"Post scheduled trip end time",-3,913,916,4020.5
"Post scheduled trip end time",-3,2759,2762,4020.5
"Post scheduled trip end time",-3,8045,8048,4020.5
"Post scheduled trip end time",-3,10054,10057,4020.5
"Post scheduled trip end time",-3,4477,4480,4020.5
"Post scheduled trip end time",-3,1588,1591,4020.5
"Post scheduled trip end time",-3,18331,18334,4020.5
"Post scheduled trip end time",-3,27,30,4020.5
"Post scheduled trip end time",-3,11940,11943,4020.5
"Post scheduled trip end time",-3,12681,12684,4020.5
"Post scheduled trip end time",-3,21052,21055,4020.5
"Post scheduled trip end time",-3,6957,6960,4020.5
"Post scheduled trip end time",-3,388,391,4020.5
"Post scheduled trip end time",-3,903,906,4020.5
"Post scheduled trip end time",-3,5401,5404,4020.5
"Post scheduled trip end time",-3,3837,3840,4020.5
"Post scheduled trip end time",-3,536748,536751,4020.5
"Post scheduled trip end time",-3,12628,12631,4020.5
"Post scheduled trip end time",-3,5553,5556,4020.5
"Post scheduled trip end time",-3,11574,11577,4020.5
"Post scheduled trip end time",-3,15674,15677,4020.5
"Post scheduled trip end time",-3,7521,7524,4020.5
"Post scheduled trip end time",-3,6057,6060,4020.5
"Post scheduled trip end time",-3,13074,13077,4020.5
"Post scheduled trip end time",-3,4857,4860,4020.5
"Post scheduled trip end time",-3,531528,531531,4020.5
"Post scheduled trip end time",-3,536948,536951,4020.5
"Post scheduled trip end time",-3,1695,1698,4020.5
"Post scheduled trip end time",-3,5966,5969,4020.5
"Post scheduled trip end time",-3,30450,30453,4020.5
"Post scheduled trip end time",-3,26212,26215,4020.5
"Post scheduled trip end time",-3,30852,30855,4020.5
"Post scheduled trip end time",-3,21472,21475,4020.5
"Post scheduled trip end time",-3,15412,15415,4020.5
"Post scheduled trip end time",-3,12874,12877,4020.5
"Post scheduled trip end time",-3,10592,10595,4020.5
"Post scheduled trip end time",-3,16948,16951,4020.5
"Post scheduled trip end time",-3,20332,20335,4020.5
"Post scheduled trip end time",-3,7012,7015,4020.5
"Post scheduled trip end time",-3,11408,11411,4020.5
"Post scheduled trip end time",-3,142,145,4020.5
"Post scheduled trip end time",-3,1279,1282,4020.5
"Post scheduled trip end time",-3,1341,1344,4020.5
"Post scheduled trip end time",-3,91,94,4020.5
"Post scheduled trip end time",-3,324,327,4020.5
"Post scheduled trip end time",-3,16158,16161,4020.5
"Post scheduled trip end time",-3,5237,5240,4020.5
"Post scheduled trip end time",-3,6848,6851,4020.5
"Post scheduled trip end time",-3,533008,533011,4020.5
"Post scheduled trip end time",-3,5071,5074,4020.5
"Post scheduled trip end time",-3,5531,5534,4020.5
"Post scheduled trip end time",-3,11246,11249,4020.5
"Post scheduled trip end time",-3,10657,10660,4020.5
"Post scheduled trip end time",-3,NA,NA,4020.5
"Post scheduled trip end time",-3,24430,24433,4020.5
"Post scheduled trip end time",-3,8280,8283,4020.5
"Post scheduled trip end time",-3,19132,19135,4020.5
"Post scheduled trip end time",-3,4140,4143,4020.5
"Post scheduled trip end time",-3,2136,2139,4020.5
"Post scheduled trip end time",-3,534,537,4020.5
"Post scheduled trip end time",-3,6513,6516,4020.5
"Post scheduled trip end time",-3,13911,13914,4020.5
"Post scheduled trip end time",-3,10566,10569,4020.5
"Post scheduled trip end time",-3,156,159,4020.5
"Post scheduled trip end time",-3,1241,1244,4020.5
"Post scheduled trip end time",-3,2392,2395,4020.5
"Post scheduled trip end time",-3,3666,3669,4020.5
"Post scheduled trip end time",-3,15850,15853,4020.5
"Post scheduled trip end time",-3,881,884,4020.5
"Post scheduled trip end time",-3,21937,21940,4020.5
"Post scheduled trip end time",-3,529588,529591,4020.5
"Post scheduled trip end time",-3,320,323,4020.5
"Post scheduled trip end time",-3,3461,3464,4020.5
"Post scheduled trip end time",-3,344,347,4020.5
"Post scheduled trip end time",-3,4514,4517,4020.5
"Post scheduled trip end time",-3,309,312,4020.5
"Post scheduled trip end time",-3,591,594,4020.5
"Post scheduled trip end time",-3,138,141,4020.5
"Post scheduled trip end time",-3,6860,6863,4020.5
"Post scheduled trip end time",-3,1930,1933,4020.5
"Post scheduled trip end time",-3,17854,17857,4020.5
"Post scheduled trip end time",-3,9337,9340,4020.5
"Post scheduled trip end time",-3,10188,10191,4020.5
"Post scheduled trip end time",-3,5648,5651,4020.5
"Post scheduled trip end time",-3,14588,14591,4020.5
"Post scheduled trip end time",-3,7326,7329,4020.5
"Post scheduled trip end time",-3,16932,16935,4020.5
"Post scheduled trip end time",-3,11865,11868,4020.5
"Post scheduled trip end time",-3,21,24,4020.5
"Post scheduled trip end time",-3,7954,7957,4020.5
"Post scheduled trip end time",-3,795,798,4020.5
"Post scheduled trip end time",-3,3952,3955,4020.5
"Post scheduled trip end time",-3,4288,4291,4020.5
"Post scheduled trip end time",-3,14268,14271,4020.5
"Post scheduled trip end time",-3,4966,4969,4020.5
"Post scheduled trip end time",-3,1779,1782,4020.5
"Post scheduled trip end time",-3,32512,32515,4020.5
"Post scheduled trip end time",-3,15998,16001,4020.5
"Post scheduled trip end time",-3,9321,9324,4020.5
"Post scheduled trip end time",-3,5337,5340,4020.5
"Post scheduled trip end time",-3,3100,3103,4020.5
"Post scheduled trip end time",-3,9391,9394,4020.5
"Post scheduled trip end time",-3,141,144,4020.5
"Post scheduled trip end time",-3,2545,2548,4020.5
"Post scheduled trip end time",-3,15921,15924,4020.5
"Post scheduled trip end time",-3,4590,4593,4020.5
"Post scheduled trip end time",-3,14952,14955,4020.5
"Post scheduled trip end time",-3,19692,19695,4020.5
"Post scheduled trip end time",-3,8218,8221,4020.5
"Post scheduled trip end time",-3,6405,6408,4020.5
"Post scheduled trip end time",-3,3663,3666,4020.5
"Post scheduled trip end time",-3,16218,16221,4020.5
"Post scheduled trip end time",-3,6080,6083,4020.5
"Post scheduled trip end time",-3,9388,9391,4020.5
"Post scheduled trip end time",-3,20857,20860,4020.5
"Post scheduled trip end time",-3,6325,6328,4020.5
"Post scheduled trip end time",-3,2294,2297,4020.5
"Post scheduled trip end time",-3,2527,2530,4020.5
"Post scheduled trip end time",-3,3718,3721,4020.5
"Post scheduled trip end time",-3,160,163,4020.5
"Post scheduled trip end time",-3,19198,19201,4020.5
"Post scheduled trip end time",-3,31512,31515,4020.5
"Post scheduled trip end time",-3,1900,1903,4020.5
"Post scheduled trip end time",-3,6320,6323,4020.5
"Post scheduled trip end time",-3,5048,5051,4020.5
"Post scheduled trip end time",-3,8208,8211,4020.5
"Post scheduled trip end time",-3,8652,8655,4020.5
"Post scheduled trip end time",-3,18134,18137,4020.5
"Post scheduled trip end time",-3,4500,4503,4020.5
"Post scheduled trip end time",-3,19092,19095,4020.5
"Post scheduled trip end time",-3,1878,1881,4020.5
"Post scheduled trip end time",-3,9788,9791,4020.5
"Post scheduled trip end time",-3,5868,5871,4020.5
"Post scheduled trip end time",-3,17472,17475,4020.5
"Post scheduled trip end time",-3,1948,1951,4020.5
"Post scheduled trip end time",-3,5580,5583,4020.5
"Post scheduled trip end time",-3,11221,11224,4020.5
"Post scheduled trip end time",-3,3341,3344,4020.5
"Post scheduled trip end time",-3,739,742,4020.5
"Post scheduled trip end time",-3,24892,24895,4020.5
"Post scheduled trip end time",-3,15261,15264,4020.5
"Post scheduled trip end time",-3,1094,1097,4020.5
"Post scheduled trip end time",-3,11921,11924,4020.5
"Post scheduled trip end time",-3,6298,6301,4020.5
"Post scheduled trip end time",-3,4610,4613,4020.5
"Post scheduled trip end time",-3,765,768,4020.5
"Post scheduled trip end time",-3,2541,2544,4020.5
"Post scheduled trip end time",-3,1476,1479,4020.5
"Post scheduled trip end time",-3,22,25,4020.5
"Post scheduled trip end time",-3,193,196,4020.5
"Post scheduled trip end time",-3,17,20,4020.5
"Post scheduled trip end time",-3,28,31,4020.5
"Post scheduled trip end time",-3,5000,5003,4020.5
"Post scheduled trip end time",-3,33852,33855,4020.5
"Post scheduled trip end time",-3,2531,2534,4020.5
"Post scheduled trip end time",-3,7314,7317,4020.5
"Post scheduled trip end time",-3,14392,14395,4020.5
"Post scheduled trip end time",-3,27152,27155,4020.5
"Post scheduled trip end time",-3,20752,20755,4020.5
"Post scheduled trip end time",-3,7277,7280,4020.5
"Post scheduled trip end time",-3,1040,1043,4020.5
"Post scheduled trip end time",-3,3972,3975,4020.5
"Post scheduled trip end time",-3,2958,2961,4020.5
"Post scheduled trip end time",-3,16352,16355,4020.5
"Post scheduled trip end time",-3,86,89,4020.5
"Post scheduled trip end time",-3,20,23,4020.5
"Post scheduled trip end time",-3,32212,32215,4020.5
"Post scheduled trip end time",-3,11598,11601,4020.5
"Post scheduled trip end time",-3,3019,3022,4020.5
"Post scheduled trip end time",-3,527768,527771,4020.5
"Post scheduled trip end time",-3,543,546,4020.5
"Post scheduled trip end time",-3,923,926,4020.5
"Post scheduled trip end time",-3,4361,4364,4020.5
"Post scheduled trip end time",-3,9966,9969,4020.5
"Post scheduled trip end time",-3,10197,10200,4020.5
"Post scheduled trip end time",-3,541,544,4020.5
"Post scheduled trip end time",-3,3175,3178,4020.5
"Post scheduled trip end time",-3,800,803,4020.5
"Post scheduled trip end time",-3,13592,13595,4020.5
"Post scheduled trip end time",-3,7088,7091,4020.5
"Post scheduled trip end time",-3,2120,2123,4020.5
"Post scheduled trip end time",-3,7046,7049,4020.5
"Post scheduled trip end time",-3,7266,7269,4020.5
"Post scheduled trip end time",-3,9652,9655,4020.5
"Post scheduled trip end time",-3,1084,1087,4020.5
"Post scheduled trip end time",-3,2050,2053,4020.5
"Post scheduled trip end time",-3,9250,9253,4020.5
"Post scheduled trip end time",-3,21072,21075,4020.5
"Post scheduled trip end time",-3,6712,6715,4020.5
"Post scheduled trip end time",-3,1886,1889,4020.5
"Post scheduled trip end time",-3,277,280,4020.5
"Post scheduled trip end time",-3,1941,1944,4020.5
"Post scheduled trip end time",-3,38,41,4020.5
"Post scheduled trip end time",-3,50,53,4020.5
"Post scheduled trip end time",-3,10554,10557,4020.5
"Post scheduled trip end time",-3,11674,11677,4020.5
"Post scheduled trip end time",-3,21912,21915,4020.5
"Post scheduled trip end time",-3,4674,4677,4020.5
"Post scheduled trip end time",-3,6221,6224,4020.5
"Post scheduled trip end time",-3,4946,4949,4020.5
"Post scheduled trip end time",-3,347,350,4020.5
"Post scheduled trip end time",-3,557,560,4020.5
"Post scheduled trip end time",-3,661,664,4020.5
"Post scheduled trip end time",-3,2805,2808,4020.5
"Post scheduled trip end time",-3,12130,12133,4020.5
"Post scheduled trip end time",-3,3680,3683,4020.5
"Post scheduled trip end time",-3,12561,12564,4020.5
"Post scheduled trip end time",-3,137,140,4020.5
"Post scheduled trip end time",-3,7450,7453,4020.5
"Post scheduled trip end time",-3,532448,532451,4020.5
"Post scheduled trip end time",-3,7477,7480,4020.5
"Post scheduled trip end time",-3,8534,8537,4020.5
"Post scheduled trip end time",-3,18751,18754,4020.5
"Post scheduled trip end time",-3,1198,1201,4020.5
"Post scheduled trip end time",-3,15945,15948,4020.5
"Post scheduled trip end time",-3,706,709,4020.5
"Post scheduled trip end time",-3,585,588,4020.5
"Post scheduled trip end time",-3,9458,9461,4020.5
"Post scheduled trip end time",-3,8751,8754,4020.5
"Post scheduled trip end time",-3,1798,1801,4020.5
"Post scheduled trip end time",-3,1946,1949,4020.5
"Post scheduled trip end time",-3,5874,5877,4020.5
"Post scheduled trip end time",-3,2032,2035,4020.5
"Post scheduled trip end time",-3,6814,6817,4020.5
"Post scheduled trip end time",-3,28512,28515,4020.5
"Post scheduled trip end time",-3,10334,10337,4020.5
"Post scheduled trip end time",-3,1015,1018,4020.5
"Post scheduled trip end time",-3,15048,15051,4020.5
"Post scheduled trip end time",-3,12451,12454,4020.5
"Post scheduled trip end time",-3,12348,12351,4020.5
"Post scheduled trip end time",-3,6940,6943,4020.5
"Post scheduled trip end time",-3,18806,18809,4020.5
"Post scheduled trip end time",-3,6751,6754,4020.5
"Post scheduled trip end time",-3,552,555,4020.5
"Post scheduled trip end time",-3,1466,1469,4020.5
"Post scheduled trip end time",-3,14446,14449,4020.5
"Post scheduled trip end time",-3,94,97,4020.5
"Post scheduled trip end time",-3,10074,10077,4020.5
"Post scheduled trip end time",-3,1354,1357,4020.5
"Post scheduled trip end time",-3,70,73,4020.5
"Post scheduled trip end time",-3,15088,15091,4020.5
"Post scheduled trip end time",-3,2000,2003,4020.5
"Post scheduled trip end time",-3,331,334,4020.5
"Post scheduled trip end time",-3,5910,5913,4020.5
"Post scheduled trip end time",-3,101,104,4020.5
"Post scheduled trip end time",-3,7671,7674,4020.5
"Post scheduled trip end time",-3,29404,29407,4020.5
"Post scheduled trip end time",-3,22752,22755,4020.5
"Post scheduled trip end time",-3,18572,18575,4020.5
"Post scheduled trip end time",-3,3037,3040,4020.5
"Post scheduled trip end time",-3,7854,7857,4020.5
"Post scheduled trip end time",-3,134,137,4020.5
"Post scheduled trip end time",-3,15772,15775,4020.5
"Post scheduled trip end time",-3,155,158,4020.5
"Post scheduled trip end time",-3,1778,1781,4020.5
"Post scheduled trip end time",-3,1728,1731,4020.5
"Post scheduled trip end time",-3,10681,10684,4020.5
"Post scheduled trip end time",-3,8448,8451,4020.5
"Post scheduled trip end time",-3,9568,9571,4020.5
"Post scheduled trip end time",-3,3237,3240,4020.5
"Post scheduled trip end time",-3,487,490,4020.5
"Post scheduled trip end time",-3,256,259,4020.5
"Post scheduled trip end time",-3,11371,11374,4020.5
"Post scheduled trip end time",-3,6477,6480,4020.5
"Post scheduled trip end time",-3,13952,13955,4020.5
"Post scheduled trip end time",-3,523768,523771,4020.5
"Post scheduled trip end time",-3,15906,15909,4020.5
"Post scheduled trip end time",-3,332,335,4020.5
"Post scheduled trip end time",-3,3538,3541,4020.5
"Post scheduled trip end time",-3,1870,1873,4020.5
"Post scheduled trip end time",-3,28412,28415,4020.5
"Post scheduled trip end time",-3,7580,7583,4020.5
"Post scheduled trip end time",-3,520228,520231,4020.5
"Post scheduled trip end time",-3,95,98,4020.5
"Post scheduled trip end time",-3,1086,1089,4020.5
"Post scheduled trip end time",-3,10666,10669,4020.5
"Post scheduled trip end time",-3,7492,7495,4020.5
"Post scheduled trip end time",-3,6190,6193,4020.5
"Post scheduled trip end time",-3,1973,1976,4020.5
"Post scheduled trip end time",-3,586,589,4020.5
"Post scheduled trip end time",-3,16078,16081,4020.5
"Post scheduled trip end time",-3,31732,31735,4020.5
"Post scheduled trip end time",-3,14272,14275,4020.5
"Post scheduled trip end time",-3,8578,8581,4020.5
"Post scheduled trip end time",-3,8901,8904,4020.5
"Post scheduled trip end time",-3,10901,10904,4020.5
"Post scheduled trip end time",-3,26612,26615,4020.5
"Post scheduled trip end time",-3,6901,6904,4020.5
"Post scheduled trip end time",-3,4889,4892,4020.5
"Post scheduled trip end time",-3,16648,16651,4020.5
"Post scheduled trip end time",-3,606,609,4020.5
"Post scheduled trip end time",-3,852,855,4020.5
"Post scheduled trip end time",-3,372,375,4020.5
"Post scheduled trip end time",-3,5074,5077,4020.5
"Post scheduled trip end time",-3,15554,15557,4020.5
"Post scheduled trip end time",-3,29072,29075,4020.5
"Post scheduled trip end time",-3,21452,21455,4020.5
"Post scheduled trip end time",-3,11621,11624,4020.5
"Post scheduled trip end time",-3,5480,5483,4020.5
"Post scheduled trip end time",-3,10290,10293,4020.5
"Post scheduled trip end time",-3,13806,13809,4020.5
"Post scheduled trip end time",-3,9617,9620,4020.5
"Post scheduled trip end time",-3,4105,4108,4020.5
"Post scheduled trip end time",-3,17085,17088,4020.5
"Post scheduled trip end time",-3,12330,12333,4020.5
"Post scheduled trip end time",-3,149,152,4020.5
"Post scheduled trip end time",-3,527108,527111,4020.5
"Post scheduled trip end time",-3,523148,523151,4020.5
"Post scheduled trip end time",-3,5261,5264,4020.5
"Post scheduled trip end time",-3,532268,532271,4020.5
"Post scheduled trip end time",-3,239,242,4020.5
"Post scheduled trip end time",-3,17685,17688,4020.5
"Post scheduled trip end time",-3,93,96,4020.5
"Post scheduled trip end time",-3,24572,24575,4020.5
"Post scheduled trip end time",-3,18052,18055,4020.5
"Post scheduled trip end time",-3,6317,6320,4020.5
"Post scheduled trip end time",-3,1517,1520,4020.5
"Post scheduled trip end time",-3,16391,16394,4020.5
"Post scheduled trip end time",-3,1783,1786,4020.5
"Post scheduled trip end time",-3,1974,1977,4020.5
"Post scheduled trip end time",-3,10950,10953,4020.5
"Post scheduled trip end time",-3,11992,11995,4020.5
"Post scheduled trip end time",-3,6768,6771,4020.5
"Post scheduled trip end time",-3,10001,10004,4020.5
"Post scheduled trip end time",-3,18818,18821,4020.5
"Post scheduled trip end time",-3,520268,520271,4020.5
"Post scheduled trip end time",-3,4269,4272,4020.5
"Post scheduled trip end time",-3,7381,7384,4020.5
"Post scheduled trip end time",-3,4906,4909,4020.5
"Post scheduled trip end time",-3,4272,4275,4020.5
"Post scheduled trip end time",-3,15848,15851,4020.5
"Post scheduled trip end time",-3,1132,1135,4020.5
"Post scheduled trip end time",-3,8997,9000,4020.5
"Post scheduled trip end time",-3,2221,2224,4020.5
"Post scheduled trip end time",-3,5914,5917,4020.5
"Post scheduled trip end time",-3,26512,26515,4020.5
"Post scheduled trip end time",-3,3434,3437,4020.5
"Post scheduled trip end time",-3,7208,7211,4020.5
"Post scheduled trip end time",-3,4148,4151,4020.5
"Post scheduled trip end time",-3,19192,19195,4020.5
"Post scheduled trip end time",-3,9212,9215,4020.5
"Post scheduled trip end time",-3,3041,3044,4020.5
"Post scheduled trip end time",-3,1,4,4020.5
"Post scheduled trip end time",-3,19298,19301,4020.5
"Post scheduled trip end time",-3,20558,20561,4020.5
"Post scheduled trip end time",-3,1795,1798,4020.5
"Post scheduled trip end time",-3,16554,16557,4020.5
"Post scheduled trip end time",-3,15498,15501,4020.5
"Post scheduled trip end time",-3,15072,15075,4020.5
"Post scheduled trip end time",-3,15852,15855,4020.5
"Post scheduled trip end time",-3,533668,533671,4020.5
"Post scheduled trip end time",-3,2788,2791,4020.5
"Post scheduled trip end time",-3,122,125,4020.5
"Post scheduled trip end time",-3,1806,1809,4020.5
"Post scheduled trip end time",-3,728,731,4020.5
"Post scheduled trip end time",-3,1046,1049,4020.5
"Post scheduled trip end time",-3,27472,27475,4020.5
"Post scheduled trip end time",-3,5360,5363,4020.5
"Post scheduled trip end time",-3,340,343,4020.5
"Post scheduled trip end time",-3,540,543,4020.5
"Post scheduled trip end time",-3,531688,531691,4020.5
"Post scheduled trip end time",-3,12311,12314,4020.5
"Post scheduled trip end time",-3,6972,6975,4020.5
"Post scheduled trip end time",-3,8420,8423,4020.5
"Post scheduled trip end time",-3,3654,3657,4020.5
"Post scheduled trip end time",-3,11,14,4020.5
"Post scheduled trip end time",-3,12054,12057,4020.5
"Post scheduled trip end time",-3,5180,5183,4020.5
"Post scheduled trip end time",-3,562,565,4020.5
"Post scheduled trip end time",-3,532608,532611,4020.5
"Post scheduled trip end time",-3,6920,6923,4020.5
"Post scheduled trip end time",-3,252,255,4020.5
"Post scheduled trip end time",-3,9741,9744,4020.5
"Post scheduled trip end time",-3,1679,1682,4020.5
"Post scheduled trip end time",-3,165,168,4020.5
"Post scheduled trip end time",-3,22632,22635,4020.5
"Post scheduled trip end time",-3,17552,17555,4020.5
"Post scheduled trip end time",-3,21092,21095,4020.5
"Post scheduled trip end time",-3,1153,1156,4020.5
"Post scheduled trip end time",-3,4050,4053,4020.5
"Post scheduled trip end time",-3,1578,1581,4020.5
"Post scheduled trip end time",-3,15791,15794,4020.5
"Post scheduled trip end time",-3,10408,10411,4020.5
"Post scheduled trip end time",-3,11908,11911,4020.5
"Post scheduled trip end time",-3,1880,1883,4020.5
"Post scheduled trip end time",-3,17012,17015,4020.5
"Post scheduled trip end time",-3,7101,7104,4020.5
"Post scheduled trip end time",-3,7668,7671,4020.5
"Post scheduled trip end time",-3,10692,10695,4020.5
"Post scheduled trip end time",-3,14428,14431,4020.5
"Post scheduled trip end time",-3,8054,8057,4020.5
"Post scheduled trip end time",-3,1352,1355,4020.5
"Post scheduled trip end time",-3,14112,14115,4020.5
"Post scheduled trip end time",-3,15252,15255,4020.5
"Post scheduled trip end time",-3,5353,5356,4020.5
"Post scheduled trip end time",-3,27290,27293,4020.5
"Post scheduled trip end time",-3,5077,5080,4020.5
"Post scheduled trip end time",-3,80,83,4020.5
"Post scheduled trip end time",-3,20272,20275,4020.5
"Post scheduled trip end time",-3,1286,1289,4020.5
"Post scheduled trip end time",-3,9232,9235,4020.5
"Post scheduled trip end time",-3,1458,1461,4020.5
"Post scheduled trip end time",-3,14646,14649,4020.5
"Post scheduled trip end time",-3,19,22,4020.5
"Post scheduled trip end time",-3,8240,8243,4020.5
"Post scheduled trip end time",-3,15012,15015,4020.5
"Post scheduled trip end time",-3,2757,2760,4020.5
"Post scheduled trip end time",-3,10452,10455,4020.5
"Post scheduled trip end time",-3,8158,8161,4020.5
"Post scheduled trip end time",-3,6597,6600,4020.5
"Post scheduled trip end time",-3,207,210,4020.5
"Post scheduled trip end time",-3,2258,2261,4020.5
"Post scheduled trip end time",-3,2558,2561,4020.5
"Post scheduled trip end time",-3,7588,7591,4020.5
"Post scheduled trip end time",-3,266,269,4020.5
"Post scheduled trip end time",-3,1850,1853,4020.5
"Post scheduled trip end time",-3,2014,2017,4020.5
"Post scheduled trip end time",-3,4452,4455,4020.5
"Post scheduled trip end time",-3,247,250,4020.5
"Post scheduled trip end time",-3,540388,540391,4020.5
"Post scheduled trip end time",-3,1358,1361,4020.5
"Post scheduled trip end time",-3,1741,1744,4020.5
"Post scheduled trip end time",-3,1058,1061,4020.5
"Post scheduled trip end time",-3,18474,18477,4020.5
"Post scheduled trip end time",-3,2760,2763,4020.5
"Post scheduled trip end time",-3,542208,542211,4020.5
"Post scheduled trip end time",-3,97,100,4020.5
"Post scheduled trip end time",-3,4520,4523,4020.5
"Post scheduled trip end time",-3,9728,9731,4020.5
"Post scheduled trip end time",-3,9381,9384,4020.5
"Post scheduled trip end time",-3,198,201,4020.5
"Post scheduled trip end time",-3,2919,2922,4020.5
"Post scheduled trip end time",-3,13972,13975,4020.5
"Post scheduled trip end time",-3,525228,525231,4020.5
"Post scheduled trip end time",-3,1417,1420,4020.5
"Post scheduled trip end time",-3,15888,15891,4020.5
"Post scheduled trip end time",-3,1594,1597,4020.5
"Post scheduled trip end time",-3,13141,13144,4020.5
"Post scheduled trip end time",-3,6220,6223,4020.5
"Post scheduled trip end time",-3,495,498,4020.5
"Post scheduled trip end time",-3,7810,7813,4020.5
"Post scheduled trip end time",-3,4554,4557,4020.5
"Post scheduled trip end time",-3,20652,20655,4020.5
"Post scheduled trip end time",-3,527,530,4020.5
"Post scheduled trip end time",-3,258,261,4020.5
"Post scheduled trip end time",-3,1761,1764,4020.5
"Post scheduled trip end time",-3,16514,16517,4020.5
"Post scheduled trip end time",-3,11272,11275,4020.5
"Post scheduled trip end time",-3,1918,1921,4020.5
"Post scheduled trip end time",-3,526728,526731,4020.5
"Post scheduled trip end time",-3,527688,527691,4020.5
"Post scheduled trip end time",-3,6025,6028,4020.5
"Post scheduled trip end time",-3,25552,25555,4020.5
"Post scheduled trip end time",-3,3900,3903,4020.5
"Post scheduled trip end time",-3,5954,5957,4020.5
"Post scheduled trip end time",-3,405,408,4020.5
"Post scheduled trip end time",-3,8154,8157,4020.5
"Post scheduled trip end time",-3,14691,14694,4020.5
"Post scheduled trip end time",-3,171,174,4020.5
"Post scheduled trip end time",-3,997,1000,4020.5
"Post scheduled trip end time",-3,541528,541531,4020.5
"Post scheduled trip end time",-3,14051,14054,4020.5
"Post scheduled trip end time",-3,542388,542391,4020.5
"Post scheduled trip end time",-3,2812,2815,4020.5
"Post scheduled trip end time",-3,10441,10444,4020.5
"Post scheduled trip end time",-3,6846,6849,4020.5
"Post scheduled trip end time",-3,13446,13449,4020.5
"Post scheduled trip end time",-3,28050,28053,4020.5
"Post scheduled trip end time",-3,13877,13880,4020.5
"Post scheduled trip end time",-3,691,694,4020.5
"Post scheduled trip end time",-3,6748,6751,4020.5
"Post scheduled trip end time",-3,18032,18035,4020.5
"Post scheduled trip end time",-3,5060,5063,4020.5
"Post scheduled trip end time",-3,1637,1640,4020.5
"Post scheduled trip end time",-3,530148,530151,4020.5
"Post scheduled trip end time",-3,16585,16588,4020.5
"Post scheduled trip end time",-3,20698,20701,4020.5
"Post scheduled trip end time",-3,6294,6297,4020.5
"Post scheduled trip end time",-3,7220,7223,4020.5
"Post scheduled trip end time",-3,535448,535451,4020.5
"Post scheduled trip end time",-3,1200,1203,4020.5
"Post scheduled trip end time",-3,11306,11309,4020.5
"Post scheduled trip end time",-3,6610,6613,4020.5
"Post scheduled trip end time",-3,1212,1215,4020.5
"Post scheduled trip end time",-3,1414,1417,4020.5
"Post scheduled trip end time",-3,13070,13073,4020.5
"Post scheduled trip end time",-3,21512,21515,4020.5
"Post scheduled trip end time",-3,8801,8804,4020.5
"Post scheduled trip end time",-3,16768,16771,4020.5
"Post scheduled trip end time",-3,1246,1249,4020.5
"Post scheduled trip end time",-3,12946,12949,4020.5
"Post scheduled trip end time",-3,1118,1121,4020.5
"Post scheduled trip end time",-3,34,37,4020.5
"Post scheduled trip end time",-3,29,32,4020.5
"Post scheduled trip end time",-3,18672,18675,4020.5
"Post scheduled trip end time",-3,6701,6704,4020.5
"Post scheduled trip end time",-3,534148,534151,4020.5
"Post scheduled trip end time",-3,2852,2855,4020.5
"Post scheduled trip end time",-3,13026,13029,4020.5
"Post scheduled trip end time",-3,1105,1108,4020.5
"Post scheduled trip end time",-3,1607,1610,4020.5
"Post scheduled trip end time",-3,22558,22561,4020.5
"Post scheduled trip end time",-3,35572,35575,4020.5
"Post scheduled trip end time",-3,2694,2697,4020.5
"Post scheduled trip end time",-3,20772,20775,4020.5
"Post scheduled trip end time",-3,3329,3332,4020.5
"Post scheduled trip end time",-3,2078,2081,4020.5
"Post scheduled trip end time",-3,273,276,4020.5
"Post scheduled trip end time",-3,12528,12531,4020.5
"Post scheduled trip end time",-3,613,616,4020.5
"Post scheduled trip end time",-3,8626,8629,4020.5
"Post scheduled trip end time",-3,834,837,4020.5
"Post scheduled trip end time",-3,2980,2983,4020.5
"Post scheduled trip end time",-3,11832,11835,4020.5
"Post scheduled trip end time",-3,526588,526591,4020.5
"Post scheduled trip end time",-3,540788,540791,4020.5
"Post scheduled trip end time",-3,541208,541211,4020.5
"Post scheduled trip end time",-3,20032,20035,4020.5
"Post scheduled trip end time",-3,417,420,4020.5
"Post scheduled trip end time",-3,9597,9600,4020.5
"Post scheduled trip end time",-3,941,944,4020.5
"Post scheduled trip end time",-3,206194,206197,4020.5
"Post scheduled trip end time",-3,14021,14024,4020.5
"Post scheduled trip end time",-3,443,446,4020.5
"Post scheduled trip end time",-3,785,788,4020.5
"Post scheduled trip end time",-3,538088,538091,4020.5
"Post scheduled trip end time",-3,747,750,4020.5
"Post scheduled trip end time",-3,2781,2784,4020.5
"Post scheduled trip end time",-3,2170,2173,4020.5
"Post scheduled trip end time",-3,2994,2997,4020.5
"Post scheduled trip end time",-3,27932,27935,4020.5
"Post scheduled trip end time",-3,3189,3192,4020.5
"Post scheduled trip end time",-3,6440,6443,4020.5
"Post scheduled trip end time",-3,3248,3251,4020.5
"Post scheduled trip end time",-3,2572,2575,4020.5
"Post scheduled trip end time",-3,13290,13293,4020.5
"Post scheduled trip end time",-3,7591,7594,4020.5
"Post scheduled trip end time",-3,7372,7375,4020.5
"Post scheduled trip end time",-3,11450,11453,4020.5
"Post scheduled trip end time",-3,1289,1292,4020.5
"Post scheduled trip end time",-3,10000,10003,4020.5
"Post scheduled trip end time",-3,16692,16695,4020.5
"Post scheduled trip end time",-3,940,943,4020.5
"Post scheduled trip end time",-3,525968,525971,4020.5
"Post scheduled trip end time",-3,526788,526791,4020.5
"Post scheduled trip end time",-3,2520,2523,4020.5
"Post scheduled trip end time",-3,542988,542991,4020.5
"Post scheduled trip end time",-3,2672,2675,4020.5
"Post scheduled trip end time",-3,14941,14944,4020.5
"Post scheduled trip end time",-3,22032,22035,4020.5
"Post scheduled trip end time",-3,2168,2171,4020.5
"Post scheduled trip end time",-3,16688,16691,4020.5
"Post scheduled trip end time",-3,338,341,4020.5
"Post scheduled trip end time",-3,17391,17394,4020.5
"Post scheduled trip end time",-3,11972,11975,4020.5
"Post scheduled trip end time",-3,915,918,4020.5
"Post scheduled trip end time",-3,11210,11213,4020.5
"Post scheduled trip end time",-3,51,54,4020.5
"Post scheduled trip end time",-3,1796,1799,4020.5
"Post scheduled trip end time",-3,20078,20081,4020.5
"Post scheduled trip end time",-3,4758,4761,4020.5
"Post scheduled trip end time",-3,490,493,4020.5
"Post scheduled trip end time",-3,530088,530091,4020.5
"Post scheduled trip end time",-3,6908,6911,4020.5
"Post scheduled trip end time",-3,8034,8037,4020.5
"Post scheduled trip end time",-3,1692,1695,4020.5
"Post scheduled trip end time",-3,8992,8995,4020.5
"Post scheduled trip end time",-3,1755,1758,4020.5
"Post scheduled trip end time",-3,33252,33255,4020.5
"Post scheduled trip end time",-3,22372,22375,4020.5
"Post scheduled trip end time",-3,9281,9284,4020.5
"Post scheduled trip end time",-3,1164,1167,4020.5
"Post scheduled trip end time",-3,5828,5831,4020.5
"Post scheduled trip end time",-3,528828,528831,4020.5
"Post scheduled trip end time",-3,3908,3911,4020.5
"Post scheduled trip end time",-3,9872,9875,4020.5
"Post scheduled trip end time",-3,4480,4483,4020.5
"Post scheduled trip end time",-3,492,495,4020.5
"Post scheduled trip end time",-3,28872,28875,4020.5
"Post scheduled trip end time",-3,13618,13621,4020.5
"Post scheduled trip end time",-3,7871,7874,4020.5
"Post scheduled trip end time",-3,523388,523391,4020.5
"Post scheduled trip end time",-3,14992,14995,4020.5
"Post scheduled trip end time",-3,343,346,4020.5
"Post scheduled trip end time",-3,1081,1084,4020.5
"Post scheduled trip end time",-3,17645,17648,4020.5
"Post scheduled trip end time",-3,2931,2934,4020.5
"Post scheduled trip end time",-3,22892,22895,4020.5
"Post scheduled trip end time",-3,4066,4069,4020.5
"Post scheduled trip end time",-3,10388,10391,4020.5
"Post scheduled trip end time",-3,11392,11395,4020.5
"Post scheduled trip end time",-3,13012,13015,4020.5
"Post scheduled trip end time",-3,14712,14715,4020.5
"Post scheduled trip end time",-3,14125,14128,4020.5
"Post scheduled trip end time",-3,3630,3633,4020.5
"Post scheduled trip end time",-3,28232,28235,4020.5
"Post scheduled trip end time",-3,21292,21295,4020.5
"Post scheduled trip end time",-3,13318,13321,4020.5
"Post scheduled trip end time",-3,11937,11940,4020.5
"Post scheduled trip end time",-3,4646,4649,4020.5
"Post scheduled trip end time",-3,438,441,4020.5
"Post scheduled trip end time",-3,3520,3523,4020.5
"Post scheduled trip end time",-3,12501,12504,4020.5
"Post scheduled trip end time",-3,12557,12560,4020.5
"Post scheduled trip end time",-3,22612,22615,4020.5
"Post scheduled trip end time",-3,31712,31715,4020.5
"Post scheduled trip end time",-3,27532,27535,4020.5
"Post scheduled trip end time",-3,6354,6357,4020.5
"Post scheduled trip end time",-3,525628,525631,4020.5
"Post scheduled trip end time",-3,522168,522171,4020.5
"Post scheduled trip end time",-3,8826,8829,4020.5
"Post scheduled trip end time",-3,538048,538051,4020.5
"Post scheduled trip end time",-3,5105,5108,4020.5
"Post scheduled trip end time",-3,15841,15844,4020.5
"Post scheduled trip end time",-3,26,29,4020.5
"Post scheduled trip end time",-3,6115,6118,4020.5
"Post scheduled trip end time",-3,17425,17428,4020.5
"Post scheduled trip end time",-3,274,277,4020.5
"Post scheduled trip end time",-3,1990,1993,4020.5
"Post scheduled trip end time",-3,4170,4173,4020.5
"Post scheduled trip end time",-3,15492,15495,4020.5
"Post scheduled trip end time",-3,2137,2140,4020.5
"Post scheduled trip end time",-3,2865,2868,4020.5
"Post scheduled trip end time",-3,8061,8064,4020.5
"Post scheduled trip end time",-3,2999,3002,4020.5
"Post scheduled trip end time",-3,45,48,4020.5
"Post scheduled trip end time",-3,891,894,4020.5
"Post scheduled trip end time",-3,2240,2243,4020.5
"Post scheduled trip end time",-3,1634,1637,4020.5
"Post scheduled trip end time",-3,563,566,4020.5
"Post scheduled trip end time",-3,4430,4433,4020.5
"Post scheduled trip end time",-3,23252,23255,4020.5
"Post scheduled trip end time",-3,12431,12434,4020.5
"Post scheduled trip end time",-3,541308,541311,4020.5
"Post scheduled trip end time",-3,5250,5253,4020.5
"Post scheduled trip end time",-3,12168,12171,4020.5
"Post scheduled trip end time",-3,11231,11234,4020.5
"Post scheduled trip end time",-3,16605,16608,4020.5
"Post scheduled trip end time",-3,6714,6717,4020.5
"Post scheduled trip end time",-3,11800,11803,4020.5
"Post scheduled trip end time",-3,22132,22135,4020.5
"Post scheduled trip end time",-3,520708,520711,4020.5
"Post scheduled trip end time",-3,21637,21640,4020.5
"Post scheduled trip end time",-3,5268,5271,4020.5
"Post scheduled trip end time",-3,17191,17194,4020.5
"Post scheduled trip end time",-3,11688,11691,4020.5
"Post scheduled trip end time",-3,7781,7784,4020.5
"Post scheduled trip end time",-3,4145,4148,4020.5
"Post scheduled trip end time",-3,3481,3484,4020.5
"Post scheduled trip end time",-3,4214,4217,4020.5
"Post scheduled trip end time",-3,109,112,4020.5
"Post scheduled trip end time",-3,1469,1472,4020.5
"Post scheduled trip end time",-3,8112,8115,4020.5
"Post scheduled trip end time",-3,116,119,4020.5
"Post scheduled trip end time",-3,7127,7130,4020.5
"Post scheduled trip end time",-3,259,262,4020.5
"Post scheduled trip end time",-3,8538,8541,4020.5
"Post scheduled trip end time",-3,717,720,4020.5
"Post scheduled trip end time",-3,7490,7493,4020.5
"Post scheduled trip end time",-3,5818,5821,4020.5
"Post scheduled trip end time",-3,726,729,4020.5
"Post scheduled trip end time",-3,20452,20455,4020.5
"Post scheduled trip end time",-3,472,475,4020.5
"Post scheduled trip end time",-3,12021,12024,4020.5
"Post scheduled trip end time",-3,13101,13104,4020.5
"Post scheduled trip end time",-3,4352,4355,4020.5
"Post scheduled trip end time",-3,16446,16449,4020.5
"Post scheduled trip end time",-3,55,58,4020.5
"Post scheduled trip end time",-3,12381,12384,4020.5
"Post scheduled trip end time",-3,486,489,4020.5
"Post scheduled trip end time",-3,1718,1721,4020.5
"Post scheduled trip end time",-3,541848,541851,4020.5
"Post scheduled trip end time",-3,1218,1221,4020.5
"Post scheduled trip end time",-3,14290,14293,4020.5
"Post scheduled trip end time",-3,3058,3061,4020.5
"Post scheduled trip end time",-3,54,57,4020.5
"Post scheduled trip end time",-3,14521,14524,4020.5
"Post scheduled trip end time",-3,14732,14735,4020.5
"Post scheduled trip end time",-3,2794,2797,4020.5
"Post scheduled trip end time",-3,5209,5212,4020.5
"Post scheduled trip end time",-3,525028,525031,4020.5
"Post scheduled trip end time",-3,538468,538471,4020.5
"Post scheduled trip end time",-3,6301,6304,4020.5
"Post scheduled trip end time",-3,7230,7233,4020.5
"Post scheduled trip end time",-3,34172,34175,4020.5
"Post scheduled trip end time",-3,13794,13797,4020.5
"Post scheduled trip end time",-3,9280,9283,4020.5
"Post scheduled trip end time",-3,17418,17421,4020.5
"Post scheduled trip end time",-3,3400,3403,4020.5
"Post scheduled trip end time",-3,10801,10804,4020.5
"Post scheduled trip end time",-3,11252,11255,4020.5
"Post scheduled trip end time",-3,2158,2161,4020.5
"Post scheduled trip end time",-3,3568,3571,4020.5
"Post scheduled trip end time",-3,5230,5233,4020.5
"Post scheduled trip end time",-3,3772,3775,4020.5
"Post scheduled trip end time",-3,3518,3521,4020.5
"Post scheduled trip end time",-3,8831,8834,4020.5
"Post scheduled trip end time",-3,3121,3124,4020.5
"Post scheduled trip end time",-3,9470,9473,4020.5
"Post scheduled trip end time",-3,1190,1193,4020.5
"Post scheduled trip end time",-3,9621,9624,4020.5
"Post scheduled trip end time",-3,22317,22320,4020.5
"Post scheduled trip end time",-3,7221,7224,4020.5
"Post scheduled trip end time",-3,2432,2435,4020.5
"Post scheduled trip end time",-3,5181,5184,4020.5
"Post scheduled trip end time",-3,23,26,4020.5
"Post scheduled trip end time",-3,9460,9463,4020.5
"Post scheduled trip end time",-3,281,284,4020.5
"Post scheduled trip end time",-3,710,713,4020.5
"Post scheduled trip end time",-3,20146,20149,4020.5
"Post scheduled trip end time",-3,32064,32067,4020.5
"Post scheduled trip end time",-3,7454,7457,4020.5
"Post scheduled trip end time",-3,30332,30335,4020.5
"Post scheduled trip end time",-3,11808,11811,4020.5
"Post scheduled trip end time",-3,533268,533271,4020.5
"Post scheduled trip end time",-3,5808,5811,4020.5
"Post scheduled trip end time",-3,5792,5795,4020.5
"Post scheduled trip end time",-3,17911,17914,4020.5
"Post scheduled trip end time",-3,12050,12053,4020.5
"Post scheduled trip end time",-3,23632,23635,4020.5
"Post scheduled trip end time",-3,13992,13995,4020.5
"Post scheduled trip end time",-3,20232,20235,4020.5
"Post scheduled trip end time",-3,14626,14629,4020.5
"Post scheduled trip end time",-3,1999,2002,4020.5
"Post scheduled trip end time",-3,7421,7424,4020.5
"Post scheduled trip end time",-3,28112,28115,4020.5
"Post scheduled trip end time",-3,9834,9837,4020.5
"Post scheduled trip end time",-3,10246,10249,4020.5
"Post scheduled trip end time",-3,3159,3162,4020.5
"Post scheduled trip end time",-3,510,513,4020.5
"Post scheduled trip end time",-3,9500,9503,4020.5
"Post scheduled trip end time",-3,25592,25595,4020.5
"Post scheduled trip end time",-3,1420,1423,4020.5
"Post scheduled trip end time",-3,14091,14094,4020.5
"Post scheduled trip end time",-3,17592,17595,4020.5
"Post scheduled trip end time",-3,4790,4793,4020.5
"Post scheduled trip end time",-3,18932,18935,4020.5
"Post scheduled trip end time",-3,553,556,4020.5
"Post scheduled trip end time",-3,2127,2130,4020.5
"Post scheduled trip end time",-3,3669,3672,4020.5
"Post scheduled trip end time",-3,11352,11355,4020.5
"Post scheduled trip end time",-3,528988,528991,4020.5
"Post scheduled trip end time",-3,18988,18991,4020.5
"Post scheduled trip end time",-3,13566,13569,4020.5
"Post scheduled trip end time",-3,14121,14124,4020.5
"Post scheduled trip end time",-3,6210,6213,4020.5
"Post scheduled trip end time",-3,9574,9577,4020.5
"Post scheduled trip end time",-3,6218,6221,4020.5
"Post scheduled trip end time",-3,14311,14314,4020.5
"Post scheduled trip end time",-3,8372,8375,4020.5
"Post scheduled trip end time",-3,19711,19714,4020.5
"Post scheduled trip end time",-3,538408,538411,4020.5
"Post scheduled trip end time",-3,13665,13668,4020.5
"Post scheduled trip end time",-3,11792,11795,4020.5
"Post scheduled trip end time",-3,8452,8455,4020.5
"Post scheduled trip end time",-3,10,13,4020.5
"Post scheduled trip end time",-3,4574,4577,4020.5
"Post scheduled trip end time",-3,8511,8514,4020.5
"Post scheduled trip end time",-3,28032,28035,4020.5
"Post scheduled trip end time",-3,11432,11435,4020.5
"Post scheduled trip end time",-3,19332,19335,4020.5
"Post scheduled trip end time",-3,527448,527451,4020.5
"Post scheduled trip end time",-3,523448,523451,4020.5
"Post scheduled trip end time",-3,4401,4404,4020.5
"Post scheduled trip end time",-3,12991,12994,4020.5
"Post scheduled trip end time",-3,18168,18171,4020.5
"Post scheduled trip end time",-3,9377,9380,4020.5
"Post scheduled trip end time",-3,2183,2186,4020.5
"Post scheduled trip end time",-3,2046,2049,4020.5
"Post scheduled trip end time",-3,8628,8631,4020.5
"Post scheduled trip end time",-3,20417,20420,4020.5
"Post scheduled trip end time",-3,8774,8777,4020.5
"Post scheduled trip end time",-3,15806,15809,4020.5
"Post scheduled trip end time",-3,15571,15574,4020.5
"Post scheduled trip end time",-3,16212,16215,4020.5
"Post scheduled trip end time",-3,2601,2604,4020.5
"Post scheduled trip end time",-3,282,285,4020.5
"Post scheduled trip end time",-3,584,587,4020.5
"Post scheduled trip end time",-3,2515,2518,4020.5
"Post scheduled trip end time",-3,4934,4937,4020.5
"Post scheduled trip end time",-3,14257,14260,4020.5
"Post scheduled trip end time",-3,5578,5581,4020.5
"Post scheduled trip end time",-3,7701,7704,4020.5
"Post scheduled trip end time",-3,4301,4304,4020.5
"Post scheduled trip end time",-3,6870,6873,4020.5
"Post scheduled trip end time",-3,209,212,4020.5
"Post scheduled trip end time",-3,143,146,4020.5
"Post scheduled trip end time",-3,11610,11613,4020.5
"Post scheduled trip end time",-3,3050,3053,4020.5
"Post scheduled trip end time",-3,14292,14295,4020.5
"Post scheduled trip end time",-3,4114,4117,4020.5
"Post scheduled trip end time",-3,6314,6317,4020.5
"Post scheduled trip end time",-3,615,618,4020.5
"Post scheduled trip end time",-3,4309,4312,4020.5
"Post scheduled trip end time",-3,1110,1113,4020.5
"Post scheduled trip end time",-3,2,5,4020.5
"Post scheduled trip end time",-3,30292,30295,4020.5
"Post scheduled trip end time",-3,9258,9261,4020.5
"Post scheduled trip end time",-3,1994,1997,4020.5
"Post scheduled trip end time",-3,10998,11001,4020.5
"Post scheduled trip end time",-3,532908,532911,4020.5
"Post scheduled trip end time",-3,4728,4731,4020.5
"Post scheduled trip end time",-3,1538,1541,4020.5
"Post scheduled trip end time",-3,11428,11431,4020.5
"Post scheduled trip end time",-3,1199,1202,4020.5
"Post scheduled trip end time",-3,11050,11053,4020.5
"Post scheduled trip end time",-3,6086,6089,4020.5
"Post scheduled trip end time",-3,20438,20441,4020.5
"Post scheduled trip end time",-3,9838,9841,4020.5
"Post scheduled trip end time",-3,4159,4162,4020.5
"Post scheduled trip end time",-3,5712,5715,4020.5
"Post scheduled trip end time",-3,2237,2240,4020.5
"Post scheduled trip end time",-3,6270,6273,4020.5
"Post scheduled trip end time",-3,105,108,4020.5
"Post scheduled trip end time",-3,25412,25415,4020.5
"Post scheduled trip end time",-3,22478,22481,4020.5
"Post scheduled trip end time",-3,14635,14638,4020.5
"Post scheduled trip end time",-3,20671,20674,4020.5
"Post scheduled trip end time",-3,890,893,4020.5
"Post scheduled trip end time",-3,269,272,4020.5
"Post scheduled trip end time",-3,6112,6115,4020.5
"Post scheduled trip end time",-3,11330,11333,4020.5
"Post scheduled trip end time",-3,115,118,4020.5
"Post scheduled trip end time",-3,63,66,4020.5
"Post scheduled trip end time",-3,14461,14464,4020.5
"Post scheduled trip end time",-3,23592,23595,4020.5
"Post scheduled trip end time",-3,1202,1205,4020.5
"Post scheduled trip end time",-3,15405,15408,4020.5
"Post scheduled trip end time",-3,12270,12273,4020.5
"Post scheduled trip end time",-3,4792,4795,4020.5
"Post scheduled trip end time",-3,15366,15369,4020.5
"Post scheduled trip end time",-3,3805,3808,4020.5
"Post scheduled trip end time",-3,341,344,4020.5
"Post scheduled trip end time",-3,12250,12253,4020.5
"Post scheduled trip end time",-3,16221,16224,4020.5
"Post scheduled trip end time",-3,26192,26195,4020.5
"Post scheduled trip end time",-3,6401,6404,4020.5
"Post scheduled trip end time",-3,4851,4854,4020.5
"Post scheduled trip end time",-3,538,541,4020.5
"Post scheduled trip end time",-3,7832,7835,4020.5
"Post scheduled trip end time",-3,8132,8135,4020.5
"Post scheduled trip end time",-3,537128,537131,4020.5
"Post scheduled trip end time",-3,9301,9304,4020.5
"Post scheduled trip end time",-3,213,216,4020.5
"Post scheduled trip end time",-3,827,830,4020.5
"Post scheduled trip end time",-3,8331,8334,4020.5
"Post scheduled trip end time",-3,1960,1963,4020.5
"Post scheduled trip end time",-3,26232,26235,4020.5
"Post scheduled trip end time",-3,7331,7334,4020.5
"Post scheduled trip end time",-3,4172,4175,4020.5
"Post scheduled trip end time",-3,5572,5575,4020.5
"Post scheduled trip end time",-3,522188,522191,4020.5
"Post scheduled trip end time",-3,541708,541711,4020.5
"Post scheduled trip end time",-3,9672,9675,4020.5
"Post scheduled trip end time",-3,708,711,4020.5
"Post scheduled trip end time",-3,6454,6457,4020.5
"Post scheduled trip end time",-3,7270,7273,4020.5
"Post scheduled trip end time",-3,24772,24775,4020.5
"Post scheduled trip end time",-3,253,256,4020.5
"Post scheduled trip end time",-3,3512,3515,4020.5
"Post scheduled trip end time",-3,8632,8635,4020.5
"Post scheduled trip end time",-3,18794,18797,4020.5
"Post scheduled trip end time",-3,12578,12581,4020.5
"Post scheduled trip end time",-3,130,133,4020.5
"Post scheduled trip end time",-3,4260,4263,4020.5
"Post scheduled trip end time",-3,14792,14795,4020.5
"Post scheduled trip end time",-3,10421,10424,4020.5
"Post scheduled trip end time",-3,8685,8688,4020.5
"Post scheduled trip end time",-3,6061,6064,4020.5
"Post scheduled trip end time",-3,25772,25775,4020.5
"Post scheduled trip end time",-3,3539,3542,4020.5
"Post scheduled trip end time",-3,11488,11491,4020.5
"Post scheduled trip end time",-3,11332,11335,4020.5
"Post scheduled trip end time",-3,13852,13855,4020.5
"Post scheduled trip end time",-3,9508,9511,4020.5
"Post scheduled trip end time",-3,15668,15671,4020.5
"Post scheduled trip end time",-3,10032,10035,4020.5
"Post scheduled trip end time",-3,6781,6784,4020.5
"Post scheduled trip end time",-3,5881,5884,4020.5
"Post scheduled trip end time",-3,3626,3629,4020.5
"Post scheduled trip end time",-3,25770,25773,4020.5
"Post scheduled trip end time",-3,6341,6344,4020.5
"Post scheduled trip end time",-3,5537,5540,4020.5
"Post scheduled trip end time",-3,8734,8737,4020.5
"Post scheduled trip end time",-3,9114,9117,4020.5
"Post scheduled trip end time",-3,317,320,4020.5
"Post scheduled trip end time",-3,16952,16955,4020.5
"Post scheduled trip end time",-3,2748,2751,4020.5
"Post scheduled trip end time",-3,2440,2443,4020.5
"Post scheduled trip end time",-3,1561,1564,4020.5
"Post scheduled trip end time",-3,6353,6356,4020.5
"Post scheduled trip end time",-3,33492,33495,4020.5
"Post scheduled trip end time",-3,521408,521411,4020.5
"Post scheduled trip end time",-3,12292,12295,4020.5
"Post scheduled trip end time",-3,540428,540431,4020.5
"Post scheduled trip end time",-3,17928,17931,4020.5
"Post scheduled trip end time",-3,3438,3441,4020.5
"Post scheduled trip end time",-3,6725,6728,4020.5
"Post scheduled trip end time",-3,11761,11764,4020.5
"Post scheduled trip end time",-3,821,824,4020.5
"Post scheduled trip end time",-3,152,155,4020.5
"Post scheduled trip end time",-3,16258,16261,4020.5
"Post scheduled trip end time",-3,8558,8561,4020.5
"Post scheduled trip end time",-3,7297,7300,4020.5
"Post scheduled trip end time",-3,3229,3232,4020.5
"Post scheduled trip end time",-3,5151,5154,4020.5
"Post scheduled trip end time",-3,352,355,4020.5
"Post scheduled trip end time",-3,6148,6151,4020.5
"Post scheduled trip end time",-3,6894,6897,4020.5
"Post scheduled trip end time",-3,538668,538671,4020.5
"Post scheduled trip end time",-3,13621,13624,4020.5
"Post scheduled trip end time",-3,33432,33435,4020.5
"Post scheduled trip end time",-3,26392,26395,4020.5
"Post scheduled trip end time",-3,1877,1880,4020.5
"Post scheduled trip end time",-3,6546,6549,4020.5
"Post scheduled trip end time",-3,430,433,4020.5
"Post scheduled trip end time",-3,140,143,4020.5
"Post scheduled trip end time",-3,2255,2258,4020.5
"Post scheduled trip end time",-3,218,221,4020.5
"Post scheduled trip end time",-3,1309,1312,4020.5
"Post scheduled trip end time",-3,4412,4415,4020.5
"Post scheduled trip end time",-3,530508,530511,4020.5
"Post scheduled trip end time",-3,5781,5784,4020.5
"Post scheduled trip end time",-3,12288,12291,4020.5
"Post scheduled trip end time",-3,118,121,4020.5
"Post scheduled trip end time",-3,6331,6334,4020.5
"Post scheduled trip end time",-3,1920,1923,4020.5
"Post scheduled trip end time",-3,9181,9184,4020.5
"Post scheduled trip end time",-3,3097,3100,4020.5
"Post scheduled trip end time",-3,10661,10664,4020.5
"Post scheduled trip end time",-3,6621,6624,4020.5
"Post scheduled trip end time",-3,16370,16373,4020.5
"Post scheduled trip end time",-3,2060,2063,4020.5
"Post scheduled trip end time",-3,16317,16320,4020.5
"Post scheduled trip end time",-3,491,494,4020.5
"Post scheduled trip end time",-3,12814,12817,4020.5
"Post scheduled trip end time",-3,5518,5521,4020.5
"Post scheduled trip end time",-3,13832,13835,4020.5
"Post scheduled trip end time",-3,6657,6660,4020.5
"Post scheduled trip end time",-3,13108,13111,4020.5
"Post scheduled trip end time",-3,7285,7288,4020.5
"Post scheduled trip end time",-3,10052,10055,4020.5
"Post scheduled trip end time",-3,33150,33153,4020.5
"Post scheduled trip end time",-3,12354,12357,4020.5
"Post scheduled trip end time",-3,30812,30815,4020.5
"Post scheduled trip end time",-3,1114,1117,4020.5
"Post scheduled trip end time",-3,522408,522411,4020.5
"Post scheduled trip end time",-3,2072,2075,4020.5
"Post scheduled trip end time",-3,665,668,4020.5
"Post scheduled trip end time",-3,8650,8653,4020.5
"Post scheduled trip end time",-3,35472,35475,4020.5
"Post scheduled trip end time",-3,9360,9363,4020.5
"Post scheduled trip end time",-3,8261,8264,4020.5
"Post scheduled trip end time",-3,607,610,4020.5
"Post scheduled trip end time",-3,2293,2296,4020.5
"Post scheduled trip end time",-3,5232,5235,4020.5
"Post scheduled trip end time",-3,123,126,4020.5
"Post scheduled trip end time",-3,5394,5397,4020.5
"Post scheduled trip end time",-3,16632,16635,4020.5
"Post scheduled trip end time",-3,5125,5128,4020.5
"Post scheduled trip end time",-3,184,187,4020.5
"Post scheduled trip end time",-3,455,458,4020.5
"Post scheduled trip end time",-3,14810,14813,4020.5
"Post scheduled trip end time",-3,10434,10437,4020.5
"Post scheduled trip end time",-3,24232,24235,4020.5
"Post scheduled trip end time",-3,7271,7274,4020.5
"Post scheduled trip end time",-3,3997,4000,4020.5
"Post scheduled trip end time",-3,2239,2242,4020.5
"Post scheduled trip end time",-3,496,499,4020.5
"Post scheduled trip end time",-3,1805,1808,4020.5
"Post scheduled trip end time",-3,1142,1145,4020.5
"Post scheduled trip end time",-3,8470,8473,4020.5
"Post scheduled trip end time",-3,5590,5593,4020.5
"Post scheduled trip end time",-3,13128,13131,4020.5
"Post scheduled trip end time",-3,60,63,4020.5
"Post scheduled trip end time",-3,5673,5676,4020.5
"Post scheduled trip end time",-3,58,61,4020.5
"Post scheduled trip end time",-3,15281,15284,4020.5
"Post scheduled trip end time",-3,22172,22175,4020.5
"Post scheduled trip end time",-3,9101,9104,4020.5
"Post scheduled trip end time",-3,10571,10574,4020.5
"Post scheduled trip end time",-3,837,840,4020.5
"Post scheduled trip end time",-3,2658,2661,4020.5
"Post scheduled trip end time",-3,32712,32715,4020.5
"Post scheduled trip end time",-3,5217,5220,4020.5
"Post scheduled trip end time",-3,7791,7794,4020.5
"Post scheduled trip end time",-3,2172,2175,4020.5
"Post scheduled trip end time",-3,1305,1308,4020.5
"Post scheduled trip end time",-3,1899,1902,4020.5
"Post scheduled trip end time",-3,718,721,4020.5
"Post scheduled trip end time",-3,9072,9075,4020.5
"Post scheduled trip end time",-3,1330,1333,4020.5
"Post scheduled trip end time",-3,532728,532731,4020.5
"Post scheduled trip end time",-3,8128,8131,4020.5
"Post scheduled trip end time",-3,315,318,4020.5
"Post scheduled trip end time",-3,2319,2322,4020.5
"Post scheduled trip end time",-3,5800,5803,4020.5
"Post scheduled trip end time",-3,8965,8968,4020.5
"Post scheduled trip end time",-3,4081,4084,4020.5
"Post scheduled trip end time",-3,10672,10675,4020.5
"Post scheduled trip end time",-3,475,478,4020.5
"Post scheduled trip end time",-3,2055,2058,4020.5
"Post scheduled trip end time",-3,7,10,4020.5
"Post scheduled trip end time",-3,30272,30275,4020.5
"Post scheduled trip end time",-3,1037,1040,4020.5
"Post scheduled trip end time",-3,12981,12984,4020.5
"Post scheduled trip end time",-3,1701,1704,4020.5
"Post scheduled trip end time",-3,16725,16728,4020.5
"Post scheduled trip end time",-3,78,81,4020.5
"Post scheduled trip end time",-3,685,688,4020.5
"Post scheduled trip end time",-3,6101,6104,4020.5
"Post scheduled trip end time",-3,6172,6175,4020.5
"Post scheduled trip end time",-3,524128,524131,4020.5
"Post scheduled trip end time",-3,4460,4463,4020.5
"Post scheduled trip end time",-3,7725,7728,4020.5
"Post scheduled trip end time",-3,159,162,4020.5
"Post scheduled trip end time",-3,31232,31235,4020.5
"Post scheduled trip end time",-3,13214,13217,4020.5
"Post scheduled trip end time",-3,20872,20875,4020.5
"Post scheduled trip end time",-3,4510,4513,4020.5
"Post scheduled trip end time",-3,21792,21795,4020.5
"Post scheduled trip end time",-3,13098,13101,4020.5
"Post scheduled trip end time",-3,10051,10054,4020.5
"Post scheduled trip end time",-3,1803,1806,4020.5
"Post scheduled trip end time",-3,11831,11834,4020.5
"Post scheduled trip end time",-3,400,403,4020.5
"Post scheduled trip end time",-3,986,989,4020.5
"Post scheduled trip end time",-3,1599,1602,4020.5
"Post scheduled trip end time",-3,21118,21121,4020.5
"Post scheduled trip end time",-3,176,179,4020.5
"Post scheduled trip end time",-3,5990,5993,4020.5
"Post scheduled trip end time",-3,18432,18435,4020.5
"Post scheduled trip end time",-3,21132,21135,4020.5
"Post scheduled trip end time",-3,2386,2389,4020.5
"Post scheduled trip end time",-3,4041,4044,4020.5
"Post scheduled trip end time",-3,14032,14035,4020.5
"Post scheduled trip end time",-3,1649,1652,4020.5
"Post scheduled trip end time",-3,7350,7353,4020.5
"Post scheduled trip end time",-3,10118,10121,4020.5
"Post scheduled trip end time",-3,14538,14541,4020.5
"Post scheduled trip end time",-3,5131,5134,4020.5
"Post scheduled trip end time",-3,6732,6735,4020.5
"Post scheduled trip end time",-3,663,666,4020.5
"Post scheduled trip end time",-3,9961,9964,4020.5
"Post scheduled trip end time",-3,222,225,4020.5
"Post scheduled trip end time",-3,2730,2733,4020.5
"Post scheduled trip end time",-3,2228,2231,4020.5
"Post scheduled trip end time",-3,6992,6995,4020.5
"Post scheduled trip end time",-3,995,998,4020.5
"Post scheduled trip end time",-3,3267,3270,4020.5
"Post scheduled trip end time",-3,11634,11637,4020.5
"Post scheduled trip end time",-3,2375,2378,4020.5
"Post scheduled trip end time",-3,4535,4538,4020.5
"Post scheduled trip end time",-3,4615,4618,4020.5
"Post scheduled trip end time",-3,21892,21895,4020.5
"Post scheduled trip end time",-3,16918,16921,4020.5
"Post scheduled trip end time",-3,694,697,4020.5
"Post scheduled trip end time",-3,11938,11941,4020.5
"Post scheduled trip end time",-3,13698,13701,4020.5
"Post scheduled trip end time",-3,6254,6257,4020.5
"Post scheduled trip end time",-3,519688,519691,4020.5
"Post scheduled trip end time",-3,4681,4684,4020.5
"Post scheduled trip end time",-3,818,821,4020.5
"Post scheduled trip end time",-3,16908,16911,4020.5
"Post scheduled trip end time",-3,10392,10395,4020.5
"Post scheduled trip end time",-3,6912,6915,4020.5
"Post scheduled trip end time",-3,15705,15708,4020.5
"Post scheduled trip end time",-3,15710,15713,4020.5
"Post scheduled trip end time",-3,66,69,4020.5
"Post scheduled trip end time",-3,15021,15024,4020.5
"Post scheduled trip end time",-3,4521,4524,4020.5
"Post scheduled trip end time",-3,4837,4840,4020.5
"Post scheduled trip end time",-3,19351,19354,4020.5
"Post scheduled trip end time",-3,8492,8495,4020.5
"Post scheduled trip end time",-3,337,340,4020.5
"Post scheduled trip end time",-3,5710,5713,4020.5
"Post scheduled trip end time",-3,8690,8693,4020.5
"Post scheduled trip end time",-3,17918,17921,4020.5
"Post scheduled trip end time",-3,410,413,4020.5
"Post scheduled trip end time",-3,7457,7460,4020.5
"Post scheduled trip end time",-3,11206,11209,4020.5
"Post scheduled trip end time",-3,19112,19115,4020.5
"Post scheduled trip end time",-3,16432,16435,4020.5
"Post scheduled trip end time",-3,8126,8129,4020.5
"Post scheduled trip end time",-3,328,331,4020.5
"Post scheduled trip end time",-3,16745,16748,4020.5
"Post scheduled trip end time",-3,2874,2877,4020.5
"Post scheduled trip end time",-3,829,832,4020.5
"Post scheduled trip end time",-3,8040,8043,4020.5
"Post scheduled trip end time",-3,25752,25755,4020.5
"Post scheduled trip end time",-3,57,60,4020.5
"Post scheduled trip end time",-3,4581,4584,4020.5
"Post scheduled trip end time",-3,5551,5554,4020.5
"Post scheduled trip end time",-3,8968,8971,4020.5
"Post scheduled trip end time",-3,18171,18174,4020.5
"Post scheduled trip end time",-3,2529,2532,4020.5
"Post scheduled trip end time",-3,33732,33735,4020.5
"Post scheduled trip end time",-3,26952,26955,4020.5
"Post scheduled trip end time",-3,5080,5083,4020.5
"Post scheduled trip end time",-3,18792,18795,4020.5
"Post scheduled trip end time",-3,5231,5234,4020.5
"Post scheduled trip end time",-3,2772,2775,4020.5
"Post scheduled trip end time",-3,3210,3213,4020.5
"Post scheduled trip end time",-3,12480,12483,4020.5
"Post scheduled trip end time",-3,21192,21195,4020.5
"Post scheduled trip end time",-3,5410,5413,4020.5
"Post scheduled trip end time",-3,538628,538631,4020.5
"Post scheduled trip end time",-3,4,7,4020.5
"Post scheduled trip end time",-3,9378,9381,4020.5
"Post scheduled trip end time",-3,13511,13514,4020.5
"Post scheduled trip end time",-3,12886,12889,4020.5
"Post scheduled trip end time",-3,17671,17674,4020.5
"Post scheduled trip end time",-3,18211,18214,4020.5
"Post scheduled trip end time",-3,306,309,4020.5
"Post scheduled trip end time",-3,32264,32267,4020.5
"Post scheduled trip end time",-3,68,71,4020.5
"Post scheduled trip end time",-3,29632,29635,4020.5
"Post scheduled trip end time",-3,11821,11824,4020.5
"Post scheduled trip end time",-3,8328,8331,4020.5
"Post scheduled trip end time",-3,9668,9671,4020.5
"Post scheduled trip end time",-3,297,300,4020.5
"Post scheduled trip end time",-3,6040,6043,4020.5
"Post scheduled trip end time",-3,7761,7764,4020.5
"Post scheduled trip end time",-3,1685,1688,4020.5
"Post scheduled trip end time",-3,114,117,4020.5
"Post scheduled trip end time",-3,22972,22975,4020.5
"Post scheduled trip end time",-3,8298,8301,4020.5
"Post scheduled trip end time",-3,4057,4060,4020.5
"Post scheduled trip end time",-3,7448,7451,4020.5
"Post scheduled trip end time",-3,2686,2689,4020.5
"Post scheduled trip end time",-3,459,462,4020.5
"Post scheduled trip end time",-3,12252,12255,4020.5
"Post scheduled trip end time",-3,3673,3676,4020.5
"Post scheduled trip end time",-3,11380,11383,4020.5
"Post scheduled trip end time",-3,15861,15864,4020.5
"Post scheduled trip end time",-3,7377,7380,4020.5
"Post scheduled trip end time",-3,10550,10553,4020.5
"Post scheduled trip end time",-3,535608,535611,4020.5
"Post scheduled trip end time",-3,14088,14091,4020.5
"Post scheduled trip end time",-3,13191,13194,4020.5
"Post scheduled trip end time",-3,4501,4504,4020.5
"Post scheduled trip end time",-3,34692,34695,4020.5
"Post scheduled trip end time",-3,15512,15515,4020.5
"Post scheduled trip end time",-3,11506,11509,4020.5
"Post scheduled trip end time",-3,906,909,4020.5
"Post scheduled trip end time",-3,312,315,4020.5
"Post scheduled trip end time",-3,11608,11611,4020.5
"Post scheduled trip end time",-3,5025,5028,4020.5
"Post scheduled trip end time",-3,2309,2312,4020.5
"Post scheduled trip end time",-3,44,47,4020.5
"Post scheduled trip end time",-3,30630,30633,4020.5
"Post scheduled trip end time",-3,14954,14957,4020.5
"Post scheduled trip end time",-3,7797,7800,4020.5
"Post scheduled trip end time",-3,539948,539951,4020.5
"Post scheduled trip end time",-3,10746,10749,4020.5
"Post scheduled trip end time",-3,392,395,4020.5
"Post scheduled trip end time",-3,467,470,4020.5
"Post scheduled trip end time",-3,3610,3613,4020.5
"Post scheduled trip end time",-3,32,35,4020.5
"Post scheduled trip end time",-3,4310,4313,4020.5
"Post scheduled trip end time",-3,219,222,4020.5
"Post scheduled trip end time",-3,17452,17455,4020.5
"Post scheduled trip end time",-3,227,230,4020.5
"Post scheduled trip end time",-3,12948,12951,4020.5
"Post scheduled trip end time",-3,402,405,4020.5
"Post scheduled trip end time",-3,2700,2703,4020.5
"Post scheduled trip end time",-3,5,8,4020.5
"Post scheduled trip end time",-3,7126,7129,4020.5
"Post scheduled trip end time",-3,261,264,4020.5
"Post scheduled trip end time",-3,12018,12021,4020.5
"Post scheduled trip end time",-3,27452,27455,4020.5
"Post scheduled trip end time",-3,521008,521011,4020.5
"Post scheduled trip end time",-3,10226,10229,4020.5
"Post scheduled trip end time",-3,16748,16751,4020.5
"Post scheduled trip end time",-3,18212,18215,4020.5
"Post scheduled trip end time",-3,597,600,4020.5
"Post scheduled trip end time",-3,16452,16455,4020.5
"Post scheduled trip end time",-3,5740,5743,4020.5
"Post scheduled trip end time",-3,2741,2744,4020.5
"Post scheduled trip end time",-3,1401,1404,4020.5
"Post scheduled trip end time",-3,3386,3389,4020.5
"Post scheduled trip end time",-3,23072,23075,4020.5
"Post scheduled trip end time",-3,11958,11961,4020.5
"Post scheduled trip end time",-3,12554,12557,4020.5
"Post scheduled trip end time",-3,777,780,4020.5
"Post scheduled trip end time",-3,1408,1411,4020.5
"Post scheduled trip end time",-3,31050,31053,4020.5
"Post scheduled trip end time",-3,14001,14004,4020.5
"Post scheduled trip end time",-3,4671,4674,4020.5
"Post scheduled trip end time",-3,6434,6437,4020.5
"Post scheduled trip end time",-3,5986,5989,4020.5
"Post scheduled trip end time",-3,462,465,4020.5
"Post scheduled trip end time",-3,4572,4575,4020.5
"Post scheduled trip end time",-3,29232,29235,4020.5
"Post scheduled trip end time",-3,535708,535711,4020.5
"Post scheduled trip end time",-3,4068,4071,4020.5
"Post scheduled trip end time",-3,2428,2431,4020.5
"Post scheduled trip end time",-3,3252,3255,4020.5
"Post scheduled trip end time",-3,1496,1499,4020.5
"Post scheduled trip end time",-3,133,136,4020.5
"Post scheduled trip end time",-3,33,36,4020.5
"Post scheduled trip end time",-3,17010,17013,4020.5
"Post scheduled trip end time",-3,15052,15055,4020.5
"Post scheduled trip end time",-3,12261,12264,4020.5
"Post scheduled trip end time",-3,13438,13441,4020.5
"Post scheduled trip end time",-3,610,613,4020.5
"Post scheduled trip end time",-3,5290,5293,4020.5
"Post scheduled trip end time",-3,10072,10075,4020.5
"Post scheduled trip end time",-3,5281,5284,4020.5
"Post scheduled trip end time",-3,153,156,4020.5
"Post scheduled trip end time",-3,5830,5833,4020.5
"Post scheduled trip end time",-3,774,777,4020.5
"Post scheduled trip end time",-3,20692,20695,4020.5
"Post scheduled trip end time",-3,13392,13395,4020.5
"Post scheduled trip end time",-3,17732,17735,4020.5
"Post scheduled trip end time",-3,3192,3195,4020.5
"Post scheduled trip end time",-3,276,279,4020.5
"Post scheduled trip end time",-3,2645,2648,4020.5
"Post scheduled trip end time",-3,214,217,4020.5
"Post scheduled trip end time",-3,2869,2872,4020.5
"Post scheduled trip end time",-3,13430,13433,4020.5
"Post scheduled trip end time",-3,3870,3873,4020.5
"Post scheduled trip end time",-3,59,62,4020.5
"Post scheduled trip end time",-3,7554,7557,4020.5
"Post scheduled trip end time",-3,521248,521251,4020.5
"Post scheduled trip end time",-3,527488,527491,4020.5
"Post scheduled trip end time",-3,530308,530311,4020.5
"Post scheduled trip end time",-3,16485,16488,4020.5
"Post scheduled trip end time",-3,8090,8093,4020.5
"Post scheduled trip end time",-3,7080,7083,4020.5
"Post scheduled trip end time",-3,32112,32115,4020.5
"Post scheduled trip end time",-3,10918,10921,4020.5
"Post scheduled trip end time",-3,13681,13684,4020.5
"Post scheduled trip end time",-3,3829,3832,4020.5
"Post scheduled trip end time",-3,526488,526491,4020.5
"Post scheduled trip end time",-3,13731,13734,4020.5
"Post scheduled trip end time",-3,4072,4075,4020.5
"Post scheduled trip end time",-3,5952,5955,4020.5
"Post scheduled trip end time",-3,1776,1779,4020.5
"Post scheduled trip end time",-3,226,229,4020.5
"Post scheduled trip end time",-3,17278,17281,4020.5
"Post scheduled trip end time",-3,1874,1877,4020.5
"Post scheduled trip end time",-3,4972,4975,4020.5
"Post scheduled trip end time",-3,539788,539791,4020.5
"Post scheduled trip end time",-3,16228,16231,4020.5
"Post scheduled trip end time",-3,1117,1120,4020.5
"Post scheduled trip end time",-3,246,249,4020.5
"Post scheduled trip end time",-3,528268,528271,4020.5
"Post scheduled trip end time",-3,522828,522831,4020.5
"Post scheduled trip end time",-3,1939,1942,4020.5
"Post scheduled trip end time",-3,42,45,4020.5
"Post scheduled trip end time",-3,16670,16673,4020.5
"Post scheduled trip end time",-3,293,296,4020.5
"Post scheduled trip end time",-3,9441,9444,4020.5
"Post scheduled trip end time",-3,4692,4695,4020.5
"Post scheduled trip end time",-3,10206,10209,4020.5
"Post scheduled trip end time",-3,-3,0,4020.5
"Post scheduled trip end time",-3,29172,29175,4020.5
"Post scheduled trip end time",-3,8358,8361,4020.5
"Post scheduled trip end time",-3,519768,519771,4020.5
"Post scheduled trip end time",-3,5020,5023,4020.5
"Post scheduled trip end time",-3,7497,7500,4020.5
"Post scheduled trip end time",-3,899,902,4020.5
"Post scheduled trip end time",-3,7201,7204,4020.5
"Post scheduled trip end time",-3,17505,17508,4020.5
"Post scheduled trip end time",-3,7250,7253,4020.5
"Post scheduled trip end time",-3,11990,11993,4020.5
"Post scheduled trip end time",-3,7780,7783,4020.5
"Post scheduled trip end time",-3,11794,11797,4020.5
"Post scheduled trip end time",-3,29252,29255,4020.5
"Post scheduled trip end time",-3,18598,18601,4020.5
"Post scheduled trip end time",-3,3120,3123,4020.5
"Post scheduled trip end time",-3,4854,4857,4020.5
"Post scheduled trip end time",-3,7517,7520,4020.5
"Post scheduled trip end time",-3,10031,10034,4020.5
"Post scheduled trip end time",-3,9341,9344,4020.5
"Post scheduled trip end time",-3,15688,15691,4020.5
"Post scheduled trip end time",-3,2321,2324,4020.5
"Post scheduled trip end time",-3,3179,3182,4020.5
"Post scheduled trip end time",-3,3032,3035,4020.5
"Post scheduled trip end time",-3,17925,17928,4020.5
"Post scheduled trip end time",-3,3340,3343,4020.5
"Post scheduled trip end time",-3,1574,1577,4020.5
"Post scheduled trip end time",-3,519888,519891,4020.5
"Post scheduled trip end time",-3,13091,13094,4020.5
"Post scheduled trip end time",-3,9997,10000,4020.5
"Post scheduled trip end time",-3,527908,527911,4020.5
"Post scheduled trip end time",-3,523268,523271,4020.5
"Post scheduled trip end time",-3,3312,3315,4020.5
"Post scheduled trip end time",-3,3005,3008,4020.5
"Post scheduled trip end time",-3,18686,18689,4020.5
"Post scheduled trip end time",-3,21266,21269,4020.5
"Post scheduled trip end time",-3,139,142,4020.5
"Post scheduled trip end time",-3,28052,28055,4020.5
"Post scheduled trip end time",-3,18252,18255,4020.5
"Post scheduled trip end time",-3,2561,2564,4020.5
"Post scheduled trip end time",-3,9910,9913,4020.5
"Post scheduled trip end time",-3,4760,4763,4020.5
"Post scheduled trip end time",-3,12961,12964,4020.5
"Post scheduled trip end time",-3,6131,6134,4020.5
"Post scheduled trip end time",-3,6031,6034,4020.5
"Post scheduled trip end time",-3,1863,1866,4020.5
"Post scheduled trip end time",-3,2348,2351,4020.5
"Post scheduled trip end time",-3,292,295,4020.5
"Post scheduled trip end time",-3,3854,3857,4020.5
"Post scheduled trip end time",-3,14530,14533,4020.5
"Post scheduled trip end time",-3,32992,32995,4020.5
"Post scheduled trip end time",-3,18798,18801,4020.5
"Post scheduled trip end time",-3,14755,14758,4020.5
"Post scheduled trip end time",-3,535388,535391,4020.5
"Post scheduled trip end time",-3,2388,2391,4020.5
"Post scheduled trip end time",-3,14426,14429,4020.5
"Post scheduled trip end time",-3,8168,8171,4020.5
"Post scheduled trip end time",-3,8288,8291,4020.5
"Post scheduled trip end time",-3,8368,8371,4020.5
"Post scheduled trip end time",-3,11150,11153,4020.5
"Post scheduled trip end time",-3,369,372,4020.5
"Post scheduled trip end time",-3,13957,13960,4020.5
"Post scheduled trip end time",-3,225,228,4020.5
"Post scheduled trip end time",-3,19858,19861,4020.5
"Post scheduled trip end time",-3,5880,5883,4020.5
"Post scheduled trip end time",-3,7171,7174,4020.5
"Post scheduled trip end time",-3,10614,10617,4020.5
"Post scheduled trip end time",-3,6961,6964,4020.5
"Post scheduled trip end time",-3,12552,12555,4020.5
"Post scheduled trip end time",-3,14868,14871,4020.5
"Post scheduled trip end time",-3,14452,14455,4020.5
"Post scheduled trip end time",-3,737,740,4020.5
"Post scheduled trip end time",-3,16372,16375,4020.5
"Post scheduled trip end time",-3,13561,13564,4020.5
"Post scheduled trip end time",-3,425,428,4020.5
"Post scheduled trip end time",-3,2669,2672,4020.5
"Post scheduled trip end time",-3,460,463,4020.5
"Post scheduled trip end time",-3,4241,4244,4020.5
"Post scheduled trip end time",-3,14151,14154,4020.5
"Post scheduled trip end time",-3,8572,8575,4020.5
"Post scheduled trip end time",-3,17314,17317,4020.5
"Post scheduled trip end time",-3,7680,7683,4020.5
"Post scheduled trip end time",-3,11781,11784,4020.5
"Post scheduled trip end time",-3,10892,10895,4020.5
"Post scheduled trip end time",-3,6574,6577,4020.5
"Post scheduled trip end time",-3,2198,2201,4020.5
"Post scheduled trip end time",-3,488,491,4020.5
"Post scheduled trip end time",-3,30832,30835,4020.5
"Post scheduled trip end time",-3,14232,14235,4020.5
"Post scheduled trip end time",-3,2249,2252,4020.5
"Post scheduled trip end time",-3,13472,13475,4020.5
"Post scheduled trip end time",-3,537,540,4020.5
"Post scheduled trip end time",-3,8312,8315,4020.5
"Post scheduled trip end time",-3,6466,6469,4020.5
"Post scheduled trip end time",-3,-13,-10,4020.5
"Post scheduled trip end time",-3,1055,1058,4020.5
"Post scheduled trip end time",-3,6418,6421,4020.5
"Post scheduled trip end time",-3,3397,3400,4020.5
"Post scheduled trip end time",-3,532088,532091,4020.5
"Post scheduled trip end time",-3,541368,541371,4020.5
"Post scheduled trip end time",-3,7114,7117,4020.5
"Post scheduled trip end time",-3,12208,12211,4020.5
"Post scheduled trip end time",-3,1416,1419,4020.5
"Post scheduled trip end time",-3,1696,1699,4020.5
"Post scheduled trip end time",-3,6681,6684,4020.5
"Post scheduled trip end time",-3,90,93,4020.5
"Post scheduled trip end time",-3,8174,8177,4020.5
"Post scheduled trip end time",-3,271,274,4020.5
"Post scheduled trip end time",-3,2196,2199,4020.5
"Post scheduled trip end time",-3,5205,5208,4020.5
"Post scheduled trip end time",-3,925,928,4020.5
"Post scheduled trip end time",-3,13966,13969,4020.5
"Post scheduled trip end time",-3,26744,26747,4020.5
"Post scheduled trip end time",-3,4250,4253,4020.5
"Post scheduled trip end time",-3,7481,7484,4020.5
"Post scheduled trip end time",-3,2568,2571,4020.5
"Post scheduled trip end time",-3,7717,7720,4020.5
"Post scheduled trip end time",-3,7706,7709,4020.5
"Post scheduled trip end time",-3,11541,11544,4020.5
"Post scheduled trip end time",-3,12110,12113,4020.5
"Post scheduled trip end time",-3,1234,1237,4020.5
"Post scheduled trip end time",-3,10898,10901,4020.5
"Post scheduled trip end time",-3,2474,2477,4020.5
"Post scheduled trip end time",-3,11512,11515,4020.5
"Post scheduled trip end time",-3,920,923,4020.5
"Post scheduled trip end time",-3,15352,15355,4020.5
"Post scheduled trip end time",-3,12988,12991,4020.5
"Post scheduled trip end time",-3,13632,13635,4020.5
"Post scheduled trip end time",-3,2941,2944,4020.5
"Post scheduled trip end time",-3,7032,7035,4020.5
"Post scheduled trip end time",-3,11350,11353,4020.5
"Post scheduled trip end time",-3,11130,11133,4020.5
"Post scheduled trip end time",-3,594,597,4020.5
"Post scheduled trip end time",-3,4691,4694,4020.5
"Post scheduled trip end time",-3,1018,1021,4020.5
"Post scheduled trip end time",-3,2086,2089,4020.5
"Post scheduled trip end time",-3,4680,4683,4020.5
"Post scheduled trip end time",-3,10171,10174,4020.5
"Post scheduled trip end time",-3,9081,9084,4020.5
"Post scheduled trip end time",-3,1629,1632,4020.5
"Post scheduled trip end time",-3,2954,2957,4020.5
"Post scheduled trip end time",-3,7357,7360,4020.5
"Post scheduled trip end time",-3,5212,5215,4020.5
"Post scheduled trip end time",-3,7188,7191,4020.5
"Post scheduled trip end time",-3,7614,7617,4020.5
"Post scheduled trip end time",-3,2798,2801,4020.5
"Post scheduled trip end time",-3,3298,3301,4020.5
"Post scheduled trip end time",-3,10291,10294,4020.5
"Post scheduled trip end time",-3,11701,11704,4020.5
"Post scheduled trip end time",-3,10374,10377,4020.5
"Post scheduled trip end time",-3,9794,9797,4020.5
"Post scheduled trip end time",-3,1238,1241,4020.5
"Post scheduled trip end time",-3,351,354,4020.5
"Post scheduled trip end time",-3,1157,1160,4020.5
"Post scheduled trip end time",-3,12551,12554,4020.5
"Post scheduled trip end time",-3,16834,16837,4020.5
"Post scheduled trip end time",-3,3080,3083,4020.5
"Post scheduled trip end time",-3,5520,5523,4020.5
"Post scheduled trip end time",-3,18552,18555,4020.5
"Post scheduled trip end time",-3,5851,5854,4020.5
"Post scheduled trip end time",-3,5492,5495,4020.5
"Post scheduled trip end time",-3,1268,1271,4020.5
"Post scheduled trip end time",-3,1928,1931,4020.5
"Post scheduled trip end time",-3,186,189,4020.5
"Post scheduled trip end time",-3,8754,8757,4020.5
"Post scheduled trip end time",-3,7186,7189,4020.5
"Post scheduled trip end time",-3,9806,9809,4020.5
"Post scheduled trip end time",-3,5400,5403,4020.5
"Post scheduled trip end time",-3,4486,4489,4020.5
"Post scheduled trip end time",-3,1968,1971,4020.5
"Post scheduled trip end time",-3,4630,4633,4020.5
"Post scheduled trip end time",-3,16226,16229,4020.5
"Post scheduled trip end time",-3,14592,14595,4020.5
"Post scheduled trip end time",-3,4134,4137,4020.5
"Post scheduled trip end time",-3,2341,2344,4020.5
"Post scheduled trip end time",-3,3078,3081,4020.5
"Post scheduled trip end time",-3,6820,6823,4020.5
"Post scheduled trip end time",-3,11628,11631,4020.5
"Post scheduled trip end time",-3,497,500,4020.5
"Post scheduled trip end time",-3,5432,5435,4020.5
"Post scheduled trip end time",-3,25292,25295,4020.5
"Post scheduled trip end time",-3,17198,17201,4020.5
"Post scheduled trip end time",-3,8718,8721,4020.5
"Post scheduled trip end time",-3,532668,532671,4020.5
"Post scheduled trip end time",-3,7708,7711,4020.5
"Post scheduled trip end time",-3,15568,15571,4020.5
"Post scheduled trip end time",-3,542288,542291,4020.5
"Post scheduled trip end time",-3,251,254,4020.5
"Post scheduled trip end time",-3,5670,5673,4020.5
"Post scheduled trip end time",-3,16174,16177,4020.5
"Post scheduled trip end time",-3,20017,20020,4020.5
"Post scheduled trip end time",-3,79,82,4020.5
"Post scheduled trip end time",-3,23032,23035,4020.5
"Post scheduled trip end time",-3,2554,2557,4020.5
"Post scheduled trip end time",-3,11301,11304,4020.5
"Post scheduled trip end time",-3,6528,6531,4020.5
"Post scheduled trip end time",-3,18952,18955,4020.5
"Post scheduled trip end time",-3,2918,2921,4020.5
"Post scheduled trip end time",-3,12721,12724,4020.5
"Post scheduled trip end time",-3,3810,3813,4020.5
"Post scheduled trip end time",-3,520388,520391,4020.5
"Post scheduled trip end time",-3,13491,13494,4020.5
"Post scheduled trip end time",-3,21017,21020,4020.5
"Post scheduled trip end time",-3,1097,1100,4020.5
"Post scheduled trip end time",-3,5030,5033,4020.5
"Post scheduled trip end time",-3,26972,26975,4020.5
"Post scheduled trip end time",-3,117,120,4020.5
"Post scheduled trip end time",-3,10906,10909,4020.5
"Post scheduled trip end time",-3,3768,3771,4020.5
"Post scheduled trip end time",-3,2041,2044,4020.5
"Post scheduled trip end time",-3,3021,3024,4020.5
"Post scheduled trip end time",-3,6551,6554,4020.5
"Post scheduled trip end time",-3,15374,15377,4020.5
"Post scheduled trip end time",-3,1167,1170,4020.5
"Post scheduled trip end time",-3,7828,7831,4020.5
"Post scheduled trip end time",-3,3672,3675,4020.5
"Post scheduled trip end time",-3,16551,16554,4020.5
"Post scheduled trip end time",-3,1678,1681,4020.5
"Post scheduled trip end time",-3,2057,2060,4020.5
"Post scheduled trip end time",-3,536228,536231,4020.5
"Post scheduled trip end time",-3,10217,10220,4020.5
"Post scheduled trip end time",-3,4332,4335,4020.5
"Post scheduled trip end time",-3,3701,3704,4020.5
"Post scheduled trip end time",-3,526428,526431,4020.5
"Post scheduled trip end time",-3,4428,4431,4020.5
"Post scheduled trip end time",-3,6932,6935,4020.5
"Post scheduled trip end time",-3,2692,2695,4020.5
"Post scheduled trip end time",-3,6052,6055,4020.5
"Post scheduled trip end time",-3,4741,4744,4020.5
"Post scheduled trip end time",-3,4781,4784,4020.5
"Post scheduled trip end time",-3,673,676,4020.5
"Post scheduled trip end time",-3,10020,10023,4020.5
"Post scheduled trip end time",-3,1300,1303,4020.5
"Post scheduled trip end time",-3,1098,1101,4020.5
"Post scheduled trip end time",-3,15788,15791,4020.5
"Post scheduled trip end time",-3,9311,9314,4020.5
"Post scheduled trip end time",-3,131,134,4020.5
"Post scheduled trip end time",-3,8871,8874,4020.5
"Post scheduled trip end time",-3,6911,6914,4020.5
"Post scheduled trip end time",-3,12114,12117,4020.5
"Post scheduled trip end time",-3,6008,6011,4020.5
"Post scheduled trip end time",-3,13591,13594,4020.5
"Post scheduled trip end time",-3,254,257,4020.5
"Post scheduled trip end time",-3,5380,5383,4020.5
"Post scheduled trip end time",-3,279,282,4020.5
"Post scheduled trip end time",-3,1051,1054,4020.5
"Post scheduled trip end time",-3,6315,6318,4020.5
"Post scheduled trip end time",-3,16892,16895,4020.5
"Post scheduled trip end time",-3,4611,4614,4020.5
"Post scheduled trip end time",-3,7112,7115,4020.5
"Post scheduled trip end time",-3,537728,537731,4020.5
"Post scheduled trip end time",-3,335,338,4020.5
"Post scheduled trip end time",-3,13798,13801,4020.5
"Post scheduled trip end time",-3,528308,528311,4020.5
"Post scheduled trip end time",-3,5770,5773,4020.5
"Post scheduled trip end time",-3,10870,10873,4020.5
"Post scheduled trip end time",-3,14186,14189,4020.5
"Post scheduled trip end time",-3,6251,6254,4020.5
"Post scheduled trip end time",-3,18334,18337,4020.5
"Post scheduled trip end time",-3,33312,33315,4020.5
"Post scheduled trip end time",-3,3393,3396,4020.5
"Post scheduled trip end time",-3,17898,17901,4020.5
"Post scheduled trip end time",-3,26012,26015,4020.5
"Post scheduled trip end time",-3,533288,533291,4020.5
"Post scheduled trip end time",-3,4008,4011,4020.5
"Post scheduled trip end time",-3,15872,15875,4020.5
"Post scheduled trip end time",-3,7385,7388,4020.5
"Post scheduled trip end time",-3,14805,14808,4020.5
"Post scheduled trip end time",-3,17281,17284,4020.5
"Post scheduled trip end time",-3,11934,11937,4020.5
"Post scheduled trip end time",-3,7934,7937,4020.5
"Post scheduled trip end time",-3,1154,1157,4020.5
"Post scheduled trip end time",-3,15018,15021,4020.5
"Post scheduled trip end time",-3,9650,9653,4020.5
"Post scheduled trip end time",-3,5241,5244,4020.5
"Post scheduled trip end time",-3,15148,15151,4020.5
"Post scheduled trip end time",-3,13251,13254,4020.5
"Post scheduled trip end time",-3,37,40,4020.5
"Post scheduled trip end time",-3,382,385,4020.5
"Post scheduled trip end time",-3,5368,5371,4020.5
"Post scheduled trip end time",-3,524088,524091,4020.5
"Post scheduled trip end time",-3,12271,12274,4020.5
"Post scheduled trip end time",-3,11466,11469,4020.5
"Post scheduled trip end time",-3,172,175,4020.5
"Post scheduled trip end time",-3,1812,1815,4020.5
"Post scheduled trip end time",-3,365,368,4020.5
"Post scheduled trip end time",-3,3752,3755,4020.5
"Post scheduled trip end time",-3,1540,1543,4020.5
"Post scheduled trip end time",-3,10541,10544,4020.5
"Post scheduled trip end time",-3,26432,26435,4020.5
"Post scheduled trip end time",-3,3928,3931,4020.5
"Post scheduled trip end time",-3,2437,2440,4020.5
"Post scheduled trip end time",-3,3040,3043,4020.5
"Post scheduled trip end time",-3,493,496,4020.5
"Post scheduled trip end time",-3,581,584,4020.5
"Post scheduled trip end time",-3,16610,16613,4020.5
"Post scheduled trip end time",-3,12210,12213,4020.5
"Post scheduled trip end time",-3,1566,1569,4020.5
"Post scheduled trip end time",-3,89,92,4020.5
"Post scheduled trip end time",-3,4891,4894,4020.5
"Post scheduled trip end time",-3,5651,5654,4020.5
"Post scheduled trip end time",-3,528048,528051,4020.5
"Post scheduled trip end time",-3,4400,4403,4020.5
"Post scheduled trip end time",-3,18830,18833,4020.5
"Post scheduled trip end time",-3,16430,16433,4020.5
"Post scheduled trip end time",-3,13514,13517,4020.5
"Post scheduled trip end time",-3,2006,2009,4020.5
"Post scheduled trip end time",-3,2148,2151,4020.5
"Post scheduled trip end time",-3,522688,522691,4020.5
"Post scheduled trip end time",-3,2981,2984,4020.5
"Post scheduled trip end time",-3,3617,3620,4020.5
"Post scheduled trip end time",-3,7030,7033,4020.5
"Post scheduled trip end time",-3,3245,3248,4020.5
"Post scheduled trip end time",-3,1944,1947,4020.5
"Post scheduled trip end time",-3,8092,8095,4020.5
"Post scheduled trip end time",-3,530,533,4020.5
"Post scheduled trip end time",-3,22012,22015,4020.5
"Post scheduled trip end time",-3,25792,25795,4020.5
"Post scheduled trip end time",-3,7437,7440,4020.5
"Post scheduled trip end time",-3,524148,524151,4020.5
"Post scheduled trip end time",-3,426,429,4020.5
"Post scheduled trip end time",-3,3200,3203,4020.5
"Post scheduled trip end time",-3,8517,8520,4020.5
"Post scheduled trip end time",-3,8777,8780,4020.5
"Post scheduled trip end time",-3,13341,13344,4020.5
"Post scheduled trip end time",-3,5325,5328,4020.5
"Post scheduled trip end time",-3,18566,18569,4020.5
"Post scheduled trip end time",-3,13894,13897,4020.5
"Post scheduled trip end time",-3,21492,21495,4020.5
"Post scheduled trip end time",-3,8161,8164,4020.5
"Post scheduled trip end time",-3,13631,13634,4020.5
"Post scheduled trip end time",-3,4751,4754,4020.5
"Post scheduled trip end time",-3,6928,6931,4020.5
"Post scheduled trip end time",-3,7017,7020,4020.5
"Post scheduled trip end time",-3,878,881,4020.5
"Post scheduled trip end time",-3,8697,8700,4020.5
"Post scheduled trip end time",-3,2792,2795,4020.5
"Post scheduled trip end time",-3,1470,1473,4020.5
"Post scheduled trip end time",-3,15010,15013,4020.5
"Post scheduled trip end time",-3,20818,20821,4020.5
"Post scheduled trip end time",-3,24252,24255,4020.5
"Post scheduled trip end time",-3,702,705,4020.5
"Post scheduled trip end time",-3,147,150,4020.5
"Post scheduled trip end time",-3,2637,2640,4020.5
"Post scheduled trip end time",-3,8646,8649,4020.5
"Post scheduled trip end time",-3,2274,2277,4020.5
"Post scheduled trip end time",-3,1437,1440,4020.5
"Post scheduled trip end time",-3,3729,3732,4020.5
"Post scheduled trip end time",-3,13932,13935,4020.5
"Post scheduled trip end time",-3,15686,15689,4020.5
"Post scheduled trip end time",-3,7234,7237,4020.5
"Post scheduled trip end time",-3,10678,10681,4020.5
"Post scheduled trip end time",-3,4789,4792,4020.5
"Post scheduled trip end time",-3,14641,14644,4020.5
"Post scheduled trip end time",-3,8301,8304,4020.5
"Post scheduled trip end time",-3,67,70,4020.5
"Post scheduled trip end time",-3,3240,3243,4020.5
"Post scheduled trip end time",-3,543108,543111,4020.5
"Post scheduled trip end time",-3,8811,8814,4020.5
"Post scheduled trip end time",-3,1890,1893,4020.5
"Post scheduled trip end time",-3,3535,3538,4020.5
"Post scheduled trip end time",-3,2754,2757,4020.5
"Post scheduled trip end time",-3,1714,1717,4020.5
"Post scheduled trip end time",-3,18372,18375,4020.5
"Post scheduled trip end time",-3,14618,14621,4020.5
"Post scheduled trip end time",-3,817,820,4020.5
"Post scheduled trip end time",-3,866,869,4020.5
"Post scheduled trip end time",-3,8352,8355,4020.5
"Post scheduled trip end time",-3,4961,4964,4020.5
"Post scheduled trip end time",-3,6381,6384,4020.5
"Post scheduled trip end time",-3,29832,29835,4020.5
"Post scheduled trip end time",-3,21612,21615,4020.5
"Post scheduled trip end time",-3,10777,10780,4020.5
"Post scheduled trip end time",-3,4577,4580,4020.5
"Post scheduled trip end time",-3,2406,2409,4020.5
"Post scheduled trip end time",-3,531808,531811,4020.5
"Post scheduled trip end time",-3,9828,9831,4020.5
"Post scheduled trip end time",-3,7565,7568,4020.5
"Post scheduled trip end time",-3,2907,2910,4020.5
"Post scheduled trip end time",-3,17610,17613,4020.5
"Post scheduled trip end time",-3,34032,34035,4020.5
"Post scheduled trip end time",-3,10880,10883,4020.5
"Post scheduled trip end time",-3,1245,1248,4020.5
"Post scheduled trip end time",-3,4141,4144,4020.5
"Post scheduled trip end time",-3,12912,12915,4020.5
"Post scheduled trip end time",-3,1006,1009,4020.5
"Post scheduled trip end time",-3,3448,3451,4020.5
"Post scheduled trip end time",-3,7232,7235,4020.5
"Post scheduled trip end time",-3,319,322,4020.5
"Post scheduled trip end time",-3,10812,10815,4020.5
"Post scheduled trip end time",-3,8730,8733,4020.5
"Post scheduled trip end time",-3,2823,2826,4020.5
"Post scheduled trip end time",-3,1495,1498,4020.5
"Post scheduled trip end time",-3,15161,15164,4020.5
"Post scheduled trip end time",-3,22452,22455,4020.5
"Post scheduled trip end time",-3,1914,1917,4020.5
"Post scheduled trip end time",-3,9850,9853,4020.5
"Post scheduled trip end time",-3,3020,3023,4020.5
"Post scheduled trip end time",-3,9294,9297,4020.5
"Post scheduled trip end time",-3,595,598,4020.5
"Post scheduled trip end time",-3,16941,16944,4020.5
"Post scheduled trip end time",-3,12830,12833,4020.5
"Post scheduled trip end time",-3,790,793,4020.5
"Post scheduled trip end time",-3,1854,1857,4020.5
"Post scheduled trip end time",-3,5751,5754,4020.5
"Post scheduled trip end time",-3,5198,5201,4020.5
"Post scheduled trip end time",-3,6641,6644,4020.5
"Post scheduled trip end time",-3,3992,3995,4020.5
"Post scheduled trip end time",-3,693,696,4020.5
"Post scheduled trip end time",-3,530068,530071,4020.5
"Post scheduled trip end time",-3,103,106,4020.5
"Post scheduled trip end time",-3,19891,19894,4020.5
"Post scheduled trip end time",-3,458,461,4020.5
"Post scheduled trip end time",-3,6472,6475,4020.5
"Post scheduled trip end time",-3,445,448,4020.5
"Post scheduled trip end time",-3,5589,5592,4020.5
"Post scheduled trip end time",-3,14541,14544,4020.5
"Post scheduled trip end time",-3,22052,22055,4020.5
"Post scheduled trip end time",-3,3006,3009,4020.5
"Post scheduled trip end time",-3,9971,9974,4020.5
"Post scheduled trip end time",-3,1367,1370,4020.5
"Post scheduled trip end time",-3,17014,17017,4020.5
"Post scheduled trip end time",-3,10338,10341,4020.5
"Post scheduled trip end time",-3,521048,521051,4020.5
"Post scheduled trip end time",-3,73,76,4020.5
"Post scheduled trip end time",-3,2357,2360,4020.5
"Post scheduled trip end time",-3,13291,13294,4020.5
"Post scheduled trip end time",-3,2340,2343,4020.5
"Post scheduled trip end time",-3,998,1001,4020.5
"Post scheduled trip end time",-3,15986,15989,4020.5
"Post scheduled trip end time",-3,283,286,4020.5
"Post scheduled trip end time",-3,13145,13148,4020.5
"Post scheduled trip end time",-3,19798,19801,4020.5
"Post scheduled trip end time",-3,17897,17900,4020.5
"Post scheduled trip end time",-3,614,617,4020.5
"Post scheduled trip end time",-3,528088,528091,4020.5
"Post scheduled trip end time",-3,127,130,4020.5
"Post scheduled trip end time",-3,9706,9709,4020.5
"Post scheduled trip end time",-3,1959,1962,4020.5
"Post scheduled trip end time",-3,5961,5964,4020.5
"Post scheduled trip end time",-3,2310,2313,4020.5
"Post scheduled trip end time",-3,29612,29615,4020.5
"Post scheduled trip end time",-3,16612,16615,4020.5
"Post scheduled trip end time",-3,4689,4692,4020.5
"Post scheduled trip end time",-3,6461,6464,4020.5
"Post scheduled trip end time",-3,22517,22520,4020.5
"Post scheduled trip end time",-3,4492,4495,4020.5
"Post scheduled trip end time",-3,980,983,4020.5
"Post scheduled trip end time",-3,538028,538031,4020.5
"Post scheduled trip end time",-3,5465,5468,4020.5
"Post scheduled trip end time",-3,9753,9756,4020.5
"Post scheduled trip end time",-3,17025,17028,4020.5
"Post scheduled trip end time",-3,3970,3973,4020.5
"Post scheduled trip end time",-3,84,87,4020.5
"Post scheduled trip end time",-3,21778,21781,4020.5
"Post scheduled trip end time",-3,1542,1545,4020.5
"Post scheduled trip end time",-3,529808,529811,4020.5
"Post scheduled trip end time",-3,4754,4757,4020.5
"Post scheduled trip end time",-3,12171,12174,4020.5
"Post scheduled trip end time",-3,2886,2889,4020.5
"Post scheduled trip end time",-3,522548,522551,4020.5
"Post scheduled trip end time",-3,7686,7689,4020.5
"Post scheduled trip end time",-3,8745,8748,4020.5
"Post scheduled trip end time",-3,1836,1839,4020.5
"Post scheduled trip end time",-3,7412,7415,4020.5
"Post scheduled trip end time",-3,46,49,4020.5
"Post scheduled trip end time",-3,24832,24835,4020.5
"Post scheduled trip end time",-3,11220,11223,4020.5
"Post scheduled trip end time",-3,12420,12423,4020.5
"Post scheduled trip end time",-3,19712,19715,4020.5
"Post scheduled trip end time",-3,675,678,4020.5
"Post scheduled trip end time",-3,682,685,4020.5
"Post scheduled trip end time",-3,3432,3435,4020.5
"Post scheduled trip end time",-3,2689,2692,4020.5
"Post scheduled trip end time",-3,5295,5298,4020.5
"Post scheduled trip end time",-3,23112,23115,4020.5
"Post scheduled trip end time",-3,4532,4535,4020.5
"Post scheduled trip end time",-3,528068,528071,4020.5
"Post scheduled trip end time",-3,4328,4331,4020.5
"Post scheduled trip end time",-3,18772,18775,4020.5
"Post scheduled trip end time",-3,5365,5368,4020.5
"Post scheduled trip end time",-3,10034,10037,4020.5
"Post scheduled trip end time",-3,1134,1137,4020.5
"Post scheduled trip end time",-3,531,534,4020.5
"Post scheduled trip end time",-3,235,238,4020.5
"Post scheduled trip end time",-3,2077,2080,4020.5
"Post scheduled trip end time",-3,8032,8035,4020.5
"Post scheduled trip end time",-3,14106,14109,4020.5
"Post scheduled trip end time",-3,18511,18514,4020.5
"Post scheduled trip end time",-3,10301,10304,4020.5
"Post scheduled trip end time",-3,11945,11948,4020.5
"Post scheduled trip end time",-3,32052,32055,4020.5
"Post scheduled trip end time",-3,15972,15975,4020.5
"Post scheduled trip end time",-3,229,232,4020.5
"Post scheduled trip end time",-3,1646,1649,4020.5
"Post scheduled trip end time",-3,526748,526751,4020.5
"Post scheduled trip end time",-3,321,324,4020.5
"Post scheduled trip end time",-3,2960,2963,4020.5
"Post scheduled trip end time",-3,8911,8914,4020.5
"Post scheduled trip end time",-3,529,532,4020.5
"Post scheduled trip end time",-3,4219,4222,4020.5
"Post scheduled trip end time",-3,7768,7771,4020.5
"Post scheduled trip end time",-3,5541,5544,4020.5
"Post scheduled trip end time",-3,150,153,4020.5
"Post scheduled trip end time",-3,1986,1989,4020.5
"Post scheduled trip end time",-3,5090,5093,4020.5
"Post scheduled trip end time",-3,15310,15313,4020.5
"Post scheduled trip end time",-3,307,310,4020.5
"Post scheduled trip end time",-3,15598,15601,4020.5
"Post scheduled trip end time",-3,26932,26935,4020.5
"Post scheduled trip end time",-3,9891,9894,4020.5
"Post scheduled trip end time",-3,11261,11264,4020.5
"Post scheduled trip end time",-3,15690,15693,4020.5
"Post scheduled trip end time",-3,23952,23955,4020.5
"Post scheduled trip end time",-3,13711,13714,4020.5
"Post scheduled trip end time",-3,11077,11080,4020.5
"Post scheduled trip end time",-3,863,866,4020.5
"Post scheduled trip end time",-3,3308,3311,4020.5
"Post scheduled trip end time",-3,529428,529431,4020.5
"Post scheduled trip end time",-3,15892,15895,4020.5
"Post scheduled trip end time",-3,990,993,4020.5
"Post scheduled trip end time",-3,2745,2748,4020.5
"Post scheduled trip end time",-3,3270,3273,4020.5
"Post scheduled trip end time",-3,17001,17004,4020.5
"Post scheduled trip end time",-3,24032,24035,4020.5
"Post scheduled trip end time",-3,24872,24875,4020.5
"Post scheduled trip end time",-3,5738,5741,4020.5
"Post scheduled trip end time",-3,7328,7331,4020.5
"Post scheduled trip end time",-3,13751,13754,4020.5
"Post scheduled trip end time",-3,12486,12489,4020.5
"Post scheduled trip end time",-3,786,789,4020.5
"Post scheduled trip end time",-3,13190,13193,4020.5
"Post scheduled trip end time",-3,2935,2938,4020.5
"Post scheduled trip end time",-3,17652,17655,4020.5
"Post scheduled trip end time",-3,212,215,4020.5
"Post scheduled trip end time",-3,12641,12644,4020.5
"Post scheduled trip end time",-3,5377,5380,4020.5
"Post scheduled trip end time",-3,534908,534911,4020.5
"Post scheduled trip end time",-3,525928,525931,4020.5
"Post scheduled trip end time",-3,192,195,4020.5
"Post scheduled trip end time",-3,3048,3051,4020.5
"Post scheduled trip end time",-3,6545,6548,4020.5
"Post scheduled trip end time",-3,5194,5197,4020.5
"Post scheduled trip end time",-3,9,12,4020.5
"Post scheduled trip end time",-3,849,852,4020.5
"Post scheduled trip end time",-3,4914,4917,4020.5
"Post scheduled trip end time",-3,100,103,4020.5
"Post scheduled trip end time",-3,22412,22415,4020.5
"Post scheduled trip end time",-3,5257,5260,4020.5
"Post scheduled trip end time",-3,775,778,4020.5
"Post scheduled trip end time",-3,1378,1381,4020.5
"Post scheduled trip end time",-3,6371,6374,4020.5
"Post scheduled trip end time",-3,538648,538651,4020.5
"Post scheduled trip end time",-3,16965,16968,4020.5
"Post scheduled trip end time",-3,3035,3038,4020.5
"Post scheduled trip end time",-3,7394,7397,4020.5
"Post scheduled trip end time",-3,454,457,4020.5
"Post scheduled trip end time",-3,11038,11041,4020.5
"Post scheduled trip end time",-3,3280,3283,4020.5
"Post scheduled trip end time",-3,5878,5881,4020.5
"Post scheduled trip end time",-3,391,394,4020.5
"Post scheduled trip end time",-3,18892,18895,4020.5
"Post scheduled trip end time",-3,1921,1924,4020.5
"Post scheduled trip end time",-3,102,105,4020.5
"Post scheduled trip end time",-3,9931,9934,4020.5
"Post scheduled trip end time",-3,3530,3533,4020.5
"Post scheduled trip end time",-3,8790,8793,4020.5
"Post scheduled trip end time",-3,1548,1551,4020.5
"Post scheduled trip end time",-3,3600,3603,4020.5
"Post scheduled trip end time",-3,11858,11861,4020.5
"Post scheduled trip end time",-3,10028,10031,4020.5
"Post scheduled trip end time",-3,5312,5315,4020.5
"Post scheduled trip end time",-3,498,501,4020.5
"Post scheduled trip end time",-3,6392,6395,4020.5
"Post scheduled trip end time",-3,16650,16653,4020.5
"Post scheduled trip end time",-3,28984,28987,4020.5
"Post scheduled trip end time",-3,1120,1123,4020.5
"Post scheduled trip end time",-3,9358,9361,4020.5
"Post scheduled trip end time",-3,4757,4760,4020.5
"Post scheduled trip end time",-3,4908,4911,4020.5
"Post scheduled trip end time",-3,2339,2342,4020.5
"Post scheduled trip end time",-3,1626,1629,4020.5
"Post scheduled trip end time",-3,5654,5657,4020.5
"Post scheduled trip end time",-3,9254,9257,4020.5
"Post scheduled trip end time",-3,14912,14915,4020.5
"Post scheduled trip end time",-3,27972,27975,4020.5
"Post scheduled trip end time",-3,1388,1391,4020.5
"Post scheduled trip end time",-3,757,760,4020.5
"Post scheduled trip end time",-3,8337,8340,4020.5
"Post scheduled trip end time",-3,592,595,4020.5
"Post scheduled trip end time",-3,211,214,4020.5
"Post scheduled trip end time",-3,9990,9993,4020.5
"Post scheduled trip end time",-3,1338,1341,4020.5
"Post scheduled trip end time",-3,9826,9829,4020.5
"Post scheduled trip end time",-3,1901,1904,4020.5
"Post scheduled trip end time",-3,538508,538511,4020.5
"Post scheduled trip end time",-3,8861,8864,4020.5
"Post scheduled trip end time",-3,8421,8424,4020.5
"Post scheduled trip end time",-3,1655,1658,4020.5
"Post scheduled trip end time",-3,2030,2033,4020.5
"Post scheduled trip end time",-3,29112,29115,4020.5
"Post scheduled trip end time",-3,21952,21955,4020.5
"Post scheduled trip end time",-3,933,936,4020.5
"Post scheduled trip end time",-3,541748,541751,4020.5
"Post scheduled trip end time",-3,480,483,4020.5
"Post scheduled trip end time",-3,33912,33915,4020.5
"Post scheduled trip end time",-3,23532,23535,4020.5
"Post scheduled trip end time",-3,12221,12224,4020.5
"Post scheduled trip end time",-3,26352,26355,4020.5
"Post scheduled trip end time",-3,6757,6760,4020.5
"Post scheduled trip end time",-3,4450,4453,4020.5
"Post scheduled trip end time",-3,937,940,4020.5
"Post scheduled trip end time",-3,4740,4743,4020.5
"Post scheduled trip end time",-3,8525,8528,4020.5
"Post scheduled trip end time",-3,13401,13404,4020.5
"Post scheduled trip end time",-3,375,378,4020.5
"Post scheduled trip end time",-3,1291,1294,4020.5
"Post scheduled trip end time",-3,33910,33913,4020.5
"Post scheduled trip end time",-3,11161,11164,4020.5
"Post scheduled trip end time",-3,7200,7203,4020.5
"Post scheduled trip end time",-3,2959,2962,4020.5
"Post scheduled trip end time",-3,3657,3660,4020.5
"Post scheduled trip end time",-3,3890,3893,4020.5
"Post scheduled trip end time",-3,12550,12553,4020.5
"Post scheduled trip end time",-3,13034,13037,4020.5
"Post scheduled trip end time",-3,10552,10555,4020.5
"Post scheduled trip end time",-3,17211,17214,4020.5
"Post scheduled trip end time",-3,15712,15715,4020.5
"Post scheduled trip end time",-3,8651,8654,4020.5
"Post scheduled trip end time",-3,5806,5809,4020.5
"Post scheduled trip end time",-3,12581,12584,4020.5
"Post scheduled trip end time",-3,473,476,4020.5
"Post scheduled trip end time",-3,494,497,4020.5
"Post scheduled trip end time",-3,1078,1081,4020.5
"Post scheduled trip end time",-3,1400,1403,4020.5
"Post scheduled trip end time",-3,15134,15137,4020.5
"Post scheduled trip end time",-3,18857,18860,4020.5
"Post scheduled trip end time",-3,26912,26915,4020.5
"Post scheduled trip end time",-3,168,171,4020.5
"Post scheduled trip end time",-3,4457,4460,4020.5
"Post scheduled trip end time",-3,5338,5341,4020.5
"Post scheduled trip end time",-3,9601,9604,4020.5
"Post scheduled trip end time",-3,170,173,4020.5
"Post scheduled trip end time",-3,512,515,4020.5
"Post scheduled trip end time",-3,14246,14249,4020.5
"Post scheduled trip end time",-3,2485,2488,4020.5
"Post scheduled trip end time",-3,217,220,4020.5
"Post scheduled trip end time",-3,26812,26815,4020.5
"Post scheduled trip end time",-3,8577,8580,4020.5
"Post scheduled trip end time",-3,7148,7151,4020.5
"Post scheduled trip end time",-3,3332,3335,4020.5
"Post scheduled trip end time",-3,527248,527251,4020.5
"Post scheduled trip end time",-3,17252,17255,4020.5
"Post scheduled trip end time",-3,901,904,4020.5
"Post scheduled trip end time",-3,3745,3748,4020.5
"Post scheduled trip end time",-3,9992,9995,4020.5
"Post scheduled trip end time",-3,10370,10373,4020.5
"Post scheduled trip end time",-3,262,265,4020.5
"Post scheduled trip end time",-3,698,701,4020.5
"Post scheduled trip end time",-3,1385,1388,4020.5
"Post scheduled trip end time",-3,735,738,4020.5
"Post scheduled trip end time",-3,9818,9821,4020.5
"Post scheduled trip end time",-3,10037,10040,4020.5
"Post scheduled trip end time",-3,24432,24435,4020.5
"Post scheduled trip end time",-3,26712,26715,4020.5
"Post scheduled trip end time",-3,3852,3855,4020.5
"Post scheduled trip end time",-3,4638,4641,4020.5
"Post scheduled trip end time",-3,13654,13657,4020.5
"Post scheduled trip end time",-3,23052,23055,4020.5
"Post scheduled trip end time",-3,23712,23715,4020.5
"Post scheduled trip end time",-3,10758,10761,4020.5
"Post scheduled trip end time",-3,6378,6381,4020.5
"Post scheduled trip end time",-3,7401,7404,4020.5
"Post scheduled trip end time",-3,129,132,4020.5
"Post scheduled trip end time",-3,361,364,4020.5
"Post scheduled trip end time",-3,4490,4493,4020.5
"Post scheduled trip end time",-3,15201,15204,4020.5
"Post scheduled trip end time",-3,30752,30755,4020.5
"Post scheduled trip end time",-3,471,474,4020.5
"Post scheduled trip end time",-3,1318,1321,4020.5
"Post scheduled trip end time",-3,1526,1529,4020.5
"Post scheduled trip end time",-3,1328,1331,4020.5
"Post scheduled trip end time",-3,527408,527411,4020.5
"Post scheduled trip end time",-3,15648,15651,4020.5
"Post scheduled trip end time",-3,3132,3135,4020.5
"Post scheduled trip end time",-3,539088,539091,4020.5
"Post scheduled trip end time",-3,10690,10693,4020.5
"Post scheduled trip end time",-3,12234,12237,4020.5
"Post scheduled trip end time",-3,22538,22541,4020.5
"Post scheduled trip end time",-3,22812,22815,4020.5
"Post scheduled trip end time",-3,9701,9704,4020.5
"Post scheduled trip end time",-3,1892,1895,4020.5
"Post scheduled trip end time",-3,8277,8280,4020.5
"Post scheduled trip end time",-3,536928,536931,4020.5
"Post scheduled trip end time",-3,75,78,4020.5
"Post scheduled trip end time",-3,366,369,4020.5
"Post scheduled trip end time",-3,8741,8744,4020.5
"Post scheduled trip end time",-3,8071,8074,4020.5
"Post scheduled trip end time",-3,6141,6144,4020.5
"Post scheduled trip end time",-3,12272,12275,4020.5
"Post scheduled trip end time",-3,367,370,4020.5
"Post scheduled trip end time",-3,2338,2341,4020.5
"Post scheduled trip end time",-3,1981,1984,4020.5
"Post scheduled trip end time",-3,3785,3788,4020.5
"Post scheduled trip end time",-3,161,164,4020.5
"Post scheduled trip end time",-3,20398,20401,4020.5
"Post scheduled trip end time",-3,16072,16075,4020.5
"Post scheduled trip end time",-3,526848,526851,4020.5
"Post scheduled trip end time",-3,540568,540571,4020.5
"Post scheduled trip end time",-3,288,291,4020.5
"Post scheduled trip end time",-3,10971,10974,4020.5
"Post scheduled trip end time",-3,41,44,4020.5
"Post scheduled trip end time",-3,13990,13993,4020.5
"Post scheduled trip end time",-3,8594,8597,4020.5
"Post scheduled trip end time",-3,4920,4923,4020.5
"Post scheduled trip end time",-3,4797,4800,4020.5
"Post scheduled trip end time",-3,8468,8471,4020.5
"Post scheduled trip end time",-3,248,251,4020.5
"Post scheduled trip end time",-3,530668,530671,4020.5
"Post scheduled trip end time",-3,2965,2968,4020.5
"Post scheduled trip end time",-3,5765,5768,4020.5
"Post scheduled trip end time",-3,5381,5384,4020.5
"Post scheduled trip end time",-3,9552,9555,4020.5
"Post scheduled trip end time",-3,1855,1858,4020.5
"Post scheduled trip end time",-3,14614,14617,4020.5
"Post scheduled trip end time",-3,705,708,4020.5
"Post scheduled trip end time",-3,8654,8657,4020.5
"Post scheduled trip end time",-3,23812,23815,4020.5
"Post scheduled trip end time",-3,2834,2837,4020.5
"Post scheduled trip end time",-3,3394,3397,4020.5
"Post scheduled trip end time",-3,10817,10820,4020.5
"Post scheduled trip end time",-3,535188,535191,4020.5
"Post scheduled trip end time",-3,523088,523091,4020.5
"Post scheduled trip end time",-3,10680,10683,4020.5
"Post scheduled trip end time",-3,7100,7103,4020.5
"Post scheduled trip end time",-3,520,523,4020.5
"Post scheduled trip end time",-3,5692,5695,4020.5
"Post scheduled trip end time",-3,19471,19474,4020.5
"Post scheduled trip end time",-3,14132,14135,4020.5
"Post scheduled trip end time",-3,4445,4448,4020.5
"Post scheduled trip end time",-3,13965,13968,4020.5
"Post scheduled trip end time",-3,2016,2019,4020.5
"Post scheduled trip end time",-3,12,15,4020.5
"Post scheduled trip end time",-3,3170,3173,4020.5
"Post scheduled trip end time",-3,10420,10423,4020.5
"Post scheduled trip end time",-3,1014,1017,4020.5
"Post scheduled trip end time",-3,7881,7884,4020.5
"Post scheduled trip end time",-3,203,206,4020.5
"Post scheduled trip end time",-3,6166,6169,4020.5
"Post scheduled trip end time",-3,18,21,4020.5
"Post scheduled trip end time",-3,32544,32547,4020.5
"Post scheduled trip end time",-3,17358,17361,4020.5
"Post scheduled trip end time",-3,9218,9221,4020.5
"Post scheduled trip end time",-3,9814,9817,4020.5
"Post scheduled trip end time",-3,4249,4252,4020.5
"Post scheduled trip end time",-3,527668,527671,4020.5
"Post scheduled trip end time",-3,16951,16954,4020.5
"Post scheduled trip end time",-3,21258,21261,4020.5
"Post scheduled trip end time",-3,34312,34315,4020.5
"Post scheduled trip end time",-3,1073,1076,4020.5
"Post scheduled trip end time",-3,6521,6524,4020.5
"Post scheduled trip end time",-3,6791,6794,4020.5
"Post scheduled trip end time",-3,5470,5473,4020.5
"Post scheduled trip end time",-3,1277,1280,4020.5
"Post scheduled trip end time",-3,671,674,4020.5
"Post scheduled trip end time",-3,2427,2430,4020.5
"Post scheduled trip end time",-3,4033,4036,4020.5
"Post scheduled trip end time",-3,9858,9861,4020.5
"Post scheduled trip end time",-3,14271,14274,4020.5
"Post scheduled trip end time",-3,7388,7391,4020.5
"Post scheduled trip end time",-3,17091,17094,4020.5
"Post scheduled trip end time",-3,645,648,4020.5
"Post scheduled trip end time",-3,6332,6335,4020.5
"Post scheduled trip end time",-3,24992,24995,4020.5
"Post scheduled trip end time",-3,25492,25495,4020.5
"Post scheduled trip end time",-3,12294,12297,4020.5
"Post scheduled trip end time",-3,2840,2843,4020.5
"Post scheduled trip end time",-3,6700,6703,4020.5
"Post scheduled trip end time",-3,1766,1769,4020.5
"Post scheduled trip end time",-3,12792,12795,4020.5
"Post scheduled trip end time",-3,6568,6571,4020.5
"Post scheduled trip end time",-3,12146,12149,4020.5
"Post scheduled trip end time",-3,812,815,4020.5
"Post scheduled trip end time",-3,1252,1255,4020.5
"Post scheduled trip end time",-3,2101,2104,4020.5
"Post scheduled trip end time",-3,9005,9008,4020.5
"Post scheduled trip end time",-3,26404,26407,4020.5
"Post scheduled trip end time",-3,6355,6358,4020.5
"Post scheduled trip end time",-3,3321,3324,4020.5
"Post scheduled trip end time",-3,6780,6783,4020.5
"Post scheduled trip end time",-3,14690,14693,4020.5
"Post scheduled trip end time",-3,2434,2437,4020.5
"Post scheduled trip end time",-3,20832,20835,4020.5
"Post scheduled trip end time",-3,12774,12777,4020.5
"Post scheduled trip end time",-3,1480,1483,4020.5
"Post scheduled trip end time",-3,1077,1080,4020.5
"Post scheduled trip end time",-3,15312,15315,4020.5
"Post scheduled trip end time",-3,4074,4077,4020.5
"Post scheduled trip end time",-3,71,74,4020.5
"Post scheduled trip end time",-3,326,329,4020.5
"Post scheduled trip end time",-3,374,377,4020.5
"Post scheduled trip end time",-3,7241,7244,4020.5
"Post scheduled trip end time",-3,8841,8844,4020.5
"Post scheduled trip end time",-3,3814,3817,4020.5
"Post scheduled trip end time",-3,25912,25915,4020.5
"Post scheduled trip end time",-3,98,101,4020.5
"Post scheduled trip end time",-3,1598,1601,4020.5
"Post scheduled trip end time",-3,521708,521711,4020.5
"Post scheduled trip end time",-3,533,536,4020.5
"Post scheduled trip end time",-3,7508,7511,4020.5
"Post scheduled trip end time",-3,11188,11191,4020.5
"Post scheduled trip end time",-3,1985,1988,4020.5
"Post scheduled trip end time",-3,2150,2153,4020.5
"Post scheduled trip end time",-3,1488,1491,4020.5
"Post scheduled trip end time",-3,8340,8343,4020.5
"Post scheduled trip end time",-3,2306,2309,4020.5
"Post scheduled trip end time",-3,3581,3584,4020.5
"Post scheduled trip end time",-3,4788,4791,4020.5
"Post scheduled trip end time",-3,15331,15334,4020.5
"Post scheduled trip end time",-3,1450,1453,4020.5
"Post scheduled trip end time",-3,30,33,4020.5
"Post scheduled trip end time",-3,26652,26655,4020.5
"Post scheduled trip end time",-3,8481,8484,4020.5
"Post scheduled trip end time",-3,794,797,4020.5
"Post scheduled trip end time",-3,6140,6143,4020.5
"Post scheduled trip end time",-3,535,538,4020.5
"Post scheduled trip end time",-3,4331,4334,4020.5
"Post scheduled trip end time",-3,5568,5571,4020.5
"Post scheduled trip end time",-3,10351,10354,4020.5
"Post scheduled trip end time",-3,12661,12664,4020.5
"Post scheduled trip end time",-3,8121,8124,4020.5
"Post scheduled trip end time",-3,465,468,4020.5
"Post scheduled trip end time",-3,296,299,4020.5
"Post scheduled trip end time",-3,21137,21140,4020.5
"Post scheduled trip end time",-3,1208,1211,4020.5
"Post scheduled trip end time",-3,6274,6277,4020.5
"Post scheduled trip end time",-3,3130,3133,4020.5
"Before scheduled trip start time",-2,496688,496690,8038
"Before scheduled trip start time",-2,57119,57121,8038
"Before scheduled trip start time",-2,510188,510190,8038
"Before scheduled trip start time",-2,686480,686482,8038
"Before scheduled trip start time",-2,506088,506090,8038
"Before scheduled trip start time",-2,22338,22340,8038
"Before scheduled trip start time",-2,26314,26316,8038
"Before scheduled trip start time",-2,20574,20576,8038
"Before scheduled trip start time",-2,23214,23216,8038
"Before scheduled trip start time",-2,688580,688582,8038
"Before scheduled trip start time",-2,26658,26660,8038
"Before scheduled trip start time",-2,29834,29836,8038
"Before scheduled trip start time",-2,30354,30356,8038
"Before scheduled trip start time",-2,19134,19136,8038
"Before scheduled trip start time",-2,41807,41809,8038
"Before scheduled trip start time",-2,355,357,8038
"Before scheduled trip start time",-2,799,801,8038
"Before scheduled trip start time",-2,2015,2017,8038
"Before scheduled trip start time",-2,3455,3457,8038
"Before scheduled trip start time",-2,66399,66401,8038
"Before scheduled trip start time",-2,1814,1816,8038
"Before scheduled trip start time",-2,48559,48561,8038
"Before scheduled trip start time",-2,27956,27958,8038
"Before scheduled trip start time",-2,39916,39918,8038
"Before scheduled trip start time",-2,23658,23660,8038
"Before scheduled trip start time",-2,360,362,8038
"Before scheduled trip start time",-2,44387,44389,8038
"Before scheduled trip start time",-2,667900,667902,8038
"Before scheduled trip start time",-2,40927,40929,8038
"Before scheduled trip start time",-2,795,797,8038
"Before scheduled trip start time",-2,79779,79781,8038
"Before scheduled trip start time",-2,13372,13374,8038
"Before scheduled trip start time",-2,33498,33500,8038
"Before scheduled trip start time",-2,1810,1812,8038
"Before scheduled trip start time",-2,254,256,8038
"Before scheduled trip start time",-2,11078,11080,8038
"Before scheduled trip start time",-2,41156,41158,8038
"Before scheduled trip start time",-2,23518,23520,8038
"Before scheduled trip start time",-2,608,610,8038
"Before scheduled trip start time",-2,863,865,8038
"Before scheduled trip start time",-2,44627,44629,8038
"Before scheduled trip start time",-2,658720,658722,8038
"Before scheduled trip start time",-2,1095,1097,8038
"Before scheduled trip start time",-2,26396,26398,8038
"Before scheduled trip start time",-2,64107,64109,8038
"Before scheduled trip start time",-2,30256,30258,8038
"Before scheduled trip start time",-2,70367,70369,8038
"Before scheduled trip start time",-2,777,779,8038
"Before scheduled trip start time",-2,769,771,8038
"Before scheduled trip start time",-2,7394,7396,8038
"Before scheduled trip start time",-2,4297,4299,8038
"Before scheduled trip start time",-2,3055,3057,8038
"Before scheduled trip start time",-2,892,894,8038
"Before scheduled trip start time",-2,57639,57641,8038
"Before scheduled trip start time",-2,671540,671542,8038
"Before scheduled trip start time",-2,32696,32698,8038
"Before scheduled trip start time",-2,19058,19060,8038
"Before scheduled trip start time",-2,682460,682462,8038
"Before scheduled trip start time",-2,29014,29016,8038
"Before scheduled trip start time",-2,14278,14280,8038
"Before scheduled trip start time",-2,667400,667402,8038
"Before scheduled trip start time",-2,35167,35169,8038
"Before scheduled trip start time",-2,7374,7376,8038
"Before scheduled trip start time",-2,3472,3474,8038
"Before scheduled trip start time",-2,33414,33416,8038
"Before scheduled trip start time",-2,964,966,8038
"Before scheduled trip start time",-2,53,55,8038
"Before scheduled trip start time",-2,62527,62529,8038
"Before scheduled trip start time",-2,57707,57709,8038
"Before scheduled trip start time",-2,45419,45421,8038
"Before scheduled trip start time",-2,22238,22240,8038
"Before scheduled trip start time",-2,20874,20876,8038
"Before scheduled trip start time",-2,894,896,8038
"Before scheduled trip start time",-2,286,288,8038
"Before scheduled trip start time",-2,34347,34349,8038
"Before scheduled trip start time",-2,69599,69601,8038
"Before scheduled trip start time",-2,4177,4179,8038
"Before scheduled trip start time",-2,46459,46461,8038
"Before scheduled trip start time",-2,7734,7736,8038
"Before scheduled trip start time",-2,57999,58001,8038
"Before scheduled trip start time",-2,2291,2293,8038
"Before scheduled trip start time",-2,93,95,8038
"Before scheduled trip start time",-2,674640,674642,8038
"Before scheduled trip start time",-2,505488,505490,8038
"Before scheduled trip start time",-2,27963,27965,8038
"Before scheduled trip start time",-2,54959,54961,8038
"Before scheduled trip start time",-2,18498,18500,8038
"Before scheduled trip start time",-2,245,247,8038
"Before scheduled trip start time",-2,66247,66249,8038
"Before scheduled trip start time",-2,74467,74469,8038
"Before scheduled trip start time",-2,2214,2216,8038
"Before scheduled trip start time",-2,45387,45389,8038
"Before scheduled trip start time",-2,668160,668162,8038
"Before scheduled trip start time",-2,665360,665362,8038
"Before scheduled trip start time",-2,430,432,8038
"Before scheduled trip start time",-2,28138,28140,8038
"Before scheduled trip start time",-2,3919,3921,8038
"Before scheduled trip start time",-2,6517,6519,8038
"Before scheduled trip start time",-2,36296,36298,8038
"Before scheduled trip start time",-2,672140,672142,8038
"Before scheduled trip start time",-2,63,65,8038
"Before scheduled trip start time",-2,494828,494830,8038
"Before scheduled trip start time",-2,504028,504030,8038
"Before scheduled trip start time",-2,34576,34578,8038
"Before scheduled trip start time",-2,26458,26460,8038
"Before scheduled trip start time",-2,36987,36989,8038
"Before scheduled trip start time",-2,406,408,8038
"Before scheduled trip start time",-2,537,539,8038
"Before scheduled trip start time",-2,3172,3174,8038
"Before scheduled trip start time",-2,2248,2250,8038
"Before scheduled trip start time",-2,3797,3799,8038
"Before scheduled trip start time",-2,30058,30060,8038
"Before scheduled trip start time",-2,2254,2256,8038
"Before scheduled trip start time",-2,65199,65201,8038
"Before scheduled trip start time",-2,14454,14456,8038
"Before scheduled trip start time",-2,510288,510290,8038
"Before scheduled trip start time",-2,671260,671262,8038
"Before scheduled trip start time",-2,50707,50709,8038
"Before scheduled trip start time",-2,51647,51649,8038
"Before scheduled trip start time",-2,40427,40429,8038
"Before scheduled trip start time",-2,663140,663142,8038
"Before scheduled trip start time",-2,30076,30078,8038
"Before scheduled trip start time",-2,256,258,8038
"Before scheduled trip start time",-2,15163,15165,8038
"Before scheduled trip start time",-2,41076,41078,8038
"Before scheduled trip start time",-2,589,591,8038
"Before scheduled trip start time",-2,36447,36449,8038
"Before scheduled trip start time",-2,519,521,8038
"Before scheduled trip start time",-2,7714,7716,8038
"Before scheduled trip start time",-2,73179,73181,8038
"Before scheduled trip start time",-2,2372,2374,8038
"Before scheduled trip start time",-2,4994,4996,8038
"Before scheduled trip start time",-2,11938,11940,8038
"Before scheduled trip start time",-2,500668,500670,8038
"Before scheduled trip start time",-2,32823,32825,8038
"Before scheduled trip start time",-2,64847,64849,8038
"Before scheduled trip start time",-2,57607,57609,8038
"Before scheduled trip start time",-2,38487,38489,8038
"Before scheduled trip start time",-2,656,658,8038
"Before scheduled trip start time",-2,404,406,8038
"Before scheduled trip start time",-2,29209,29211,8038
"Before scheduled trip start time",-2,27683,27685,8038
"Before scheduled trip start time",-2,19038,19040,8038
"Before scheduled trip start time",-2,288,290,8038
"Before scheduled trip start time",-2,14058,14060,8038
"Before scheduled trip start time",-2,663960,663962,8038
"Before scheduled trip start time",-2,9775,9777,8038
"Before scheduled trip start time",-2,75399,75401,8038
"Before scheduled trip start time",-2,4619,4621,8038
"Before scheduled trip start time",-2,2599,2601,8038
"Before scheduled trip start time",-2,509128,509130,8038
"Before scheduled trip start time",-2,59059,59061,8038
"Before scheduled trip start time",-2,27856,27858,8038
"Before scheduled trip start time",-2,1591,1593,8038
"Before scheduled trip start time",-2,25843,25845,8038
"Before scheduled trip start time",-2,54619,54621,8038
"Before scheduled trip start time",-2,69827,69829,8038
"Before scheduled trip start time",-2,137,139,8038
"Before scheduled trip start time",-2,68627,68629,8038
"Before scheduled trip start time",-2,123,125,8038
"Before scheduled trip start time",-2,16994,16996,8038
"Before scheduled trip start time",-2,1234,1236,8038
"Before scheduled trip start time",-2,501108,501110,8038
"Before scheduled trip start time",-2,507868,507870,8038
"Before scheduled trip start time",-2,509488,509490,8038
"Before scheduled trip start time",-2,64087,64089,8038
"Before scheduled trip start time",-2,670600,670602,8038
"Before scheduled trip start time",-2,940,942,8038
"Before scheduled trip start time",-2,304,306,8038
"Before scheduled trip start time",-2,24934,24936,8038
"Before scheduled trip start time",-2,72507,72509,8038
"Before scheduled trip start time",-2,46067,46069,8038
"Before scheduled trip start time",-2,669640,669642,8038
"Before scheduled trip start time",-2,819,821,8038
"Before scheduled trip start time",-2,8515,8517,8038
"Before scheduled trip start time",-2,2117,2119,8038
"Before scheduled trip start time",-2,9714,9716,8038
"Before scheduled trip start time",-2,1199,1201,8038
"Before scheduled trip start time",-2,77859,77861,8038
"Before scheduled trip start time",-2,11192,11194,8038
"Before scheduled trip start time",-2,678,680,8038
"Before scheduled trip start time",-2,496728,496730,8038
"Before scheduled trip start time",-2,15994,15996,8038
"Before scheduled trip start time",-2,7774,7776,8038
"Before scheduled trip start time",-2,8154,8156,8038
"Before scheduled trip start time",-2,510328,510330,8038
"Before scheduled trip start time",-2,25616,25618,8038
"Before scheduled trip start time",-2,662300,662302,8038
"Before scheduled trip start time",-2,34716,34718,8038
"Before scheduled trip start time",-2,19458,19460,8038
"Before scheduled trip start time",-2,126,128,8038
"Before scheduled trip start time",-2,26478,26480,8038
"Before scheduled trip start time",-2,17274,17276,8038
"Before scheduled trip start time",-2,1328,1330,8038
"Before scheduled trip start time",-2,3617,3619,8038
"Before scheduled trip start time",-2,32594,32596,8038
"Before scheduled trip start time",-2,2157,2159,8038
"Before scheduled trip start time",-2,6955,6957,8038
"Before scheduled trip start time",-2,11,13,8038
"Before scheduled trip start time",-2,58339,58341,8038
"Before scheduled trip start time",-2,510588,510590,8038
"Before scheduled trip start time",-2,27116,27118,8038
"Before scheduled trip start time",-2,63527,63529,8038
"Before scheduled trip start time",-2,38727,38729,8038
"Before scheduled trip start time",-2,336,338,8038
"Before scheduled trip start time",-2,493868,493870,8038
"Before scheduled trip start time",-2,56159,56161,8038
"Before scheduled trip start time",-2,24694,24696,8038
"Before scheduled trip start time",-2,25894,25896,8038
"Before scheduled trip start time",-2,20438,20440,8038
"Before scheduled trip start time",-2,542,544,8038
"Before scheduled trip start time",-2,12435,12437,8038
"Before scheduled trip start time",-2,39,41,8038
"Before scheduled trip start time",-2,47987,47989,8038
"Before scheduled trip start time",-2,49227,49229,8038
"Before scheduled trip start time",-2,49507,49509,8038
"Before scheduled trip start time",-2,53647,53649,8038
"Before scheduled trip start time",-2,665620,665622,8038
"Before scheduled trip start time",-2,666340,666342,8038
"Before scheduled trip start time",-2,63219,63221,8038
"Before scheduled trip start time",-2,74979,74981,8038
"Before scheduled trip start time",-2,5719,5721,8038
"Before scheduled trip start time",-2,1809,1811,8038
"Before scheduled trip start time",-2,10914,10916,8038
"Before scheduled trip start time",-2,5134,5136,8038
"Before scheduled trip start time",-2,20243,20245,8038
"Before scheduled trip start time",-2,51699,51701,8038
"Before scheduled trip start time",-2,661540,661542,8038
"Before scheduled trip start time",-2,22734,22736,8038
"Before scheduled trip start time",-2,16734,16736,8038
"Before scheduled trip start time",-2,667180,667182,8038
"Before scheduled trip start time",-2,670260,670262,8038
"Before scheduled trip start time",-2,2114,2116,8038
"Before scheduled trip start time",-2,65716,65718,8038
"Before scheduled trip start time",-2,369,371,8038
"Before scheduled trip start time",-2,670420,670422,8038
"Before scheduled trip start time",-2,43567,43569,8038
"Before scheduled trip start time",-2,61519,61521,8038
"Before scheduled trip start time",-2,4319,4321,8038
"Before scheduled trip start time",-2,3115,3117,8038
"Before scheduled trip start time",-2,7415,7417,8038
"Before scheduled trip start time",-2,6777,6779,8038
"Before scheduled trip start time",-2,674,676,8038
"Before scheduled trip start time",-2,4614,4616,8038
"Before scheduled trip start time",-2,21023,21025,8038
"Before scheduled trip start time",-2,30,32,8038
"Before scheduled trip start time",-2,73,75,8038
"Before scheduled trip start time",-2,23983,23985,8038
"Before scheduled trip start time",-2,52159,52161,8038
"Before scheduled trip start time",-2,686320,686322,8038
"Before scheduled trip start time",-2,54167,54169,8038
"Before scheduled trip start time",-2,660600,660602,8038
"Before scheduled trip start time",-2,34736,34738,8038
"Before scheduled trip start time",-2,18458,18460,8038
"Before scheduled trip start time",-2,68747,68749,8038
"Before scheduled trip start time",-2,75367,75369,8038
"Before scheduled trip start time",-2,25158,25160,8038
"Before scheduled trip start time",-2,25618,25620,8038
"Before scheduled trip start time",-2,110,112,8038
"Before scheduled trip start time",-2,40867,40869,8038
"Before scheduled trip start time",-2,584,586,8038
"Before scheduled trip start time",-2,685,687,8038
"Before scheduled trip start time",-2,6319,6321,8038
"Before scheduled trip start time",-2,78959,78961,8038
"Before scheduled trip start time",-2,6252,6254,8038
"Before scheduled trip start time",-2,326,328,8038
"Before scheduled trip start time",-2,498728,498730,8038
"Before scheduled trip start time",-2,66,68,8038
"Before scheduled trip start time",-2,50887,50889,8038
"Before scheduled trip start time",-2,55407,55409,8038
"Before scheduled trip start time",-2,679320,679322,8038
"Before scheduled trip start time",-2,211,213,8038
"Before scheduled trip start time",-2,271,273,8038
"Before scheduled trip start time",-2,25943,25945,8038
"Before scheduled trip start time",-2,23458,23460,8038
"Before scheduled trip start time",-2,76167,76169,8038
"Before scheduled trip start time",-2,667420,667422,8038
"Before scheduled trip start time",-2,657600,657602,8038
"Before scheduled trip start time",-2,513028,513030,8038
"Before scheduled trip start time",-2,63079,63081,8038
"Before scheduled trip start time",-2,63519,63521,8038
"Before scheduled trip start time",-2,77759,77761,8038
"Before scheduled trip start time",-2,10112,10114,8038
"Before scheduled trip start time",-2,514568,514570,8038
"Before scheduled trip start time",-2,65739,65741,8038
"Before scheduled trip start time",-2,59879,59881,8038
"Before scheduled trip start time",-2,33296,33298,8038
"Before scheduled trip start time",-2,25474,25476,8038
"Before scheduled trip start time",-2,25938,25940,8038
"Before scheduled trip start time",-2,672,674,8038
"Before scheduled trip start time",-2,992,994,8038
"Before scheduled trip start time",-2,770,772,8038
"Before scheduled trip start time",-2,19743,19745,8038
"Before scheduled trip start time",-2,64807,64809,8038
"Before scheduled trip start time",-2,53079,53081,8038
"Before scheduled trip start time",-2,511808,511810,8038
"Before scheduled trip start time",-2,2368,2370,8038
"Before scheduled trip start time",-2,30814,30816,8038
"Before scheduled trip start time",-2,5514,5516,8038
"Before scheduled trip start time",-2,-2,0,8038
"Before scheduled trip start time",-2,37736,37738,8038
"Before scheduled trip start time",-2,678080,678082,8038
"Before scheduled trip start time",-2,676800,676802,8038
"Before scheduled trip start time",-2,677180,677182,8038
"Before scheduled trip start time",-2,41196,41198,8038
"Before scheduled trip start time",-2,54219,54221,8038
"Before scheduled trip start time",-2,61067,61069,8038
"Before scheduled trip start time",-2,73807,73809,8038
"Before scheduled trip start time",-2,303,305,8038
"Before scheduled trip start time",-2,45307,45309,8038
"Before scheduled trip start time",-2,659120,659122,8038
"Before scheduled trip start time",-2,864,866,8038
"Before scheduled trip start time",-2,1275,1277,8038
"Before scheduled trip start time",-2,6854,6856,8038
"Before scheduled trip start time",-2,515268,515270,8038
"Before scheduled trip start time",-2,2270,2272,8038
"Before scheduled trip start time",-2,8014,8016,8038
"Before scheduled trip start time",-2,503088,503090,8038
"Before scheduled trip start time",-2,50647,50649,8038
"Before scheduled trip start time",-2,20838,20840,8038
"Before scheduled trip start time",-2,69507,69509,8038
"Before scheduled trip start time",-2,558,560,8038
"Before scheduled trip start time",-2,7735,7737,8038
"Before scheduled trip start time",-2,13792,13794,8038
"Before scheduled trip start time",-2,2269,2271,8038
"Before scheduled trip start time",-2,1930,1932,8038
"Before scheduled trip start time",-2,11438,11440,8038
"Before scheduled trip start time",-2,501708,501710,8038
"Before scheduled trip start time",-2,24103,24105,8038
"Before scheduled trip start time",-2,52119,52121,8038
"Before scheduled trip start time",-2,673920,673922,8038
"Before scheduled trip start time",-2,28716,28718,8038
"Before scheduled trip start time",-2,16903,16905,8038
"Before scheduled trip start time",-2,22798,22800,8038
"Before scheduled trip start time",-2,23018,23020,8038
"Before scheduled trip start time",-2,150,152,8038
"Before scheduled trip start time",-2,14218,14220,8038
"Before scheduled trip start time",-2,9654,9656,8038
"Before scheduled trip start time",-2,30734,30736,8038
"Before scheduled trip start time",-2,1939,1941,8038
"Before scheduled trip start time",-2,70182,70184,8038
"Before scheduled trip start time",-2,6159,6161,8038
"Before scheduled trip start time",-2,2575,2577,8038
"Before scheduled trip start time",-2,64239,64241,8038
"Before scheduled trip start time",-2,1230,1232,8038
"Before scheduled trip start time",-2,2591,2593,8038
"Before scheduled trip start time",-2,47967,47969,8038
"Before scheduled trip start time",-2,71987,71989,8038
"Before scheduled trip start time",-2,682120,682122,8038
"Before scheduled trip start time",-2,683140,683142,8038
"Before scheduled trip start time",-2,73367,73369,8038
"Before scheduled trip start time",-2,983,985,8038
"Before scheduled trip start time",-2,18274,18276,8038
"Before scheduled trip start time",-2,67919,67921,8038
"Before scheduled trip start time",-2,1028,1030,8038
"Before scheduled trip start time",-2,11355,11357,8038
"Before scheduled trip start time",-2,1039,1041,8038
"Before scheduled trip start time",-2,758,760,8038
"Before scheduled trip start time",-2,893,895,8038
"Before scheduled trip start time",-2,2349,2351,8038
"Before scheduled trip start time",-2,930,932,8038
"Before scheduled trip start time",-2,5074,5076,8038
"Before scheduled trip start time",-2,5094,5096,8038
"Before scheduled trip start time",-2,46439,46441,8038
"Before scheduled trip start time",-2,22163,22165,8038
"Before scheduled trip start time",-2,49939,49941,8038
"Before scheduled trip start time",-2,508308,508310,8038
"Before scheduled trip start time",-2,686460,686462,8038
"Before scheduled trip start time",-2,680600,680602,8038
"Before scheduled trip start time",-2,28163,28165,8038
"Before scheduled trip start time",-2,34036,34038,8038
"Before scheduled trip start time",-2,688760,688762,8038
"Before scheduled trip start time",-2,1313,1315,8038
"Before scheduled trip start time",-2,34307,34309,8038
"Before scheduled trip start time",-2,1200,1202,8038
"Before scheduled trip start time",-2,506,508,8038
"Before scheduled trip start time",-2,461,463,8038
"Before scheduled trip start time",-2,7817,7819,8038
"Before scheduled trip start time",-2,733,735,8038
"Before scheduled trip start time",-2,1811,1813,8038
"Before scheduled trip start time",-2,48487,48489,8038
"Before scheduled trip start time",-2,57747,57749,8038
"Before scheduled trip start time",-2,54827,54829,8038
"Before scheduled trip start time",-2,138,140,8038
"Before scheduled trip start time",-2,54779,54781,8038
"Before scheduled trip start time",-2,55779,55781,8038
"Before scheduled trip start time",-2,29994,29996,8038
"Before scheduled trip start time",-2,30874,30876,8038
"Before scheduled trip start time",-2,1241,1243,8038
"Before scheduled trip start time",-2,496928,496930,8038
"Before scheduled trip start time",-2,15,17,8038
"Before scheduled trip start time",-2,685340,685342,8038
"Before scheduled trip start time",-2,493848,493850,8038
"Before scheduled trip start time",-2,27223,27225,8038
"Before scheduled trip start time",-2,312,314,8038
"Before scheduled trip start time",-2,28314,28316,8038
"Before scheduled trip start time",-2,593,595,8038
"Before scheduled trip start time",-2,75179,75181,8038
"Before scheduled trip start time",-2,75939,75941,8038
"Before scheduled trip start time",-2,1285,1287,8038
"Before scheduled trip start time",-2,3359,3361,8038
"Before scheduled trip start time",-2,252,254,8038
"Before scheduled trip start time",-2,25363,25365,8038
"Before scheduled trip start time",-2,680640,680642,8038
"Before scheduled trip start time",-2,675900,675902,8038
"Before scheduled trip start time",-2,24154,24156,8038
"Before scheduled trip start time",-2,683620,683622,8038
"Before scheduled trip start time",-2,3294,3296,8038
"Before scheduled trip start time",-2,6659,6661,8038
"Before scheduled trip start time",-2,2615,2617,8038
"Before scheduled trip start time",-2,5274,5276,8038
"Before scheduled trip start time",-2,62387,62389,8038
"Before scheduled trip start time",-2,685600,685602,8038
"Before scheduled trip start time",-2,18118,18120,8038
"Before scheduled trip start time",-2,59347,59349,8038
"Before scheduled trip start time",-2,683580,683582,8038
"Before scheduled trip start time",-2,500,502,8038
"Before scheduled trip start time",-2,13878,13880,8038
"Before scheduled trip start time",-2,2088,2090,8038
"Before scheduled trip start time",-2,76519,76521,8038
"Before scheduled trip start time",-2,3095,3097,8038
"Before scheduled trip start time",-2,625,627,8038
"Before scheduled trip start time",-2,72299,72301,8038
"Before scheduled trip start time",-2,1610,1612,8038
"Before scheduled trip start time",-2,5,7,8038
"Before scheduled trip start time",-2,8,10,8038
"Before scheduled trip start time",-2,32443,32445,8038
"Before scheduled trip start time",-2,29956,29958,8038
"Before scheduled trip start time",-2,41136,41138,8038
"Before scheduled trip start time",-2,1527,1529,8038
"Before scheduled trip start time",-2,47407,47409,8038
"Before scheduled trip start time",-2,877,879,8038
"Before scheduled trip start time",-2,1104,1106,8038
"Before scheduled trip start time",-2,767,769,8038
"Before scheduled trip start time",-2,499348,499350,8038
"Before scheduled trip start time",-2,21643,21645,8038
"Before scheduled trip start time",-2,38436,38438,8038
"Before scheduled trip start time",-2,56,58,8038
"Before scheduled trip start time",-2,676880,676882,8038
"Before scheduled trip start time",-2,15963,15965,8038
"Before scheduled trip start time",-2,55159,55161,8038
"Before scheduled trip start time",-2,59187,59189,8038
"Before scheduled trip start time",-2,688780,688782,8038
"Before scheduled trip start time",-2,30514,30516,8038
"Before scheduled trip start time",-2,668040,668042,8038
"Before scheduled trip start time",-2,665640,665642,8038
"Before scheduled trip start time",-2,3252,3254,8038
"Before scheduled trip start time",-2,5637,5639,8038
"Before scheduled trip start time",-2,7014,7016,8038
"Before scheduled trip start time",-2,1135,1137,8038
"Before scheduled trip start time",-2,11014,11016,8038
"Before scheduled trip start time",-2,33018,33020,8038
"Before scheduled trip start time",-2,48459,48461,8038
"Before scheduled trip start time",-2,12038,12040,8038
"Before scheduled trip start time",-2,1393,1395,8038
"Before scheduled trip start time",-2,508728,508730,8038
"Before scheduled trip start time",-2,25916,25918,8038
"Before scheduled trip start time",-2,672380,672382,8038
"Before scheduled trip start time",-2,673380,673382,8038
"Before scheduled trip start time",-2,675300,675302,8038
"Before scheduled trip start time",-2,34196,34198,8038
"Before scheduled trip start time",-2,22854,22856,8038
"Before scheduled trip start time",-2,60967,60969,8038
"Before scheduled trip start time",-2,2514,2516,8038
"Before scheduled trip start time",-2,281,283,8038
"Before scheduled trip start time",-2,1204,1206,8038
"Before scheduled trip start time",-2,3814,3816,8038
"Before scheduled trip start time",-2,82,84,8038
"Before scheduled trip start time",-2,7214,7216,8038
"Before scheduled trip start time",-2,685940,685942,8038
"Before scheduled trip start time",-2,2400,2402,8038
"Before scheduled trip start time",-2,15263,15265,8038
"Before scheduled trip start time",-2,495908,495910,8038
"Before scheduled trip start time",-2,59867,59869,8038
"Before scheduled trip start time",-2,74767,74769,8038
"Before scheduled trip start time",-2,668180,668182,8038
"Before scheduled trip start time",-2,668500,668502,8038
"Before scheduled trip start time",-2,32754,32756,8038
"Before scheduled trip start time",-2,30658,30660,8038
"Before scheduled trip start time",-2,845,847,8038
"Before scheduled trip start time",-2,78419,78421,8038
"Before scheduled trip start time",-2,3577,3579,8038
"Before scheduled trip start time",-2,12552,12554,8038
"Before scheduled trip start time",-2,3369,3371,8038
"Before scheduled trip start time",-2,3914,3916,8038
"Before scheduled trip start time",-2,3994,3996,8038
"Before scheduled trip start time",-2,4374,4376,8038
"Before scheduled trip start time",-2,497668,497670,8038
"Before scheduled trip start time",-2,142,144,8038
"Before scheduled trip start time",-2,31123,31125,8038
"Before scheduled trip start time",-2,47827,47829,8038
"Before scheduled trip start time",-2,680420,680422,8038
"Before scheduled trip start time",-2,660960,660962,8038
"Before scheduled trip start time",-2,39227,39229,8038
"Before scheduled trip start time",-2,16423,16425,8038
"Before scheduled trip start time",-2,26403,26405,8038
"Before scheduled trip start time",-2,70927,70929,8038
"Before scheduled trip start time",-2,684840,684842,8038
"Before scheduled trip start time",-2,25238,25240,8038
"Before scheduled trip start time",-2,25898,25900,8038
"Before scheduled trip start time",-2,663380,663382,8038
"Before scheduled trip start time",-2,538,540,8038
"Before scheduled trip start time",-2,8915,8917,8038
"Before scheduled trip start time",-2,724,726,8038
"Before scheduled trip start time",-2,6339,6341,8038
"Before scheduled trip start time",-2,14152,14154,8038
"Before scheduled trip start time",-2,8992,8994,8038
"Before scheduled trip start time",-2,21683,21685,8038
"Before scheduled trip start time",-2,25343,25345,8038
"Before scheduled trip start time",-2,49787,49789,8038
"Before scheduled trip start time",-2,42,44,8038
"Before scheduled trip start time",-2,416,418,8038
"Before scheduled trip start time",-2,41336,41338,8038
"Before scheduled trip start time",-2,68127,68129,8038
"Before scheduled trip start time",-2,24658,24660,8038
"Before scheduled trip start time",-2,668540,668542,8038
"Before scheduled trip start time",-2,323,325,8038
"Before scheduled trip start time",-2,43687,43689,8038
"Before scheduled trip start time",-2,1124,1126,8038
"Before scheduled trip start time",-2,10695,10697,8038
"Before scheduled trip start time",-2,3754,3756,8038
"Before scheduled trip start time",-2,6754,6756,8038
"Before scheduled trip start time",-2,38936,38938,8038
"Before scheduled trip start time",-2,1847,1849,8038
"Before scheduled trip start time",-2,31543,31545,8038
"Before scheduled trip start time",-2,27276,27278,8038
"Before scheduled trip start time",-2,661520,661522,8038
"Before scheduled trip start time",-2,504868,504870,8038
"Before scheduled trip start time",-2,24534,24536,8038
"Before scheduled trip start time",-2,66147,66149,8038
"Before scheduled trip start time",-2,68947,68949,8038
"Before scheduled trip start time",-2,75147,75149,8038
"Before scheduled trip start time",-2,67419,67421,8038
"Before scheduled trip start time",-2,61279,61281,8038
"Before scheduled trip start time",-2,5212,5214,8038
"Before scheduled trip start time",-2,30858,30860,8038
"Before scheduled trip start time",-2,3475,3477,8038
"Before scheduled trip start time",-2,6215,6217,8038
"Before scheduled trip start time",-2,514688,514690,8038
"Before scheduled trip start time",-2,9392,9394,8038
"Before scheduled trip start time",-2,40147,40149,8038
"Before scheduled trip start time",-2,413,415,8038
"Before scheduled trip start time",-2,43399,43401,8038
"Before scheduled trip start time",-2,22118,22120,8038
"Before scheduled trip start time",-2,19918,19920,8038
"Before scheduled trip start time",-2,65967,65969,8038
"Before scheduled trip start time",-2,603,605,8038
"Before scheduled trip start time",-2,25258,25260,8038
"Before scheduled trip start time",-2,668740,668742,8038
"Before scheduled trip start time",-2,711,713,8038
"Before scheduled trip start time",-2,3777,3779,8038
"Before scheduled trip start time",-2,9674,9676,8038
"Before scheduled trip start time",-2,75159,75161,8038
"Before scheduled trip start time",-2,9972,9974,8038
"Before scheduled trip start time",-2,13512,13514,8038
"Before scheduled trip start time",-2,14252,14254,8038
"Before scheduled trip start time",-2,11614,11616,8038
"Before scheduled trip start time",-2,7514,7516,8038
"Before scheduled trip start time",-2,77107,77109,8038
"Before scheduled trip start time",-2,68339,68341,8038
"Before scheduled trip start time",-2,68559,68561,8038
"Before scheduled trip start time",-2,644,646,8038
"Before scheduled trip start time",-2,3739,3741,8038
"Before scheduled trip start time",-2,3059,3061,8038
"Before scheduled trip start time",-2,7955,7957,8038
"Before scheduled trip start time",-2,19783,19785,8038
"Before scheduled trip start time",-2,47719,47721,8038
"Before scheduled trip start time",-2,29863,29865,8038
"Before scheduled trip start time",-2,688060,688062,8038
"Before scheduled trip start time",-2,661300,661302,8038
"Before scheduled trip start time",-2,1580,1582,8038
"Before scheduled trip start time",-2,45199,45201,8038
"Before scheduled trip start time",-2,506788,506790,8038
"Before scheduled trip start time",-2,17194,17196,8038
"Before scheduled trip start time",-2,67939,67941,8038
"Before scheduled trip start time",-2,74579,74581,8038
"Before scheduled trip start time",-2,76559,76561,8038
"Before scheduled trip start time",-2,5214,5216,8038
"Before scheduled trip start time",-2,2152,2154,8038
"Before scheduled trip start time",-2,10992,10994,8038
"Before scheduled trip start time",-2,684900,684902,8038
"Before scheduled trip start time",-2,493228,493230,8038
"Before scheduled trip start time",-2,506628,506630,8038
"Before scheduled trip start time",-2,25374,25376,8038
"Before scheduled trip start time",-2,681360,681362,8038
"Before scheduled trip start time",-2,17294,17296,8038
"Before scheduled trip start time",-2,9035,9037,8038
"Before scheduled trip start time",-2,3639,3641,8038
"Before scheduled trip start time",-2,514708,514710,8038
"Before scheduled trip start time",-2,66379,66381,8038
"Before scheduled trip start time",-2,1967,1969,8038
"Before scheduled trip start time",-2,671160,671162,8038
"Before scheduled trip start time",-2,58,60,8038
"Before scheduled trip start time",-2,45119,45121,8038
"Before scheduled trip start time",-2,72087,72089,8038
"Before scheduled trip start time",-2,540,542,8038
"Before scheduled trip start time",-2,64317,64319,8038
"Before scheduled trip start time",-2,9377,9379,8038
"Before scheduled trip start time",-2,7852,7854,8038
"Before scheduled trip start time",-2,496408,496410,8038
"Before scheduled trip start time",-2,7634,7636,8038
"Before scheduled trip start time",-2,500048,500050,8038
"Before scheduled trip start time",-2,22843,22845,8038
"Before scheduled trip start time",-2,69427,69429,8038
"Before scheduled trip start time",-2,19894,19896,8038
"Before scheduled trip start time",-2,27734,27736,8038
"Before scheduled trip start time",-2,115,117,8038
"Before scheduled trip start time",-2,17494,17496,8038
"Before scheduled trip start time",-2,664980,664982,8038
"Before scheduled trip start time",-2,44167,44169,8038
"Before scheduled trip start time",-2,1779,1781,8038
"Before scheduled trip start time",-2,2199,2201,8038
"Before scheduled trip start time",-2,7435,7437,8038
"Before scheduled trip start time",-2,10472,10474,8038
"Before scheduled trip start time",-2,6457,6459,8038
"Before scheduled trip start time",-2,10458,10460,8038
"Before scheduled trip start time",-2,37476,37478,8038
"Before scheduled trip start time",-2,51019,51021,8038
"Before scheduled trip start time",-2,38287,38289,8038
"Before scheduled trip start time",-2,493268,493270,8038
"Before scheduled trip start time",-2,43679,43681,8038
"Before scheduled trip start time",-2,506948,506950,8038
"Before scheduled trip start time",-2,35556,35558,8038
"Before scheduled trip start time",-2,26694,26696,8038
"Before scheduled trip start time",-2,140,142,8038
"Before scheduled trip start time",-2,21874,21876,8038
"Before scheduled trip start time",-2,1357,1359,8038
"Before scheduled trip start time",-2,1019,1021,8038
"Before scheduled trip start time",-2,1195,1197,8038
"Before scheduled trip start time",-2,9457,9459,8038
"Before scheduled trip start time",-2,74,76,8038
"Before scheduled trip start time",-2,13894,13896,8038
"Before scheduled trip start time",-2,62407,62409,8038
"Before scheduled trip start time",-2,678920,678922,8038
"Before scheduled trip start time",-2,680880,680882,8038
"Before scheduled trip start time",-2,46127,46129,8038
"Before scheduled trip start time",-2,666140,666142,8038
"Before scheduled trip start time",-2,832,834,8038
"Before scheduled trip start time",-2,705,707,8038
"Before scheduled trip start time",-2,947,949,8038
"Before scheduled trip start time",-2,4975,4977,8038
"Before scheduled trip start time",-2,10798,10800,8038
"Before scheduled trip start time",-2,512,514,8038
"Before scheduled trip start time",-2,70567,70569,8038
"Before scheduled trip start time",-2,19778,19780,8038
"Before scheduled trip start time",-2,659500,659502,8038
"Before scheduled trip start time",-2,42307,42309,8038
"Before scheduled trip start time",-2,61459,61461,8038
"Before scheduled trip start time",-2,31254,31256,8038
"Before scheduled trip start time",-2,33334,33336,8038
"Before scheduled trip start time",-2,1347,1349,8038
"Before scheduled trip start time",-2,71259,71261,8038
"Before scheduled trip start time",-2,9197,9199,8038
"Before scheduled trip start time",-2,389,391,8038
"Before scheduled trip start time",-2,3409,3411,8038
"Before scheduled trip start time",-2,1284,1286,8038
"Before scheduled trip start time",-2,12398,12400,8038
"Before scheduled trip start time",-2,502288,502290,8038
"Before scheduled trip start time",-2,56539,56541,8038
"Before scheduled trip start time",-2,50627,50629,8038
"Before scheduled trip start time",-2,53307,53309,8038
"Before scheduled trip start time",-2,494588,494590,8038
"Before scheduled trip start time",-2,41347,41349,8038
"Before scheduled trip start time",-2,9014,9016,8038
"Before scheduled trip start time",-2,4932,4934,8038
"Before scheduled trip start time",-2,3539,3541,8038
"Before scheduled trip start time",-2,73339,73341,8038
"Before scheduled trip start time",-2,73679,73681,8038
"Before scheduled trip start time",-2,7054,7056,8038
"Before scheduled trip start time",-2,1015,1017,8038
"Before scheduled trip start time",-2,11674,11676,8038
"Before scheduled trip start time",-2,7397,7399,8038
"Before scheduled trip start time",-2,1464,1466,8038
"Before scheduled trip start time",-2,507468,507470,8038
"Before scheduled trip start time",-2,28436,28438,8038
"Before scheduled trip start time",-2,57327,57329,8038
"Before scheduled trip start time",-2,58007,58009,8038
"Before scheduled trip start time",-2,52687,52689,8038
"Before scheduled trip start time",-2,54207,54209,8038
"Before scheduled trip start time",-2,647,649,8038
"Before scheduled trip start time",-2,22014,22016,8038
"Before scheduled trip start time",-2,66947,66949,8038
"Before scheduled trip start time",-2,1128,1130,8038
"Before scheduled trip start time",-2,31854,31856,8038
"Before scheduled trip start time",-2,1180,1182,8038
"Before scheduled trip start time",-2,1299,1301,8038
"Before scheduled trip start time",-2,76419,76421,8038
"Before scheduled trip start time",-2,77699,77701,8038
"Before scheduled trip start time",-2,2499,2501,8038
"Before scheduled trip start time",-2,241,243,8038
"Before scheduled trip start time",-2,414,416,8038
"Before scheduled trip start time",-2,32,34,8038
"Before scheduled trip start time",-2,493988,493990,8038
"Before scheduled trip start time",-2,18223,18225,8038
"Before scheduled trip start time",-2,505668,505670,8038
"Before scheduled trip start time",-2,18638,18640,8038
"Before scheduled trip start time",-2,684540,684542,8038
"Before scheduled trip start time",-2,689640,689642,8038
"Before scheduled trip start time",-2,667440,667442,8038
"Before scheduled trip start time",-2,325,327,8038
"Before scheduled trip start time",-2,66139,66141,8038
"Before scheduled trip start time",-2,810,812,8038
"Before scheduled trip start time",-2,214,216,8038
"Before scheduled trip start time",-2,599,601,8038
"Before scheduled trip start time",-2,688280,688282,8038
"Before scheduled trip start time",-2,671200,671202,8038
"Before scheduled trip start time",-2,39607,39609,8038
"Before scheduled trip start time",-2,34256,34258,8038
"Before scheduled trip start time",-2,59787,59789,8038
"Before scheduled trip start time",-2,382,384,8038
"Before scheduled trip start time",-2,19794,19796,8038
"Before scheduled trip start time",-2,332,334,8038
"Before scheduled trip start time",-2,251,253,8038
"Before scheduled trip start time",-2,44027,44029,8038
"Before scheduled trip start time",-2,-14,-12,8038
"Before scheduled trip start time",-2,1184,1186,8038
"Before scheduled trip start time",-2,4315,4317,8038
"Before scheduled trip start time",-2,515568,515570,8038
"Before scheduled trip start time",-2,6672,6674,8038
"Before scheduled trip start time",-2,48719,48721,8038
"Before scheduled trip start time",-2,13034,13036,8038
"Before scheduled trip start time",-2,501208,501210,8038
"Before scheduled trip start time",-2,686020,686022,8038
"Before scheduled trip start time",-2,674880,674882,8038
"Before scheduled trip start time",-2,70427,70429,8038
"Before scheduled trip start time",-2,20018,20020,8038
"Before scheduled trip start time",-2,59087,59089,8038
"Before scheduled trip start time",-2,60647,60649,8038
"Before scheduled trip start time",-2,243,245,8038
"Before scheduled trip start time",-2,706,708,8038
"Before scheduled trip start time",-2,657240,657242,8038
"Before scheduled trip start time",-2,40747,40749,8038
"Before scheduled trip start time",-2,69659,69661,8038
"Before scheduled trip start time",-2,1024,1026,8038
"Before scheduled trip start time",-2,3737,3739,8038
"Before scheduled trip start time",-2,77779,77781,8038
"Before scheduled trip start time",-2,1167,1169,8038
"Before scheduled trip start time",-2,8257,8259,8038
"Before scheduled trip start time",-2,11012,11014,8038
"Before scheduled trip start time",-2,343,345,8038
"Before scheduled trip start time",-2,3634,3636,8038
"Before scheduled trip start time",-2,496948,496950,8038
"Before scheduled trip start time",-2,48739,48741,8038
"Before scheduled trip start time",-2,11018,11020,8038
"Before scheduled trip start time",-2,685220,685222,8038
"Before scheduled trip start time",-2,1391,1393,8038
"Before scheduled trip start time",-2,64607,64609,8038
"Before scheduled trip start time",-2,29696,29698,8038
"Before scheduled trip start time",-2,70687,70689,8038
"Before scheduled trip start time",-2,100,102,8038
"Before scheduled trip start time",-2,1343,1345,8038
"Before scheduled trip start time",-2,1435,1437,8038
"Before scheduled trip start time",-2,3899,3901,8038
"Before scheduled trip start time",-2,2777,2779,8038
"Before scheduled trip start time",-2,10672,10674,8038
"Before scheduled trip start time",-2,66039,66041,8038
"Before scheduled trip start time",-2,1075,1077,8038
"Before scheduled trip start time",-2,32778,32780,8038
"Before scheduled trip start time",-2,4774,4776,8038
"Before scheduled trip start time",-2,49159,49161,8038
"Before scheduled trip start time",-2,55567,55569,8038
"Before scheduled trip start time",-2,38667,38669,8038
"Before scheduled trip start time",-2,16683,16685,8038
"Before scheduled trip start time",-2,73247,73249,8038
"Before scheduled trip start time",-2,47587,47589,8038
"Before scheduled trip start time",-2,429,431,8038
"Before scheduled trip start time",-2,513928,513930,8038
"Before scheduled trip start time",-2,10795,10797,8038
"Before scheduled trip start time",-2,10832,10834,8038
"Before scheduled trip start time",-2,33218,33220,8038
"Before scheduled trip start time",-2,4694,4696,8038
"Before scheduled trip start time",-2,500188,500190,8038
"Before scheduled trip start time",-2,50319,50321,8038
"Before scheduled trip start time",-2,27896,27898,8038
"Before scheduled trip start time",-2,63347,63349,8038
"Before scheduled trip start time",-2,674480,674482,8038
"Before scheduled trip start time",-2,15403,15405,8038
"Before scheduled trip start time",-2,447,449,8038
"Before scheduled trip start time",-2,29934,29936,8038
"Before scheduled trip start time",-2,182,184,8038
"Before scheduled trip start time",-2,192,194,8038
"Before scheduled trip start time",-2,228,230,8038
"Before scheduled trip start time",-2,68299,68301,8038
"Before scheduled trip start time",-2,76919,76921,8038
"Before scheduled trip start time",-2,6792,6794,8038
"Before scheduled trip start time",-2,498408,498410,8038
"Before scheduled trip start time",-2,49079,49081,8038
"Before scheduled trip start time",-2,7574,7576,8038
"Before scheduled trip start time",-2,508828,508830,8038
"Before scheduled trip start time",-2,686100,686102,8038
"Before scheduled trip start time",-2,15903,15905,8038
"Before scheduled trip start time",-2,18758,18760,8038
"Before scheduled trip start time",-2,681400,681402,8038
"Before scheduled trip start time",-2,74747,74749,8038
"Before scheduled trip start time",-2,28974,28976,8038
"Before scheduled trip start time",-2,62439,62441,8038
"Before scheduled trip start time",-2,10535,10537,8038
"Before scheduled trip start time",-2,28218,28220,8038
"Before scheduled trip start time",-2,3394,3396,8038
"Before scheduled trip start time",-2,8032,8034,8038
"Before scheduled trip start time",-2,30103,30105,8038
"Before scheduled trip start time",-2,674280,674282,8038
"Before scheduled trip start time",-2,663260,663262,8038
"Before scheduled trip start time",-2,495228,495230,8038
"Before scheduled trip start time",-2,22818,22820,8038
"Before scheduled trip start time",-2,1403,1405,8038
"Before scheduled trip start time",-2,600,602,8038
"Before scheduled trip start time",-2,181,183,8038
"Before scheduled trip start time",-2,4032,4034,8038
"Before scheduled trip start time",-2,907,909,8038
"Before scheduled trip start time",-2,6535,6537,8038
"Before scheduled trip start time",-2,2172,2174,8038
"Before scheduled trip start time",-2,2272,2274,8038
"Before scheduled trip start time",-2,65899,65901,8038
"Before scheduled trip start time",-2,77929,77931,8038
"Before scheduled trip start time",-2,1869,1871,8038
"Before scheduled trip start time",-2,497288,497290,8038
"Before scheduled trip start time",-2,13074,13076,8038
"Before scheduled trip start time",-2,12338,12340,8038
"Before scheduled trip start time",-2,50439,50441,8038
"Before scheduled trip start time",-2,59359,59361,8038
"Before scheduled trip start time",-2,27363,27365,8038
"Before scheduled trip start time",-2,505188,505190,8038
"Before scheduled trip start time",-2,17918,17920,8038
"Before scheduled trip start time",-2,683880,683882,8038
"Before scheduled trip start time",-2,68367,68369,8038
"Before scheduled trip start time",-2,14138,14140,8038
"Before scheduled trip start time",-2,15478,15480,8038
"Before scheduled trip start time",-2,47507,47509,8038
"Before scheduled trip start time",-2,41607,41609,8038
"Before scheduled trip start time",-2,8855,8857,8038
"Before scheduled trip start time",-2,3995,3997,8038
"Before scheduled trip start time",-2,64559,64561,8038
"Before scheduled trip start time",-2,4254,4256,8038
"Before scheduled trip start time",-2,19843,19845,8038
"Before scheduled trip start time",-2,65227,65229,8038
"Before scheduled trip start time",-2,26483,26485,8038
"Before scheduled trip start time",-2,25614,25616,8038
"Before scheduled trip start time",-2,25774,25776,8038
"Before scheduled trip start time",-2,16834,16836,8038
"Before scheduled trip start time",-2,46547,46549,8038
"Before scheduled trip start time",-2,642,644,8038
"Before scheduled trip start time",-2,5537,5539,8038
"Before scheduled trip start time",-2,1459,1461,8038
"Before scheduled trip start time",-2,2179,2181,8038
"Before scheduled trip start time",-2,5114,5116,8038
"Before scheduled trip start time",-2,7,9,8038
"Before scheduled trip start time",-2,259,261,8038
"Before scheduled trip start time",-2,48087,48089,8038
"Before scheduled trip start time",-2,672060,672062,8038
"Before scheduled trip start time",-2,680820,680822,8038
"Before scheduled trip start time",-2,28143,28145,8038
"Before scheduled trip start time",-2,107,109,8038
"Before scheduled trip start time",-2,67887,67889,8038
"Before scheduled trip start time",-2,583,585,8038
"Before scheduled trip start time",-2,41067,41069,8038
"Before scheduled trip start time",-2,8774,8776,8038
"Before scheduled trip start time",-2,3697,3699,8038
"Before scheduled trip start time",-2,3535,3537,8038
"Before scheduled trip start time",-2,78219,78221,8038
"Before scheduled trip start time",-2,64039,64041,8038
"Before scheduled trip start time",-2,66719,66721,8038
"Before scheduled trip start time",-2,7577,7579,8038
"Before scheduled trip start time",-2,31578,31580,8038
"Before scheduled trip start time",-2,57,59,8038
"Before scheduled trip start time",-2,35676,35678,8038
"Before scheduled trip start time",-2,36656,36658,8038
"Before scheduled trip start time",-2,24723,24725,8038
"Before scheduled trip start time",-2,31843,31845,8038
"Before scheduled trip start time",-2,63987,63989,8038
"Before scheduled trip start time",-2,47907,47909,8038
"Before scheduled trip start time",-2,670880,670882,8038
"Before scheduled trip start time",-2,673580,673582,8038
"Before scheduled trip start time",-2,16723,16725,8038
"Before scheduled trip start time",-2,17703,17705,8038
"Before scheduled trip start time",-2,495868,495870,8038
"Before scheduled trip start time",-2,69707,69709,8038
"Before scheduled trip start time",-2,70967,70969,8038
"Before scheduled trip start time",-2,67827,67829,8038
"Before scheduled trip start time",-2,17914,17916,8038
"Before scheduled trip start time",-2,44647,44649,8038
"Before scheduled trip start time",-2,45807,45809,8038
"Before scheduled trip start time",-2,568,570,8038
"Before scheduled trip start time",-2,8395,8397,8038
"Before scheduled trip start time",-2,1368,1370,8038
"Before scheduled trip start time",-2,78899,78901,8038
"Before scheduled trip start time",-2,65059,65061,8038
"Before scheduled trip start time",-2,3029,3031,8038
"Before scheduled trip start time",-2,7694,7696,8038
"Before scheduled trip start time",-2,39447,39449,8038
"Before scheduled trip start time",-2,39636,39638,8038
"Before scheduled trip start time",-2,505068,505070,8038
"Before scheduled trip start time",-2,54939,54941,8038
"Before scheduled trip start time",-2,16958,16960,8038
"Before scheduled trip start time",-2,66127,66129,8038
"Before scheduled trip start time",-2,66367,66369,8038
"Before scheduled trip start time",-2,66867,66869,8038
"Before scheduled trip start time",-2,667140,667142,8038
"Before scheduled trip start time",-2,657060,657062,8038
"Before scheduled trip start time",-2,43347,43349,8038
"Before scheduled trip start time",-2,67759,67761,8038
"Before scheduled trip start time",-2,68459,68461,8038
"Before scheduled trip start time",-2,1590,1592,8038
"Before scheduled trip start time",-2,6834,6836,8038
"Before scheduled trip start time",-2,15134,15136,8038
"Before scheduled trip start time",-2,37876,37878,8038
"Before scheduled trip start time",-2,23103,23105,8038
"Before scheduled trip start time",-2,56327,56329,8038
"Before scheduled trip start time",-2,56927,56929,8038
"Before scheduled trip start time",-2,680900,680902,8038
"Before scheduled trip start time",-2,504108,504110,8038
"Before scheduled trip start time",-2,53859,53861,8038
"Before scheduled trip start time",-2,97,99,8038
"Before scheduled trip start time",-2,67,69,8038
"Before scheduled trip start time",-2,75347,75349,8038
"Before scheduled trip start time",-2,503,505,8038
"Before scheduled trip start time",-2,362,364,8038
"Before scheduled trip start time",-2,26998,27000,8038
"Before scheduled trip start time",-2,511728,511730,8038
"Before scheduled trip start time",-2,6172,6174,8038
"Before scheduled trip start time",-2,714,716,8038
"Before scheduled trip start time",-2,3154,3156,8038
"Before scheduled trip start time",-2,19243,19245,8038
"Before scheduled trip start time",-2,317,319,8038
"Before scheduled trip start time",-2,49319,49321,8038
"Before scheduled trip start time",-2,49479,49481,8038
"Before scheduled trip start time",-2,660340,660342,8038
"Before scheduled trip start time",-2,661720,661722,8038
"Before scheduled trip start time",-2,179,181,8038
"Before scheduled trip start time",-2,20498,20500,8038
"Before scheduled trip start time",-2,203,205,8038
"Before scheduled trip start time",-2,122,124,8038
"Before scheduled trip start time",-2,21194,21196,8038
"Before scheduled trip start time",-2,1053,1055,8038
"Before scheduled trip start time",-2,794,796,8038
"Before scheduled trip start time",-2,19214,19216,8038
"Before scheduled trip start time",-2,33607,33609,8038
"Before scheduled trip start time",-2,35307,35309,8038
"Before scheduled trip start time",-2,898,900,8038
"Before scheduled trip start time",-2,68219,68221,8038
"Before scheduled trip start time",-2,2135,2137,8038
"Before scheduled trip start time",-2,12832,12834,8038
"Before scheduled trip start time",-2,497688,497690,8038
"Before scheduled trip start time",-2,37776,37778,8038
"Before scheduled trip start time",-2,38316,38318,8038
"Before scheduled trip start time",-2,48527,48529,8038
"Before scheduled trip start time",-2,37127,37129,8038
"Before scheduled trip start time",-2,506028,506030,8038
"Before scheduled trip start time",-2,22994,22996,8038
"Before scheduled trip start time",-2,653,655,8038
"Before scheduled trip start time",-2,549,551,8038
"Before scheduled trip start time",-2,665420,665422,8038
"Before scheduled trip start time",-2,43427,43429,8038
"Before scheduled trip start time",-2,9915,9917,8038
"Before scheduled trip start time",-2,498208,498210,8038
"Before scheduled trip start time",-2,28276,28278,8038
"Before scheduled trip start time",-2,39667,39669,8038
"Before scheduled trip start time",-2,31216,31218,8038
"Before scheduled trip start time",-2,22898,22900,8038
"Before scheduled trip start time",-2,664020,664022,8038
"Before scheduled trip start time",-2,68479,68481,8038
"Before scheduled trip start time",-2,33323,33325,8038
"Before scheduled trip start time",-2,9174,9176,8038
"Before scheduled trip start time",-2,76999,77001,8038
"Before scheduled trip start time",-2,2292,2294,8038
"Before scheduled trip start time",-2,13312,13314,8038
"Before scheduled trip start time",-2,499788,499790,8038
"Before scheduled trip start time",-2,500648,500650,8038
"Before scheduled trip start time",-2,59839,59841,8038
"Before scheduled trip start time",-2,24896,24898,8038
"Before scheduled trip start time",-2,48267,48269,8038
"Before scheduled trip start time",-2,495348,495350,8038
"Before scheduled trip start time",-2,23454,23456,8038
"Before scheduled trip start time",-2,73847,73849,8038
"Before scheduled trip start time",-2,670180,670182,8038
"Before scheduled trip start time",-2,534,536,8038
"Before scheduled trip start time",-2,42507,42509,8038
"Before scheduled trip start time",-2,62739,62741,8038
"Before scheduled trip start time",-2,1046,1048,8038
"Before scheduled trip start time",-2,8157,8159,8038
"Before scheduled trip start time",-2,337,339,8038
"Before scheduled trip start time",-2,36016,36018,8038
"Before scheduled trip start time",-2,1647,1649,8038
"Before scheduled trip start time",-2,50119,50121,8038
"Before scheduled trip start time",-2,502068,502070,8038
"Before scheduled trip start time",-2,24663,24665,8038
"Before scheduled trip start time",-2,676780,676782,8038
"Before scheduled trip start time",-2,37507,37509,8038
"Before scheduled trip start time",-2,29274,29276,8038
"Before scheduled trip start time",-2,69939,69941,8038
"Before scheduled trip start time",-2,10295,10297,8038
"Before scheduled trip start time",-2,32814,32816,8038
"Before scheduled trip start time",-2,45779,45781,8038
"Before scheduled trip start time",-2,19223,19225,8038
"Before scheduled trip start time",-2,497548,497550,8038
"Before scheduled trip start time",-2,49099,49101,8038
"Before scheduled trip start time",-2,62427,62429,8038
"Before scheduled trip start time",-2,663180,663182,8038
"Before scheduled trip start time",-2,17323,17325,8038
"Before scheduled trip start time",-2,75387,75389,8038
"Before scheduled trip start time",-2,46987,46989,8038
"Before scheduled trip start time",-2,1895,1897,8038
"Before scheduled trip start time",-2,2559,2561,8038
"Before scheduled trip start time",-2,7992,7994,8038
"Before scheduled trip start time",-2,9052,9054,8038
"Before scheduled trip start time",-2,10218,10220,8038
"Before scheduled trip start time",-2,35776,35778,8038
"Before scheduled trip start time",-2,36356,36358,8038
"Before scheduled trip start time",-2,52059,52061,8038
"Before scheduled trip start time",-2,685800,685802,8038
"Before scheduled trip start time",-2,236,238,8038
"Before scheduled trip start time",-2,1047,1049,8038
"Before scheduled trip start time",-2,75747,75749,8038
"Before scheduled trip start time",-2,26638,26640,8038
"Before scheduled trip start time",-2,74779,74781,8038
"Before scheduled trip start time",-2,7299,7301,8038
"Before scheduled trip start time",-2,66959,66961,8038
"Before scheduled trip start time",-2,6574,6576,8038
"Before scheduled trip start time",-2,8414,8416,8038
"Before scheduled trip start time",-2,32623,32625,8038
"Before scheduled trip start time",-2,25716,25718,8038
"Before scheduled trip start time",-2,48047,48049,8038
"Before scheduled trip start time",-2,54887,54889,8038
"Before scheduled trip start time",-2,90,92,8038
"Before scheduled trip start time",-2,31736,31738,8038
"Before scheduled trip start time",-2,95,97,8038
"Before scheduled trip start time",-2,43819,43821,8038
"Before scheduled trip start time",-2,54679,54681,8038
"Before scheduled trip start time",-2,29143,29145,8038
"Before scheduled trip start time",-2,19914,19916,8038
"Before scheduled trip start time",-2,743,745,8038
"Before scheduled trip start time",-2,33887,33889,8038
"Before scheduled trip start time",-2,511108,511110,8038
"Before scheduled trip start time",-2,513508,513510,8038
"Before scheduled trip start time",-2,9395,9397,8038
"Before scheduled trip start time",-2,28238,28240,8038
"Before scheduled trip start time",-2,1627,1629,8038
"Before scheduled trip start time",-2,1399,1401,8038
"Before scheduled trip start time",-2,5515,5517,8038
"Before scheduled trip start time",-2,6635,6637,8038
"Before scheduled trip start time",-2,10772,10774,8038
"Before scheduled trip start time",-2,1550,1552,8038
"Before scheduled trip start time",-2,1794,1796,8038
"Before scheduled trip start time",-2,21463,21465,8038
"Before scheduled trip start time",-2,50239,50241,8038
"Before scheduled trip start time",-2,672020,672022,8038
"Before scheduled trip start time",-2,673820,673822,8038
"Before scheduled trip start time",-2,678280,678282,8038
"Before scheduled trip start time",-2,679200,679202,8038
"Before scheduled trip start time",-2,54087,54089,8038
"Before scheduled trip start time",-2,98,100,8038
"Before scheduled trip start time",-2,21598,21600,8038
"Before scheduled trip start time",-2,25494,25496,8038
"Before scheduled trip start time",-2,222,224,8038
"Before scheduled trip start time",-2,512928,512930,8038
"Before scheduled trip start time",-2,74899,74901,8038
"Before scheduled trip start time",-2,1875,1877,8038
"Before scheduled trip start time",-2,48779,48781,8038
"Before scheduled trip start time",-2,21863,21865,8038
"Before scheduled trip start time",-2,10318,10320,8038
"Before scheduled trip start time",-2,501328,501330,8038
"Before scheduled trip start time",-2,29943,29945,8038
"Before scheduled trip start time",-2,49847,49849,8038
"Before scheduled trip start time",-2,37387,37389,8038
"Before scheduled trip start time",-2,660660,660662,8038
"Before scheduled trip start time",-2,121,123,8038
"Before scheduled trip start time",-2,19398,19400,8038
"Before scheduled trip start time",-2,60739,60741,8038
"Before scheduled trip start time",-2,3392,3394,8038
"Before scheduled trip start time",-2,10195,10197,8038
"Before scheduled trip start time",-2,3374,3376,8038
"Before scheduled trip start time",-2,2739,2741,8038
"Before scheduled trip start time",-2,4514,4516,8038
"Before scheduled trip start time",-2,11932,11934,8038
"Before scheduled trip start time",-2,6097,6099,8038
"Before scheduled trip start time",-2,3234,3236,8038
"Before scheduled trip start time",-2,496908,496910,8038
"Before scheduled trip start time",-2,10358,10360,8038
"Before scheduled trip start time",-2,28,30,8038
"Before scheduled trip start time",-2,508408,508410,8038
"Before scheduled trip start time",-2,65027,65029,8038
"Before scheduled trip start time",-2,48787,48789,8038
"Before scheduled trip start time",-2,49907,49909,8038
"Before scheduled trip start time",-2,57967,57969,8038
"Before scheduled trip start time",-2,39676,39678,8038
"Before scheduled trip start time",-2,681840,681842,8038
"Before scheduled trip start time",-2,643,645,8038
"Before scheduled trip start time",-2,532,534,8038
"Before scheduled trip start time",-2,62539,62541,8038
"Before scheduled trip start time",-2,585,587,8038
"Before scheduled trip start time",-2,1749,1751,8038
"Before scheduled trip start time",-2,1889,1891,8038
"Before scheduled trip start time",-2,19023,19025,8038
"Before scheduled trip start time",-2,15654,15656,8038
"Before scheduled trip start time",-2,37356,37358,8038
"Before scheduled trip start time",-2,502928,502930,8038
"Before scheduled trip start time",-2,509428,509430,8038
"Before scheduled trip start time",-2,49207,49209,8038
"Before scheduled trip start time",-2,16543,16545,8038
"Before scheduled trip start time",-2,379,381,8038
"Before scheduled trip start time",-2,28223,28225,8038
"Before scheduled trip start time",-2,21894,21896,8038
"Before scheduled trip start time",-2,69219,69221,8038
"Before scheduled trip start time",-2,72939,72941,8038
"Before scheduled trip start time",-2,2815,2817,8038
"Before scheduled trip start time",-2,6394,6396,8038
"Before scheduled trip start time",-2,64167,64169,8038
"Before scheduled trip start time",-2,687900,687902,8038
"Before scheduled trip start time",-2,50527,50529,8038
"Before scheduled trip start time",-2,55587,55589,8038
"Before scheduled trip start time",-2,674860,674862,8038
"Before scheduled trip start time",-2,41556,41558,8038
"Before scheduled trip start time",-2,24794,24796,8038
"Before scheduled trip start time",-2,58907,58909,8038
"Before scheduled trip start time",-2,68887,68889,8038
"Before scheduled trip start time",-2,75967,75969,8038
"Before scheduled trip start time",-2,43987,43989,8038
"Before scheduled trip start time",-2,69499,69501,8038
"Before scheduled trip start time",-2,1577,1579,8038
"Before scheduled trip start time",-2,4495,4497,8038
"Before scheduled trip start time",-2,11172,11174,8038
"Before scheduled trip start time",-2,92,94,8038
"Before scheduled trip start time",-2,509448,509450,8038
"Before scheduled trip start time",-2,687200,687202,8038
"Before scheduled trip start time",-2,673300,673302,8038
"Before scheduled trip start time",-2,675320,675322,8038
"Before scheduled trip start time",-2,663000,663002,8038
"Before scheduled trip start time",-2,15083,15085,8038
"Before scheduled trip start time",-2,43419,43421,8038
"Before scheduled trip start time",-2,70707,70709,8038
"Before scheduled trip start time",-2,21554,21556,8038
"Before scheduled trip start time",-2,9134,9136,8038
"Before scheduled trip start time",-2,10835,10837,8038
"Before scheduled trip start time",-2,30538,30540,8038
"Before scheduled trip start time",-2,77879,77881,8038
"Before scheduled trip start time",-2,81139,81141,8038
"Before scheduled trip start time",-2,11592,11594,8038
"Before scheduled trip start time",-2,37636,37638,8038
"Before scheduled trip start time",-2,38587,38589,8038
"Before scheduled trip start time",-2,116,118,8038
"Before scheduled trip start time",-2,16563,16565,8038
"Before scheduled trip start time",-2,187,189,8038
"Before scheduled trip start time",-2,60947,60949,8038
"Before scheduled trip start time",-2,163,165,8038
"Before scheduled trip start time",-2,267,269,8038
"Before scheduled trip start time",-2,665560,665562,8038
"Before scheduled trip start time",-2,633,635,8038
"Before scheduled trip start time",-2,375,377,8038
"Before scheduled trip start time",-2,9877,9879,8038
"Before scheduled trip start time",-2,22323,22325,8038
"Before scheduled trip start time",-2,32163,32165,8038
"Before scheduled trip start time",-2,59819,59821,8038
"Before scheduled trip start time",-2,673200,673202,8038
"Before scheduled trip start time",-2,494468,494470,8038
"Before scheduled trip start time",-2,33616,33618,8038
"Before scheduled trip start time",-2,24338,24340,8038
"Before scheduled trip start time",-2,29534,29536,8038
"Before scheduled trip start time",-2,663600,663602,8038
"Before scheduled trip start time",-2,740,742,8038
"Before scheduled trip start time",-2,804,806,8038
"Before scheduled trip start time",-2,2959,2961,8038
"Before scheduled trip start time",-2,1574,1576,8038
"Before scheduled trip start time",-2,5394,5396,8038
"Before scheduled trip start time",-2,497748,497750,8038
"Before scheduled trip start time",-2,2007,2009,8038
"Before scheduled trip start time",-2,675360,675362,8038
"Before scheduled trip start time",-2,157,159,8038
"Before scheduled trip start time",-2,493728,493730,8038
"Before scheduled trip start time",-2,45219,45221,8038
"Before scheduled trip start time",-2,69647,69649,8038
"Before scheduled trip start time",-2,71067,71069,8038
"Before scheduled trip start time",-2,511468,511470,8038
"Before scheduled trip start time",-2,1427,1429,8038
"Before scheduled trip start time",-2,1155,1157,8038
"Before scheduled trip start time",-2,31758,31760,8038
"Before scheduled trip start time",-2,1634,1636,8038
"Before scheduled trip start time",-2,46559,46561,8038
"Before scheduled trip start time",-2,38756,38758,8038
"Before scheduled trip start time",-2,24258,24260,8038
"Before scheduled trip start time",-2,24458,24460,8038
"Before scheduled trip start time",-2,860,862,8038
"Before scheduled trip start time",-2,1791,1793,8038
"Before scheduled trip start time",-2,3857,3859,8038
"Before scheduled trip start time",-2,28038,28040,8038
"Before scheduled trip start time",-2,4579,4581,8038
"Before scheduled trip start time",-2,71219,71221,8038
"Before scheduled trip start time",-2,2295,2297,8038
"Before scheduled trip start time",-2,635,637,8038
"Before scheduled trip start time",-2,7935,7937,8038
"Before scheduled trip start time",-2,990,992,8038
"Before scheduled trip start time",-2,23283,23285,8038
"Before scheduled trip start time",-2,58919,58921,8038
"Before scheduled trip start time",-2,26236,26238,8038
"Before scheduled trip start time",-2,671340,671342,8038
"Before scheduled trip start time",-2,672600,672602,8038
"Before scheduled trip start time",-2,674320,674322,8038
"Before scheduled trip start time",-2,32036,32038,8038
"Before scheduled trip start time",-2,23794,23796,8038
"Before scheduled trip start time",-2,25394,25396,8038
"Before scheduled trip start time",-2,668060,668062,8038
"Before scheduled trip start time",-2,524,526,8038
"Before scheduled trip start time",-2,511188,511190,8038
"Before scheduled trip start time",-2,1037,1039,8038
"Before scheduled trip start time",-2,79339,79341,8038
"Before scheduled trip start time",-2,6055,6057,8038
"Before scheduled trip start time",-2,6492,6494,8038
"Before scheduled trip start time",-2,496868,496870,8038
"Before scheduled trip start time",-2,501628,501630,8038
"Before scheduled trip start time",-2,50979,50981,8038
"Before scheduled trip start time",-2,673240,673242,8038
"Before scheduled trip start time",-2,55507,55509,8038
"Before scheduled trip start time",-2,679180,679182,8038
"Before scheduled trip start time",-2,58047,58049,8038
"Before scheduled trip start time",-2,662280,662282,8038
"Before scheduled trip start time",-2,16914,16916,8038
"Before scheduled trip start time",-2,14578,14580,8038
"Before scheduled trip start time",-2,618,620,8038
"Before scheduled trip start time",-2,62199,62201,8038
"Before scheduled trip start time",-2,7237,7239,8038
"Before scheduled trip start time",-2,521,523,8038
"Before scheduled trip start time",-2,12638,12640,8038
"Before scheduled trip start time",-2,495248,495250,8038
"Before scheduled trip start time",-2,52839,52841,8038
"Before scheduled trip start time",-2,24134,24136,8038
"Before scheduled trip start time",-2,21718,21720,8038
"Before scheduled trip start time",-2,26014,26016,8038
"Before scheduled trip start time",-2,128,130,8038
"Before scheduled trip start time",-2,26898,26900,8038
"Before scheduled trip start time",-2,17154,17156,8038
"Before scheduled trip start time",-2,250,252,8038
"Before scheduled trip start time",-2,656560,656562,8038
"Before scheduled trip start time",-2,10035,10037,8038
"Before scheduled trip start time",-2,1595,1597,8038
"Before scheduled trip start time",-2,475,477,8038
"Before scheduled trip start time",-2,550,552,8038
"Before scheduled trip start time",-2,31278,31280,8038
"Before scheduled trip start time",-2,954,956,8038
"Before scheduled trip start time",-2,50819,50821,8038
"Before scheduled trip start time",-2,62807,62809,8038
"Before scheduled trip start time",-2,679220,679222,8038
"Before scheduled trip start time",-2,51887,51889,8038
"Before scheduled trip start time",-2,659900,659902,8038
"Before scheduled trip start time",-2,18403,18405,8038
"Before scheduled trip start time",-2,27614,27616,8038
"Before scheduled trip start time",-2,14998,15000,8038
"Before scheduled trip start time",-2,4572,4574,8038
"Before scheduled trip start time",-2,1915,1917,8038
"Before scheduled trip start time",-2,7639,7641,8038
"Before scheduled trip start time",-2,50139,50141,8038
"Before scheduled trip start time",-2,2371,2373,8038
"Before scheduled trip start time",-2,673000,673002,8038
"Before scheduled trip start time",-2,677640,677642,8038
"Before scheduled trip start time",-2,39996,39998,8038
"Before scheduled trip start time",-2,506308,506310,8038
"Before scheduled trip start time",-2,22558,22560,8038
"Before scheduled trip start time",-2,67667,67669,8038
"Before scheduled trip start time",-2,60999,61001,8038
"Before scheduled trip start time",-2,839,841,8038
"Before scheduled trip start time",-2,10675,10677,8038
"Before scheduled trip start time",-2,75439,75441,8038
"Before scheduled trip start time",-2,885,887,8038
"Before scheduled trip start time",-2,1072,1074,8038
"Before scheduled trip start time",-2,3795,3797,8038
"Before scheduled trip start time",-2,715,717,8038
"Before scheduled trip start time",-2,79659,79661,8038
"Before scheduled trip start time",-2,6275,6277,8038
"Before scheduled trip start time",-2,64119,64121,8038
"Before scheduled trip start time",-2,1775,1777,8038
"Before scheduled trip start time",-2,761,763,8038
"Before scheduled trip start time",-2,1469,1471,8038
"Before scheduled trip start time",-2,56859,56861,8038
"Before scheduled trip start time",-2,44039,44041,8038
"Before scheduled trip start time",-2,44699,44701,8038
"Before scheduled trip start time",-2,29369,29371,8038
"Before scheduled trip start time",-2,22178,22180,8038
"Before scheduled trip start time",-2,74587,74589,8038
"Before scheduled trip start time",-2,24638,24640,8038
"Before scheduled trip start time",-2,28154,28156,8038
"Before scheduled trip start time",-2,35627,35629,8038
"Before scheduled trip start time",-2,749,751,8038
"Before scheduled trip start time",-2,9177,9179,8038
"Before scheduled trip start time",-2,1589,1591,8038
"Before scheduled trip start time",-2,3874,3876,8038
"Before scheduled trip start time",-2,23123,23125,8038
"Before scheduled trip start time",-2,32236,32238,8038
"Before scheduled trip start time",-2,22778,22780,8038
"Before scheduled trip start time",-2,19974,19976,8038
"Before scheduled trip start time",-2,689280,689282,8038
"Before scheduled trip start time",-2,8614,8616,8038
"Before scheduled trip start time",-2,74659,74661,8038
"Before scheduled trip start time",-2,3759,3761,8038
"Before scheduled trip start time",-2,14212,14214,8038
"Before scheduled trip start time",-2,9432,9434,8038
"Before scheduled trip start time",-2,19283,19285,8038
"Before scheduled trip start time",-2,499488,499490,8038
"Before scheduled trip start time",-2,48799,48801,8038
"Before scheduled trip start time",-2,61,63,8038
"Before scheduled trip start time",-2,52287,52289,8038
"Before scheduled trip start time",-2,293,295,8038
"Before scheduled trip start time",-2,17238,17240,8038
"Before scheduled trip start time",-2,60107,60109,8038
"Before scheduled trip start time",-2,687426,687428,8038
"Before scheduled trip start time",-2,73967,73969,8038
"Before scheduled trip start time",-2,703,705,8038
"Before scheduled trip start time",-2,17534,17536,8038
"Before scheduled trip start time",-2,35227,35229,8038
"Before scheduled trip start time",-2,1417,1419,8038
"Before scheduled trip start time",-2,1988,1990,8038
"Before scheduled trip start time",-2,10155,10157,8038
"Before scheduled trip start time",-2,986,988,8038
"Before scheduled trip start time",-2,515428,515430,8038
"Before scheduled trip start time",-2,7412,7414,8038
"Before scheduled trip start time",-2,694,696,8038
"Before scheduled trip start time",-2,11958,11960,8038
"Before scheduled trip start time",-2,15294,15296,8038
"Before scheduled trip start time",-2,49259,49261,8038
"Before scheduled trip start time",-2,675060,675062,8038
"Before scheduled trip start time",-2,676260,676262,8038
"Before scheduled trip start time",-2,25778,25780,8038
"Before scheduled trip start time",-2,47307,47309,8038
"Before scheduled trip start time",-2,783,785,8038
"Before scheduled trip start time",-2,175,177,8038
"Before scheduled trip start time",-2,5639,5641,8038
"Before scheduled trip start time",-2,1445,1447,8038
"Before scheduled trip start time",-2,497348,497350,8038
"Before scheduled trip start time",-2,49339,49341,8038
"Before scheduled trip start time",-2,52567,52569,8038
"Before scheduled trip start time",-2,662100,662102,8038
"Before scheduled trip start time",-2,273,275,8038
"Before scheduled trip start time",-2,683320,683322,8038
"Before scheduled trip start time",-2,667980,667982,8038
"Before scheduled trip start time",-2,656500,656502,8038
"Before scheduled trip start time",-2,42847,42849,8038
"Before scheduled trip start time",-2,1277,1279,8038
"Before scheduled trip start time",-2,8375,8377,8038
"Before scheduled trip start time",-2,4259,4261,8038
"Before scheduled trip start time",-2,606,608,8038
"Before scheduled trip start time",-2,71899,71901,8038
"Before scheduled trip start time",-2,701,703,8038
"Before scheduled trip start time",-2,11915,11917,8038
"Before scheduled trip start time",-2,1170,1172,8038
"Before scheduled trip start time",-2,20703,20705,8038
"Before scheduled trip start time",-2,48179,48181,8038
"Before scheduled trip start time",-2,48679,48681,8038
"Before scheduled trip start time",-2,23503,23505,8038
"Before scheduled trip start time",-2,63107,63109,8038
"Before scheduled trip start time",-2,17783,17785,8038
"Before scheduled trip start time",-2,35316,35318,8038
"Before scheduled trip start time",-2,683780,683782,8038
"Before scheduled trip start time",-2,242,244,8038
"Before scheduled trip start time",-2,666660,666662,8038
"Before scheduled trip start time",-2,70059,70061,8038
"Before scheduled trip start time",-2,1257,1259,8038
"Before scheduled trip start time",-2,4117,4119,8038
"Before scheduled trip start time",-2,979,981,8038
"Before scheduled trip start time",-2,2975,2977,8038
"Before scheduled trip start time",-2,64719,64721,8038
"Before scheduled trip start time",-2,1832,1834,8038
"Before scheduled trip start time",-2,7732,7734,8038
"Before scheduled trip start time",-2,9132,9134,8038
"Before scheduled trip start time",-2,1390,1392,8038
"Before scheduled trip start time",-2,499748,499750,8038
"Before scheduled trip start time",-2,11158,11160,8038
"Before scheduled trip start time",-2,1611,1613,8038
"Before scheduled trip start time",-2,670940,670942,8038
"Before scheduled trip start time",-2,15283,15285,8038
"Before scheduled trip start time",-2,24054,24056,8038
"Before scheduled trip start time",-2,20794,20796,8038
"Before scheduled trip start time",-2,68067,68069,8038
"Before scheduled trip start time",-2,668,670,8038
"Before scheduled trip start time",-2,11395,11397,8038
"Before scheduled trip start time",-2,31178,31180,8038
"Before scheduled trip start time",-2,14272,14274,8038
"Before scheduled trip start time",-2,7317,7319,8038
"Before scheduled trip start time",-2,33378,33380,8038
"Before scheduled trip start time",-2,750,752,8038
"Before scheduled trip start time",-2,9698,9700,8038
"Before scheduled trip start time",-2,38076,38078,8038
"Before scheduled trip start time",-2,678240,678242,8038
"Before scheduled trip start time",-2,21118,21120,8038
"Before scheduled trip start time",-2,17774,17776,8038
"Before scheduled trip start time",-2,496,498,8038
"Before scheduled trip start time",-2,658360,658362,8038
"Before scheduled trip start time",-2,510808,510810,8038
"Before scheduled trip start time",-2,60479,60481,8038
"Before scheduled trip start time",-2,1160,1162,8038
"Before scheduled trip start time",-2,2039,2041,8038
"Before scheduled trip start time",-2,1375,1377,8038
"Before scheduled trip start time",-2,1975,1977,8038
"Before scheduled trip start time",-2,57279,57281,8038
"Before scheduled trip start time",-2,59019,59021,8038
"Before scheduled trip start time",-2,59999,60001,8038
"Before scheduled trip start time",-2,687520,687522,8038
"Before scheduled trip start time",-2,670860,670862,8038
"Before scheduled trip start time",-2,48427,48429,8038
"Before scheduled trip start time",-2,58407,58409,8038
"Before scheduled trip start time",-2,53867,53869,8038
"Before scheduled trip start time",-2,54407,54409,8038
"Before scheduled trip start time",-2,26723,26725,8038
"Before scheduled trip start time",-2,469,471,8038
"Before scheduled trip start time",-2,927,929,8038
"Before scheduled trip start time",-2,683280,683282,8038
"Before scheduled trip start time",-2,26078,26080,8038
"Before scheduled trip start time",-2,16358,16360,8038
"Before scheduled trip start time",-2,482,484,8038
"Before scheduled trip start time",-2,9192,9194,8038
"Before scheduled trip start time",-2,5654,5656,8038
"Before scheduled trip start time",-2,52187,52189,8038
"Before scheduled trip start time",-2,663220,663222,8038
"Before scheduled trip start time",-2,21978,21980,8038
"Before scheduled trip start time",-2,26754,26756,8038
"Before scheduled trip start time",-2,322,324,8038
"Before scheduled trip start time",-2,808,810,8038
"Before scheduled trip start time",-2,78059,78061,8038
"Before scheduled trip start time",-2,5875,5877,8038
"Before scheduled trip start time",-2,4617,4619,8038
"Before scheduled trip start time",-2,14874,14876,8038
"Before scheduled trip start time",-2,680000,680002,8038
"Before scheduled trip start time",-2,216,218,8038
"Before scheduled trip start time",-2,493388,493390,8038
"Before scheduled trip start time",-2,494528,494530,8038
"Before scheduled trip start time",-2,118,120,8038
"Before scheduled trip start time",-2,2017,2019,8038
"Before scheduled trip start time",-2,11035,11037,8038
"Before scheduled trip start time",-2,2475,2477,8038
"Before scheduled trip start time",-2,1772,1774,8038
"Before scheduled trip start time",-2,31898,31900,8038
"Before scheduled trip start time",-2,4874,4876,8038
"Before scheduled trip start time",-2,45719,45721,8038
"Before scheduled trip start time",-2,48299,48301,8038
"Before scheduled trip start time",-2,670500,670502,8038
"Before scheduled trip start time",-2,675680,675682,8038
"Before scheduled trip start time",-2,40127,40129,8038
"Before scheduled trip start time",-2,663020,663022,8038
"Before scheduled trip start time",-2,333,335,8038
"Before scheduled trip start time",-2,504548,504550,8038
"Before scheduled trip start time",-2,28043,28045,8038
"Before scheduled trip start time",-2,24394,24396,8038
"Before scheduled trip start time",-2,19954,19956,8038
"Before scheduled trip start time",-2,17078,17080,8038
"Before scheduled trip start time",-2,58747,58749,8038
"Before scheduled trip start time",-2,60879,60881,8038
"Before scheduled trip start time",-2,32354,32356,8038
"Before scheduled trip start time",-2,79699,79701,8038
"Before scheduled trip start time",-2,7017,7019,8038
"Before scheduled trip start time",-2,497588,497590,8038
"Before scheduled trip start time",-2,47299,47301,8038
"Before scheduled trip start time",-2,57587,57589,8038
"Before scheduled trip start time",-2,676280,676282,8038
"Before scheduled trip start time",-2,53787,53789,8038
"Before scheduled trip start time",-2,38307,38309,8038
"Before scheduled trip start time",-2,517,519,8038
"Before scheduled trip start time",-2,40316,40318,8038
"Before scheduled trip start time",-2,20938,20940,8038
"Before scheduled trip start time",-2,18938,18940,8038
"Before scheduled trip start time",-2,67467,67469,8038
"Before scheduled trip start time",-2,658760,658762,8038
"Before scheduled trip start time",-2,1363,1365,8038
"Before scheduled trip start time",-2,665120,665122,8038
"Before scheduled trip start time",-2,61219,61221,8038
"Before scheduled trip start time",-2,1657,1659,8038
"Before scheduled trip start time",-2,2415,2417,8038
"Before scheduled trip start time",-2,80099,80101,8038
"Before scheduled trip start time",-2,19443,19445,8038
"Before scheduled trip start time",-2,498388,498390,8038
"Before scheduled trip start time",-2,24123,24125,8038
"Before scheduled trip start time",-2,62327,62329,8038
"Before scheduled trip start time",-2,1071,1073,8038
"Before scheduled trip start time",-2,2571,2573,8038
"Before scheduled trip start time",-2,493368,493370,8038
"Before scheduled trip start time",-2,23914,23916,8038
"Before scheduled trip start time",-2,72947,72949,8038
"Before scheduled trip start time",-2,18878,18880,8038
"Before scheduled trip start time",-2,58807,58809,8038
"Before scheduled trip start time",-2,61107,61109,8038
"Before scheduled trip start time",-2,73567,73569,8038
"Before scheduled trip start time",-2,670000,670002,8038
"Before scheduled trip start time",-2,512008,512010,8038
"Before scheduled trip start time",-2,2357,2359,8038
"Before scheduled trip start time",-2,4312,4314,8038
"Before scheduled trip start time",-2,5459,5461,8038
"Before scheduled trip start time",-2,77159,77161,8038
"Before scheduled trip start time",-2,1650,1652,8038
"Before scheduled trip start time",-2,14294,14296,8038
"Before scheduled trip start time",-2,15554,15556,8038
"Before scheduled trip start time",-2,51099,51101,8038
"Before scheduled trip start time",-2,31143,31145,8038
"Before scheduled trip start time",-2,136,138,8038
"Before scheduled trip start time",-2,27043,27045,8038
"Before scheduled trip start time",-2,25594,25596,8038
"Before scheduled trip start time",-2,74287,74289,8038
"Before scheduled trip start time",-2,16198,16200,8038
"Before scheduled trip start time",-2,60619,60621,8038
"Before scheduled trip start time",-2,10355,10357,8038
"Before scheduled trip start time",-2,11572,11574,8038
"Before scheduled trip start time",-2,1867,1869,8038
"Before scheduled trip start time",-2,57807,57809,8038
"Before scheduled trip start time",-2,674500,674502,8038
"Before scheduled trip start time",-2,660740,660742,8038
"Before scheduled trip start time",-2,494188,494190,8038
"Before scheduled trip start time",-2,197,199,8038
"Before scheduled trip start time",-2,28554,28556,8038
"Before scheduled trip start time",-2,16634,16636,8038
"Before scheduled trip start time",-2,34707,34709,8038
"Before scheduled trip start time",-2,10054,10056,8038
"Before scheduled trip start time",-2,2595,2597,8038
"Before scheduled trip start time",-2,2875,2877,8038
"Before scheduled trip start time",-2,3375,3377,8038
"Before scheduled trip start time",-2,33258,33260,8038
"Before scheduled trip start time",-2,1314,1316,8038
"Before scheduled trip start time",-2,1654,1656,8038
"Before scheduled trip start time",-2,47199,47201,8038
"Before scheduled trip start time",-2,12954,12956,8038
"Before scheduled trip start time",-2,39236,39238,8038
"Before scheduled trip start time",-2,572,574,8038
"Before scheduled trip start time",-2,679100,679102,8038
"Before scheduled trip start time",-2,54967,54969,8038
"Before scheduled trip start time",-2,660800,660802,8038
"Before scheduled trip start time",-2,42119,42121,8038
"Before scheduled trip start time",-2,1774,1776,8038
"Before scheduled trip start time",-2,46807,46809,8038
"Before scheduled trip start time",-2,171,173,8038
"Before scheduled trip start time",-2,41007,41009,8038
"Before scheduled trip start time",-2,498,500,8038
"Before scheduled trip start time",-2,515508,515510,8038
"Before scheduled trip start time",-2,11895,11897,8038
"Before scheduled trip start time",-2,48239,48241,8038
"Before scheduled trip start time",-2,57599,57601,8038
"Before scheduled trip start time",-2,676720,676722,8038
"Before scheduled trip start time",-2,26338,26340,8038
"Before scheduled trip start time",-2,340,342,8038
"Before scheduled trip start time",-2,68499,68501,8038
"Before scheduled trip start time",-2,3379,3381,8038
"Before scheduled trip start time",-2,75379,75381,8038
"Before scheduled trip start time",-2,509588,509590,8038
"Before scheduled trip start time",-2,672320,672322,8038
"Before scheduled trip start time",-2,678260,678262,8038
"Before scheduled trip start time",-2,53007,53009,8038
"Before scheduled trip start time",-2,17103,17105,8038
"Before scheduled trip start time",-2,495588,495590,8038
"Before scheduled trip start time",-2,689400,689402,8038
"Before scheduled trip start time",-2,448,450,8038
"Before scheduled trip start time",-2,26178,26180,8038
"Before scheduled trip start time",-2,17874,17876,8038
"Before scheduled trip start time",-2,27878,27880,8038
"Before scheduled trip start time",-2,31334,31336,8038
"Before scheduled trip start time",-2,7675,7677,8038
"Before scheduled trip start time",-2,12172,12174,8038
"Before scheduled trip start time",-2,5917,5919,8038
"Before scheduled trip start time",-2,33618,33620,8038
"Before scheduled trip start time",-2,334,336,8038
"Before scheduled trip start time",-2,13874,13876,8038
"Before scheduled trip start time",-2,6,8,8038
"Before scheduled trip start time",-2,7594,7596,8038
"Before scheduled trip start time",-2,674420,674422,8038
"Before scheduled trip start time",-2,16763,16765,8038
"Before scheduled trip start time",-2,53479,53481,8038
"Before scheduled trip start time",-2,28803,28805,8038
"Before scheduled trip start time",-2,25174,25176,8038
"Before scheduled trip start time",-2,682660,682662,8038
"Before scheduled trip start time",-2,684300,684302,8038
"Before scheduled trip start time",-2,688640,688642,8038
"Before scheduled trip start time",-2,68667,68669,8038
"Before scheduled trip start time",-2,75587,75589,8038
"Before scheduled trip start time",-2,27418,27420,8038
"Before scheduled trip start time",-2,28158,28160,8038
"Before scheduled trip start time",-2,30398,30400,8038
"Before scheduled trip start time",-2,72599,72601,8038
"Before scheduled trip start time",-2,80179,80181,8038
"Before scheduled trip start time",-2,66819,66821,8038
"Before scheduled trip start time",-2,1121,1123,8038
"Before scheduled trip start time",-2,7617,7619,8038
"Before scheduled trip start time",-2,499388,499390,8038
"Before scheduled trip start time",-2,21823,21825,8038
"Before scheduled trip start time",-2,505248,505250,8038
"Before scheduled trip start time",-2,1113,1115,8038
"Before scheduled trip start time",-2,659380,659382,8038
"Before scheduled trip start time",-2,666260,666262,8038
"Before scheduled trip start time",-2,10238,10240,8038
"Before scheduled trip start time",-2,25723,25725,8038
"Before scheduled trip start time",-2,30163,30165,8038
"Before scheduled trip start time",-2,58139,58141,8038
"Before scheduled trip start time",-2,662700,662702,8038
"Before scheduled trip start time",-2,307,309,8038
"Before scheduled trip start time",-2,40236,40238,8038
"Before scheduled trip start time",-2,504008,504010,8038
"Before scheduled trip start time",-2,33196,33198,8038
"Before scheduled trip start time",-2,627,629,8038
"Before scheduled trip start time",-2,24138,24140,8038
"Before scheduled trip start time",-2,16598,16600,8038
"Before scheduled trip start time",-2,298,300,8038
"Before scheduled trip start time",-2,656760,656762,8038
"Before scheduled trip start time",-2,60759,60761,8038
"Before scheduled trip start time",-2,632,634,8038
"Before scheduled trip start time",-2,1119,1121,8038
"Before scheduled trip start time",-2,79759,79761,8038
"Before scheduled trip start time",-2,46779,46781,8038
"Before scheduled trip start time",-2,14254,14256,8038
"Before scheduled trip start time",-2,16174,16176,8038
"Before scheduled trip start time",-2,500028,500030,8038
"Before scheduled trip start time",-2,27096,27098,8038
"Before scheduled trip start time",-2,678100,678102,8038
"Before scheduled trip start time",-2,39067,39069,8038
"Before scheduled trip start time",-2,27863,27865,8038
"Before scheduled trip start time",-2,588,590,8038
"Before scheduled trip start time",-2,14558,14560,8038
"Before scheduled trip start time",-2,4517,4519,8038
"Before scheduled trip start time",-2,646,648,8038
"Before scheduled trip start time",-2,73619,73621,8038
"Before scheduled trip start time",-2,3439,3441,8038
"Before scheduled trip start time",-2,5177,5179,8038
"Before scheduled trip start time",-2,46159,46161,8038
"Before scheduled trip start time",-2,14434,14436,8038
"Before scheduled trip start time",-2,49659,49661,8038
"Before scheduled trip start time",-2,502708,502710,8038
"Before scheduled trip start time",-2,30123,30125,8038
"Before scheduled trip start time",-2,68967,68969,8038
"Before scheduled trip start time",-2,14598,14600,8038
"Before scheduled trip start time",-2,563,565,8038
"Before scheduled trip start time",-2,60959,60961,8038
"Before scheduled trip start time",-2,28678,28680,8038
"Before scheduled trip start time",-2,1194,1196,8038
"Before scheduled trip start time",-2,2614,2616,8038
"Before scheduled trip start time",-2,22663,22665,8038
"Before scheduled trip start time",-2,31023,31025,8038
"Before scheduled trip start time",-2,1860,1862,8038
"Before scheduled trip start time",-2,44959,44961,8038
"Before scheduled trip start time",-2,71347,71349,8038
"Before scheduled trip start time",-2,71567,71569,8038
"Before scheduled trip start time",-2,68727,68729,8038
"Before scheduled trip start time",-2,554,556,8038
"Before scheduled trip start time",-2,43467,43469,8038
"Before scheduled trip start time",-2,493,495,8038
"Before scheduled trip start time",-2,510,512,8038
"Before scheduled trip start time",-2,657,659,8038
"Before scheduled trip start time",-2,29538,29540,8038
"Before scheduled trip start time",-2,939,941,8038
"Before scheduled trip start time",-2,29678,29680,8038
"Before scheduled trip start time",-2,1515,1517,8038
"Before scheduled trip start time",-2,481,483,8038
"Before scheduled trip start time",-2,13392,13394,8038
"Before scheduled trip start time",-2,37436,37438,8038
"Before scheduled trip start time",-2,52359,52361,8038
"Before scheduled trip start time",-2,65387,65389,8038
"Before scheduled trip start time",-2,37147,37149,8038
"Before scheduled trip start time",-2,32376,32378,8038
"Before scheduled trip start time",-2,23874,23876,8038
"Before scheduled trip start time",-2,26874,26876,8038
"Before scheduled trip start time",-2,14658,14660,8038
"Before scheduled trip start time",-2,70679,70681,8038
"Before scheduled trip start time",-2,648,650,8038
"Before scheduled trip start time",-2,3657,3659,8038
"Before scheduled trip start time",-2,10217,10219,8038
"Before scheduled trip start time",-2,1210,1212,8038
"Before scheduled trip start time",-2,1454,1456,8038
"Before scheduled trip start time",-2,3334,3336,8038
"Before scheduled trip start time",-2,38496,38498,8038
"Before scheduled trip start time",-2,501808,501810,8038
"Before scheduled trip start time",-2,502188,502190,8038
"Before scheduled trip start time",-2,671940,671942,8038
"Before scheduled trip start time",-2,49267,49269,8038
"Before scheduled trip start time",-2,39616,39618,8038
"Before scheduled trip start time",-2,689000,689002,8038
"Before scheduled trip start time",-2,668640,668642,8038
"Before scheduled trip start time",-2,4997,4999,8038
"Before scheduled trip start time",-2,2339,2341,8038
"Before scheduled trip start time",-2,987,989,8038
"Before scheduled trip start time",-2,980,982,8038
"Before scheduled trip start time",-2,39156,39158,8038
"Before scheduled trip start time",-2,500308,500310,8038
"Before scheduled trip start time",-2,660200,660202,8038
"Before scheduled trip start time",-2,494388,494390,8038
"Before scheduled trip start time",-2,41216,41218,8038
"Before scheduled trip start time",-2,35276,35278,8038
"Before scheduled trip start time",-2,17678,17680,8038
"Before scheduled trip start time",-2,19238,19240,8038
"Before scheduled trip start time",-2,933,935,8038
"Before scheduled trip start time",-2,16534,16536,8038
"Before scheduled trip start time",-2,17054,17056,8038
"Before scheduled trip start time",-2,44747,44749,8038
"Before scheduled trip start time",-2,1203,1205,8038
"Before scheduled trip start time",-2,69079,69081,8038
"Before scheduled trip start time",-2,4137,4139,8038
"Before scheduled trip start time",-2,33494,33496,8038
"Before scheduled trip start time",-2,327,329,8038
"Before scheduled trip start time",-2,27936,27938,8038
"Before scheduled trip start time",-2,671120,671122,8038
"Before scheduled trip start time",-2,19518,19520,8038
"Before scheduled trip start time",-2,13898,13900,8038
"Before scheduled trip start time",-2,16858,16860,8038
"Before scheduled trip start time",-2,1706,1708,8038
"Before scheduled trip start time",-2,10117,10119,8038
"Before scheduled trip start time",-2,33718,33720,8038
"Before scheduled trip start time",-2,12878,12880,8038
"Before scheduled trip start time",-2,50639,50641,8038
"Before scheduled trip start time",-2,57699,57701,8038
"Before scheduled trip start time",-2,63607,63609,8038
"Before scheduled trip start time",-2,49247,49249,8038
"Before scheduled trip start time",-2,164,166,8038
"Before scheduled trip start time",-2,44119,44121,8038
"Before scheduled trip start time",-2,26303,26305,8038
"Before scheduled trip start time",-2,35576,35578,8038
"Before scheduled trip start time",-2,657460,657462,8038
"Before scheduled trip start time",-2,9937,9939,8038
"Before scheduled trip start time",-2,1570,1572,8038
"Before scheduled trip start time",-2,339,341,8038
"Before scheduled trip start time",-2,684880,684882,8038
"Before scheduled trip start time",-2,156,158,8038
"Before scheduled trip start time",-2,56279,56281,8038
"Before scheduled trip start time",-2,67359,67361,8038
"Before scheduled trip start time",-2,62299,62301,8038
"Before scheduled trip start time",-2,62899,62901,8038
"Before scheduled trip start time",-2,-1,1,8038
"Before scheduled trip start time",-2,685480,685482,8038
"Before scheduled trip start time",-2,676200,676202,8038
"Before scheduled trip start time",-2,54127,54129,8038
"Before scheduled trip start time",-2,660360,660362,8038
"Before scheduled trip start time",-2,31036,31038,8038
"Before scheduled trip start time",-2,43599,43601,8038
"Before scheduled trip start time",-2,34156,34158,8038
"Before scheduled trip start time",-2,169,171,8038
"Before scheduled trip start time",-2,68407,68409,8038
"Before scheduled trip start time",-2,511168,511170,8038
"Before scheduled trip start time",-2,917,919,8038
"Before scheduled trip start time",-2,5319,5321,8038
"Before scheduled trip start time",-2,12132,12134,8038
"Before scheduled trip start time",-2,373,375,8038
"Before scheduled trip start time",-2,672520,672522,8038
"Before scheduled trip start time",-2,40696,40698,8038
"Before scheduled trip start time",-2,73039,73041,8038
"Before scheduled trip start time",-2,12395,12397,8038
"Before scheduled trip start time",-2,476,478,8038
"Before scheduled trip start time",-2,46839,46841,8038
"Before scheduled trip start time",-2,38,40,8038
"Before scheduled trip start time",-2,12118,12120,8038
"Before scheduled trip start time",-2,502808,502810,8038
"Before scheduled trip start time",-2,671240,671242,8038
"Before scheduled trip start time",-2,59987,59989,8038
"Before scheduled trip start time",-2,602,604,8038
"Before scheduled trip start time",-2,657280,657282,8038
"Before scheduled trip start time",-2,5092,5094,8038
"Before scheduled trip start time",-2,9834,9836,8038
"Before scheduled trip start time",-2,28318,28320,8038
"Before scheduled trip start time",-2,30798,30800,8038
"Before scheduled trip start time",-2,1165,1167,8038
"Before scheduled trip start time",-2,2399,2401,8038
"Before scheduled trip start time",-2,64619,64621,8038
"Before scheduled trip start time",-2,66239,66241,8038
"Before scheduled trip start time",-2,7592,7594,8038
"Before scheduled trip start time",-2,32278,32280,8038
"Before scheduled trip start time",-2,23403,23405,8038
"Before scheduled trip start time",-2,25256,25258,8038
"Before scheduled trip start time",-2,670620,670622,8038
"Before scheduled trip start time",-2,40547,40549,8038
"Before scheduled trip start time",-2,26863,26865,8038
"Before scheduled trip start time",-2,27298,27300,8038
"Before scheduled trip start time",-2,41987,41989,8038
"Before scheduled trip start time",-2,666360,666362,8038
"Before scheduled trip start time",-2,536,538,8038
"Before scheduled trip start time",-2,4397,4399,8038
"Before scheduled trip start time",-2,970,972,8038
"Before scheduled trip start time",-2,30603,30605,8038
"Before scheduled trip start time",-2,32023,32025,8038
"Before scheduled trip start time",-2,63547,63549,8038
"Before scheduled trip start time",-2,30056,30058,8038
"Before scheduled trip start time",-2,495668,495670,8038
"Before scheduled trip start time",-2,26043,26045,8038
"Before scheduled trip start time",-2,26194,26196,8038
"Before scheduled trip start time",-2,68,70,8038
"Before scheduled trip start time",-2,17758,17760,8038
"Before scheduled trip start time",-2,658140,658142,8038
"Before scheduled trip start time",-2,75579,75581,8038
"Before scheduled trip start time",-2,7997,7999,8038
"Before scheduled trip start time",-2,14112,14114,8038
"Before scheduled trip start time",-2,32078,32080,8038
"Before scheduled trip start time",-2,6734,6736,8038
"Before scheduled trip start time",-2,47699,47701,8038
"Before scheduled trip start time",-2,678700,678702,8038
"Before scheduled trip start time",-2,665220,665222,8038
"Before scheduled trip start time",-2,444,446,8038
"Before scheduled trip start time",-2,8514,8516,8038
"Before scheduled trip start time",-2,11195,11197,8038
"Before scheduled trip start time",-2,80019,80021,8038
"Before scheduled trip start time",-2,7472,7474,8038
"Before scheduled trip start time",-2,2130,2132,8038
"Before scheduled trip start time",-2,13814,13816,8038
"Before scheduled trip start time",-2,15274,15276,8038
"Before scheduled trip start time",-2,29883,29885,8038
"Before scheduled trip start time",-2,687580,687582,8038
"Before scheduled trip start time",-2,672980,672982,8038
"Before scheduled trip start time",-2,39367,39369,8038
"Before scheduled trip start time",-2,682680,682682,8038
"Before scheduled trip start time",-2,61727,61729,8038
"Before scheduled trip start time",-2,663640,663642,8038
"Before scheduled trip start time",-2,263,265,8038
"Before scheduled trip start time",-2,2215,2217,8038
"Before scheduled trip start time",-2,2689,2691,8038
"Before scheduled trip start time",-2,48279,48281,8038
"Before scheduled trip start time",-2,12198,12200,8038
"Before scheduled trip start time",-2,502868,502870,8038
"Before scheduled trip start time",-2,99,101,8038
"Before scheduled trip start time",-2,25776,25778,8038
"Before scheduled trip start time",-2,56647,56649,8038
"Before scheduled trip start time",-2,18378,18380,8038
"Before scheduled trip start time",-2,60807,60809,8038
"Before scheduled trip start time",-2,708,710,8038
"Before scheduled trip start time",-2,172,174,8038
"Before scheduled trip start time",-2,24678,24680,8038
"Before scheduled trip start time",-2,1040,1042,8038
"Before scheduled trip start time",-2,4672,4674,8038
"Before scheduled trip start time",-2,3397,3399,8038
"Before scheduled trip start time",-2,2077,2079,8038
"Before scheduled trip start time",-2,5994,5996,8038
"Before scheduled trip start time",-2,7975,7977,8038
"Before scheduled trip start time",-2,709,711,8038
"Before scheduled trip start time",-2,33678,33680,8038
"Before scheduled trip start time",-2,39116,39118,8038
"Before scheduled trip start time",-2,523,525,8038
"Before scheduled trip start time",-2,1143,1145,8038
"Before scheduled trip start time",-2,4512,4514,8038
"Before scheduled trip start time",-2,7475,7477,8038
"Before scheduled trip start time",-2,9812,9814,8038
"Before scheduled trip start time",-2,46059,46061,8038
"Before scheduled trip start time",-2,507708,507710,8038
"Before scheduled trip start time",-2,30283,30285,8038
"Before scheduled trip start time",-2,62507,62509,8038
"Before scheduled trip start time",-2,676320,676322,8038
"Before scheduled trip start time",-2,31156,31158,8038
"Before scheduled trip start time",-2,249,251,8038
"Before scheduled trip start time",-2,688800,688802,8038
"Before scheduled trip start time",-2,75227,75229,8038
"Before scheduled trip start time",-2,27994,27996,8038
"Before scheduled trip start time",-2,28834,28836,8038
"Before scheduled trip start time",-2,866,868,8038
"Before scheduled trip start time",-2,659320,659322,8038
"Before scheduled trip start time",-2,512168,512170,8038
"Before scheduled trip start time",-2,66079,66081,8038
"Before scheduled trip start time",-2,1674,1676,8038
"Before scheduled trip start time",-2,14314,14316,8038
"Before scheduled trip start time",-2,1787,1789,8038
"Before scheduled trip start time",-2,42519,42521,8038
"Before scheduled trip start time",-2,21018,21020,8038
"Before scheduled trip start time",-2,22534,22536,8038
"Before scheduled trip start time",-2,73647,73649,8038
"Before scheduled trip start time",-2,28954,28956,8038
"Before scheduled trip start time",-2,3997,3999,8038
"Before scheduled trip start time",-2,919,921,8038
"Before scheduled trip start time",-2,4299,4301,8038
"Before scheduled trip start time",-2,6579,6581,8038
"Before scheduled trip start time",-2,12692,12694,8038
"Before scheduled trip start time",-2,426,428,8038
"Before scheduled trip start time",-2,32958,32960,8038
"Before scheduled trip start time",-2,49,51,8038
"Before scheduled trip start time",-2,26196,26198,8038
"Before scheduled trip start time",-2,63947,63949,8038
"Before scheduled trip start time",-2,678040,678042,8038
"Before scheduled trip start time",-2,52627,52629,8038
"Before scheduled trip start time",-2,676760,676762,8038
"Before scheduled trip start time",-2,37527,37529,8038
"Before scheduled trip start time",-2,42799,42801,8038
"Before scheduled trip start time",-2,43359,43361,8038
"Before scheduled trip start time",-2,34696,34698,8038
"Before scheduled trip start time",-2,320,322,8038
"Before scheduled trip start time",-2,5117,5119,8038
"Before scheduled trip start time",-2,400,402,8038
"Before scheduled trip start time",-2,74139,74141,8038
"Before scheduled trip start time",-2,80899,80901,8038
"Before scheduled trip start time",-2,8177,8179,8038
"Before scheduled trip start time",-2,654,656,8038
"Before scheduled trip start time",-2,8254,8256,8038
"Before scheduled trip start time",-2,52219,52221,8038
"Before scheduled trip start time",-2,503428,503430,8038
"Before scheduled trip start time",-2,139,141,8038
"Before scheduled trip start time",-2,81,83,8038
"Before scheduled trip start time",-2,72807,72809,8038
"Before scheduled trip start time",-2,45827,45829,8038
"Before scheduled trip start time",-2,76707,76709,8038
"Before scheduled trip start time",-2,392,394,8038
"Before scheduled trip start time",-2,539,541,8038
"Before scheduled trip start time",-2,669,671,8038
"Before scheduled trip start time",-2,8294,8296,8038
"Before scheduled trip start time",-2,31634,31636,8038
"Before scheduled trip start time",-2,4279,4281,8038
"Before scheduled trip start time",-2,565,567,8038
"Before scheduled trip start time",-2,4335,4337,8038
"Before scheduled trip start time",-2,7395,7397,8038
"Before scheduled trip start time",-2,10018,10020,8038
"Before scheduled trip start time",-2,52779,52781,8038
"Before scheduled trip start time",-2,38707,38709,8038
"Before scheduled trip start time",-2,29056,29058,8038
"Before scheduled trip start time",-2,17463,17465,8038
"Before scheduled trip start time",-2,506408,506410,8038
"Before scheduled trip start time",-2,22354,22356,8038
"Before scheduled trip start time",-2,36887,36889,8038
"Before scheduled trip start time",-2,464,466,8038
"Before scheduled trip start time",-2,32534,32536,8038
"Before scheduled trip start time",-2,1892,1894,8038
"Before scheduled trip start time",-2,1494,1496,8038
"Before scheduled trip start time",-2,499628,499630,8038
"Before scheduled trip start time",-2,502348,502350,8038
"Before scheduled trip start time",-2,20,22,8038
"Before scheduled trip start time",-2,62207,62209,8038
"Before scheduled trip start time",-2,43279,43281,8038
"Before scheduled trip start time",-2,16403,16405,8038
"Before scheduled trip start time",-2,16603,16605,8038
"Before scheduled trip start time",-2,111,113,8038
"Before scheduled trip start time",-2,71487,71489,8038
"Before scheduled trip start time",-2,43447,43449,8038
"Before scheduled trip start time",-2,44007,44009,8038
"Before scheduled trip start time",-2,358,360,8038
"Before scheduled trip start time",-2,511388,511390,8038
"Before scheduled trip start time",-2,28758,28760,8038
"Before scheduled trip start time",-2,1215,1217,8038
"Before scheduled trip start time",-2,5999,6001,8038
"Before scheduled trip start time",-2,73519,73521,8038
"Before scheduled trip start time",-2,3019,3021,8038
"Before scheduled trip start time",-2,4794,4796,8038
"Before scheduled trip start time",-2,1380,1382,8038
"Before scheduled trip start time",-2,353,355,8038
"Before scheduled trip start time",-2,44519,44521,8038
"Before scheduled trip start time",-2,25134,25136,8038
"Before scheduled trip start time",-2,17638,17640,8038
"Before scheduled trip start time",-2,21294,21296,8038
"Before scheduled trip start time",-2,69,71,8038
"Before scheduled trip start time",-2,68187,68189,8038
"Before scheduled trip start time",-2,-13,-11,8038
"Before scheduled trip start time",-2,18674,18676,8038
"Before scheduled trip start time",-2,667000,667002,8038
"Before scheduled trip start time",-2,42967,42969,8038
"Before scheduled trip start time",-2,960,962,8038
"Before scheduled trip start time",-2,748,750,8038
"Before scheduled trip start time",-2,515108,515110,8038
"Before scheduled trip start time",-2,21563,21565,8038
"Before scheduled trip start time",-2,39056,39058,8038
"Before scheduled trip start time",-2,499928,499930,8038
"Before scheduled trip start time",-2,502208,502210,8038
"Before scheduled trip start time",-2,25563,25565,8038
"Before scheduled trip start time",-2,56807,56809,8038
"Before scheduled trip start time",-2,661940,661942,8038
"Before scheduled trip start time",-2,504668,504670,8038
"Before scheduled trip start time",-2,504808,504810,8038
"Before scheduled trip start time",-2,143,145,8038
"Before scheduled trip start time",-2,272,274,8038
"Before scheduled trip start time",-2,1014,1016,8038
"Before scheduled trip start time",-2,4857,4859,8038
"Before scheduled trip start time",-2,865,867,8038
"Before scheduled trip start time",-2,72339,72341,8038
"Before scheduled trip start time",-2,7099,7101,8038
"Before scheduled trip start time",-2,13238,13240,8038
"Before scheduled trip start time",-2,23243,23245,8038
"Before scheduled trip start time",-2,17963,17965,8038
"Before scheduled trip start time",-2,23354,23356,8038
"Before scheduled trip start time",-2,225,227,8038
"Before scheduled trip start time",-2,230,232,8038
"Before scheduled trip start time",-2,35267,35269,8038
"Before scheduled trip start time",-2,41547,41549,8038
"Before scheduled trip start time",-2,1017,1019,8038
"Before scheduled trip start time",-2,78579,78581,8038
"Before scheduled trip start time",-2,641,643,8038
"Before scheduled trip start time",-2,47239,47241,8038
"Before scheduled trip start time",-2,498648,498650,8038
"Before scheduled trip start time",-2,52619,52621,8038
"Before scheduled trip start time",-2,686200,686202,8038
"Before scheduled trip start time",-2,55427,55429,8038
"Before scheduled trip start time",-2,30496,30498,8038
"Before scheduled trip start time",-2,17543,17545,8038
"Before scheduled trip start time",-2,26083,26085,8038
"Before scheduled trip start time",-2,25734,25736,8038
"Before scheduled trip start time",-2,18218,18220,8038
"Before scheduled trip start time",-2,664060,664062,8038
"Before scheduled trip start time",-2,512968,512970,8038
"Before scheduled trip start time",-2,2042,2044,8038
"Before scheduled trip start time",-2,10412,10414,8038
"Before scheduled trip start time",-2,1189,1191,8038
"Before scheduled trip start time",-2,11935,11937,8038
"Before scheduled trip start time",-2,5154,5156,8038
"Before scheduled trip start time",-2,9918,9920,8038
"Before scheduled trip start time",-2,13794,13796,8038
"Before scheduled trip start time",-2,59159,59161,8038
"Before scheduled trip start time",-2,31756,31758,8038
"Before scheduled trip start time",-2,528,530,8038
"Before scheduled trip start time",-2,657520,657522,8038
"Before scheduled trip start time",-2,35147,35149,8038
"Before scheduled trip start time",-2,8234,8236,8038
"Before scheduled trip start time",-2,1005,1007,8038
"Before scheduled trip start time",-2,4075,4077,8038
"Before scheduled trip start time",-2,2755,2757,8038
"Before scheduled trip start time",-2,515208,515210,8038
"Before scheduled trip start time",-2,65859,65861,8038
"Before scheduled trip start time",-2,830,832,8038
"Before scheduled trip start time",-2,6274,6276,8038
"Before scheduled trip start time",-2,19063,19065,8038
"Before scheduled trip start time",-2,9978,9980,8038
"Before scheduled trip start time",-2,1571,1573,8038
"Before scheduled trip start time",-2,662160,662162,8038
"Before scheduled trip start time",-2,40516,40518,8038
"Before scheduled trip start time",-2,587,589,8038
"Before scheduled trip start time",-2,167,169,8038
"Before scheduled trip start time",-2,27394,27396,8038
"Before scheduled trip start time",-2,28994,28996,8038
"Before scheduled trip start time",-2,14818,14820,8038
"Before scheduled trip start time",-2,10294,10296,8038
"Before scheduled trip start time",-2,1400,1402,8038
"Before scheduled trip start time",-2,4955,4957,8038
"Before scheduled trip start time",-2,66199,66201,8038
"Before scheduled trip start time",-2,10518,10520,8038
"Before scheduled trip start time",-2,13654,13656,8038
"Before scheduled trip start time",-2,509748,509750,8038
"Before scheduled trip start time",-2,32103,32105,8038
"Before scheduled trip start time",-2,26016,26018,8038
"Before scheduled trip start time",-2,27596,27598,8038
"Before scheduled trip start time",-2,56547,56549,8038
"Before scheduled trip start time",-2,20694,20696,8038
"Before scheduled trip start time",-2,106,108,8038
"Before scheduled trip start time",-2,73707,73709,8038
"Before scheduled trip start time",-2,1193,1195,8038
"Before scheduled trip start time",-2,2174,2176,8038
"Before scheduled trip start time",-2,70239,70241,8038
"Before scheduled trip start time",-2,760,762,8038
"Before scheduled trip start time",-2,62979,62981,8038
"Before scheduled trip start time",-2,684,686,8038
"Before scheduled trip start time",-2,465,467,8038
"Before scheduled trip start time",-2,12015,12017,8038
"Before scheduled trip start time",-2,467,469,8038
"Before scheduled trip start time",-2,33638,33640,8038
"Before scheduled trip start time",-2,3954,3956,8038
"Before scheduled trip start time",-2,20343,20345,8038
"Before scheduled trip start time",-2,32063,32065,8038
"Before scheduled trip start time",-2,64387,64389,8038
"Before scheduled trip start time",-2,678400,678402,8038
"Before scheduled trip start time",-2,40256,40258,8038
"Before scheduled trip start time",-2,56099,56101,8038
"Before scheduled trip start time",-2,25094,25096,8038
"Before scheduled trip start time",-2,26474,26476,8038
"Before scheduled trip start time",-2,69807,69809,8038
"Before scheduled trip start time",-2,1033,1035,8038
"Before scheduled trip start time",-2,657740,657742,8038
"Before scheduled trip start time",-2,888,890,8038
"Before scheduled trip start time",-2,411,413,8038
"Before scheduled trip start time",-2,604,606,8038
"Before scheduled trip start time",-2,28398,28400,8038
"Before scheduled trip start time",-2,824,826,8038
"Before scheduled trip start time",-2,5399,5401,8038
"Before scheduled trip start time",-2,2175,2177,8038
"Before scheduled trip start time",-2,13254,13256,8038
"Before scheduled trip start time",-2,15974,15976,8038
"Before scheduled trip start time",-2,660640,660642,8038
"Before scheduled trip start time",-2,2200,2202,8038
"Before scheduled trip start time",-2,55139,55141,8038
"Before scheduled trip start time",-2,20638,20640,8038
"Before scheduled trip start time",-2,178,180,8038
"Before scheduled trip start time",-2,17754,17756,8038
"Before scheduled trip start time",-2,696,698,8038
"Before scheduled trip start time",-2,61559,61561,8038
"Before scheduled trip start time",-2,729,731,8038
"Before scheduled trip start time",-2,8695,8697,8038
"Before scheduled trip start time",-2,28198,28200,8038
"Before scheduled trip start time",-2,152,154,8038
"Before scheduled trip start time",-2,25063,25065,8038
"Before scheduled trip start time",-2,38207,38209,8038
"Before scheduled trip start time",-2,39707,39709,8038
"Before scheduled trip start time",-2,30036,30038,8038
"Before scheduled trip start time",-2,42159,42161,8038
"Before scheduled trip start time",-2,493008,493010,8038
"Before scheduled trip start time",-2,28423,28425,8038
"Before scheduled trip start time",-2,23258,23260,8038
"Before scheduled trip start time",-2,24078,24080,8038
"Before scheduled trip start time",-2,657440,657442,8038
"Before scheduled trip start time",-2,34787,34789,8038
"Before scheduled trip start time",-2,4852,4854,8038
"Before scheduled trip start time",-2,3719,3721,8038
"Before scheduled trip start time",-2,78779,78781,8038
"Before scheduled trip start time",-2,3457,3459,8038
"Before scheduled trip start time",-2,637,639,8038
"Before scheduled trip start time",-2,21943,21945,8038
"Before scheduled trip start time",-2,1667,1669,8038
"Before scheduled trip start time",-2,510548,510550,8038
"Before scheduled trip start time",-2,685860,685862,8038
"Before scheduled trip start time",-2,43019,43021,8038
"Before scheduled trip start time",-2,44779,44781,8038
"Before scheduled trip start time",-2,170,172,8038
"Before scheduled trip start time",-2,18474,18476,8038
"Before scheduled trip start time",-2,3337,3339,8038
"Before scheduled trip start time",-2,32134,32136,8038
"Before scheduled trip start time",-2,3734,3736,8038
"Before scheduled trip start time",-2,8597,8599,8038
"Before scheduled trip start time",-2,48207,48209,8038
"Before scheduled trip start time",-2,663100,663102,8038
"Before scheduled trip start time",-2,70207,70209,8038
"Before scheduled trip start time",-2,59447,59449,8038
"Before scheduled trip start time",-2,14978,14980,8038
"Before scheduled trip start time",-2,492,494,8038
"Before scheduled trip start time",-2,782,784,8038
"Before scheduled trip start time",-2,70259,70261,8038
"Before scheduled trip start time",-2,5174,5176,8038
"Before scheduled trip start time",-2,497628,497630,8038
"Before scheduled trip start time",-2,26996,26998,8038
"Before scheduled trip start time",-2,51767,51769,8038
"Before scheduled trip start time",-2,675180,675182,8038
"Before scheduled trip start time",-2,25014,25016,8038
"Before scheduled trip start time",-2,25214,25216,8038
"Before scheduled trip start time",-2,22074,22076,8038
"Before scheduled trip start time",-2,684620,684622,8038
"Before scheduled trip start time",-2,76307,76309,8038
"Before scheduled trip start time",-2,670080,670082,8038
"Before scheduled trip start time",-2,62859,62861,8038
"Before scheduled trip start time",-2,2055,2057,8038
"Before scheduled trip start time",-2,13412,13414,8038
"Before scheduled trip start time",-2,6232,6234,8038
"Before scheduled trip start time",-2,6217,6219,8038
"Before scheduled trip start time",-2,496548,496550,8038
"Before scheduled trip start time",-2,501828,501830,8038
"Before scheduled trip start time",-2,63267,63269,8038
"Before scheduled trip start time",-2,661020,661022,8038
"Before scheduled trip start time",-2,53639,53641,8038
"Before scheduled trip start time",-2,70307,70309,8038
"Before scheduled trip start time",-2,723,725,8038
"Before scheduled trip start time",-2,8715,8717,8038
"Before scheduled trip start time",-2,2537,2539,8038
"Before scheduled trip start time",-2,1320,1322,8038
"Before scheduled trip start time",-2,3629,3631,8038
"Before scheduled trip start time",-2,19183,19185,8038
"Before scheduled trip start time",-2,10858,10860,8038
"Before scheduled trip start time",-2,22823,22825,8038
"Before scheduled trip start time",-2,51719,51721,8038
"Before scheduled trip start time",-2,33003,33005,8038
"Before scheduled trip start time",-2,48067,48069,8038
"Before scheduled trip start time",-2,50307,50309,8038
"Before scheduled trip start time",-2,173,175,8038
"Before scheduled trip start time",-2,17223,17225,8038
"Before scheduled trip start time",-2,33967,33969,8038
"Before scheduled trip start time",-2,36047,36049,8038
"Before scheduled trip start time",-2,402,404,8038
"Before scheduled trip start time",-2,40727,40729,8038
"Before scheduled trip start time",-2,488,490,8038
"Before scheduled trip start time",-2,3297,3299,8038
"Before scheduled trip start time",-2,5554,5556,8038
"Before scheduled trip start time",-2,3389,3391,8038
"Before scheduled trip start time",-2,4174,4176,8038
"Before scheduled trip start time",-2,18783,18785,8038
"Before scheduled trip start time",-2,13334,13336,8038
"Before scheduled trip start time",-2,352,354,8038
"Before scheduled trip start time",-2,1573,1575,8038
"Before scheduled trip start time",-2,503508,503510,8038
"Before scheduled trip start time",-2,59479,59481,8038
"Before scheduled trip start time",-2,510688,510690,8038
"Before scheduled trip start time",-2,45,47,8038
"Before scheduled trip start time",-2,35496,35498,8038
"Before scheduled trip start time",-2,22714,22716,8038
"Before scheduled trip start time",-2,682280,682282,8038
"Before scheduled trip start time",-2,689900,689902,8038
"Before scheduled trip start time",-2,25058,25060,8038
"Before scheduled trip start time",-2,275,277,8038
"Before scheduled trip start time",-2,511308,511310,8038
"Before scheduled trip start time",-2,4352,4354,8038
"Before scheduled trip start time",-2,27818,27820,8038
"Before scheduled trip start time",-2,31734,31736,8038
"Before scheduled trip start time",-2,9917,9919,8038
"Before scheduled trip start time",-2,7837,7839,8038
"Before scheduled trip start time",-2,63927,63929,8038
"Before scheduled trip start time",-2,48687,48689,8038
"Before scheduled trip start time",-2,29236,29238,8038
"Before scheduled trip start time",-2,184,186,8038
"Before scheduled trip start time",-2,27343,27345,8038
"Before scheduled trip start time",-2,20178,20180,8038
"Before scheduled trip start time",-2,66327,66329,8038
"Before scheduled trip start time",-2,658500,658502,8038
"Before scheduled trip start time",-2,31274,31276,8038
"Before scheduled trip start time",-2,1659,1661,8038
"Before scheduled trip start time",-2,1412,1414,8038
"Before scheduled trip start time",-2,2994,2996,8038
"Before scheduled trip start time",-2,498048,498050,8038
"Before scheduled trip start time",-2,13714,13716,8038
"Before scheduled trip start time",-2,31863,31865,8038
"Before scheduled trip start time",-2,677860,677862,8038
"Before scheduled trip start time",-2,17143,17145,8038
"Before scheduled trip start time",-2,29169,29171,8038
"Before scheduled trip start time",-2,24074,24076,8038
"Before scheduled trip start time",-2,28174,28176,8038
"Before scheduled trip start time",-2,657840,657842,8038
"Before scheduled trip start time",-2,1463,1465,8038
"Before scheduled trip start time",-2,5952,5954,8038
"Before scheduled trip start time",-2,6739,6741,8038
"Before scheduled trip start time",-2,3089,3091,8038
"Before scheduled trip start time",-2,3054,3056,8038
"Before scheduled trip start time",-2,661500,661502,8038
"Before scheduled trip start time",-2,280,282,8038
"Before scheduled trip start time",-2,480,482,8038
"Before scheduled trip start time",-2,26158,26160,8038
"Before scheduled trip start time",-2,29574,29576,8038
"Before scheduled trip start time",-2,5457,5459,8038
"Before scheduled trip start time",-2,3897,3899,8038
"Before scheduled trip start time",-2,29038,29040,8038
"Before scheduled trip start time",-2,1487,1489,8038
"Before scheduled trip start time",-2,2134,2136,8038
"Before scheduled trip start time",-2,688000,688002,8038
"Before scheduled trip start time",-2,57287,57289,8038
"Before scheduled trip start time",-2,3671,3673,8038
"Before scheduled trip start time",-2,38767,38769,8038
"Before scheduled trip start time",-2,33436,33438,8038
"Before scheduled trip start time",-2,-9,-7,8038
"Before scheduled trip start time",-2,27058,27060,8038
"Before scheduled trip start time",-2,665920,665922,8038
"Before scheduled trip start time",-2,4459,4461,8038
"Before scheduled trip start time",-2,74179,74181,8038
"Before scheduled trip start time",-2,7377,7379,8038
"Before scheduled trip start time",-2,1554,1556,8038
"Before scheduled trip start time",-2,2234,2236,8038
"Before scheduled trip start time",-2,672800,672802,8038
"Before scheduled trip start time",-2,56247,56249,8038
"Before scheduled trip start time",-2,661460,661462,8038
"Before scheduled trip start time",-2,28596,28598,8038
"Before scheduled trip start time",-2,43499,43501,8038
"Before scheduled trip start time",-2,887,889,8038
"Before scheduled trip start time",-2,18398,18400,8038
"Before scheduled trip start time",-2,238,240,8038
"Before scheduled trip start time",-2,656280,656282,8038
"Before scheduled trip start time",-2,657980,657982,8038
"Before scheduled trip start time",-2,1835,1837,8038
"Before scheduled trip start time",-2,63819,63821,8038
"Before scheduled trip start time",-2,6717,6719,8038
"Before scheduled trip start time",-2,422,424,8038
"Before scheduled trip start time",-2,55,57,8038
"Before scheduled trip start time",-2,8454,8456,8038
"Before scheduled trip start time",-2,59279,59281,8038
"Before scheduled trip start time",-2,687700,687702,8038
"Before scheduled trip start time",-2,316,318,8038
"Before scheduled trip start time",-2,58767,58769,8038
"Before scheduled trip start time",-2,460,462,8038
"Before scheduled trip start time",-2,664600,664602,8038
"Before scheduled trip start time",-2,3197,3199,8038
"Before scheduled trip start time",-2,4735,4737,8038
"Before scheduled trip start time",-2,6875,6877,8038
"Before scheduled trip start time",-2,4937,4939,8038
"Before scheduled trip start time",-2,5397,5399,8038
"Before scheduled trip start time",-2,1240,1242,8038
"Before scheduled trip start time",-2,22078,22080,8038
"Before scheduled trip start time",-2,17318,17320,8038
"Before scheduled trip start time",-2,20294,20296,8038
"Before scheduled trip start time",-2,667340,667342,8038
"Before scheduled trip start time",-2,663920,663922,8038
"Before scheduled trip start time",-2,2677,2679,8038
"Before scheduled trip start time",-2,1207,1209,8038
"Before scheduled trip start time",-2,68052,68054,8038
"Before scheduled trip start time",-2,499508,499510,8038
"Before scheduled trip start time",-2,10098,10100,8038
"Before scheduled trip start time",-2,58739,58741,8038
"Before scheduled trip start time",-2,48567,48569,8038
"Before scheduled trip start time",-2,679960,679962,8038
"Before scheduled trip start time",-2,506248,506250,8038
"Before scheduled trip start time",-2,56239,56241,8038
"Before scheduled trip start time",-2,29283,29285,8038
"Before scheduled trip start time",-2,26994,26996,8038
"Before scheduled trip start time",-2,17218,17220,8038
"Before scheduled trip start time",-2,21394,21396,8038
"Before scheduled trip start time",-2,27618,27620,8038
"Before scheduled trip start time",-2,533,535,8038
"Before scheduled trip start time",-2,544,546,8038
"Before scheduled trip start time",-2,29998,30000,8038
"Before scheduled trip start time",-2,2149,2151,8038
"Before scheduled trip start time",-2,49119,49121,8038
"Before scheduled trip start time",-2,49639,49641,8038
"Before scheduled trip start time",-2,50219,50221,8038
"Before scheduled trip start time",-2,686600,686602,8038
"Before scheduled trip start time",-2,55687,55689,8038
"Before scheduled trip start time",-2,492988,492990,8038
"Before scheduled trip start time",-2,495928,495930,8038
"Before scheduled trip start time",-2,45579,45581,8038
"Before scheduled trip start time",-2,32756,32758,8038
"Before scheduled trip start time",-2,23614,23616,8038
"Before scheduled trip start time",-2,23754,23756,8038
"Before scheduled trip start time",-2,24114,24116,8038
"Before scheduled trip start time",-2,834,836,8038
"Before scheduled trip start time",-2,73859,73861,8038
"Before scheduled trip start time",-2,9172,9174,8038
"Before scheduled trip start time",-2,25076,25078,8038
"Before scheduled trip start time",-2,26296,26298,8038
"Before scheduled trip start time",-2,672460,672462,8038
"Before scheduled trip start time",-2,678440,678442,8038
"Before scheduled trip start time",-2,56887,56889,8038
"Before scheduled trip start time",-2,675460,675462,8038
"Before scheduled trip start time",-2,53567,53569,8038
"Before scheduled trip start time",-2,662500,662502,8038
"Before scheduled trip start time",-2,33636,33638,8038
"Before scheduled trip start time",-2,285,287,8038
"Before scheduled trip start time",-2,658300,658302,8038
"Before scheduled trip start time",-2,42447,42449,8038
"Before scheduled trip start time",-2,2692,2694,8038
"Before scheduled trip start time",-2,1388,1390,8038
"Before scheduled trip start time",-2,10354,10356,8038
"Before scheduled trip start time",-2,4575,4577,8038
"Before scheduled trip start time",-2,80039,80041,8038
"Before scheduled trip start time",-2,46179,46181,8038
"Before scheduled trip start time",-2,670680,670682,8038
"Before scheduled trip start time",-2,364,366,8038
"Before scheduled trip start time",-2,684100,684102,8038
"Before scheduled trip start time",-2,74947,74949,8038
"Before scheduled trip start time",-2,166,168,8038
"Before scheduled trip start time",-2,43587,43589,8038
"Before scheduled trip start time",-2,1891,1893,8038
"Before scheduled trip start time",-2,15311,15313,8038
"Before scheduled trip start time",-2,1048,1050,8038
"Before scheduled trip start time",-2,937,939,8038
"Before scheduled trip start time",-2,79939,79941,8038
"Before scheduled trip start time",-2,81199,81201,8038
"Before scheduled trip start time",-2,13872,13874,8038
"Before scheduled trip start time",-2,31598,31600,8038
"Before scheduled trip start time",-2,500368,500370,8038
"Before scheduled trip start time",-2,31783,31785,8038
"Before scheduled trip start time",-2,64527,64529,8038
"Before scheduled trip start time",-2,49647,49649,8038
"Before scheduled trip start time",-2,17523,17525,8038
"Before scheduled trip start time",-2,55699,55701,8038
"Before scheduled trip start time",-2,18098,18100,8038
"Before scheduled trip start time",-2,69027,69029,8038
"Before scheduled trip start time",-2,1208,1210,8038
"Before scheduled trip start time",-2,669500,669502,8038
"Before scheduled trip start time",-2,510768,510770,8038
"Before scheduled trip start time",-2,3695,3697,8038
"Before scheduled trip start time",-2,1648,1650,8038
"Before scheduled trip start time",-2,1415,1417,8038
"Before scheduled trip start time",-2,514828,514830,8038
"Before scheduled trip start time",-2,48919,48921,8038
"Before scheduled trip start time",-2,500288,500290,8038
"Before scheduled trip start time",-2,23923,23925,8038
"Before scheduled trip start time",-2,48767,48769,8038
"Before scheduled trip start time",-2,42359,42361,8038
"Before scheduled trip start time",-2,25054,25056,8038
"Before scheduled trip start time",-2,586,588,8038
"Before scheduled trip start time",-2,14018,14020,8038
"Before scheduled trip start time",-2,67639,67641,8038
"Before scheduled trip start time",-2,31174,31176,8038
"Before scheduled trip start time",-2,71959,71961,8038
"Before scheduled trip start time",-2,10072,10074,8038
"Before scheduled trip start time",-2,46019,46021,8038
"Before scheduled trip start time",-2,509828,509830,8038
"Before scheduled trip start time",-2,25936,25938,8038
"Before scheduled trip start time",-2,30216,30218,8038
"Before scheduled trip start time",-2,34836,34838,8038
"Before scheduled trip start time",-2,25934,25936,8038
"Before scheduled trip start time",-2,75787,75789,8038
"Before scheduled trip start time",-2,30494,30496,8038
"Before scheduled trip start time",-2,899,901,8038
"Before scheduled trip start time",-2,29498,29500,8038
"Before scheduled trip start time",-2,655,657,8038
"Before scheduled trip start time",-2,12652,12654,8038
"Before scheduled trip start time",-2,21303,21305,8038
"Before scheduled trip start time",-2,7314,7316,8038
"Before scheduled trip start time",-2,24703,24705,8038
"Before scheduled trip start time",-2,59039,59041,8038
"Before scheduled trip start time",-2,686520,686522,8038
"Before scheduled trip start time",-2,679640,679642,8038
"Before scheduled trip start time",-2,376,378,8038
"Before scheduled trip start time",-2,23418,23420,8038
"Before scheduled trip start time",-2,73667,73669,8038
"Before scheduled trip start time",-2,26558,26560,8038
"Before scheduled trip start time",-2,17614,17616,8038
"Before scheduled trip start time",-2,351,353,8038
"Before scheduled trip start time",-2,33734,33736,8038
"Before scheduled trip start time",-2,908,910,8038
"Before scheduled trip start time",-2,8657,8659,8038
"Before scheduled trip start time",-2,309,311,8038
"Before scheduled trip start time",-2,13232,13234,8038
"Before scheduled trip start time",-2,66459,66461,8038
"Before scheduled trip start time",-2,11198,11200,8038
"Before scheduled trip start time",-2,58779,58781,8038
"Before scheduled trip start time",-2,678600,678602,8038
"Before scheduled trip start time",-2,3751,3753,8038
"Before scheduled trip start time",-2,511708,511710,8038
"Before scheduled trip start time",-2,75679,75681,8038
"Before scheduled trip start time",-2,3655,3657,8038
"Before scheduled trip start time",-2,847,849,8038
"Before scheduled trip start time",-2,3159,3161,8038
"Before scheduled trip start time",-2,19963,19965,8038
"Before scheduled trip start time",-2,46959,46961,8038
"Before scheduled trip start time",-2,63127,63129,8038
"Before scheduled trip start time",-2,687220,687222,8038
"Before scheduled trip start time",-2,37667,37669,8038
"Before scheduled trip start time",-2,40447,40449,8038
"Before scheduled trip start time",-2,42899,42901,8038
"Before scheduled trip start time",-2,16823,16825,8038
"Before scheduled trip start time",-2,29323,29325,8038
"Before scheduled trip start time",-2,988,990,8038
"Before scheduled trip start time",-2,24878,24880,8038
"Before scheduled trip start time",-2,663320,663322,8038
"Before scheduled trip start time",-2,666240,666242,8038
"Before scheduled trip start time",-2,1457,1459,8038
"Before scheduled trip start time",-2,2497,2499,8038
"Before scheduled trip start time",-2,78979,78981,8038
"Before scheduled trip start time",-2,10892,10894,8038
"Before scheduled trip start time",-2,66439,66441,8038
"Before scheduled trip start time",-2,7292,7294,8038
"Before scheduled trip start time",-2,6037,6039,8038
"Before scheduled trip start time",-2,1504,1506,8038
"Before scheduled trip start time",-2,36996,36998,8038
"Before scheduled trip start time",-2,18958,18960,8038
"Before scheduled trip start time",-2,1134,1136,8038
"Before scheduled trip start time",-2,669240,669242,8038
"Before scheduled trip start time",-2,208,210,8038
"Before scheduled trip start time",-2,3295,3297,8038
"Before scheduled trip start time",-2,1012,1014,8038
"Before scheduled trip start time",-2,80459,80461,8038
"Before scheduled trip start time",-2,8397,8399,8038
"Before scheduled trip start time",-2,18723,18725,8038
"Before scheduled trip start time",-2,232,234,8038
"Before scheduled trip start time",-2,2027,2029,8038
"Before scheduled trip start time",-2,25396,25398,8038
"Before scheduled trip start time",-2,661380,661382,8038
"Before scheduled trip start time",-2,43559,43561,8038
"Before scheduled trip start time",-2,506488,506490,8038
"Before scheduled trip start time",-2,33076,33078,8038
"Before scheduled trip start time",-2,19678,19680,8038
"Before scheduled trip start time",-2,27814,27816,8038
"Before scheduled trip start time",-2,26018,26020,8038
"Before scheduled trip start time",-2,30174,30176,8038
"Before scheduled trip start time",-2,34027,34029,8038
"Before scheduled trip start time",-2,158,160,8038
"Before scheduled trip start time",-2,512188,512190,8038
"Before scheduled trip start time",-2,63299,63301,8038
"Before scheduled trip start time",-2,3272,3274,8038
"Before scheduled trip start time",-2,6434,6436,8038
"Before scheduled trip start time",-2,66599,66601,8038
"Before scheduled trip start time",-2,62827,62829,8038
"Before scheduled trip start time",-2,687360,687362,8038
"Before scheduled trip start time",-2,50907,50909,8038
"Before scheduled trip start time",-2,70,72,8038
"Before scheduled trip start time",-2,23058,23060,8038
"Before scheduled trip start time",-2,180,182,8038
"Before scheduled trip start time",-2,46047,46049,8038
"Before scheduled trip start time",-2,669220,669222,8038
"Before scheduled trip start time",-2,484,486,8038
"Before scheduled trip start time",-2,135,137,8038
"Before scheduled trip start time",-2,11138,11140,8038
"Before scheduled trip start time",-2,22723,22725,8038
"Before scheduled trip start time",-2,50499,50501,8038
"Before scheduled trip start time",-2,50547,50549,8038
"Before scheduled trip start time",-2,28756,28758,8038
"Before scheduled trip start time",-2,41416,41418,8038
"Before scheduled trip start time",-2,23918,23920,8038
"Before scheduled trip start time",-2,71087,71089,8038
"Before scheduled trip start time",-2,68959,68961,8038
"Before scheduled trip start time",-2,60319,60321,8038
"Before scheduled trip start time",-2,512908,512910,8038
"Before scheduled trip start time",-2,46499,46501,8038
"Before scheduled trip start time",-2,49139,49141,8038
"Before scheduled trip start time",-2,31063,31065,8038
"Before scheduled trip start time",-2,685000,685002,8038
"Before scheduled trip start time",-2,63647,63649,8038
"Before scheduled trip start time",-2,1051,1053,8038
"Before scheduled trip start time",-2,2731,2733,8038
"Before scheduled trip start time",-2,676240,676242,8038
"Before scheduled trip start time",-2,55419,55421,8038
"Before scheduled trip start time",-2,689380,689382,8038
"Before scheduled trip start time",-2,18874,18876,8038
"Before scheduled trip start time",-2,68179,68181,8038
"Before scheduled trip start time",-2,510968,510970,8038
"Before scheduled trip start time",-2,1029,1031,8038
"Before scheduled trip start time",-2,4214,4216,8038
"Before scheduled trip start time",-2,22963,22965,8038
"Before scheduled trip start time",-2,20854,20856,8038
"Before scheduled trip start time",-2,682,684,8038
"Before scheduled trip start time",-2,668000,668002,8038
"Before scheduled trip start time",-2,657940,657942,8038
"Before scheduled trip start time",-2,69579,69581,8038
"Before scheduled trip start time",-2,2608,2610,8038
"Before scheduled trip start time",-2,2999,3001,8038
"Before scheduled trip start time",-2,354,356,8038
"Before scheduled trip start time",-2,19163,19165,8038
"Before scheduled trip start time",-2,46299,46301,8038
"Before scheduled trip start time",-2,21183,21185,8038
"Before scheduled trip start time",-2,36536,36538,8038
"Before scheduled trip start time",-2,49579,49581,8038
"Before scheduled trip start time",-2,23663,23665,8038
"Before scheduled trip start time",-2,21014,21016,8038
"Before scheduled trip start time",-2,120,122,8038
"Before scheduled trip start time",-2,27238,27240,8038
"Before scheduled trip start time",-2,14938,14940,8038
"Before scheduled trip start time",-2,670380,670382,8038
"Before scheduled trip start time",-2,70439,70441,8038
"Before scheduled trip start time",-2,71739,71741,8038
"Before scheduled trip start time",-2,6939,6941,8038
"Before scheduled trip start time",-2,1317,1319,8038
"Before scheduled trip start time",-2,5194,5196,8038
"Before scheduled trip start time",-2,6315,6317,8038
"Before scheduled trip start time",-2,3329,3331,8038
"Before scheduled trip start time",-2,1434,1436,8038
"Before scheduled trip start time",-2,13194,13196,8038
"Before scheduled trip start time",-2,13138,13140,8038
"Before scheduled trip start time",-2,36636,36638,8038
"Before scheduled trip start time",-2,24956,24958,8038
"Before scheduled trip start time",-2,247,249,8038
"Before scheduled trip start time",-2,229,231,8038
"Before scheduled trip start time",-2,506508,506510,8038
"Before scheduled trip start time",-2,348,350,8038
"Before scheduled trip start time",-2,27374,27376,8038
"Before scheduled trip start time",-2,19674,19676,8038
"Before scheduled trip start time",-2,4332,4334,8038
"Before scheduled trip start time",-2,31014,31016,8038
"Before scheduled trip start time",-2,74939,74941,8038
"Before scheduled trip start time",-2,541,543,8038
"Before scheduled trip start time",-2,33558,33560,8038
"Before scheduled trip start time",-2,48119,48121,8038
"Before scheduled trip start time",-2,49219,49221,8038
"Before scheduled trip start time",-2,686660,686662,8038
"Before scheduled trip start time",-2,673320,673322,8038
"Before scheduled trip start time",-2,279,281,8038
"Before scheduled trip start time",-2,75027,75029,8038
"Before scheduled trip start time",-2,626,628,8038
"Before scheduled trip start time",-2,13958,13960,8038
"Before scheduled trip start time",-2,669980,669982,8038
"Before scheduled trip start time",-2,433,435,8038
"Before scheduled trip start time",-2,32834,32836,8038
"Before scheduled trip start time",-2,14432,14434,8038
"Before scheduled trip start time",-2,9572,9574,8038
"Before scheduled trip start time",-2,15394,15396,8038
"Before scheduled trip start time",-2,751,753,8038
"Before scheduled trip start time",-2,65067,65069,8038
"Before scheduled trip start time",-2,680300,680302,8038
"Before scheduled trip start time",-2,85,87,8038
"Before scheduled trip start time",-2,41636,41638,8038
"Before scheduled trip start time",-2,18818,18820,8038
"Before scheduled trip start time",-2,295,297,8038
"Before scheduled trip start time",-2,328,330,8038
"Before scheduled trip start time",-2,226,228,8038
"Before scheduled trip start time",-2,148,150,8038
"Before scheduled trip start time",-2,439,441,8038
"Before scheduled trip start time",-2,837,839,8038
"Before scheduled trip start time",-2,415,417,8038
"Before scheduled trip start time",-2,511068,511070,8038
"Before scheduled trip start time",-2,5012,5014,8038
"Before scheduled trip start time",-2,1312,1314,8038
"Before scheduled trip start time",-2,30481,30483,8038
"Before scheduled trip start time",-2,277,279,8038
"Before scheduled trip start time",-2,25036,25038,8038
"Before scheduled trip start time",-2,65327,65329,8038
"Before scheduled trip start time",-2,56407,56409,8038
"Before scheduled trip start time",-2,43379,43381,8038
"Before scheduled trip start time",-2,27543,27545,8038
"Before scheduled trip start time",-2,36707,36709,8038
"Before scheduled trip start time",-2,385,387,8038
"Before scheduled trip start time",-2,1715,1717,8038
"Before scheduled trip start time",-2,10934,10936,8038
"Before scheduled trip start time",-2,6332,6334,8038
"Before scheduled trip start time",-2,8132,8134,8038
"Before scheduled trip start time",-2,51359,51361,8038
"Before scheduled trip start time",-2,52719,52721,8038
"Before scheduled trip start time",-2,685540,685542,8038
"Before scheduled trip start time",-2,571,573,8038
"Before scheduled trip start time",-2,48627,48629,8038
"Before scheduled trip start time",-2,35016,35018,8038
"Before scheduled trip start time",-2,23338,23340,8038
"Before scheduled trip start time",-2,87,89,8038
"Before scheduled trip start time",-2,74807,74809,8038
"Before scheduled trip start time",-2,666680,666682,8038
"Before scheduled trip start time",-2,9754,9756,8038
"Before scheduled trip start time",-2,28698,28700,8038
"Before scheduled trip start time",-2,6317,6319,8038
"Before scheduled trip start time",-2,674240,674242,8038
"Before scheduled trip start time",-2,660440,660442,8038
"Before scheduled trip start time",-2,44539,44541,8038
"Before scheduled trip start time",-2,17683,17685,8038
"Before scheduled trip start time",-2,278,280,8038
"Before scheduled trip start time",-2,19078,19080,8038
"Before scheduled trip start time",-2,42927,42929,8038
"Before scheduled trip start time",-2,68399,68401,8038
"Before scheduled trip start time",-2,513008,513010,8038
"Before scheduled trip start time",-2,1792,1794,8038
"Before scheduled trip start time",-2,13072,13074,8038
"Before scheduled trip start time",-2,515328,515330,8038
"Before scheduled trip start time",-2,1514,1516,8038
"Before scheduled trip start time",-2,3134,3136,8038
"Before scheduled trip start time",-2,11518,11520,8038
"Before scheduled trip start time",-2,38736,38738,8038
"Before scheduled trip start time",-2,686280,686282,8038
"Before scheduled trip start time",-2,65767,65769,8038
"Before scheduled trip start time",-2,676,678,8038
"Before scheduled trip start time",-2,22578,22580,8038
"Before scheduled trip start time",-2,387,389,8038
"Before scheduled trip start time",-2,21514,21516,8038
"Before scheduled trip start time",-2,683760,683762,8038
"Before scheduled trip start time",-2,417,419,8038
"Before scheduled trip start time",-2,993,995,8038
"Before scheduled trip start time",-2,16814,16816,8038
"Before scheduled trip start time",-2,669660,669662,8038
"Before scheduled trip start time",-2,47247,47249,8038
"Before scheduled trip start time",-2,43547,43549,8038
"Before scheduled trip start time",-2,931,933,8038
"Before scheduled trip start time",-2,65719,65721,8038
"Before scheduled trip start time",-2,7692,7694,8038
"Before scheduled trip start time",-2,5474,5476,8038
"Before scheduled trip start time",-2,12,14,8038
"Before scheduled trip start time",-2,8074,8076,8038
"Before scheduled trip start time",-2,30916,30918,8038
"Before scheduled trip start time",-2,494708,494710,8038
"Before scheduled trip start time",-2,96,98,8038
"Before scheduled trip start time",-2,504188,504190,8038
"Before scheduled trip start time",-2,34616,34618,8038
"Before scheduled trip start time",-2,22438,22440,8038
"Before scheduled trip start time",-2,19294,19296,8038
"Before scheduled trip start time",-2,663760,663762,8038
"Before scheduled trip start time",-2,664500,664502,8038
"Before scheduled trip start time",-2,967,969,8038
"Before scheduled trip start time",-2,4875,4877,8038
"Before scheduled trip start time",-2,816,818,8038
"Before scheduled trip start time",-2,955,957,8038
"Before scheduled trip start time",-2,1429,1431,8038
"Before scheduled trip start time",-2,36496,36498,8038
"Before scheduled trip start time",-2,41097,41099,8038
"Before scheduled trip start time",-2,22983,22985,8038
"Before scheduled trip start time",-2,687480,687482,8038
"Before scheduled trip start time",-2,2031,2033,8038
"Before scheduled trip start time",-2,58247,58249,8038
"Before scheduled trip start time",-2,53407,53409,8038
"Before scheduled trip start time",-2,659720,659722,8038
"Before scheduled trip start time",-2,39496,39498,8038
"Before scheduled trip start time",-2,204,206,8038
"Before scheduled trip start time",-2,69967,69969,8038
"Before scheduled trip start time",-2,44667,44669,8038
"Before scheduled trip start time",-2,45487,45489,8038
"Before scheduled trip start time",-2,719,721,8038
"Before scheduled trip start time",-2,2597,2599,8038
"Before scheduled trip start time",-2,4014,4016,8038
"Before scheduled trip start time",-2,59719,59721,8038
"Before scheduled trip start time",-2,15323,15325,8038
"Before scheduled trip start time",-2,5317,5319,8038
"Before scheduled trip start time",-2,728,730,8038
"Before scheduled trip start time",-2,5879,5881,8038
"Before scheduled trip start time",-2,3099,3101,8038
"Before scheduled trip start time",-2,2989,2991,8038
"Before scheduled trip start time",-2,5657,5659,8038
"Before scheduled trip start time",-2,59439,59441,8038
"Before scheduled trip start time",-2,49347,49349,8038
"Before scheduled trip start time",-2,673560,673562,8038
"Before scheduled trip start time",-2,51107,51109,8038
"Before scheduled trip start time",-2,55927,55929,8038
"Before scheduled trip start time",-2,21994,21996,8038
"Before scheduled trip start time",-2,682580,682582,8038
"Before scheduled trip start time",-2,398,400,8038
"Before scheduled trip start time",-2,28078,28080,8038
"Before scheduled trip start time",-2,5799,5801,8038
"Before scheduled trip start time",-2,63979,63981,8038
"Before scheduled trip start time",-2,841,843,8038
"Before scheduled trip start time",-2,6752,6754,8038
"Before scheduled trip start time",-2,49279,49281,8038
"Before scheduled trip start time",-2,501468,501470,8038
"Before scheduled trip start time",-2,37967,37969,8038
"Before scheduled trip start time",-2,104,106,8038
"Before scheduled trip start time",-2,52,54,8038
"Before scheduled trip start time",-2,21198,21200,8038
"Before scheduled trip start time",-2,18338,18340,8038
"Before scheduled trip start time",-2,513988,513990,8038
"Before scheduled trip start time",-2,3752,3754,8038
"Before scheduled trip start time",-2,4472,4474,8038
"Before scheduled trip start time",-2,30558,30560,8038
"Before scheduled trip start time",-2,1499,1501,8038
"Before scheduled trip start time",-2,73819,73821,8038
"Before scheduled trip start time",-2,2337,2339,8038
"Before scheduled trip start time",-2,1132,1134,8038
"Before scheduled trip start time",-2,1632,1634,8038
"Before scheduled trip start time",-2,33578,33580,8038
"Before scheduled trip start time",-2,23643,23645,8038
"Before scheduled trip start time",-2,32883,32885,8038
"Before scheduled trip start time",-2,57647,57649,8038
"Before scheduled trip start time",-2,680780,680782,8038
"Before scheduled trip start time",-2,18183,18185,8038
"Before scheduled trip start time",-2,504068,504070,8038
"Before scheduled trip start time",-2,30554,30556,8038
"Before scheduled trip start time",-2,68439,68441,8038
"Before scheduled trip start time",-2,61099,61101,8038
"Before scheduled trip start time",-2,77279,77281,8038
"Before scheduled trip start time",-2,8672,8674,8038
"Before scheduled trip start time",-2,374,376,8038
"Before scheduled trip start time",-2,47259,47261,8038
"Before scheduled trip start time",-2,498008,498010,8038
"Before scheduled trip start time",-2,25003,25005,8038
"Before scheduled trip start time",-2,30643,30645,8038
"Before scheduled trip start time",-2,510528,510530,8038
"Before scheduled trip start time",-2,687320,687322,8038
"Before scheduled trip start time",-2,495888,495890,8038
"Before scheduled trip start time",-2,26274,26276,8038
"Before scheduled trip start time",-2,72207,72209,8038
"Before scheduled trip start time",-2,29434,29436,8038
"Before scheduled trip start time",-2,26518,26520,8038
"Before scheduled trip start time",-2,478,480,8038
"Before scheduled trip start time",-2,525,527,8038
"Before scheduled trip start time",-2,765,767,8038
"Before scheduled trip start time",-2,8274,8276,8038
"Before scheduled trip start time",-2,25683,25685,8038
"Before scheduled trip start time",-2,510348,510350,8038
"Before scheduled trip start time",-2,41456,41458,8038
"Before scheduled trip start time",-2,19418,19420,8038
"Before scheduled trip start time",-2,19878,19880,8038
"Before scheduled trip start time",-2,34007,34009,8038
"Before scheduled trip start time",-2,658180,658182,8038
"Before scheduled trip start time",-2,31874,31876,8038
"Before scheduled trip start time",-2,76059,76061,8038
"Before scheduled trip start time",-2,76159,76161,8038
"Before scheduled trip start time",-2,2835,2837,8038
"Before scheduled trip start time",-2,1510,1512,8038
"Before scheduled trip start time",-2,5714,5716,8038
"Before scheduled trip start time",-2,19463,19465,8038
"Before scheduled trip start time",-2,10258,10260,8038
"Before scheduled trip start time",-2,50399,50401,8038
"Before scheduled trip start time",-2,679,681,8038
"Before scheduled trip start time",-2,38507,38509,8038
"Before scheduled trip start time",-2,32336,32338,8038
"Before scheduled trip start time",-2,35476,35478,8038
"Before scheduled trip start time",-2,27074,27076,8038
"Before scheduled trip start time",-2,62599,62601,8038
"Before scheduled trip start time",-2,513568,513570,8038
"Before scheduled trip start time",-2,5599,5601,8038
"Before scheduled trip start time",-2,14172,14174,8038
"Before scheduled trip start time",-2,12475,12477,8038
"Before scheduled trip start time",-2,662,664,8038
"Before scheduled trip start time",-2,38636,38638,8038
"Before scheduled trip start time",-2,25643,25645,8038
"Before scheduled trip start time",-2,311,313,8038
"Before scheduled trip start time",-2,2671,2673,8038
"Before scheduled trip start time",-2,50367,50369,8038
"Before scheduled trip start time",-2,37007,37009,8038
"Before scheduled trip start time",-2,16143,16145,8038
"Before scheduled trip start time",-2,32836,32838,8038
"Before scheduled trip start time",-2,20578,20580,8038
"Before scheduled trip start time",-2,23078,23080,8038
"Before scheduled trip start time",-2,69387,69389,8038
"Before scheduled trip start time",-2,43727,43729,8038
"Before scheduled trip start time",-2,3277,3279,8038
"Before scheduled trip start time",-2,29558,29560,8038
"Before scheduled trip start time",-2,1755,1757,8038
"Before scheduled trip start time",-2,501688,501690,8038
"Before scheduled trip start time",-2,507808,507810,8038
"Before scheduled trip start time",-2,37227,37229,8038
"Before scheduled trip start time",-2,494748,494750,8038
"Before scheduled trip start time",-2,504428,504430,8038
"Before scheduled trip start time",-2,61427,61429,8038
"Before scheduled trip start time",-2,689620,689622,8038
"Before scheduled trip start time",-2,29494,29496,8038
"Before scheduled trip start time",-2,302,304,8038
"Before scheduled trip start time",-2,3037,3039,8038
"Before scheduled trip start time",-2,2654,2656,8038
"Before scheduled trip start time",-2,935,937,8038
"Before scheduled trip start time",-2,4434,4436,8038
"Before scheduled trip start time",-2,1272,1274,8038
"Before scheduled trip start time",-2,8055,8057,8038
"Before scheduled trip start time",-2,4914,4916,8038
"Before scheduled trip start time",-2,51499,51501,8038
"Before scheduled trip start time",-2,677500,677502,8038
"Before scheduled trip start time",-2,662340,662342,8038
"Before scheduled trip start time",-2,492868,492870,8038
"Before scheduled trip start time",-2,261,263,8038
"Before scheduled trip start time",-2,681520,681522,8038
"Before scheduled trip start time",-2,665820,665822,8038
"Before scheduled trip start time",-2,829,831,8038
"Before scheduled trip start time",-2,30038,30040,8038
"Before scheduled trip start time",-2,30438,30440,8038
"Before scheduled trip start time",-2,2209,2211,8038
"Before scheduled trip start time",-2,1894,1896,8038
"Before scheduled trip start time",-2,21283,21285,8038
"Before scheduled trip start time",-2,25623,25625,8038
"Before scheduled trip start time",-2,57159,57161,8038
"Before scheduled trip start time",-2,685380,685382,8038
"Before scheduled trip start time",-2,48227,48229,8038
"Before scheduled trip start time",-2,45787,45789,8038
"Before scheduled trip start time",-2,2068,2070,8038
"Before scheduled trip start time",-2,4059,4061,8038
"Before scheduled trip start time",-2,925,927,8038
"Before scheduled trip start time",-2,72239,72241,8038
"Before scheduled trip start time",-2,7679,7681,8038
"Before scheduled trip start time",-2,981,983,8038
"Before scheduled trip start time",-2,8312,8314,8038
"Before scheduled trip start time",-2,581,583,8038
"Before scheduled trip start time",-2,49819,49821,8038
"Before scheduled trip start time",-2,671320,671322,8038
"Before scheduled trip start time",-2,55607,55609,8038
"Before scheduled trip start time",-2,75,77,8038
"Before scheduled trip start time",-2,674120,674122,8038
"Before scheduled trip start time",-2,660040,660042,8038
"Before scheduled trip start time",-2,661340,661342,8038
"Before scheduled trip start time",-2,15663,15665,8038
"Before scheduled trip start time",-2,495028,495030,8038
"Before scheduled trip start time",-2,13678,13680,8038
"Before scheduled trip start time",-2,44327,44329,8038
"Before scheduled trip start time",-2,75739,75741,8038
"Before scheduled trip start time",-2,65219,65221,8038
"Before scheduled trip start time",-2,498828,498830,8038
"Before scheduled trip start time",-2,508108,508110,8038
"Before scheduled trip start time",-2,26416,26418,8038
"Before scheduled trip start time",-2,44459,44461,8038
"Before scheduled trip start time",-2,506848,506850,8038
"Before scheduled trip start time",-2,29163,29165,8038
"Before scheduled trip start time",-2,23818,23820,8038
"Before scheduled trip start time",-2,19798,19800,8038
"Before scheduled trip start time",-2,74887,74889,8038
"Before scheduled trip start time",-2,26578,26580,8038
"Before scheduled trip start time",-2,15058,15060,8038
"Before scheduled trip start time",-2,346,348,8038
"Before scheduled trip start time",-2,408,410,8038
"Before scheduled trip start time",-2,80279,80281,8038
"Before scheduled trip start time",-2,9277,9279,8038
"Before scheduled trip start time",-2,65259,65261,8038
"Before scheduled trip start time",-2,38716,38718,8038
"Before scheduled trip start time",-2,19,21,8038
"Before scheduled trip start time",-2,59699,59701,8038
"Before scheduled trip start time",-2,26796,26798,8038
"Before scheduled trip start time",-2,64507,64509,8038
"Before scheduled trip start time",-2,49587,49589,8038
"Before scheduled trip start time",-2,59,61,8038
"Before scheduled trip start time",-2,38127,38129,8038
"Before scheduled trip start time",-2,29316,29318,8038
"Before scheduled trip start time",-2,29336,29338,8038
"Before scheduled trip start time",-2,33176,33178,8038
"Before scheduled trip start time",-2,24254,24256,8038
"Before scheduled trip start time",-2,17894,17896,8038
"Before scheduled trip start time",-2,458,460,8038
"Before scheduled trip start time",-2,7954,7956,8038
"Before scheduled trip start time",-2,3157,3159,8038
"Before scheduled trip start time",-2,80999,81001,8038
"Before scheduled trip start time",-2,551,553,8038
"Before scheduled trip start time",-2,19503,19505,8038
"Before scheduled trip start time",-2,41676,41678,8038
"Before scheduled trip start time",-2,67187,67189,8038
"Before scheduled trip start time",-2,28338,28340,8038
"Before scheduled trip start time",-2,29058,29060,8038
"Before scheduled trip start time",-2,30758,30760,8038
"Before scheduled trip start time",-2,12792,12794,8038
"Before scheduled trip start time",-2,3114,3116,8038
"Before scheduled trip start time",-2,472,474,8038
"Before scheduled trip start time",-2,63807,63809,8038
"Before scheduled trip start time",-2,53159,53161,8038
"Before scheduled trip start time",-2,24038,24040,8038
"Before scheduled trip start time",-2,188,190,8038
"Before scheduled trip start time",-2,1486,1488,8038
"Before scheduled trip start time",-2,71819,71821,8038
"Before scheduled trip start time",-2,5495,5497,8038
"Before scheduled trip start time",-2,1289,1291,8038
"Before scheduled trip start time",-2,670,672,8038
"Before scheduled trip start time",-2,3314,3316,8038
"Before scheduled trip start time",-2,22283,22285,8038
"Before scheduled trip start time",-2,56467,56469,8038
"Before scheduled trip start time",-2,31236,31238,8038
"Before scheduled trip start time",-2,683640,683642,8038
"Before scheduled trip start time",-2,684160,684162,8038
"Before scheduled trip start time",-2,24898,24900,8038
"Before scheduled trip start time",-2,45967,45969,8038
"Before scheduled trip start time",-2,668900,668902,8038
"Before scheduled trip start time",-2,872,874,8038
"Before scheduled trip start time",-2,453,455,8038
"Before scheduled trip start time",-2,48879,48881,8038
"Before scheduled trip start time",-2,501648,501650,8038
"Before scheduled trip start time",-2,56307,56309,8038
"Before scheduled trip start time",-2,193,195,8038
"Before scheduled trip start time",-2,493108,493110,8038
"Before scheduled trip start time",-2,27483,27485,8038
"Before scheduled trip start time",-2,29123,29125,8038
"Before scheduled trip start time",-2,25814,25816,8038
"Before scheduled trip start time",-2,668780,668782,8038
"Before scheduled trip start time",-2,46527,46529,8038
"Before scheduled trip start time",-2,4952,4954,8038
"Before scheduled trip start time",-2,71319,71321,8038
"Before scheduled trip start time",-2,1575,1577,8038
"Before scheduled trip start time",-2,73899,73901,8038
"Before scheduled trip start time",-2,5715,5717,8038
"Before scheduled trip start time",-2,1174,1176,8038
"Before scheduled trip start time",-2,3534,3536,8038
"Before scheduled trip start time",-2,12634,12636,8038
"Before scheduled trip start time",-2,8314,8316,8038
"Before scheduled trip start time",-2,685720,685722,8038
"Before scheduled trip start time",-2,495388,495390,8038
"Before scheduled trip start time",-2,18538,18540,8038
"Before scheduled trip start time",-2,546,548,8038
"Before scheduled trip start time",-2,463,465,8038
"Before scheduled trip start time",-2,665520,665522,8038
"Before scheduled trip start time",-2,68419,68421,8038
"Before scheduled trip start time",-2,9155,9157,8038
"Before scheduled trip start time",-2,9315,9317,8038
"Before scheduled trip start time",-2,8737,8739,8038
"Before scheduled trip start time",-2,1735,1737,8038
"Before scheduled trip start time",-2,500948,500950,8038
"Before scheduled trip start time",-2,58819,58821,8038
"Before scheduled trip start time",-2,331,333,8038
"Before scheduled trip start time",-2,41836,41838,8038
"Before scheduled trip start time",-2,219,221,8038
"Before scheduled trip start time",-2,299,301,8038
"Before scheduled trip start time",-2,424,426,8038
"Before scheduled trip start time",-2,513908,513910,8038
"Before scheduled trip start time",-2,1919,1921,8038
"Before scheduled trip start time",-2,31878,31880,8038
"Before scheduled trip start time",-2,66823,66825,8038
"Before scheduled trip start time",-2,2814,2816,8038
"Before scheduled trip start time",-2,498628,498630,8038
"Before scheduled trip start time",-2,498948,498950,8038
"Before scheduled trip start time",-2,29763,29765,8038
"Before scheduled trip start time",-2,509728,509730,8038
"Before scheduled trip start time",-2,44,46,8038
"Before scheduled trip start time",-2,53047,53049,8038
"Before scheduled trip start time",-2,39427,39429,8038
"Before scheduled trip start time",-2,30796,30798,8038
"Before scheduled trip start time",-2,17043,17045,8038
"Before scheduled trip start time",-2,494848,494850,8038
"Before scheduled trip start time",-2,23834,23836,8038
"Before scheduled trip start time",-2,25514,25516,8038
"Before scheduled trip start time",-2,664840,664842,8038
"Before scheduled trip start time",-2,666400,666402,8038
"Before scheduled trip start time",-2,1508,1510,8038
"Before scheduled trip start time",-2,76639,76641,8038
"Before scheduled trip start time",-2,952,954,8038
"Before scheduled trip start time",-2,70899,70901,8038
"Before scheduled trip start time",-2,64159,64161,8038
"Before scheduled trip start time",-2,649,651,8038
"Before scheduled trip start time",-2,450,452,8038
"Before scheduled trip start time",-2,8272,8274,8038
"Before scheduled trip start time",-2,508848,508850,8038
"Before scheduled trip start time",-2,509048,509050,8038
"Before scheduled trip start time",-2,27216,27218,8038
"Before scheduled trip start time",-2,64627,64629,8038
"Before scheduled trip start time",-2,1991,1993,8038
"Before scheduled trip start time",-2,680040,680042,8038
"Before scheduled trip start time",-2,35076,35078,8038
"Before scheduled trip start time",-2,26434,26436,8038
"Before scheduled trip start time",-2,21214,21216,8038
"Before scheduled trip start time",-2,29054,29056,8038
"Before scheduled trip start time",-2,26138,26140,8038
"Before scheduled trip start time",-2,665500,665502,8038
"Before scheduled trip start time",-2,9034,9036,8038
"Before scheduled trip start time",-2,2095,2097,8038
"Before scheduled trip start time",-2,77659,77661,8038
"Before scheduled trip start time",-2,72619,72621,8038
"Before scheduled trip start time",-2,80639,80641,8038
"Before scheduled trip start time",-2,10052,10054,8038
"Before scheduled trip start time",-2,8617,8619,8038
"Before scheduled trip start time",-2,552,554,8038
"Before scheduled trip start time",-2,22583,22585,8038
"Before scheduled trip start time",-2,56939,56941,8038
"Before scheduled trip start time",-2,31583,31585,8038
"Before scheduled trip start time",-2,678360,678362,8038
"Before scheduled trip start time",-2,52467,52469,8038
"Before scheduled trip start time",-2,661740,661742,8038
"Before scheduled trip start time",-2,24294,24296,8038
"Before scheduled trip start time",-2,693,695,8038
"Before scheduled trip start time",-2,67299,67301,8038
"Before scheduled trip start time",-2,1395,1397,8038
"Before scheduled trip start time",-2,3194,3196,8038
"Before scheduled trip start time",-2,1534,1536,8038
"Before scheduled trip start time",-2,47339,47341,8038
"Before scheduled trip start time",-2,499588,499590,8038
"Before scheduled trip start time",-2,377,379,8038
"Before scheduled trip start time",-2,49999,50001,8038
"Before scheduled trip start time",-2,32363,32365,8038
"Before scheduled trip start time",-2,56139,56141,8038
"Before scheduled trip start time",-2,69727,69729,8038
"Before scheduled trip start time",-2,17698,17700,8038
"Before scheduled trip start time",-2,47367,47369,8038
"Before scheduled trip start time",-2,788,790,8038
"Before scheduled trip start time",-2,62339,62341,8038
"Before scheduled trip start time",-2,514008,514010,8038
"Before scheduled trip start time",-2,1848,1850,8038
"Before scheduled trip start time",-2,485,487,8038
"Before scheduled trip start time",-2,76479,76481,8038
"Before scheduled trip start time",-2,65919,65921,8038
"Before scheduled trip start time",-2,1212,1214,8038
"Before scheduled trip start time",-2,7037,7039,8038
"Before scheduled trip start time",-2,21723,21725,8038
"Before scheduled trip start time",-2,9878,9880,8038
"Before scheduled trip start time",-2,500988,500990,8038
"Before scheduled trip start time",-2,58879,58881,8038
"Before scheduled trip start time",-2,53527,53529,8038
"Before scheduled trip start time",-2,43879,43881,8038
"Before scheduled trip start time",-2,73607,73609,8038
"Before scheduled trip start time",-2,73867,73869,8038
"Before scheduled trip start time",-2,76447,76449,8038
"Before scheduled trip start time",-2,3552,3554,8038
"Before scheduled trip start time",-2,5617,5619,8038
"Before scheduled trip start time",-2,1269,1271,8038
"Before scheduled trip start time",-2,8832,8834,8038
"Before scheduled trip start time",-2,37956,37958,8038
"Before scheduled trip start time",-2,38696,38698,8038
"Before scheduled trip start time",-2,52799,52801,8038
"Before scheduled trip start time",-2,63787,63789,8038
"Before scheduled trip start time",-2,30416,30418,8038
"Before scheduled trip start time",-2,492828,492830,8038
"Before scheduled trip start time",-2,359,361,8038
"Before scheduled trip start time",-2,22718,22720,8038
"Before scheduled trip start time",-2,14118,14120,8038
"Before scheduled trip start time",-2,19534,19536,8038
"Before scheduled trip start time",-2,35467,35469,8038
"Before scheduled trip start time",-2,43127,43129,8038
"Before scheduled trip start time",-2,28978,28980,8038
"Before scheduled trip start time",-2,4819,4821,8038
"Before scheduled trip start time",-2,2379,2381,8038
"Before scheduled trip start time",-2,12814,12816,8038
"Before scheduled trip start time",-2,393,395,8038
"Before scheduled trip start time",-2,1593,1595,8038
"Before scheduled trip start time",-2,52227,52229,8038
"Before scheduled trip start time",-2,52647,52649,8038
"Before scheduled trip start time",-2,31316,31318,8038
"Before scheduled trip start time",-2,22814,22816,8038
"Before scheduled trip start time",-2,659000,659002,8038
"Before scheduled trip start time",-2,578,580,8038
"Before scheduled trip start time",-2,1097,1099,8038
"Before scheduled trip start time",-2,11092,11094,8038
"Before scheduled trip start time",-2,2014,2016,8038
"Before scheduled trip start time",-2,1013,1015,8038
"Before scheduled trip start time",-2,50379,50381,8038
"Before scheduled trip start time",-2,25996,25998,8038
"Before scheduled trip start time",-2,661040,661042,8038
"Before scheduled trip start time",-2,39336,39338,8038
"Before scheduled trip start time",-2,23838,23840,8038
"Before scheduled trip start time",-2,75247,75249,8038
"Before scheduled trip start time",-2,266,268,8038
"Before scheduled trip start time",-2,17514,17516,8038
"Before scheduled trip start time",-2,68779,68781,8038
"Before scheduled trip start time",-2,33063,33065,8038
"Before scheduled trip start time",-2,7854,7856,8038
"Before scheduled trip start time",-2,11055,11057,8038
"Before scheduled trip start time",-2,3799,3801,8038
"Before scheduled trip start time",-2,11152,11154,8038
"Before scheduled trip start time",-2,1169,1171,8038
"Before scheduled trip start time",-2,2974,2976,8038
"Before scheduled trip start time",-2,442,444,8038
"Before scheduled trip start time",-2,52339,52341,8038
"Before scheduled trip start time",-2,56479,56481,8038
"Before scheduled trip start time",-2,47947,47949,8038
"Before scheduled trip start time",-2,674440,674442,8038
"Before scheduled trip start time",-2,124,126,8038
"Before scheduled trip start time",-2,42999,43001,8038
"Before scheduled trip start time",-2,496128,496130,8038
"Before scheduled trip start time",-2,68787,68789,8038
"Before scheduled trip start time",-2,803,805,8038
"Before scheduled trip start time",-2,666180,666182,8038
"Before scheduled trip start time",-2,33163,33165,8038
"Before scheduled trip start time",-2,31078,31080,8038
"Before scheduled trip start time",-2,2455,2457,8038
"Before scheduled trip start time",-2,114,116,8038
"Before scheduled trip start time",-2,48859,48861,8038
"Before scheduled trip start time",-2,502528,502530,8038
"Before scheduled trip start time",-2,685100,685102,8038
"Before scheduled trip start time",-2,47927,47929,8038
"Before scheduled trip start time",-2,42259,42261,8038
"Before scheduled trip start time",-2,338,340,8038
"Before scheduled trip start time",-2,1114,1116,8038
"Before scheduled trip start time",-2,2052,2054,8038
"Before scheduled trip start time",-2,1450,1452,8038
"Before scheduled trip start time",-2,11318,11320,8038
"Before scheduled trip start time",-2,16054,16056,8038
"Before scheduled trip start time",-2,22174,22176,8038
"Before scheduled trip start time",-2,15538,15540,8038
"Before scheduled trip start time",-2,61239,61241,8038
"Before scheduled trip start time",-2,3074,3076,8038
"Before scheduled trip start time",-2,77959,77961,8038
"Before scheduled trip start time",-2,1959,1961,8038
"Before scheduled trip start time",-2,28356,28358,8038
"Before scheduled trip start time",-2,681100,681102,8038
"Before scheduled trip start time",-2,41576,41578,8038
"Before scheduled trip start time",-2,53319,53321,8038
"Before scheduled trip start time",-2,26603,26605,8038
"Before scheduled trip start time",-2,19818,19820,8038
"Before scheduled trip start time",-2,74867,74869,8038
"Before scheduled trip start time",-2,330,332,8038
"Before scheduled trip start time",-2,9735,9737,8038
"Before scheduled trip start time",-2,784,786,8038
"Before scheduled trip start time",-2,8994,8996,8038
"Before scheduled trip start time",-2,8097,8099,8038
"Before scheduled trip start time",-2,496768,496770,8038
"Before scheduled trip start time",-2,15574,15576,8038
"Before scheduled trip start time",-2,26714,26716,8038
"Before scheduled trip start time",-2,684260,684262,8038
"Before scheduled trip start time",-2,47567,47569,8038
"Before scheduled trip start time",-2,31058,31060,8038
"Before scheduled trip start time",-2,7175,7177,8038
"Before scheduled trip start time",-2,32658,32660,8038
"Before scheduled trip start time",-2,6154,6156,8038
"Before scheduled trip start time",-2,49399,49401,8038
"Before scheduled trip start time",-2,49979,49981,8038
"Before scheduled trip start time",-2,2140,2142,8038
"Before scheduled trip start time",-2,344,346,8038
"Before scheduled trip start time",-2,39456,39458,8038
"Before scheduled trip start time",-2,21758,21760,8038
"Before scheduled trip start time",-2,683500,683502,8038
"Before scheduled trip start time",-2,27274,27276,8038
"Before scheduled trip start time",-2,657480,657482,8038
"Before scheduled trip start time",-2,77087,77089,8038
"Before scheduled trip start time",-2,4019,4021,8038
"Before scheduled trip start time",-2,1495,1497,8038
"Before scheduled trip start time",-2,2155,2157,8038
"Before scheduled trip start time",-2,2694,2696,8038
"Before scheduled trip start time",-2,20398,20400,8038
"Before scheduled trip start time",-2,13818,13820,8038
"Before scheduled trip start time",-2,45927,45929,8038
"Before scheduled trip start time",-2,46967,46969,8038
"Before scheduled trip start time",-2,505,507,8038
"Before scheduled trip start time",-2,843,845,8038
"Before scheduled trip start time",-2,10114,10116,8038
"Before scheduled trip start time",-2,2335,2337,8038
"Before scheduled trip start time",-2,4415,4417,8038
"Before scheduled trip start time",-2,6295,6297,8038
"Before scheduled trip start time",-2,11434,11436,8038
"Before scheduled trip start time",-2,2374,2376,8038
"Before scheduled trip start time",-2,38516,38518,8038
"Before scheduled trip start time",-2,1727,1729,8038
"Before scheduled trip start time",-2,679000,679002,8038
"Before scheduled trip start time",-2,31996,31998,8038
"Before scheduled trip start time",-2,16003,16005,8038
"Before scheduled trip start time",-2,18358,18360,8038
"Before scheduled trip start time",-2,29774,29776,8038
"Before scheduled trip start time",-2,518,520,8038
"Before scheduled trip start time",-2,514128,514130,8038
"Before scheduled trip start time",-2,2712,2714,8038
"Before scheduled trip start time",-2,31974,31976,8038
"Before scheduled trip start time",-2,30938,30940,8038
"Before scheduled trip start time",-2,699,701,8038
"Before scheduled trip start time",-2,32838,32840,8038
"Before scheduled trip start time",-2,12854,12856,8038
"Before scheduled trip start time",-2,672260,672262,8038
"Before scheduled trip start time",-2,49707,49709,8038
"Before scheduled trip start time",-2,494068,494070,8038
"Before scheduled trip start time",-2,21154,21156,8038
"Before scheduled trip start time",-2,63419,63421,8038
"Before scheduled trip start time",-2,7154,7156,8038
"Before scheduled trip start time",-2,9235,9237,8038
"Before scheduled trip start time",-2,665,667,8038
"Before scheduled trip start time",-2,7432,7434,8038
"Before scheduled trip start time",-2,57367,57369,8038
"Before scheduled trip start time",-2,54927,54929,8038
"Before scheduled trip start time",-2,494728,494730,8038
"Before scheduled trip start time",-2,18203,18205,8038
"Before scheduled trip start time",-2,207,209,8038
"Before scheduled trip start time",-2,75527,75529,8038
"Before scheduled trip start time",-2,19514,19516,8038
"Before scheduled trip start time",-2,668240,668242,8038
"Before scheduled trip start time",-2,42787,42789,8038
"Before scheduled trip start time",-2,445,447,8038
"Before scheduled trip start time",-2,512468,512470,8038
"Before scheduled trip start time",-2,9615,9617,8038
"Before scheduled trip start time",-2,30278,30280,8038
"Before scheduled trip start time",-2,1326,1328,8038
"Before scheduled trip start time",-2,2775,2777,8038
"Before scheduled trip start time",-2,10792,10794,8038
"Before scheduled trip start time",-2,11412,11414,8038
"Before scheduled trip start time",-2,20543,20545,8038
"Before scheduled trip start time",-2,51,53,8038
"Before scheduled trip start time",-2,31923,31925,8038
"Before scheduled trip start time",-2,1951,1953,8038
"Before scheduled trip start time",-2,43759,43761,8038
"Before scheduled trip start time",-2,21258,21260,8038
"Before scheduled trip start time",-2,168,170,8038
"Before scheduled trip start time",-2,74967,74969,8038
"Before scheduled trip start time",-2,34587,34589,8038
"Before scheduled trip start time",-2,657680,657682,8038
"Before scheduled trip start time",-2,663900,663902,8038
"Before scheduled trip start time",-2,511448,511450,8038
"Before scheduled trip start time",-2,468,470,8038
"Before scheduled trip start time",-2,8914,8916,8038
"Before scheduled trip start time",-2,31674,31676,8038
"Before scheduled trip start time",-2,6452,6454,8038
"Before scheduled trip start time",-2,21383,21385,8038
"Before scheduled trip start time",-2,23,25,8038
"Before scheduled trip start time",-2,16,18,8038
"Before scheduled trip start time",-2,507648,507650,8038
"Before scheduled trip start time",-2,58419,58421,8038
"Before scheduled trip start time",-2,680840,680842,8038
"Before scheduled trip start time",-2,787,789,8038
"Before scheduled trip start time",-2,17738,17740,8038
"Before scheduled trip start time",-2,663500,663502,8038
"Before scheduled trip start time",-2,68099,68101,8038
"Before scheduled trip start time",-2,3215,3217,8038
"Before scheduled trip start time",-2,6419,6421,8038
"Before scheduled trip start time",-2,70979,70981,8038
"Before scheduled trip start time",-2,73959,73961,8038
"Before scheduled trip start time",-2,1710,1712,8038
"Before scheduled trip start time",-2,12798,12800,8038
"Before scheduled trip start time",-2,49719,49721,8038
"Before scheduled trip start time",-2,27456,27458,8038
"Before scheduled trip start time",-2,48707,48709,8038
"Before scheduled trip start time",-2,663120,663122,8038
"Before scheduled trip start time",-2,198,200,8038
"Before scheduled trip start time",-2,71547,71549,8038
"Before scheduled trip start time",-2,689100,689102,8038
"Before scheduled trip start time",-2,212,214,8038
"Before scheduled trip start time",-2,34287,34289,8038
"Before scheduled trip start time",-2,658580,658582,8038
"Before scheduled trip start time",-2,10635,10637,8038
"Before scheduled trip start time",-2,6432,6434,8038
"Before scheduled trip start time",-2,1670,1672,8038
"Before scheduled trip start time",-2,22143,22145,8038
"Before scheduled trip start time",-2,32483,32485,8038
"Before scheduled trip start time",-2,27256,27258,8038
"Before scheduled trip start time",-2,661780,661782,8038
"Before scheduled trip start time",-2,662320,662322,8038
"Before scheduled trip start time",-2,58647,58649,8038
"Before scheduled trip start time",-2,41387,41389,8038
"Before scheduled trip start time",-2,4877,4879,8038
"Before scheduled trip start time",-2,1817,1819,8038
"Before scheduled trip start time",-2,33474,33476,8038
"Before scheduled trip start time",-2,75479,75481,8038
"Before scheduled trip start time",-2,72759,72761,8038
"Before scheduled trip start time",-2,1917,1919,8038
"Before scheduled trip start time",-2,38016,38018,8038
"Before scheduled trip start time",-2,509568,509570,8038
"Before scheduled trip start time",-2,670640,670642,8038
"Before scheduled trip start time",-2,48107,48109,8038
"Before scheduled trip start time",-2,50667,50669,8038
"Before scheduled trip start time",-2,28543,28545,8038
"Before scheduled trip start time",-2,56119,56121,8038
"Before scheduled trip start time",-2,682300,682302,8038
"Before scheduled trip start time",-2,16694,16696,8038
"Before scheduled trip start time",-2,18414,18416,8038
"Before scheduled trip start time",-2,46167,46169,8038
"Before scheduled trip start time",-2,666220,666222,8038
"Before scheduled trip start time",-2,511428,511430,8038
"Before scheduled trip start time",-2,9597,9599,8038
"Before scheduled trip start time",-2,890,892,8038
"Before scheduled trip start time",-2,33418,33420,8038
"Before scheduled trip start time",-2,10398,10400,8038
"Before scheduled trip start time",-2,57419,57421,8038
"Before scheduled trip start time",-2,673040,673042,8038
"Before scheduled trip start time",-2,57627,57629,8038
"Before scheduled trip start time",-2,674560,674562,8038
"Before scheduled trip start time",-2,662040,662042,8038
"Before scheduled trip start time",-2,52939,52941,8038
"Before scheduled trip start time",-2,54519,54521,8038
"Before scheduled trip start time",-2,27943,27945,8038
"Before scheduled trip start time",-2,260,262,8038
"Before scheduled trip start time",-2,13978,13980,8038
"Before scheduled trip start time",-2,34727,34729,8038
"Before scheduled trip start time",-2,688,690,8038
"Before scheduled trip start time",-2,1819,1821,8038
"Before scheduled trip start time",-2,79739,79741,8038
"Before scheduled trip start time",-2,9217,9219,8038
"Before scheduled trip start time",-2,47599,47601,8038
"Before scheduled trip start time",-2,237,239,8038
"Before scheduled trip start time",-2,25103,25105,8038
"Before scheduled trip start time",-2,503348,503350,8038
"Before scheduled trip start time",-2,25803,25805,8038
"Before scheduled trip start time",-2,28076,28078,8038
"Before scheduled trip start time",-2,661480,661482,8038
"Before scheduled trip start time",-2,44099,44101,8038
"Before scheduled trip start time",-2,44759,44761,8038
"Before scheduled trip start time",-2,185,187,8038
"Before scheduled trip start time",-2,33547,33549,8038
"Before scheduled trip start time",-2,33194,33196,8038
"Before scheduled trip start time",-2,75519,75521,8038
"Before scheduled trip start time",-2,805,807,8038
"Before scheduled trip start time",-2,418,420,8038
"Before scheduled trip start time",-2,19563,19565,8038
"Before scheduled trip start time",-2,51967,51969,8038
"Before scheduled trip start time",-2,503648,503650,8038
"Before scheduled trip start time",-2,60487,60489,8038
"Before scheduled trip start time",-2,61947,61949,8038
"Before scheduled trip start time",-2,692,694,8038
"Before scheduled trip start time",-2,806,808,8038
"Before scheduled trip start time",-2,21743,21745,8038
"Before scheduled trip start time",-2,660080,660082,8038
"Before scheduled trip start time",-2,661440,661442,8038
"Before scheduled trip start time",-2,28536,28538,8038
"Before scheduled trip start time",-2,39736,39738,8038
"Before scheduled trip start time",-2,1293,1295,8038
"Before scheduled trip start time",-2,28114,28116,8038
"Before scheduled trip start time",-2,347,349,8038
"Before scheduled trip start time",-2,3032,3034,8038
"Before scheduled trip start time",-2,5219,5221,8038
"Before scheduled trip start time",-2,372,374,8038
"Before scheduled trip start time",-2,561,563,8038
"Before scheduled trip start time",-2,29643,29645,8038
"Before scheduled trip start time",-2,2011,2013,8038
"Before scheduled trip start time",-2,688300,688302,8038
"Before scheduled trip start time",-2,37267,37269,8038
"Before scheduled trip start time",-2,27794,27796,8038
"Before scheduled trip start time",-2,16438,16440,8038
"Before scheduled trip start time",-2,47707,47709,8038
"Before scheduled trip start time",-2,9154,9156,8038
"Before scheduled trip start time",-2,2697,2699,8038
"Before scheduled trip start time",-2,33594,33596,8038
"Before scheduled trip start time",-2,984,986,8038
"Before scheduled trip start time",-2,7719,7721,8038
"Before scheduled trip start time",-2,3399,3401,8038
"Before scheduled trip start time",-2,7672,7674,8038
"Before scheduled trip start time",-2,500448,500450,8038
"Before scheduled trip start time",-2,63427,63429,8038
"Before scheduled trip start time",-2,65407,65409,8038
"Before scheduled trip start time",-2,56027,56029,8038
"Before scheduled trip start time",-2,29656,29658,8038
"Before scheduled trip start time",-2,39576,39578,8038
"Before scheduled trip start time",-2,23378,23380,8038
"Before scheduled trip start time",-2,105,107,8038
"Before scheduled trip start time",-2,75807,75809,8038
"Before scheduled trip start time",-2,511768,511770,8038
"Before scheduled trip start time",-2,2437,2439,8038
"Before scheduled trip start time",-2,10895,10897,8038
"Before scheduled trip start time",-2,10234,10236,8038
"Before scheduled trip start time",-2,6715,6717,8038
"Before scheduled trip start time",-2,2909,2911,8038
"Before scheduled trip start time",-2,7797,7799,8038
"Before scheduled trip start time",-2,19883,19885,8038
"Before scheduled trip start time",-2,153,155,8038
"Before scheduled trip start time",-2,1971,1973,8038
"Before scheduled trip start time",-2,2751,2753,8038
"Before scheduled trip start time",-2,671900,671902,8038
"Before scheduled trip start time",-2,27194,27196,8038
"Before scheduled trip start time",-2,657340,657342,8038
"Before scheduled trip start time",-2,366,368,8038
"Before scheduled trip start time",-2,43507,43509,8038
"Before scheduled trip start time",-2,67659,67661,8038
"Before scheduled trip start time",-2,511928,511930,8038
"Before scheduled trip start time",-2,29578,29580,8038
"Before scheduled trip start time",-2,6735,6737,8038
"Before scheduled trip start time",-2,594,596,8038
"Before scheduled trip start time",-2,497208,497210,8038
"Before scheduled trip start time",-2,37996,37998,8038
"Before scheduled trip start time",-2,502408,502410,8038
"Before scheduled trip start time",-2,503268,503270,8038
"Before scheduled trip start time",-2,231,233,8038
"Before scheduled trip start time",-2,48167,48169,8038
"Before scheduled trip start time",-2,56747,56749,8038
"Before scheduled trip start time",-2,675720,675722,8038
"Before scheduled trip start time",-2,20174,20176,8038
"Before scheduled trip start time",-2,658000,658002,8038
"Before scheduled trip start time",-2,857,859,8038
"Before scheduled trip start time",-2,1008,1010,8038
"Before scheduled trip start time",-2,5857,5859,8038
"Before scheduled trip start time",-2,5072,5074,8038
"Before scheduled trip start time",-2,31994,31996,8038
"Before scheduled trip start time",-2,652,654,8038
"Before scheduled trip start time",-2,735,737,8038
"Before scheduled trip start time",-2,1730,1732,8038
"Before scheduled trip start time",-2,10778,10780,8038
"Before scheduled trip start time",-2,35736,35738,8038
"Before scheduled trip start time",-2,671920,671922,8038
"Before scheduled trip start time",-2,49947,49949,8038
"Before scheduled trip start time",-2,680320,680322,8038
"Before scheduled trip start time",-2,16383,16385,8038
"Before scheduled trip start time",-2,53039,53041,8038
"Before scheduled trip start time",-2,28734,28736,8038
"Before scheduled trip start time",-2,41627,41629,8038
"Before scheduled trip start time",-2,32514,32516,8038
"Before scheduled trip start time",-2,1746,1748,8038
"Before scheduled trip start time",-2,9712,9714,8038
"Before scheduled trip start time",-2,7897,7899,8038
"Before scheduled trip start time",-2,234,236,8038
"Before scheduled trip start time",-2,503028,503030,8038
"Before scheduled trip start time",-2,508348,508350,8038
"Before scheduled trip start time",-2,58147,58149,8038
"Before scheduled trip start time",-2,60467,60469,8038
"Before scheduled trip start time",-2,294,296,8038
"Before scheduled trip start time",-2,657260,657262,8038
"Before scheduled trip start time",-2,321,323,8038
"Before scheduled trip start time",-2,920,922,8038
"Before scheduled trip start time",-2,511828,511830,8038
"Before scheduled trip start time",-2,512668,512670,8038
"Before scheduled trip start time",-2,2492,2494,8038
"Before scheduled trip start time",-2,28918,28920,8038
"Before scheduled trip start time",-2,33374,33376,8038
"Before scheduled trip start time",-2,73459,73461,8038
"Before scheduled trip start time",-2,11378,11380,8038
"Before scheduled trip start time",-2,15694,15696,8038
"Before scheduled trip start time",-2,58859,58861,8038
"Before scheduled trip start time",-2,686760,686762,8038
"Before scheduled trip start time",-2,48647,48649,8038
"Before scheduled trip start time",-2,17883,17885,8038
"Before scheduled trip start time",-2,60027,60029,8038
"Before scheduled trip start time",-2,659560,659562,8038
"Before scheduled trip start time",-2,62999,63001,8038
"Before scheduled trip start time",-2,3459,3461,8038
"Before scheduled trip start time",-2,75339,75341,8038
"Before scheduled trip start time",-2,4755,4757,8038
"Before scheduled trip start time",-2,1477,1479,8038
"Before scheduled trip start time",-2,64519,64521,8038
"Before scheduled trip start time",-2,4650,4652,8038
"Before scheduled trip start time",-2,5954,5956,8038
"Before scheduled trip start time",-2,32643,32645,8038
"Before scheduled trip start time",-2,495828,495830,8038
"Before scheduled trip start time",-2,40296,40298,8038
"Before scheduled trip start time",-2,40336,40338,8038
"Before scheduled trip start time",-2,506808,506810,8038
"Before scheduled trip start time",-2,220,222,8038
"Before scheduled trip start time",-2,20994,20996,8038
"Before scheduled trip start time",-2,19258,19260,8038
"Before scheduled trip start time",-2,61627,61629,8038
"Before scheduled trip start time",-2,605,607,8038
"Before scheduled trip start time",-2,6954,6956,8038
"Before scheduled trip start time",-2,9777,9779,8038
"Before scheduled trip start time",-2,66119,66121,8038
"Before scheduled trip start time",-2,867,869,8038
"Before scheduled trip start time",-2,33198,33200,8038
"Before scheduled trip start time",-2,48379,48381,8038
"Before scheduled trip start time",-2,36076,36078,8038
"Before scheduled trip start time",-2,500548,500550,8038
"Before scheduled trip start time",-2,1367,1369,8038
"Before scheduled trip start time",-2,682020,682022,8038
"Before scheduled trip start time",-2,543,545,8038
"Before scheduled trip start time",-2,8155,8157,8038
"Before scheduled trip start time",-2,3599,3601,8038
"Before scheduled trip start time",-2,1027,1029,8038
"Before scheduled trip start time",-2,9838,9840,8038
"Before scheduled trip start time",-2,23823,23825,8038
"Before scheduled trip start time",-2,507168,507170,8038
"Before scheduled trip start time",-2,676080,676082,8038
"Before scheduled trip start time",-2,29149,29151,8038
"Before scheduled trip start time",-2,18418,18420,8038
"Before scheduled trip start time",-2,688700,688702,8038
"Before scheduled trip start time",-2,4557,4559,8038
"Before scheduled trip start time",-2,2429,2431,8038
"Before scheduled trip start time",-2,1054,1056,8038
"Before scheduled trip start time",-2,1874,1876,8038
"Before scheduled trip start time",-2,48979,48981,8038
"Before scheduled trip start time",-2,25976,25978,8038
"Before scheduled trip start time",-2,681160,681162,8038
"Before scheduled trip start time",-2,31436,31438,8038
"Before scheduled trip start time",-2,45439,45441,8038
"Before scheduled trip start time",-2,68387,68389,8038
"Before scheduled trip start time",-2,670120,670122,8038
"Before scheduled trip start time",-2,43367,43369,8038
"Before scheduled trip start time",-2,531,533,8038
"Before scheduled trip start time",-2,74719,74721,8038
"Before scheduled trip start time",-2,71239,71241,8038
"Before scheduled trip start time",-2,1295,1297,8038
"Before scheduled trip start time",-2,2019,2021,8038
"Before scheduled trip start time",-2,6815,6817,8038
"Before scheduled trip start time",-2,3709,3711,8038
"Before scheduled trip start time",-2,19983,19985,8038
"Before scheduled trip start time",-2,671100,671102,8038
"Before scheduled trip start time",-2,677080,677082,8038
"Before scheduled trip start time",-2,60907,60909,8038
"Before scheduled trip start time",-2,2517,2519,8038
"Before scheduled trip start time",-2,4492,4494,8038
"Before scheduled trip start time",-2,31614,31616,8038
"Before scheduled trip start time",-2,12992,12994,8038
"Before scheduled trip start time",-2,1569,1571,8038
"Before scheduled trip start time",-2,22043,22045,8038
"Before scheduled trip start time",-2,49899,49901,8038
"Before scheduled trip start time",-2,24363,24365,8038
"Before scheduled trip start time",-2,31643,31645,8038
"Before scheduled trip start time",-2,58839,58841,8038
"Before scheduled trip start time",-2,25816,25818,8038
"Before scheduled trip start time",-2,661180,661182,8038
"Before scheduled trip start time",-2,29243,29245,8038
"Before scheduled trip start time",-2,22398,22400,8038
"Before scheduled trip start time",-2,820,822,8038
"Before scheduled trip start time",-2,27338,27340,8038
"Before scheduled trip start time",-2,663740,663742,8038
"Before scheduled trip start time",-2,3509,3511,8038
"Before scheduled trip start time",-2,1270,1272,8038
"Before scheduled trip start time",-2,27476,27478,8038
"Before scheduled trip start time",-2,94,96,8038
"Before scheduled trip start time",-2,239,241,8038
"Before scheduled trip start time",-2,41796,41798,8038
"Before scheduled trip start time",-2,504368,504370,8038
"Before scheduled trip start time",-2,54039,54041,8038
"Before scheduled trip start time",-2,54379,54381,8038
"Before scheduled trip start time",-2,25334,25336,8038
"Before scheduled trip start time",-2,486,488,8038
"Before scheduled trip start time",-2,15238,15240,8038
"Before scheduled trip start time",-2,656720,656722,8038
"Before scheduled trip start time",-2,2235,2237,8038
"Before scheduled trip start time",-2,11752,11754,8038
"Before scheduled trip start time",-2,51819,51821,8038
"Before scheduled trip start time",-2,59979,59981,8038
"Before scheduled trip start time",-2,505568,505570,8038
"Before scheduled trip start time",-2,26454,26456,8038
"Before scheduled trip start time",-2,17938,17940,8038
"Before scheduled trip start time",-2,22314,22316,8038
"Before scheduled trip start time",-2,2474,2476,8038
"Before scheduled trip start time",-2,-8,-6,8038
"Before scheduled trip start time",-2,18174,18176,8038
"Before scheduled trip start time",-2,848,850,8038
"Before scheduled trip start time",-2,663800,663802,8038
"Before scheduled trip start time",-2,470,472,8038
"Before scheduled trip start time",-2,63159,63161,8038
"Before scheduled trip start time",-2,2797,2799,8038
"Before scheduled trip start time",-2,29598,29600,8038
"Before scheduled trip start time",-2,3559,3561,8038
"Before scheduled trip start time",-2,4314,4316,8038
"Before scheduled trip start time",-2,515928,515930,8038
"Before scheduled trip start time",-2,499428,499430,8038
"Before scheduled trip start time",-2,22483,22485,8038
"Before scheduled trip start time",-2,500348,500350,8038
"Before scheduled trip start time",-2,23943,23945,8038
"Before scheduled trip start time",-2,55079,55081,8038
"Before scheduled trip start time",-2,33516,33518,8038
"Before scheduled trip start time",-2,428,430,8038
"Before scheduled trip start time",-2,656940,656942,8038
"Before scheduled trip start time",-2,403,405,8038
"Before scheduled trip start time",-2,434,436,8038
"Before scheduled trip start time",-2,645,647,8038
"Before scheduled trip start time",-2,9992,9994,8038
"Before scheduled trip start time",-2,73198,73200,8038
"Before scheduled trip start time",-2,21523,21525,8038
"Before scheduled trip start time",-2,48027,48029,8038
"Before scheduled trip start time",-2,56787,56789,8038
"Before scheduled trip start time",-2,58487,58489,8038
"Before scheduled trip start time",-2,39476,39478,8038
"Before scheduled trip start time",-2,23694,23696,8038
"Before scheduled trip start time",-2,74567,74569,8038
"Before scheduled trip start time",-2,75727,75729,8038
"Before scheduled trip start time",-2,61999,62001,8038
"Before scheduled trip start time",-2,2428,2430,8038
"Before scheduled trip start time",-2,77539,77541,8038
"Before scheduled trip start time",-2,73399,73401,8038
"Before scheduled trip start time",-2,80879,80881,8038
"Before scheduled trip start time",-2,7535,7537,8038
"Before scheduled trip start time",-2,13172,13174,8038
"Before scheduled trip start time",-2,11134,11136,8038
"Before scheduled trip start time",-2,21543,21545,8038
"Before scheduled trip start time",-2,13094,13096,8038
"Before scheduled trip start time",-2,2087,2089,8038
"Before scheduled trip start time",-2,508768,508770,8038
"Before scheduled trip start time",-2,62547,62549,8038
"Before scheduled trip start time",-2,811,813,8038
"Before scheduled trip start time",-2,42679,42681,8038
"Before scheduled trip start time",-2,53359,53361,8038
"Before scheduled trip start time",-2,19874,19876,8038
"Before scheduled trip start time",-2,18278,18280,8038
"Before scheduled trip start time",-2,683720,683722,8038
"Before scheduled trip start time",-2,75207,75209,8038
"Before scheduled trip start time",-2,2832,2834,8038
"Before scheduled trip start time",-2,5377,5379,8038
"Before scheduled trip start time",-2,8854,8856,8038
"Before scheduled trip start time",-2,73739,73741,8038
"Before scheduled trip start time",-2,9652,9654,8038
"Before scheduled trip start time",-2,1734,1736,8038
"Before scheduled trip start time",-2,21243,21245,8038
"Before scheduled trip start time",-2,22223,22225,8038
"Before scheduled trip start time",-2,39507,39509,8038
"Before scheduled trip start time",-2,506988,506990,8038
"Before scheduled trip start time",-2,23514,23516,8038
"Before scheduled trip start time",-2,24654,24656,8038
"Before scheduled trip start time",-2,18058,18060,8038
"Before scheduled trip start time",-2,66387,66389,8038
"Before scheduled trip start time",-2,66607,66609,8038
"Before scheduled trip start time",-2,44367,44369,8038
"Before scheduled trip start time",-2,42747,42749,8038
"Before scheduled trip start time",-2,673,675,8038
"Before scheduled trip start time",-2,1384,1386,8038
"Before scheduled trip start time",-2,29293,29295,8038
"Before scheduled trip start time",-2,6475,6477,8038
"Before scheduled trip start time",-2,4977,4979,8038
"Before scheduled trip start time",-2,497908,497910,8038
"Before scheduled trip start time",-2,499848,499850,8038
"Before scheduled trip start time",-2,63727,63729,8038
"Before scheduled trip start time",-2,670660,670662,8038
"Before scheduled trip start time",-2,31576,31578,8038
"Before scheduled trip start time",-2,76487,76489,8038
"Before scheduled trip start time",-2,-3,-1,8038
"Before scheduled trip start time",-2,13758,13760,8038
"Before scheduled trip start time",-2,70659,70661,8038
"Before scheduled trip start time",-2,33243,33245,8038
"Before scheduled trip start time",-2,1694,1696,8038
"Before scheduled trip start time",-2,76719,76721,8038
"Before scheduled trip start time",-2,19583,19585,8038
"Before scheduled trip start time",-2,853,855,8038
"Before scheduled trip start time",-2,31823,31825,8038
"Before scheduled trip start time",-2,491,493,8038
"Before scheduled trip start time",-2,56727,56729,8038
"Before scheduled trip start time",-2,47429,47431,8038
"Before scheduled trip start time",-2,200,202,8038
"Before scheduled trip start time",-2,23134,23136,8038
"Before scheduled trip start time",-2,689200,689202,8038
"Before scheduled trip start time",-2,24998,25000,8038
"Before scheduled trip start time",-2,27558,27560,8038
"Before scheduled trip start time",-2,15858,15860,8038
"Before scheduled trip start time",-2,4317,4319,8038
"Before scheduled trip start time",-2,2757,2759,8038
"Before scheduled trip start time",-2,29818,29820,8038
"Before scheduled trip start time",-2,1255,1257,8038
"Before scheduled trip start time",-2,2535,2537,8038
"Before scheduled trip start time",-2,72979,72981,8038
"Before scheduled trip start time",-2,11392,11394,8038
"Before scheduled trip start time",-2,12272,12274,8038
"Before scheduled trip start time",-2,10854,10856,8038
"Before scheduled trip start time",-2,2154,2156,8038
"Before scheduled trip start time",-2,17,19,8038
"Before scheduled trip start time",-2,12138,12140,8038
"Before scheduled trip start time",-2,38556,38558,8038
"Before scheduled trip start time",-2,22903,22905,8038
"Before scheduled trip start time",-2,671460,671462,8038
"Before scheduled trip start time",-2,678060,678062,8038
"Before scheduled trip start time",-2,31636,31638,8038
"Before scheduled trip start time",-2,493668,493670,8038
"Before scheduled trip start time",-2,17003,17005,8038
"Before scheduled trip start time",-2,26058,26060,8038
"Before scheduled trip start time",-2,17074,17076,8038
"Before scheduled trip start time",-2,514268,514270,8038
"Before scheduled trip start time",-2,73719,73721,8038
"Before scheduled trip start time",-2,13972,13974,8038
"Before scheduled trip start time",-2,8692,8694,8038
"Before scheduled trip start time",-2,46979,46981,8038
"Before scheduled trip start time",-2,48,50,8038
"Before scheduled trip start time",-2,28136,28138,8038
"Before scheduled trip start time",-2,1620,1622,8038
"Before scheduled trip start time",-2,27563,27565,8038
"Before scheduled trip start time",-2,506288,506290,8038
"Before scheduled trip start time",-2,29083,29085,8038
"Before scheduled trip start time",-2,26394,26396,8038
"Before scheduled trip start time",-2,146,148,8038
"Before scheduled trip start time",-2,34847,34849,8038
"Before scheduled trip start time",-2,383,385,8038
"Before scheduled trip start time",-2,67779,67781,8038
"Before scheduled trip start time",-2,9295,9297,8038
"Before scheduled trip start time",-2,5519,5521,8038
"Before scheduled trip start time",-2,3594,3596,8038
"Before scheduled trip start time",-2,515348,515350,8038
"Before scheduled trip start time",-2,835,837,8038
"Before scheduled trip start time",-2,1914,1916,8038
"Before scheduled trip start time",-2,14814,14816,8038
"Before scheduled trip start time",-2,29583,29585,8038
"Before scheduled trip start time",-2,31163,31165,8038
"Before scheduled trip start time",-2,419,421,8038
"Before scheduled trip start time",-2,64907,64909,8038
"Before scheduled trip start time",-2,687660,687662,8038
"Before scheduled trip start time",-2,55367,55369,8038
"Before scheduled trip start time",-2,660880,660882,8038
"Before scheduled trip start time",-2,662660,662662,8038
"Before scheduled trip start time",-2,42319,42321,8038
"Before scheduled trip start time",-2,44979,44981,8038
"Before scheduled trip start time",-2,27783,27785,8038
"Before scheduled trip start time",-2,71147,71149,8038
"Before scheduled trip start time",-2,21574,21576,8038
"Before scheduled trip start time",-2,132,134,8038
"Before scheduled trip start time",-2,265,267,8038
"Before scheduled trip start time",-2,511608,511610,8038
"Before scheduled trip start time",-2,5152,5154,8038
"Before scheduled trip start time",-2,28738,28740,8038
"Before scheduled trip start time",-2,78759,78761,8038
"Before scheduled trip start time",-2,13852,13854,8038
"Before scheduled trip start time",-2,14974,14976,8038
"Before scheduled trip start time",-2,502948,502950,8038
"Before scheduled trip start time",-2,52639,52641,8038
"Before scheduled trip start time",-2,56999,57001,8038
"Before scheduled trip start time",-2,673400,673402,8038
"Before scheduled trip start time",-2,680260,680262,8038
"Before scheduled trip start time",-2,407,409,8038
"Before scheduled trip start time",-2,23474,23476,8038
"Before scheduled trip start time",-2,65907,65909,8038
"Before scheduled trip start time",-2,509,511,8038
"Before scheduled trip start time",-2,315,317,8038
"Before scheduled trip start time",-2,3592,3594,8038
"Before scheduled trip start time",-2,1044,1046,8038
"Before scheduled trip start time",-2,1020,1022,8038
"Before scheduled trip start time",-2,75419,75421,8038
"Before scheduled trip start time",-2,495,497,8038
"Before scheduled trip start time",-2,2997,2999,8038
"Before scheduled trip start time",-2,1992,1994,8038
"Before scheduled trip start time",-2,1294,1296,8038
"Before scheduled trip start time",-2,3274,3276,8038
"Before scheduled trip start time",-2,5934,5936,8038
"Before scheduled trip start time",-2,21783,21785,8038
"Before scheduled trip start time",-2,15814,15816,8038
"Before scheduled trip start time",-2,63847,63849,8038
"Before scheduled trip start time",-2,26594,26596,8038
"Before scheduled trip start time",-2,26974,26976,8038
"Before scheduled trip start time",-2,70247,70249,8038
"Before scheduled trip start time",-2,682700,682702,8038
"Before scheduled trip start time",-2,4452,4454,8038
"Before scheduled trip start time",-2,1815,1817,8038
"Before scheduled trip start time",-2,6474,6476,8038
"Before scheduled trip start time",-2,23183,23185,8038
"Before scheduled trip start time",-2,24583,24585,8038
"Before scheduled trip start time",-2,686360,686362,8038
"Before scheduled trip start time",-2,30756,30758,8038
"Before scheduled trip start time",-2,15363,15365,8038
"Before scheduled trip start time",-2,61207,61209,8038
"Before scheduled trip start time",-2,380,382,8038
"Before scheduled trip start time",-2,34567,34569,8038
"Before scheduled trip start time",-2,67579,67581,8038
"Before scheduled trip start time",-2,27998,28000,8038
"Before scheduled trip start time",-2,12492,12494,8038
"Before scheduled trip start time",-2,37047,37049,8038
"Before scheduled trip start time",-2,1594,1596,8038
"Before scheduled trip start time",-2,15938,15940,8038
"Before scheduled trip start time",-2,390,392,8038
"Before scheduled trip start time",-2,666020,666022,8038
"Before scheduled trip start time",-2,305,307,8038
"Before scheduled trip start time",-2,67559,67561,8038
"Before scheduled trip start time",-2,5112,5114,8038
"Before scheduled trip start time",-2,10194,10196,8038
"Before scheduled trip start time",-2,1154,1156,8038
"Before scheduled trip start time",-2,51619,51621,8038
"Before scheduled trip start time",-2,29309,29311,8038
"Before scheduled trip start time",-2,657380,657382,8038
"Before scheduled trip start time",-2,9855,9857,8038
"Before scheduled trip start time",-2,32138,32140,8038
"Before scheduled trip start time",-2,498308,498310,8038
"Before scheduled trip start time",-2,30463,30465,8038
"Before scheduled trip start time",-2,391,393,8038
"Before scheduled trip start time",-2,50567,50569,8038
"Before scheduled trip start time",-2,679400,679402,8038
"Before scheduled trip start time",-2,496148,496150,8038
"Before scheduled trip start time",-2,51939,51941,8038
"Before scheduled trip start time",-2,55579,55581,8038
"Before scheduled trip start time",-2,72667,72669,8038
"Before scheduled trip start time",-2,34807,34809,8038
"Before scheduled trip start time",-2,663540,663542,8038
"Before scheduled trip start time",-2,62259,62261,8038
"Before scheduled trip start time",-2,513148,513150,8038
"Before scheduled trip start time",-2,1340,1342,8038
"Before scheduled trip start time",-2,7917,7919,8038
"Before scheduled trip start time",-2,500888,500890,8038
"Before scheduled trip start time",-2,670720,670722,8038
"Before scheduled trip start time",-2,54367,54369,8038
"Before scheduled trip start time",-2,42399,42401,8038
"Before scheduled trip start time",-2,25754,25756,8038
"Before scheduled trip start time",-2,883,885,8038
"Before scheduled trip start time",-2,2074,2076,8038
"Before scheduled trip start time",-2,656840,656842,8038
"Before scheduled trip start time",-2,4677,4679,8038
"Before scheduled trip start time",-2,3175,3177,8038
"Before scheduled trip start time",-2,1748,1750,8038
"Before scheduled trip start time",-2,381,383,8038
"Before scheduled trip start time",-2,6177,6179,8038
"Before scheduled trip start time",-2,20603,20605,8038
"Before scheduled trip start time",-2,50159,50161,8038
"Before scheduled trip start time",-2,65707,65709,8038
"Before scheduled trip start time",-2,675600,675602,8038
"Before scheduled trip start time",-2,40207,40209,8038
"Before scheduled trip start time",-2,494248,494250,8038
"Before scheduled trip start time",-2,18583,18585,8038
"Before scheduled trip start time",-2,45867,45869,8038
"Before scheduled trip start time",-2,35007,35009,8038
"Before scheduled trip start time",-2,69539,69541,8038
"Before scheduled trip start time",-2,62699,62701,8038
"Before scheduled trip start time",-2,489,491,8038
"Before scheduled trip start time",-2,1859,1861,8038
"Before scheduled trip start time",-2,79519,79521,8038
"Before scheduled trip start time",-2,8752,8754,8038
"Before scheduled trip start time",-2,3714,3716,8038
"Before scheduled trip start time",-2,4714,4716,8038
"Before scheduled trip start time",-2,47499,47501,8038
"Before scheduled trip start time",-2,23163,23165,8038
"Before scheduled trip start time",-2,27316,27318,8038
"Before scheduled trip start time",-2,62707,62709,8038
"Before scheduled trip start time",-2,677040,677042,8038
"Before scheduled trip start time",-2,18778,18780,8038
"Before scheduled trip start time",-2,19158,19160,8038
"Before scheduled trip start time",-2,23374,23376,8038
"Before scheduled trip start time",-2,17934,17936,8038
"Before scheduled trip start time",-2,10255,10257,8038
"Before scheduled trip start time",-2,72839,72841,8038
"Before scheduled trip start time",-2,6919,6921,8038
"Before scheduled trip start time",-2,1321,1323,8038
"Before scheduled trip start time",-2,21983,21985,8038
"Before scheduled trip start time",-2,499968,499970,8038
"Before scheduled trip start time",-2,50099,50101,8038
"Before scheduled trip start time",-2,24823,24825,8038
"Before scheduled trip start time",-2,64747,64749,8038
"Before scheduled trip start time",-2,671000,671002,8038
"Before scheduled trip start time",-2,674040,674042,8038
"Before scheduled trip start time",-2,660180,660182,8038
"Before scheduled trip start time",-2,30276,30278,8038
"Before scheduled trip start time",-2,494928,494930,8038
"Before scheduled trip start time",-2,16978,16980,8038
"Before scheduled trip start time",-2,66087,66089,8038
"Before scheduled trip start time",-2,67799,67801,8038
"Before scheduled trip start time",-2,61119,61121,8038
"Before scheduled trip start time",-2,4172,4174,8038
"Before scheduled trip start time",-2,29918,29920,8038
"Before scheduled trip start time",-2,474,476,8038
"Before scheduled trip start time",-2,6539,6541,8038
"Before scheduled trip start time",-2,10172,10174,8038
"Before scheduled trip start time",-2,508,510,8038
"Before scheduled trip start time",-2,47039,47041,8038
"Before scheduled trip start time",-2,498428,498430,8038
"Before scheduled trip start time",-2,58219,58221,8038
"Before scheduled trip start time",-2,651,653,8038
"Before scheduled trip start time",-2,64967,64969,8038
"Before scheduled trip start time",-2,674920,674922,8038
"Before scheduled trip start time",-2,676600,676602,8038
"Before scheduled trip start time",-2,677560,677562,8038
"Before scheduled trip start time",-2,40027,40029,8038
"Before scheduled trip start time",-2,20858,20860,8038
"Before scheduled trip start time",-2,21274,21276,8038
"Before scheduled trip start time",-2,684060,684062,8038
"Before scheduled trip start time",-2,89,91,8038
"Before scheduled trip start time",-2,112,114,8038
"Before scheduled trip start time",-2,45847,45849,8038
"Before scheduled trip start time",-2,665460,665462,8038
"Before scheduled trip start time",-2,42947,42949,8038
"Before scheduled trip start time",-2,68039,68041,8038
"Before scheduled trip start time",-2,1688,1690,8038
"Before scheduled trip start time",-2,5815,5817,8038
"Before scheduled trip start time",-2,1175,1177,8038
"Before scheduled trip start time",-2,499868,499870,8038
"Before scheduled trip start time",-2,22403,22405,8038
"Before scheduled trip start time",-2,50619,50621,8038
"Before scheduled trip start time",-2,31223,31225,8038
"Before scheduled trip start time",-2,32183,32185,8038
"Before scheduled trip start time",-2,686780,686782,8038
"Before scheduled trip start time",-2,1871,1873,8038
"Before scheduled trip start time",-2,687740,687742,8038
"Before scheduled trip start time",-2,161,163,8038
"Before scheduled trip start time",-2,28083,28085,8038
"Before scheduled trip start time",-2,18158,18160,8038
"Before scheduled trip start time",-2,61487,61489,8038
"Before scheduled trip start time",-2,666880,666882,8038
"Before scheduled trip start time",-2,511128,511130,8038
"Before scheduled trip start time",-2,2237,2239,8038
"Before scheduled trip start time",-2,5597,5599,8038
"Before scheduled trip start time",-2,76879,76881,8038
"Before scheduled trip start time",-2,6235,6237,8038
"Before scheduled trip start time",-2,56759,56761,8038
"Before scheduled trip start time",-2,509628,509630,8038
"Before scheduled trip start time",-2,679080,679082,8038
"Before scheduled trip start time",-2,661400,661402,8038
"Before scheduled trip start time",-2,40347,40349,8038
"Before scheduled trip start time",-2,44319,44321,8038
"Before scheduled trip start time",-2,26763,26765,8038
"Before scheduled trip start time",-2,54879,54881,8038
"Before scheduled trip start time",-2,32316,32318,8038
"Before scheduled trip start time",-2,21938,21940,8038
"Before scheduled trip start time",-2,61647,61649,8038
"Before scheduled trip start time",-2,30134,30136,8038
"Before scheduled trip start time",-2,16354,16356,8038
"Before scheduled trip start time",-2,47727,47729,8038
"Before scheduled trip start time",-2,33827,33829,8038
"Before scheduled trip start time",-2,440,442,8038
"Before scheduled trip start time",-2,63579,63581,8038
"Before scheduled trip start time",-2,1547,1549,8038
"Before scheduled trip start time",-2,2477,2479,8038
"Before scheduled trip start time",-2,9757,9759,8038
"Before scheduled trip start time",-2,514528,514530,8038
"Before scheduled trip start time",-2,14014,14016,8038
"Before scheduled trip start time",-2,37616,37618,8038
"Before scheduled trip start time",-2,681020,681022,8038
"Before scheduled trip start time",-2,505888,505890,8038
"Before scheduled trip start time",-2,22878,22880,8038
"Before scheduled trip start time",-2,23938,23940,8038
"Before scheduled trip start time",-2,21474,21476,8038
"Before scheduled trip start time",-2,67347,67349,8038
"Before scheduled trip start time",-2,670040,670042,8038
"Before scheduled trip start time",-2,405,407,8038
"Before scheduled trip start time",-2,70759,70761,8038
"Before scheduled trip start time",-2,9774,9776,8038
"Before scheduled trip start time",-2,29878,29880,8038
"Before scheduled trip start time",-2,514948,514950,8038
"Before scheduled trip start time",-2,776,778,8038
"Before scheduled trip start time",-2,6697,6699,8038
"Before scheduled trip start time",-2,547,549,8038
"Before scheduled trip start time",-2,46079,46081,8038
"Before scheduled trip start time",-2,509808,509810,8038
"Before scheduled trip start time",-2,660220,660222,8038
"Before scheduled trip start time",-2,38627,38629,8038
"Before scheduled trip start time",-2,44239,44241,8038
"Before scheduled trip start time",-2,72007,72009,8038
"Before scheduled trip start time",-2,308,310,8038
"Before scheduled trip start time",-2,657400,657402,8038
"Before scheduled trip start time",-2,43667,43669,8038
"Before scheduled trip start time",-2,564,566,8038
"Before scheduled trip start time",-2,856,858,8038
"Before scheduled trip start time",-2,4537,4539,8038
"Before scheduled trip start time",-2,2555,2557,8038
"Before scheduled trip start time",-2,2674,2676,8038
"Before scheduled trip start time",-2,4074,4076,8038
"Before scheduled trip start time",-2,13038,13040,8038
"Before scheduled trip start time",-2,58119,58121,8038
"Before scheduled trip start time",-2,130,132,8038
"Before scheduled trip start time",-2,33396,33398,8038
"Before scheduled trip start time",-2,69527,69529,8038
"Before scheduled trip start time",-2,556,558,8038
"Before scheduled trip start time",-2,68159,68161,8038
"Before scheduled trip start time",-2,513788,513790,8038
"Before scheduled trip start time",-2,5819,5821,8038
"Before scheduled trip start time",-2,516,518,8038
"Before scheduled trip start time",-2,3449,3451,8038
"Before scheduled trip start time",-2,32898,32900,8038
"Before scheduled trip start time",-2,499568,499570,8038
"Before scheduled trip start time",-2,11558,11560,8038
"Before scheduled trip start time",-2,1453,1455,8038
"Before scheduled trip start time",-2,31743,31745,8038
"Before scheduled trip start time",-2,579,581,8038
"Before scheduled trip start time",-2,891,893,8038
"Before scheduled trip start time",-2,52927,52929,8038
"Before scheduled trip start time",-2,56079,56081,8038
"Before scheduled trip start time",-2,681900,681902,8038
"Before scheduled trip start time",-2,44467,44469,8038
"Before scheduled trip start time",-2,574,576,8038
"Before scheduled trip start time",-2,511668,511670,8038
"Before scheduled trip start time",-2,2857,2859,8038
"Before scheduled trip start time",-2,3557,3559,8038
"Before scheduled trip start time",-2,2557,2559,8038
"Before scheduled trip start time",-2,1432,1434,8038
"Before scheduled trip start time",-2,2049,2051,8038
"Before scheduled trip start time",-2,19923,19925,8038
"Before scheduled trip start time",-2,48019,48021,8038
"Before scheduled trip start time",-2,496248,496250,8038
"Before scheduled trip start time",-2,496288,496290,8038
"Before scheduled trip start time",-2,21694,21696,8038
"Before scheduled trip start time",-2,18794,18796,8038
"Before scheduled trip start time",-2,16718,16720,8038
"Before scheduled trip start time",-2,1265,1267,8038
"Before scheduled trip start time",-2,1032,1034,8038
"Before scheduled trip start time",-2,456,458,8038
"Before scheduled trip start time",-2,45839,45841,8038
"Before scheduled trip start time",-2,177,179,8038
"Before scheduled trip start time",-2,56639,56641,8038
"Before scheduled trip start time",-2,26156,26158,8038
"Before scheduled trip start time",-2,1471,1473,8038
"Before scheduled trip start time",-2,37947,37949,8038
"Before scheduled trip start time",-2,2000,2002,8038
"Before scheduled trip start time",-2,26663,26665,8038
"Before scheduled trip start time",-2,506128,506130,8038
"Before scheduled trip start time",-2,75987,75989,8038
"Before scheduled trip start time",-2,17674,17676,8038
"Before scheduled trip start time",-2,4757,4759,8038
"Before scheduled trip start time",-2,8714,8716,8038
"Before scheduled trip start time",-2,5252,5254,8038
"Before scheduled trip start time",-2,914,916,8038
"Before scheduled trip start time",-2,678480,678482,8038
"Before scheduled trip start time",-2,662540,662542,8038
"Before scheduled trip start time",-2,41176,41178,8038
"Before scheduled trip start time",-2,378,380,8038
"Before scheduled trip start time",-2,34456,34458,8038
"Before scheduled trip start time",-2,21358,21360,8038
"Before scheduled trip start time",-2,21814,21816,8038
"Before scheduled trip start time",-2,217,219,8038
"Before scheduled trip start time",-2,30014,30016,8038
"Before scheduled trip start time",-2,640,642,8038
"Before scheduled trip start time",-2,74119,74121,8038
"Before scheduled trip start time",-2,10512,10514,8038
"Before scheduled trip start time",-2,961,963,8038
"Before scheduled trip start time",-2,14494,14496,8038
"Before scheduled trip start time",-2,500108,500110,8038
"Before scheduled trip start time",-2,685080,685082,8038
"Before scheduled trip start time",-2,662180,662182,8038
"Before scheduled trip start time",-2,55539,55541,8038
"Before scheduled trip start time",-2,23774,23776,8038
"Before scheduled trip start time",-2,747,749,8038
"Before scheduled trip start time",-2,26118,26120,8038
"Before scheduled trip start time",-2,1928,1930,8038
"Before scheduled trip start time",-2,3859,3861,8038
"Before scheduled trip start time",-2,7219,7221,8038
"Before scheduled trip start time",-2,2539,2541,8038
"Before scheduled trip start time",-2,2094,2096,8038
"Before scheduled trip start time",-2,39036,39038,8038
"Before scheduled trip start time",-2,8374,8376,8038
"Before scheduled trip start time",-2,25714,25716,8038
"Before scheduled trip start time",-2,44507,44509,8038
"Before scheduled trip start time",-2,34187,34189,8038
"Before scheduled trip start time",-2,35907,35909,8038
"Before scheduled trip start time",-2,4837,4839,8038
"Before scheduled trip start time",-2,74259,74261,8038
"Before scheduled trip start time",-2,79159,79161,8038
"Before scheduled trip start time",-2,66299,66301,8038
"Before scheduled trip start time",-2,6497,6499,8038
"Before scheduled trip start time",-2,1,3,8038
"Before scheduled trip start time",-2,6034,6036,8038
"Before scheduled trip start time",-2,13454,13456,8038
"Before scheduled trip start time",-2,14094,14096,8038
"Before scheduled trip start time",-2,35836,35838,8038
"Before scheduled trip start time",-2,50279,50281,8038
"Before scheduled trip start time",-2,58167,58169,8038
"Before scheduled trip start time",-2,494908,494910,8038
"Before scheduled trip start time",-2,28323,28325,8038
"Before scheduled trip start time",-2,20634,20636,8038
"Before scheduled trip start time",-2,21434,21436,8038
"Before scheduled trip start time",-2,8934,8936,8038
"Before scheduled trip start time",-2,2294,2296,8038
"Before scheduled trip start time",-2,37596,37598,8038
"Before scheduled trip start time",-2,25123,25125,8038
"Before scheduled trip start time",-2,507988,507990,8038
"Before scheduled trip start time",-2,26896,26898,8038
"Before scheduled trip start time",-2,62487,62489,8038
"Before scheduled trip start time",-2,62927,62929,8038
"Before scheduled trip start time",-2,687100,687102,8038
"Before scheduled trip start time",-2,15123,15125,8038
"Before scheduled trip start time",-2,21054,21056,8038
"Before scheduled trip start time",-2,27834,27836,8038
"Before scheduled trip start time",-2,13378,13380,8038
"Before scheduled trip start time",-2,664880,664882,8038
"Before scheduled trip start time",-2,67379,67381,8038
"Before scheduled trip start time",-2,513048,513050,8038
"Before scheduled trip start time",-2,997,999,8038
"Before scheduled trip start time",-2,11115,11117,8038
"Before scheduled trip start time",-2,76439,76441,8038
"Before scheduled trip start time",-2,5054,5056,8038
"Before scheduled trip start time",-2,2029,2031,8038
"Before scheduled trip start time",-2,50847,50849,8038
"Before scheduled trip start time",-2,58227,58229,8038
"Before scheduled trip start time",-2,199,201,8038
"Before scheduled trip start time",-2,505848,505850,8038
"Before scheduled trip start time",-2,60007,60009,8038
"Before scheduled trip start time",-2,69067,69069,8038
"Before scheduled trip start time",-2,44547,44549,8038
"Before scheduled trip start time",-2,70479,70481,8038
"Before scheduled trip start time",-2,7357,7359,8038
"Before scheduled trip start time",-2,33598,33600,8038
"Before scheduled trip start time",-2,19303,19305,8038
"Before scheduled trip start time",-2,46879,46881,8038
"Before scheduled trip start time",-2,793,795,8038
"Before scheduled trip start time",-2,503488,503490,8038
"Before scheduled trip start time",-2,675240,675242,8038
"Before scheduled trip start time",-2,662380,662382,8038
"Before scheduled trip start time",-2,25834,25836,8038
"Before scheduled trip start time",-2,206,208,8038
"Before scheduled trip start time",-2,462,464,8038
"Before scheduled trip start time",-2,36027,36029,8038
"Before scheduled trip start time",-2,60259,60261,8038
"Before scheduled trip start time",-2,2217,2219,8038
"Before scheduled trip start time",-2,3415,3417,8038
"Before scheduled trip start time",-2,535,537,8038
"Before scheduled trip start time",-2,4417,4419,8038
"Before scheduled trip start time",-2,20103,20105,8038
"Before scheduled trip start time",-2,13154,13156,8038
"Before scheduled trip start time",-2,35936,35938,8038
"Before scheduled trip start time",-2,253,255,8038
"Before scheduled trip start time",-2,670740,670742,8038
"Before scheduled trip start time",-2,50987,50989,8038
"Before scheduled trip start time",-2,560,562,8038
"Before scheduled trip start time",-2,16874,16876,8038
"Before scheduled trip start time",-2,657020,657022,8038
"Before scheduled trip start time",-2,9275,9277,8038
"Before scheduled trip start time",-2,4092,4094,8038
"Before scheduled trip start time",-2,3137,3139,8038
"Before scheduled trip start time",-2,32718,32720,8038
"Before scheduled trip start time",-2,1214,1216,8038
"Before scheduled trip start time",-2,14374,14376,8038
"Before scheduled trip start time",-2,23763,23765,8038
"Before scheduled trip start time",-2,26816,26818,8038
"Before scheduled trip start time",-2,681320,681322,8038
"Before scheduled trip start time",-2,15758,15760,8038
"Before scheduled trip start time",-2,69299,69301,8038
"Before scheduled trip start time",-2,595,597,8038
"Before scheduled trip start time",-2,62119,62121,8038
"Before scheduled trip start time",-2,1197,1199,8038
"Before scheduled trip start time",-2,1164,1166,8038
"Before scheduled trip start time",-2,10615,10617,8038
"Before scheduled trip start time",-2,7079,7081,8038
"Before scheduled trip start time",-2,496888,496890,8038
"Before scheduled trip start time",-2,36136,36138,8038
"Before scheduled trip start time",-2,502428,502430,8038
"Before scheduled trip start time",-2,32843,32845,8038
"Before scheduled trip start time",-2,17243,17245,8038
"Before scheduled trip start time",-2,45539,45541,8038
"Before scheduled trip start time",-2,55999,56001,8038
"Before scheduled trip start time",-2,33336,33338,8038
"Before scheduled trip start time",-2,23434,23436,8038
"Before scheduled trip start time",-2,190,192,8038
"Before scheduled trip start time",-2,14958,14960,8038
"Before scheduled trip start time",-2,657040,657042,8038
"Before scheduled trip start time",-2,513488,513490,8038
"Before scheduled trip start time",-2,2197,2199,8038
"Before scheduled trip start time",-2,5594,5596,8038
"Before scheduled trip start time",-2,18703,18705,8038
"Before scheduled trip start time",-2,10158,10160,8038
"Before scheduled trip start time",-2,500848,500850,8038
"Before scheduled trip start time",-2,507848,507850,8038
"Before scheduled trip start time",-2,27356,27358,8038
"Before scheduled trip start time",-2,616,618,8038
"Before scheduled trip start time",-2,42247,42249,8038
"Before scheduled trip start time",-2,479,481,8038
"Before scheduled trip start time",-2,713,715,8038
"Before scheduled trip start time",-2,9254,9256,8038
"Before scheduled trip start time",-2,487,489,8038
"Before scheduled trip start time",-2,46279,46281,8038
"Before scheduled trip start time",-2,37076,37078,8038
"Before scheduled trip start time",-2,26,28,8038
"Before scheduled trip start time",-2,21658,21660,8038
"Before scheduled trip start time",-2,62839,62841,8038
"Before scheduled trip start time",-2,29418,29420,8038
"Before scheduled trip start time",-2,5759,5761,8038
"Before scheduled trip start time",-2,2239,2241,8038
"Before scheduled trip start time",-2,2395,2397,8038
"Before scheduled trip start time",-2,12175,12177,8038
"Before scheduled trip start time",-2,6857,6859,8038
"Before scheduled trip start time",-2,6674,6676,8038
"Before scheduled trip start time",-2,21803,21805,8038
"Before scheduled trip start time",-2,58207,58209,8038
"Before scheduled trip start time",-2,39356,39358,8038
"Before scheduled trip start time",-2,35196,35198,8038
"Before scheduled trip start time",-2,22998,23000,8038
"Before scheduled trip start time",-2,25038,25040,8038
"Before scheduled trip start time",-2,946,948,8038
"Before scheduled trip start time",-2,262,264,8038
"Before scheduled trip start time",-2,284,286,8038
"Before scheduled trip start time",-2,1639,1641,8038
"Before scheduled trip start time",-2,712,714,8038
"Before scheduled trip start time",-2,553,555,8038
"Before scheduled trip start time",-2,65499,65501,8038
"Before scheduled trip start time",-2,870,872,8038
"Before scheduled trip start time",-2,4354,4356,8038
"Before scheduled trip start time",-2,22743,22745,8038
"Before scheduled trip start time",-2,25383,25385,8038
"Before scheduled trip start time",-2,1131,1133,8038
"Before scheduled trip start time",-2,51087,51089,8038
"Before scheduled trip start time",-2,51827,51829,8038
"Before scheduled trip start time",-2,15803,15805,8038
"Before scheduled trip start time",-2,27383,27385,8038
"Before scheduled trip start time",-2,21714,21716,8038
"Before scheduled trip start time",-2,26818,26820,8038
"Before scheduled trip start time",-2,16434,16436,8038
"Before scheduled trip start time",-2,36087,36089,8038
"Before scheduled trip start time",-2,67699,67701,8038
"Before scheduled trip start time",-2,1537,1539,8038
"Before scheduled trip start time",-2,2059,2061,8038
"Before scheduled trip start time",-2,9577,9579,8038
"Before scheduled trip start time",-2,509988,509990,8038
"Before scheduled trip start time",-2,28256,28258,8038
"Before scheduled trip start time",-2,52087,52089,8038
"Before scheduled trip start time",-2,53227,53229,8038
"Before scheduled trip start time",-2,37607,37609,8038
"Before scheduled trip start time",-2,43999,44001,8038
"Before scheduled trip start time",-2,71387,71389,8038
"Before scheduled trip start time",-2,129,131,8038
"Before scheduled trip start time",-2,74087,74089,8038
"Before scheduled trip start time",-2,75187,75189,8038
"Before scheduled trip start time",-2,31154,31156,8038
"Before scheduled trip start time",-2,71719,71721,8038
"Before scheduled trip start time",-2,5695,5697,8038
"Before scheduled trip start time",-2,11272,11274,8038
"Before scheduled trip start time",-2,2369,2371,8038
"Before scheduled trip start time",-2,10178,10180,8038
"Before scheduled trip start time",-2,674900,674902,8038
"Before scheduled trip start time",-2,16754,16756,8038
"Before scheduled trip start time",-2,668520,668522,8038
"Before scheduled trip start time",-2,680,682,8038
"Before scheduled trip start time",-2,727,729,8038
"Before scheduled trip start time",-2,64859,64861,8038
"Before scheduled trip start time",-2,2132,2134,8038
"Before scheduled trip start time",-2,2109,2111,8038
"Before scheduled trip start time",-2,4034,4036,8038
"Before scheduled trip start time",-2,501368,501370,8038
"Before scheduled trip start time",-2,17038,17040,8038
"Before scheduled trip start time",-2,74679,74681,8038
"Before scheduled trip start time",-2,74839,74841,8038
"Before scheduled trip start time",-2,77119,77121,8038
"Before scheduled trip start time",-2,71079,71081,8038
"Before scheduled trip start time",-2,2309,2311,8038
"Before scheduled trip start time",-2,1407,1409,8038
"Before scheduled trip start time",-2,685160,685162,8038
"Before scheduled trip start time",-2,63187,63189,8038
"Before scheduled trip start time",-2,108,110,8038
"Before scheduled trip start time",-2,662880,662882,8038
"Before scheduled trip start time",-2,493148,493150,8038
"Before scheduled trip start time",-2,504928,504930,8038
"Before scheduled trip start time",-2,71627,71629,8038
"Before scheduled trip start time",-2,513088,513090,8038
"Before scheduled trip start time",-2,1465,1467,8038
"Before scheduled trip start time",-2,6974,6976,8038
"Before scheduled trip start time",-2,8392,8394,8038
"Before scheduled trip start time",-2,32858,32860,8038
"Before scheduled trip start time",-2,46,48,8038
"Before scheduled trip start time",-2,510068,510070,8038
"Before scheduled trip start time",-2,673280,673282,8038
"Before scheduled trip start time",-2,54047,54049,8038
"Before scheduled trip start time",-2,38787,38789,8038
"Before scheduled trip start time",-2,39987,39989,8038
"Before scheduled trip start time",-2,2340,2342,8038
"Before scheduled trip start time",-2,681480,681482,8038
"Before scheduled trip start time",-2,27014,27016,8038
"Before scheduled trip start time",-2,34767,34769,8038
"Before scheduled trip start time",-2,10674,10676,8038
"Before scheduled trip start time",-2,1059,1061,8038
"Before scheduled trip start time",-2,6039,6041,8038
"Before scheduled trip start time",-2,77799,77801,8038
"Before scheduled trip start time",-2,9017,9019,8038
"Before scheduled trip start time",-2,20843,20845,8038
"Before scheduled trip start time",-2,973,975,8038
"Before scheduled trip start time",-2,54267,54269,8038
"Before scheduled trip start time",-2,39487,39489,8038
"Before scheduled trip start time",-2,494128,494130,8038
"Before scheduled trip start time",-2,27103,27105,8038
"Before scheduled trip start time",-2,20898,20900,8038
"Before scheduled trip start time",-2,102,104,8038
"Before scheduled trip start time",-2,566,568,8038
"Before scheduled trip start time",-2,18694,18696,8038
"Before scheduled trip start time",-2,512108,512110,8038
"Before scheduled trip start time",-2,3757,3759,8038
"Before scheduled trip start time",-2,1474,1476,8038
"Before scheduled trip start time",-2,1668,1670,8038
"Before scheduled trip start time",-2,5375,5377,8038
"Before scheduled trip start time",-2,1141,1143,8038
"Before scheduled trip start time",-2,13734,13736,8038
"Before scheduled trip start time",-2,51659,51661,8038
"Before scheduled trip start time",-2,30423,30425,8038
"Before scheduled trip start time",-2,509768,509770,8038
"Before scheduled trip start time",-2,685200,685202,8038
"Before scheduled trip start time",-2,48447,48449,8038
"Before scheduled trip start time",-2,39107,39109,8038
"Before scheduled trip start time",-2,22678,22680,8038
"Before scheduled trip start time",-2,22754,22756,8038
"Before scheduled trip start time",-2,30114,30116,8038
"Before scheduled trip start time",-2,33214,33216,8038
"Before scheduled trip start time",-2,2,4,8038
"Before scheduled trip start time",-2,46479,46481,8038
"Before scheduled trip start time",-2,20203,20205,8038
"Before scheduled trip start time",-2,50387,50389,8038
"Before scheduled trip start time",-2,50587,50589,8038
"Before scheduled trip start time",-2,494428,494430,8038
"Before scheduled trip start time",-2,189,191,8038
"Before scheduled trip start time",-2,76147,76149,8038
"Before scheduled trip start time",-2,1148,1150,8038
"Before scheduled trip start time",-2,76599,76601,8038
"Before scheduled trip start time",-2,900,902,8038
"Before scheduled trip start time",-2,3279,3281,8038
"Before scheduled trip start time",-2,49327,49329,8038
"Before scheduled trip start time",-2,37687,37689,8038
"Before scheduled trip start time",-2,33776,33778,8038
"Before scheduled trip start time",-2,25634,25636,8038
"Before scheduled trip start time",-2,1327,1329,8038
"Before scheduled trip start time",-2,24938,24940,8038
"Before scheduled trip start time",-2,30274,30276,8038
"Before scheduled trip start time",-2,513608,513610,8038
"Before scheduled trip start time",-2,697,699,8038
"Before scheduled trip start time",-2,2657,2659,8038
"Before scheduled trip start time",-2,11254,11256,8038
"Before scheduled trip start time",-2,20503,20505,8038
"Before scheduled trip start time",-2,16074,16076,8038
"Before scheduled trip start time",-2,502368,502370,8038
"Before scheduled trip start time",-2,671300,671302,8038
"Before scheduled trip start time",-2,674960,674962,8038
"Before scheduled trip start time",-2,25654,25656,8038
"Before scheduled trip start time",-2,46027,46029,8038
"Before scheduled trip start time",-2,61539,61541,8038
"Before scheduled trip start time",-2,76839,76841,8038
"Before scheduled trip start time",-2,2679,2681,8038
"Before scheduled trip start time",-2,514888,514890,8038
"Before scheduled trip start time",-2,1292,1294,8038
"Before scheduled trip start time",-2,4734,4736,8038
"Before scheduled trip start time",-2,47939,47941,8038
"Before scheduled trip start time",-2,500608,500610,8038
"Before scheduled trip start time",-2,28236,28238,8038
"Before scheduled trip start time",-2,51467,51469,8038
"Before scheduled trip start time",-2,504468,504470,8038
"Before scheduled trip start time",-2,28583,28585,8038
"Before scheduled trip start time",-2,60,62,8038
"Before scheduled trip start time",-2,620,622,8038
"Before scheduled trip start time",-2,3012,3014,8038
"Before scheduled trip start time",-2,33694,33696,8038
"Before scheduled trip start time",-2,514748,514750,8038
"Before scheduled trip start time",-2,3669,3671,8038
"Before scheduled trip start time",-2,47099,47101,8038
"Before scheduled trip start time",-2,59959,59961,8038
"Before scheduled trip start time",-2,493508,493510,8038
"Before scheduled trip start time",-2,494108,494110,8038
"Before scheduled trip start time",-2,45599,45601,8038
"Before scheduled trip start time",-2,28383,28385,8038
"Before scheduled trip start time",-2,25378,25380,8038
"Before scheduled trip start time",-2,665180,665182,8038
"Before scheduled trip start time",-2,513548,513550,8038
"Before scheduled trip start time",-2,32454,32456,8038
"Before scheduled trip start time",-2,78339,78341,8038
"Before scheduled trip start time",-2,8857,8859,8038
"Before scheduled trip start time",-2,11732,11734,8038
"Before scheduled trip start time",-2,522,524,8038
"Before scheduled trip start time",-2,46579,46581,8038
"Before scheduled trip start time",-2,20943,20945,8038
"Before scheduled trip start time",-2,52319,52321,8038
"Before scheduled trip start time",-2,687280,687282,8038
"Before scheduled trip start time",-2,675140,675142,8038
"Before scheduled trip start time",-2,28183,28185,8038
"Before scheduled trip start time",-2,55219,55221,8038
"Before scheduled trip start time",-2,24058,24060,8038
"Before scheduled trip start time",-2,18258,18260,8038
"Before scheduled trip start time",-2,667380,667382,8038
"Before scheduled trip start time",-2,41727,41729,8038
"Before scheduled trip start time",-2,31134,31136,8038
"Before scheduled trip start time",-2,5477,5479,8038
"Before scheduled trip start time",-2,32798,32800,8038
"Before scheduled trip start time",-2,33318,33320,8038
"Before scheduled trip start time",-2,18843,18845,8038
"Before scheduled trip start time",-2,38616,38618,8038
"Before scheduled trip start time",-2,18,20,8038
"Before scheduled trip start time",-2,51119,51121,8038
"Before scheduled trip start time",-2,686400,686402,8038
"Before scheduled trip start time",-2,50507,50509,8038
"Before scheduled trip start time",-2,53927,53929,8038
"Before scheduled trip start time",-2,661900,661902,8038
"Before scheduled trip start time",-2,384,386,8038
"Before scheduled trip start time",-2,15338,15340,8038
"Before scheduled trip start time",-2,666700,666702,8038
"Before scheduled trip start time",-2,580,582,8038
"Before scheduled trip start time",-2,318,320,8038
"Before scheduled trip start time",-2,3015,3017,8038
"Before scheduled trip start time",-2,72479,72481,8038
"Before scheduled trip start time",-2,5914,5916,8038
"Before scheduled trip start time",-2,19483,19485,8038
"Before scheduled trip start time",-2,613,615,8038
"Before scheduled trip start time",-2,503068,503070,8038
"Before scheduled trip start time",-2,25356,25358,8038
"Before scheduled trip start time",-2,27176,27178,8038
"Before scheduled trip start time",-2,23574,23576,8038
"Before scheduled trip start time",-2,74127,74129,8038
"Before scheduled trip start time",-2,78,80,8038
"Before scheduled trip start time",-2,18514,18516,8038
"Before scheduled trip start time",-2,879,881,8038
"Before scheduled trip start time",-2,663680,663682,8038
"Before scheduled trip start time",-2,5037,5039,8038
"Before scheduled trip start time",-2,31238,31240,8038
"Before scheduled trip start time",-2,629,631,8038
"Before scheduled trip start time",-2,2855,2857,8038
"Before scheduled trip start time",-2,74079,74081,8038
"Before scheduled trip start time",-2,48639,48641,8038
"Before scheduled trip start time",-2,29436,29438,8038
"Before scheduled trip start time",-2,30136,30138,8038
"Before scheduled trip start time",-2,493708,493710,8038
"Before scheduled trip start time",-2,39756,39758,8038
"Before scheduled trip start time",-2,84,86,8038
"Before scheduled trip start time",-2,503748,503750,8038
"Before scheduled trip start time",-2,25994,25996,8038
"Before scheduled trip start time",-2,75687,75689,8038
"Before scheduled trip start time",-2,9935,9937,8038
"Before scheduled trip start time",-2,499168,499170,8038
"Before scheduled trip start time",-2,10,12,8038
"Before scheduled trip start time",-2,62307,62309,8038
"Before scheduled trip start time",-2,687680,687682,8038
"Before scheduled trip start time",-2,38847,38849,8038
"Before scheduled trip start time",-2,2460,2462,8038
"Before scheduled trip start time",-2,39816,39818,8038
"Before scheduled trip start time",-2,18618,18620,8038
"Before scheduled trip start time",-2,74027,74029,8038
"Before scheduled trip start time",-2,74167,74169,8038
"Before scheduled trip start time",-2,656640,656642,8038
"Before scheduled trip start time",-2,665800,665802,8038
"Before scheduled trip start time",-2,2655,2657,8038
"Before scheduled trip start time",-2,11394,11396,8038
"Before scheduled trip start time",-2,6554,6556,8038
"Before scheduled trip start time",-2,772,774,8038
"Before scheduled trip start time",-2,507288,507290,8038
"Before scheduled trip start time",-2,680240,680242,8038
"Before scheduled trip start time",-2,54107,54109,8038
"Before scheduled trip start time",-2,45399,45401,8038
"Before scheduled trip start time",-2,25414,25416,8038
"Before scheduled trip start time",-2,67907,67909,8038
"Before scheduled trip start time",-2,76527,76529,8038
"Before scheduled trip start time",-2,27874,27876,8038
"Before scheduled trip start time",-2,246,248,8038
"Before scheduled trip start time",-2,18254,18256,8038
"Before scheduled trip start time",-2,511588,511590,8038
"Before scheduled trip start time",-2,514288,514290,8038
"Before scheduled trip start time",-2,30458,30460,8038
"Before scheduled trip start time",-2,75139,75141,8038
"Before scheduled trip start time",-2,1995,1997,8038
"Before scheduled trip start time",-2,1512,1514,8038
"Before scheduled trip start time",-2,80939,80941,8038
"Before scheduled trip start time",-2,12332,12334,8038
"Before scheduled trip start time",-2,854,856,8038
"Before scheduled trip start time",-2,498548,498550,8038
"Before scheduled trip start time",-2,13058,13060,8038
"Before scheduled trip start time",-2,31883,31885,8038
"Before scheduled trip start time",-2,37067,37069,8038
"Before scheduled trip start time",-2,300,302,8038
"Before scheduled trip start time",-2,28454,28456,8038
"Before scheduled trip start time",-2,47747,47749,8038
"Before scheduled trip start time",-2,512828,512830,8038
"Before scheduled trip start time",-2,63279,63281,8038
"Before scheduled trip start time",-2,10034,10036,8038
"Before scheduled trip start time",-2,74499,74501,8038
"Before scheduled trip start time",-2,1079,1081,8038
"Before scheduled trip start time",-2,1830,1832,8038
"Before scheduled trip start time",-2,19203,19205,8038
"Before scheduled trip start time",-2,52379,52381,8038
"Before scheduled trip start time",-2,50867,50869,8038
"Before scheduled trip start time",-2,505328,505330,8038
"Before scheduled trip start time",-2,33736,33738,8038
"Before scheduled trip start time",-2,688720,688722,8038
"Before scheduled trip start time",-2,16954,16956,8038
"Before scheduled trip start time",-2,46567,46569,8038
"Before scheduled trip start time",-2,3217,3219,8038
"Before scheduled trip start time",-2,79459,79461,8038
"Before scheduled trip start time",-2,8977,8979,8038
"Before scheduled trip start time",-2,1535,1537,8038
"Before scheduled trip start time",-2,58639,58641,8038
"Before scheduled trip start time",-2,510308,510310,8038
"Before scheduled trip start time",-2,510428,510430,8038
"Before scheduled trip start time",-2,23334,23336,8038
"Before scheduled trip start time",-2,15918,15920,8038
"Before scheduled trip start time",-2,677,679,8038
"Before scheduled trip start time",-2,664920,664922,8038
"Before scheduled trip start time",-2,60399,60401,8038
"Before scheduled trip start time",-2,4897,4899,8038
"Before scheduled trip start time",-2,1475,1477,8038
"Before scheduled trip start time",-2,8297,8299,8038
"Before scheduled trip start time",-2,686620,686622,8038
"Before scheduled trip start time",-2,687300,687302,8038
"Before scheduled trip start time",-2,56707,56709,8038
"Before scheduled trip start time",-2,28656,28658,8038
"Before scheduled trip start time",-2,17123,17125,8038
"Before scheduled trip start time",-2,507,509,8038
"Before scheduled trip start time",-2,520,522,8038
"Before scheduled trip start time",-2,2414,2416,8038
"Before scheduled trip start time",-2,27578,27580,8038
"Before scheduled trip start time",-2,16818,16820,8038
"Before scheduled trip start time",-2,592,594,8038
"Before scheduled trip start time",-2,664300,664302,8038
"Before scheduled trip start time",-2,257,259,8038
"Before scheduled trip start time",-2,446,448,8038
"Before scheduled trip start time",-2,1777,1779,8038
"Before scheduled trip start time",-2,1468,1470,8038
"Before scheduled trip start time",-2,9515,9517,8038
"Before scheduled trip start time",-2,71539,71541,8038
"Before scheduled trip start time",-2,3079,3081,8038
"Before scheduled trip start time",-2,497148,497150,8038
"Before scheduled trip start time",-2,412,414,8038
"Before scheduled trip start time",-2,8214,8216,8038
"Before scheduled trip start time",-2,52787,52789,8038
"Before scheduled trip start time",-2,29469,29471,8038
"Before scheduled trip start time",-2,505788,505790,8038
"Before scheduled trip start time",-2,20518,20520,8038
"Before scheduled trip start time",-2,70587,70589,8038
"Before scheduled trip start time",-2,76627,76629,8038
"Before scheduled trip start time",-2,397,399,8038
"Before scheduled trip start time",-2,421,423,8038
"Before scheduled trip start time",-2,2454,2456,8038
"Before scheduled trip start time",-2,674140,674142,8038
"Before scheduled trip start time",-2,1080,1082,8038
"Before scheduled trip start time",-2,16283,16285,8038
"Before scheduled trip start time",-2,505868,505870,8038
"Before scheduled trip start time",-2,23778,23780,8038
"Before scheduled trip start time",-2,59227,59229,8038
"Before scheduled trip start time",-2,215,217,8038
"Before scheduled trip start time",-2,36687,36689,8038
"Before scheduled trip start time",-2,774,776,8038
"Before scheduled trip start time",-2,664140,664142,8038
"Before scheduled trip start time",-2,510868,510870,8038
"Before scheduled trip start time",-2,32974,32976,8038
"Before scheduled trip start time",-2,4699,4701,8038
"Before scheduled trip start time",-2,1297,1299,8038
"Before scheduled trip start time",-2,401,403,8038
"Before scheduled trip start time",-2,33438,33440,8038
"Before scheduled trip start time",-2,29,31,8038
"Before scheduled trip start time",-2,513,515,8038
"Before scheduled trip start time",-2,681080,681082,8038
"Before scheduled trip start time",-2,141,143,8038
"Before scheduled trip start time",-2,27623,27625,8038
"Before scheduled trip start time",-2,20978,20980,8038
"Before scheduled trip start time",-2,25074,25076,8038
"Before scheduled trip start time",-2,283,285,8038
"Before scheduled trip start time",-2,42547,42549,8038
"Before scheduled trip start time",-2,1588,1590,8038
"Before scheduled trip start time",-2,7959,7961,8038
"Before scheduled trip start time",-2,1492,1494,8038
"Before scheduled trip start time",-2,1732,1734,8038
"Before scheduled trip start time",-2,496648,496650,8038
"Before scheduled trip start time",-2,47839,47841,8038
"Before scheduled trip start time",-2,680380,680382,8038
"Before scheduled trip start time",-2,659940,659942,8038
"Before scheduled trip start time",-2,201,203,8038
"Before scheduled trip start time",-2,657900,657902,8038
"Before scheduled trip start time",-2,590,592,8038
"Before scheduled trip start time",-2,455,457,8038
"Before scheduled trip start time",-2,1937,1939,8038
"Before scheduled trip start time",-2,5517,5519,8038
"Before scheduled trip start time",-2,11175,11177,8038
"Before scheduled trip start time",-2,945,947,8038
"Before scheduled trip start time",-2,70879,70881,8038
"Before scheduled trip start time",-2,64179,64181,8038
"Before scheduled trip start time",-2,64799,64801,8038
"Before scheduled trip start time",-2,12355,12357,8038
"Before scheduled trip start time",-2,3554,3556,8038
"Before scheduled trip start time",-2,501528,501530,8038
"Before scheduled trip start time",-2,30703,30705,8038
"Before scheduled trip start time",-2,688380,688382,8038
"Before scheduled trip start time",-2,39167,39169,8038
"Before scheduled trip start time",-2,31836,31838,8038
"Before scheduled trip start time",-2,18123,18125,8038
"Before scheduled trip start time",-2,41596,41598,8038
"Before scheduled trip start time",-2,60727,60729,8038
"Before scheduled trip start time",-2,67267,67269,8038
"Before scheduled trip start time",-2,668360,668362,8038
"Before scheduled trip start time",-2,669360,669362,8038
"Before scheduled trip start time",-2,70099,70101,8038
"Before scheduled trip start time",-2,61879,61881,8038
"Before scheduled trip start time",-2,9715,9717,8038
"Before scheduled trip start time",-2,4232,4234,8038
"Before scheduled trip start time",-2,31258,31260,8038
"Before scheduled trip start time",-2,1115,1117,8038
"Before scheduled trip start time",-2,1479,1481,8038
"Before scheduled trip start time",-2,2332,2334,8038
"Before scheduled trip start time",-2,2232,2234,8038
"Before scheduled trip start time",-2,33278,33280,8038
"Before scheduled trip start time",-2,297,299,8038
"Before scheduled trip start time",-2,49959,49961,8038
"Before scheduled trip start time",-2,50959,50961,8038
"Before scheduled trip start time",-2,65007,65009,8038
"Before scheduled trip start time",-2,58427,58429,8038
"Before scheduled trip start time",-2,436,438,8038
"Before scheduled trip start time",-2,16363,16365,8038
"Before scheduled trip start time",-2,24578,24580,8038
"Before scheduled trip start time",-2,668800,668802,8038
"Before scheduled trip start time",-2,34267,34269,8038
"Before scheduled trip start time",-2,-15,-13,8038
"Before scheduled trip start time",-2,69439,69441,8038
"Before scheduled trip start time",-2,2732,2734,8038
"Before scheduled trip start time",-2,1579,1581,8038
"Before scheduled trip start time",-2,3699,3701,8038
"Before scheduled trip start time",-2,11878,11880,8038
"Before scheduled trip start time",-2,25443,25445,8038
"Before scheduled trip start time",-2,59619,59621,8038
"Before scheduled trip start time",-2,62727,62729,8038
"Before scheduled trip start time",-2,64647,64649,8038
"Before scheduled trip start time",-2,55727,55729,8038
"Before scheduled trip start time",-2,19378,19380,8038
"Before scheduled trip start time",-2,34147,34149,8038
"Before scheduled trip start time",-2,457,459,8038
"Before scheduled trip start time",-2,69259,69261,8038
"Before scheduled trip start time",-2,1348,1350,8038
"Before scheduled trip start time",-2,6839,6841,8038
"Before scheduled trip start time",-2,1361,1363,8038
"Before scheduled trip start time",-2,5997,5999,8038
"Before scheduled trip start time",-2,35,37,8038
"Before scheduled trip start time",-2,50487,50489,8038
"Before scheduled trip start time",-2,30696,30698,8038
"Before scheduled trip start time",-2,42279,42281,8038
"Before scheduled trip start time",-2,17023,17025,8038
"Before scheduled trip start time",-2,54899,54901,8038
"Before scheduled trip start time",-2,827,829,8038
"Before scheduled trip start time",-2,32014,32016,8038
"Before scheduled trip start time",-2,4395,4397,8038
"Before scheduled trip start time",-2,13118,13120,8038
"Before scheduled trip start time",-2,23223,23225,8038
"Before scheduled trip start time",-2,24876,24878,8038
"Before scheduled trip start time",-2,659820,659822,8038
"Before scheduled trip start time",-2,23758,23760,8038
"Before scheduled trip start time",-2,76467,76469,8038
"Before scheduled trip start time",-2,27854,27856,8038
"Before scheduled trip start time",-2,29114,29116,8038
"Before scheduled trip start time",-2,562,564,8038
"Before scheduled trip start time",-2,68519,68521,8038
"Before scheduled trip start time",-2,3779,3781,8038
"Before scheduled trip start time",-2,6139,6141,8038
"Before scheduled trip start time",-2,7757,7759,8038
"Before scheduled trip start time",-2,49135,49137,8038
"Before scheduled trip start time",-2,4494,4496,8038
"Before scheduled trip start time",-2,13174,13176,8038
"Before scheduled trip start time",-2,32283,32285,8038
"Before scheduled trip start time",-2,951,953,8038
"Before scheduled trip start time",-2,680680,680682,8038
"Before scheduled trip start time",-2,674540,674542,8038
"Before scheduled trip start time",-2,40587,40589,8038
"Before scheduled trip start time",-2,15523,15525,8038
"Before scheduled trip start time",-2,15578,15580,8038
"Before scheduled trip start time",-2,16638,16640,8038
"Before scheduled trip start time",-2,670160,670162,8038
"Before scheduled trip start time",-2,244,246,8038
"Before scheduled trip start time",-2,1004,1006,8038
"Before scheduled trip start time",-2,33394,33396,8038
"Before scheduled trip start time",-2,30918,30920,8038
"Before scheduled trip start time",-2,67107,67109,8038
"Before scheduled trip start time",-2,6794,6796,8038
"Before scheduled trip start time",-2,65299,65301,8038
"Before scheduled trip start time",-2,7912,7914,8038
"Before scheduled trip start time",-2,21123,21125,8038
"Before scheduled trip start time",-2,10138,10140,8038
"Before scheduled trip start time",-2,77,79,8038
"Before scheduled trip start time",-2,502328,502330,8038
"Before scheduled trip start time",-2,38807,38809,8038
"Before scheduled trip start time",-2,26838,26840,8038
"Before scheduled trip start time",-2,667220,667222,8038
"Before scheduled trip start time",-2,668720,668722,8038
"Before scheduled trip start time",-2,903,905,8038
"Before scheduled trip start time",-2,80059,80061,8038
"Before scheduled trip start time",-2,5874,5876,8038
"Before scheduled trip start time",-2,67119,67121,8038
"Before scheduled trip start time",-2,710,712,8038
"Before scheduled trip start time",-2,23003,23005,8038
"Before scheduled trip start time",-2,501028,501030,8038
"Before scheduled trip start time",-2,670580,670582,8038
"Before scheduled trip start time",-2,31616,31618,8038
"Before scheduled trip start time",-2,15303,15305,8038
"Before scheduled trip start time",-2,504908,504910,8038
"Before scheduled trip start time",-2,54339,54341,8038
"Before scheduled trip start time",-2,72487,72489,8038
"Before scheduled trip start time",-2,28714,28716,8038
"Before scheduled trip start time",-2,13598,13600,8038
"Before scheduled trip start time",-2,17634,17636,8038
"Before scheduled trip start time",-2,32894,32896,8038
"Before scheduled trip start time",-2,12912,12914,8038
"Before scheduled trip start time",-2,9592,9594,8038
"Before scheduled trip start time",-2,496428,496430,8038
"Before scheduled trip start time",-2,35996,35998,8038
"Before scheduled trip start time",-2,24,26,8038
"Before scheduled trip start time",-2,32703,32705,8038
"Before scheduled trip start time",-2,771,773,8038
"Before scheduled trip start time",-2,493028,493030,8038
"Before scheduled trip start time",-2,496108,496110,8038
"Before scheduled trip start time",-2,32476,32478,8038
"Before scheduled trip start time",-2,32636,32638,8038
"Before scheduled trip start time",-2,21178,21180,8038
"Before scheduled trip start time",-2,72827,72829,8038
"Before scheduled trip start time",-2,17018,17020,8038
"Before scheduled trip start time",-2,73067,73069,8038
"Before scheduled trip start time",-2,205,207,8038
"Before scheduled trip start time",-2,1737,1739,8038
"Before scheduled trip start time",-2,72459,72461,8038
"Before scheduled trip start time",-2,1912,1914,8038
"Before scheduled trip start time",-2,502908,502910,8038
"Before scheduled trip start time",-2,25676,25678,8038
"Before scheduled trip start time",-2,679140,679142,8038
"Before scheduled trip start time",-2,26323,26325,8038
"Before scheduled trip start time",-2,30234,30236,8038
"Before scheduled trip start time",-2,18074,18076,8038
"Before scheduled trip start time",-2,18374,18376,8038
"Before scheduled trip start time",-2,45607,45609,8038
"Before scheduled trip start time",-2,75799,75801,8038
"Before scheduled trip start time",-2,9337,9339,8038
"Before scheduled trip start time",-2,66359,66361,8038
"Before scheduled trip start time",-2,31778,31780,8038
"Before scheduled trip start time",-2,6114,6116,8038
"Before scheduled trip start time",-2,497948,497950,8038
"Before scheduled trip start time",-2,38456,38458,8038
"Before scheduled trip start time",-2,500808,500810,8038
"Before scheduled trip start time",-2,50919,50921,8038
"Before scheduled trip start time",-2,59099,59101,8038
"Before scheduled trip start time",-2,2351,2353,8038
"Before scheduled trip start time",-2,53839,53841,8038
"Before scheduled trip start time",-2,34556,34558,8038
"Before scheduled trip start time",-2,71967,71969,8038
"Before scheduled trip start time",-2,24918,24920,8038
"Before scheduled trip start time",-2,664320,664322,8038
"Before scheduled trip start time",-2,31314,31316,8038
"Before scheduled trip start time",-2,32434,32436,8038
"Before scheduled trip start time",-2,1035,1037,8038
"Before scheduled trip start time",-2,1607,1609,8038
"Before scheduled trip start time",-2,5615,5617,8038
"Before scheduled trip start time",-2,66279,66281,8038
"Before scheduled trip start time",-2,2250,2252,8038
"Before scheduled trip start time",-2,686000,686002,8038
"Before scheduled trip start time",-2,56507,56509,8038
"Before scheduled trip start time",-2,30156,30158,8038
"Before scheduled trip start time",-2,45159,45161,8038
"Before scheduled trip start time",-2,35327,35329,8038
"Before scheduled trip start time",-2,370,372,8038
"Before scheduled trip start time",-2,12760,12762,8038
"Before scheduled trip start time",-2,2212,2214,8038
"Before scheduled trip start time",-2,680700,680702,8038
"Before scheduled trip start time",-2,21138,21140,8038
"Before scheduled trip start time",-2,13658,13660,8038
"Before scheduled trip start time",-2,34967,34969,8038
"Before scheduled trip start time",-2,11635,11637,8038
"Before scheduled trip start time",-2,2355,2357,8038
"Before scheduled trip start time",-2,14,16,8038
"Before scheduled trip start time",-2,34,36,8038
"Before scheduled trip start time",-2,1887,1889,8038
"Before scheduled trip start time",-2,509288,509290,8038
"Before scheduled trip start time",-2,58799,58801,8038
"Before scheduled trip start time",-2,670900,670902,8038
"Before scheduled trip start time",-2,57567,57569,8038
"Before scheduled trip start time",-2,37,39,8038
"Before scheduled trip start time",-2,276,278,8038
"Before scheduled trip start time",-2,71527,71529,8038
"Before scheduled trip start time",-2,5337,5339,8038
"Before scheduled trip start time",-2,9194,9196,8038
"Before scheduled trip start time",-2,3537,3539,8038
"Before scheduled trip start time",-2,29518,29520,8038
"Before scheduled trip start time",-2,6234,6236,8038
"Before scheduled trip start time",-2,20263,20265,8038
"Before scheduled trip start time",-2,39867,39869,8038
"Before scheduled trip start time",-2,2320,2322,8038
"Before scheduled trip start time",-2,15843,15845,8038
"Before scheduled trip start time",-2,494088,494090,8038
"Before scheduled trip start time",-2,503868,503870,8038
"Before scheduled trip start time",-2,274,276,8038
"Before scheduled trip start time",-2,22194,22196,8038
"Before scheduled trip start time",-2,27594,27596,8038
"Before scheduled trip start time",-2,16278,16280,8038
"Before scheduled trip start time",-2,665600,665602,8038
"Before scheduled trip start time",-2,833,835,8038
"Before scheduled trip start time",-2,884,886,8038
"Before scheduled trip start time",-2,71279,71281,8038
"Before scheduled trip start time",-2,515,517,8038
"Before scheduled trip start time",-2,559,561,8038
"Before scheduled trip start time",-2,52247,52249,8038
"Before scheduled trip start time",-2,24914,24916,8038
"Before scheduled trip start time",-2,19838,19840,8038
"Before scheduled trip start time",-2,59607,59609,8038
"Before scheduled trip start time",-2,61047,61049,8038
"Before scheduled trip start time",-2,28654,28656,8038
"Before scheduled trip start time",-2,526,528,8038
"Before scheduled trip start time",-2,667300,667302,8038
"Before scheduled trip start time",-2,30754,30756,8038
"Before scheduled trip start time",-2,30934,30936,8038
"Before scheduled trip start time",-2,32854,32856,8038
"Before scheduled trip start time",-2,2279,2281,8038
"Before scheduled trip start time",-2,2839,2841,8038
"Before scheduled trip start time",-2,1120,1122,8038
"Before scheduled trip start time",-2,6677,6679,8038
"Before scheduled trip start time",-2,497808,497810,8038
"Before scheduled trip start time",-2,684980,684982,8038
"Before scheduled trip start time",-2,687640,687642,8038
"Before scheduled trip start time",-2,683740,683742,8038
"Before scheduled trip start time",-2,350,352,8038
"Before scheduled trip start time",-2,61759,61761,8038
"Before scheduled trip start time",-2,3939,3941,8038
"Before scheduled trip start time",-2,912,914,8038
"Before scheduled trip start time",-2,1168,1170,8038
"Before scheduled trip start time",-2,497788,497790,8038
"Before scheduled trip start time",-2,47539,47541,8038
"Before scheduled trip start time",-2,72,74,8038
"Before scheduled trip start time",-2,62667,62669,8038
"Before scheduled trip start time",-2,677000,677002,8038
"Before scheduled trip start time",-2,35396,35398,8038
"Before scheduled trip start time",-2,22278,22280,8038
"Before scheduled trip start time",-2,23698,23700,8038
"Before scheduled trip start time",-2,569,571,8038
"Before scheduled trip start time",-2,21614,21616,8038
"Before scheduled trip start time",-2,10935,10937,8038
"Before scheduled trip start time",-2,52239,52241,8038
"Before scheduled trip start time",-2,64547,64549,8038
"Before scheduled trip start time",-2,676300,676302,8038
"Before scheduled trip start time",-2,38867,38869,8038
"Before scheduled trip start time",-2,1247,1249,8038
"Before scheduled trip start time",-2,683160,683162,8038
"Before scheduled trip start time",-2,73687,73689,8038
"Before scheduled trip start time",-2,15838,15840,8038
"Before scheduled trip start time",-2,41687,41689,8038
"Before scheduled trip start time",-2,62559,62561,8038
"Before scheduled trip start time",-2,897,899,8038
"Before scheduled trip start time",-2,859,861,8038
"Before scheduled trip start time",-2,3257,3259,8038
"Before scheduled trip start time",-2,31018,31020,8038
"Before scheduled trip start time",-2,717,719,8038
"Before scheduled trip start time",-2,1597,1599,8038
"Before scheduled trip start time",-2,6937,6939,8038
"Before scheduled trip start time",-2,46739,46741,8038
"Before scheduled trip start time",-2,57459,57461,8038
"Before scheduled trip start time",-2,509348,509350,8038
"Before scheduled trip start time",-2,63687,63689,8038
"Before scheduled trip start time",-2,674760,674762,8038
"Before scheduled trip start time",-2,506868,506870,8038
"Before scheduled trip start time",-2,23738,23740,8038
"Before scheduled trip start time",-2,683360,683362,8038
"Before scheduled trip start time",-2,75107,75109,8038
"Before scheduled trip start time",-2,1003,1005,8038
"Before scheduled trip start time",-2,-12,-10,8038
"Before scheduled trip start time",-2,664220,664222,8038
"Before scheduled trip start time",-2,28258,28260,8038
"Before scheduled trip start time",-2,8512,8514,8038
"Before scheduled trip start time",-2,503388,503390,8038
"Before scheduled trip start time",-2,510668,510670,8038
"Before scheduled trip start time",-2,56427,56429,8038
"Before scheduled trip start time",-2,371,373,8038
"Before scheduled trip start time",-2,40596,40598,8038
"Before scheduled trip start time",-2,840,842,8038
"Before scheduled trip start time",-2,25458,25460,8038
"Before scheduled trip start time",-2,195,197,8038
"Before scheduled trip start time",-2,32994,32996,8038
"Before scheduled trip start time",-2,1994,1996,8038
"Before scheduled trip start time",-2,45699,45701,8038
"Before scheduled trip start time",-2,48519,48521,8038
"Before scheduled trip start time",-2,56559,56561,8038
"Before scheduled trip start time",-2,671880,671882,8038
"Before scheduled trip start time",-2,40467,40469,8038
"Before scheduled trip start time",-2,15563,15565,8038
"Before scheduled trip start time",-2,495288,495290,8038
"Before scheduled trip start time",-2,44879,44881,8038
"Before scheduled trip start time",-2,23954,23956,8038
"Before scheduled trip start time",-2,19898,19900,8038
"Before scheduled trip start time",-2,27534,27536,8038
"Before scheduled trip start time",-2,25798,25800,8038
"Before scheduled trip start time",-2,13798,13800,8038
"Before scheduled trip start time",-2,40967,40969,8038
"Before scheduled trip start time",-2,2108,2110,8038
"Before scheduled trip start time",-2,28798,28800,8038
"Before scheduled trip start time",-2,39647,39649,8038
"Before scheduled trip start time",-2,17983,17985,8038
"Before scheduled trip start time",-2,29263,29265,8038
"Before scheduled trip start time",-2,664660,664662,8038
"Before scheduled trip start time",-2,33263,33265,8038
"Before scheduled trip start time",-2,29078,29080,8038
"Before scheduled trip start time",-2,1332,1334,8038
"Before scheduled trip start time",-2,2317,2319,8038
"Before scheduled trip start time",-2,2795,2797,8038
"Before scheduled trip start time",-2,2050,2052,8038
"Before scheduled trip start time",-2,689,691,8038
"Before scheduled trip start time",-2,20198,20200,8038
"Before scheduled trip start time",-2,1074,1076,8038
"Before scheduled trip start time",-2,76907,76909,8038
"Before scheduled trip start time",-2,68019,68021,8038
"Before scheduled trip start time",-2,1757,1759,8038
"Before scheduled trip start time",-2,1719,1721,8038
"Before scheduled trip start time",-2,2315,2317,8038
"Before scheduled trip start time",-2,3979,3981,8038
"Before scheduled trip start time",-2,8237,8239,8038
"Before scheduled trip start time",-2,9357,9359,8038
"Before scheduled trip start time",-2,1070,1072,8038
"Before scheduled trip start time",-2,7177,7179,8038
"Before scheduled trip start time",-2,673800,673802,8038
"Before scheduled trip start time",-2,28976,28978,8038
"Before scheduled trip start time",-2,19454,19456,8038
"Before scheduled trip start time",-2,34167,34169,8038
"Before scheduled trip start time",-2,658700,658702,8038
"Before scheduled trip start time",-2,61079,61081,8038
"Before scheduled trip start time",-2,349,351,8038
"Before scheduled trip start time",-2,5032,5034,8038
"Before scheduled trip start time",-2,10755,10757,8038
"Before scheduled trip start time",-2,11295,11297,8038
"Before scheduled trip start time",-2,31474,31476,8038
"Before scheduled trip start time",-2,1050,1052,8038
"Before scheduled trip start time",-2,36,38,8038
"Before scheduled trip start time",-2,14714,14716,8038
"Before scheduled trip start time",-2,501148,501150,8038
"Before scheduled trip start time",-2,65047,65049,8038
"Before scheduled trip start time",-2,47887,47889,8038
"Before scheduled trip start time",-2,50,52,8038
"Before scheduled trip start time",-2,56259,56261,8038
"Before scheduled trip start time",-2,17338,17340,8038
"Before scheduled trip start time",-2,512228,512230,8038
"Before scheduled trip start time",-2,4992,4994,8038
"Before scheduled trip start time",-2,5359,5361,8038
"Before scheduled trip start time",-2,2489,2491,8038
"Before scheduled trip start time",-2,737,739,8038
"Before scheduled trip start time",-2,754,756,8038
"Before scheduled trip start time",-2,20683,20685,8038
"Before scheduled trip start time",-2,30403,30405,8038
"Before scheduled trip start time",-2,53387,53389,8038
"Before scheduled trip start time",-2,29716,29718,8038
"Before scheduled trip start time",-2,21754,21756,8038
"Before scheduled trip start time",-2,8415,8417,8038
"Before scheduled trip start time",-2,8955,8957,8038
"Before scheduled trip start time",-2,904,906,8038
"Before scheduled trip start time",-2,926,928,8038
"Before scheduled trip start time",-2,3077,3079,8038
"Before scheduled trip start time",-2,54,56,8038
"Before scheduled trip start time",-2,62227,62229,8038
"Before scheduled trip start time",-2,673060,673062,8038
"Before scheduled trip start time",-2,60607,60609,8038
"Before scheduled trip start time",-2,67847,67849,8038
"Before scheduled trip start time",-2,667060,667062,8038
"Before scheduled trip start time",-2,30478,30480,8038
"Before scheduled trip start time",-2,12632,12634,8038
"Before scheduled trip start time",-2,4437,4439,8038
"Before scheduled trip start time",-2,20043,20045,8038
"Before scheduled trip start time",-2,10718,10720,8038
"Before scheduled trip start time",-2,502828,502830,8038
"Before scheduled trip start time",-2,685900,685902,8038
"Before scheduled trip start time",-2,911,913,8038
"Before scheduled trip start time",-2,52387,52389,8038
"Before scheduled trip start time",-2,54327,54329,8038
"Before scheduled trip start time",-2,28856,28858,8038
"Before scheduled trip start time",-2,494268,494270,8038
"Before scheduled trip start time",-2,32896,32898,8038
"Before scheduled trip start time",-2,20058,20060,8038
"Before scheduled trip start time",-2,368,370,8038
"Before scheduled trip start time",-2,656960,656962,8038
"Before scheduled trip start time",-2,10394,10396,8038
"Before scheduled trip start time",-2,31514,31516,8038
"Before scheduled trip start time",-2,932,934,8038
"Before scheduled trip start time",-2,1235,1237,8038
"Before scheduled trip start time",-2,5877,5879,8038
"Before scheduled trip start time",-2,3174,3176,8038
"Before scheduled trip start time",-2,12278,12280,8038
"Before scheduled trip start time",-2,39136,39138,8038
"Before scheduled trip start time",-2,510148,510150,8038
"Before scheduled trip start time",-2,396,398,8038
"Before scheduled trip start time",-2,504568,504570,8038
"Before scheduled trip start time",-2,33656,33658,8038
"Before scheduled trip start time",-2,682780,682782,8038
"Before scheduled trip start time",-2,5372,5374,8038
"Before scheduled trip start time",-2,700,702,8038
"Before scheduled trip start time",-2,36776,36778,8038
"Before scheduled trip start time",-2,8434,8436,8038
"Before scheduled trip start time",-2,64727,64729,8038
"Before scheduled trip start time",-2,27883,27885,8038
"Before scheduled trip start time",-2,13498,13500,8038
"Before scheduled trip start time",-2,14358,14360,8038
"Before scheduled trip start time",-2,44707,44709,8038
"Before scheduled trip start time",-2,60099,60101,8038
"Before scheduled trip start time",-2,513688,513690,8038
"Before scheduled trip start time",-2,513868,513870,8038
"Before scheduled trip start time",-2,1419,1421,8038
"Before scheduled trip start time",-2,1088,1090,8038
"Before scheduled trip start time",-2,1179,1181,8038
"Before scheduled trip start time",-2,3094,3096,8038
"Before scheduled trip start time",-2,18943,18945,8038
"Before scheduled trip start time",-2,33,35,8038
"Before scheduled trip start time",-2,1771,1773,8038
"Before scheduled trip start time",-2,54247,54249,8038
"Before scheduled trip start time",-2,662820,662822,8038
"Before scheduled trip start time",-2,493068,493070,8038
"Before scheduled trip start time",-2,494608,494610,8038
"Before scheduled trip start time",-2,224,226,8038
"Before scheduled trip start time",-2,70447,70449,8038
"Before scheduled trip start time",-2,16918,16920,8038
"Before scheduled trip start time",-2,18578,18580,8038
"Before scheduled trip start time",-2,62047,62049,8038
"Before scheduled trip start time",-2,30594,30596,8038
"Before scheduled trip start time",-2,13698,13700,8038
"Before scheduled trip start time",-2,45367,45369,8038
"Before scheduled trip start time",-2,680280,680282,8038
"Before scheduled trip start time",-2,183,185,8038
"Before scheduled trip start time",-2,36327,36329,8038
"Before scheduled trip start time",-2,36827,36829,8038
"Before scheduled trip start time",-2,432,434,8038
"Before scheduled trip start time",-2,40707,40709,8038
"Before scheduled trip start time",-2,10015,10017,8038
"Before scheduled trip start time",-2,79079,79081,8038
"Before scheduled trip start time",-2,8015,8017,8038
"Before scheduled trip start time",-2,2934,2936,8038
"Before scheduled trip start time",-2,52679,52681,8038
"Before scheduled trip start time",-2,31003,31005,8038
"Before scheduled trip start time",-2,509548,509550,8038
"Before scheduled trip start time",-2,51147,51149,8038
"Before scheduled trip start time",-2,675800,675802,8038
"Before scheduled trip start time",-2,34816,34818,8038
"Before scheduled trip start time",-2,67927,67929,8038
"Before scheduled trip start time",-2,27078,27080,8038
"Before scheduled trip start time",-2,176,178,8038
"Before scheduled trip start time",-2,42207,42209,8038
"Before scheduled trip start time",-2,67399,67401,8038
"Before scheduled trip start time",-2,60459,60461,8038
"Before scheduled trip start time",-2,5737,5739,8038
"Before scheduled trip start time",-2,29638,29640,8038
"Before scheduled trip start time",-2,77839,77841,8038
"Before scheduled trip start time",-2,7932,7934,8038
"Before scheduled trip start time",-2,35896,35898,8038
"Before scheduled trip start time",-2,49887,49889,8038
"Before scheduled trip start time",-2,40176,40178,8038
"Before scheduled trip start time",-2,503788,503790,8038
"Before scheduled trip start time",-2,20678,20680,8038
"Before scheduled trip start time",-2,512268,512270,8038
"Before scheduled trip start time",-2,7414,7416,8038
"Before scheduled trip start time",-2,5777,5779,8038
"Before scheduled trip start time",-2,32474,32476,8038
"Before scheduled trip start time",-2,675,677,8038
"Before scheduled trip start time",-2,2259,2261,8038
"Before scheduled trip start time",-2,515908,515910,8038
"Before scheduled trip start time",-2,1524,1526,8038
"Before scheduled trip start time",-2,4394,4396,8038
"Before scheduled trip start time",-2,39096,39098,8038
"Before scheduled trip start time",-2,7294,7296,8038
"Before scheduled trip start time",-2,25203,25205,8038
"Before scheduled trip start time",-2,508128,508130,8038
"Before scheduled trip start time",-2,51607,51609,8038
"Before scheduled trip start time",-2,38227,38229,8038
"Before scheduled trip start time",-2,2180,2182,8038
"Before scheduled trip start time",-2,26774,26776,8038
"Before scheduled trip start time",-2,65,67,8038
"Before scheduled trip start time",-2,683520,683522,8038
"Before scheduled trip start time",-2,596,598,8038
"Before scheduled trip start time",-2,68359,68361,8038
"Before scheduled trip start time",-2,968,970,8038
"Before scheduled trip start time",-2,913,915,8038
"Before scheduled trip start time",-2,2080,2082,8038
"Before scheduled trip start time",-2,399,401,8038
"Before scheduled trip start time",-2,23538,23540,8038
"Before scheduled trip start time",-2,69107,69109,8038
"Before scheduled trip start time",-2,18854,18856,8038
"Before scheduled trip start time",-2,511028,511030,8038
"Before scheduled trip start time",-2,60419,60421,8038
"Before scheduled trip start time",-2,1759,1761,8038
"Before scheduled trip start time",-2,497188,497190,8038
"Before scheduled trip start time",-2,499008,499010,8038
"Before scheduled trip start time",-2,51867,51869,8038
"Before scheduled trip start time",-2,38347,38349,8038
"Before scheduled trip start time",-2,29076,29078,8038
"Before scheduled trip start time",-2,567,569,8038
"Before scheduled trip start time",-2,27198,27200,8038
"Before scheduled trip start time",-2,874,876,8038
"Before scheduled trip start time",-2,849,851,8038
"Before scheduled trip start time",-2,77259,77261,8038
"Before scheduled trip start time",-2,2879,2881,8038
"Before scheduled trip start time",-2,66059,66061,8038
"Before scheduled trip start time",-2,6237,6239,8038
"Before scheduled trip start time",-2,6194,6196,8038
"Before scheduled trip start time",-2,13834,13836,8038
"Before scheduled trip start time",-2,50999,51001,8038
"Before scheduled trip start time",-2,59579,59581,8038
"Before scheduled trip start time",-2,28296,28298,8038
"Before scheduled trip start time",-2,16503,16505,8038
"Before scheduled trip start time",-2,20014,20016,8038
"Before scheduled trip start time",-2,25398,25400,8038
"Before scheduled trip start time",-2,42687,42689,8038
"Before scheduled trip start time",-2,6995,6997,8038
"Before scheduled trip start time",-2,65879,65881,8038
"Before scheduled trip start time",-2,1073,1075,8038
"Before scheduled trip start time",-2,8574,8576,8038
"Before scheduled trip start time",-2,26116,26118,8038
"Before scheduled trip start time",-2,673160,673162,8038
"Before scheduled trip start time",-2,18443,18445,8038
"Before scheduled trip start time",-2,54539,54541,8038
"Before scheduled trip start time",-2,506468,506470,8038
"Before scheduled trip start time",-2,21654,21656,8038
"Before scheduled trip start time",-2,19138,19140,8038
"Before scheduled trip start time",-2,683480,683482,8038
"Before scheduled trip start time",-2,131,133,8038
"Before scheduled trip start time",-2,2637,2639,8038
"Before scheduled trip start time",-2,1852,1854,8038
"Before scheduled trip start time",-2,8957,8959,8038
"Before scheduled trip start time",-2,66419,66421,8038
"Before scheduled trip start time",-2,6932,6934,8038
"Before scheduled trip start time",-2,85011,85013,8038
"Before scheduled trip start time",-2,291,293,8038
"Before scheduled trip start time",-2,50327,50329,8038
"Before scheduled trip start time",-2,39247,39249,8038
"Before scheduled trip start time",-2,29496,29498,8038
"Before scheduled trip start time",-2,41356,41358,8038
"Before scheduled trip start time",-2,505108,505110,8038
"Before scheduled trip start time",-2,55759,55761,8038
"Before scheduled trip start time",-2,61867,61869,8038
"Before scheduled trip start time",-2,62167,62169,8038
"Before scheduled trip start time",-2,657620,657622,8038
"Before scheduled trip start time",-2,582,584,8038
"Before scheduled trip start time",-2,62219,62221,8038
"Before scheduled trip start time",-2,20083,20085,8038
"Before scheduled trip start time",-2,12718,12720,8038
"Before scheduled trip start time",-2,22263,22265,8038
"Before scheduled trip start time",-2,508168,508170,8038
"Before scheduled trip start time",-2,62867,62869,8038
"Before scheduled trip start time",-2,56527,56529,8038
"Before scheduled trip start time",-2,54559,54561,8038
"Before scheduled trip start time",-2,80,82,8038
"Before scheduled trip start time",-2,681440,681442,8038
"Before scheduled trip start time",-2,759,761,8038
"Before scheduled trip start time",-2,510948,510950,8038
"Before scheduled trip start time",-2,61579,61581,8038
"Before scheduled trip start time",-2,62379,62381,8038
"Before scheduled trip start time",-2,1217,1219,8038
"Before scheduled trip start time",-2,3117,3119,8038
"Before scheduled trip start time",-2,31074,31076,8038
"Before scheduled trip start time",-2,6719,6721,8038
"Before scheduled trip start time",-2,3075,3077,8038
"Before scheduled trip start time",-2,2434,2436,8038
"Before scheduled trip start time",-2,3214,3216,8038
"Before scheduled trip start time",-2,12618,12620,8038
"Before scheduled trip start time",-2,50759,50761,8038
"Before scheduled trip start time",-2,76,78,8038
"Before scheduled trip start time",-2,40,42,8038
"Before scheduled trip start time",-2,674660,674662,8038
"Before scheduled trip start time",-2,53587,53589,8038
"Before scheduled trip start time",-2,676940,676942,8038
"Before scheduled trip start time",-2,39896,39898,8038
"Before scheduled trip start time",-2,22038,22040,8038
"Before scheduled trip start time",-2,22694,22696,8038
"Before scheduled trip start time",-2,17574,17576,8038
"Before scheduled trip start time",-2,657640,657642,8038
"Before scheduled trip start time",-2,35067,35069,8038
"Before scheduled trip start time",-2,511988,511990,8038
"Before scheduled trip start time",-2,3832,3834,8038
"Before scheduled trip start time",-2,4052,4054,8038
"Before scheduled trip start time",-2,1009,1011,8038
"Before scheduled trip start time",-2,35656,35658,8038
"Before scheduled trip start time",-2,51579,51581,8038
"Before scheduled trip start time",-2,25243,25245,8038
"Before scheduled trip start time",-2,53327,53329,8038
"Before scheduled trip start time",-2,492788,492790,8038
"Before scheduled trip start time",-2,40276,40278,8038
"Before scheduled trip start time",-2,41736,41738,8038
"Before scheduled trip start time",-2,69847,69849,8038
"Before scheduled trip start time",-2,684720,684722,8038
"Before scheduled trip start time",-2,14338,14340,8038
"Before scheduled trip start time",-2,33947,33949,8038
"Before scheduled trip start time",-2,41827,41829,8038
"Before scheduled trip start time",-2,511268,511270,8038
"Before scheduled trip start time",-2,2328,2330,8038
"Before scheduled trip start time",-2,5992,5994,8038
"Before scheduled trip start time",-2,72879,72881,8038
"Before scheduled trip start time",-2,2675,2677,8038
"Before scheduled trip start time",-2,13492,13494,8038
"Before scheduled trip start time",-2,11778,11780,8038
"Before scheduled trip start time",-2,51639,51641,8038
"Before scheduled trip start time",-2,661220,661222,8038
"Before scheduled trip start time",-2,17643,17645,8038
"Before scheduled trip start time",-2,53599,53601,8038
"Before scheduled trip start time",-2,60599,60601,8038
"Before scheduled trip start time",-2,441,443,8038
"Before scheduled trip start time",-2,3632,3634,8038
"Before scheduled trip start time",-2,4879,4881,8038
"Before scheduled trip start time",-2,2695,2697,8038
"Before scheduled trip start time",-2,12458,12460,8038
"Before scheduled trip start time",-2,49839,49841,8038
"Before scheduled trip start time",-2,673980,673982,8038
"Before scheduled trip start time",-2,29536,29538,8038
"Before scheduled trip start time",-2,496308,496310,8038
"Before scheduled trip start time",-2,505048,505050,8038
"Before scheduled trip start time",-2,47047,47049,8038
"Before scheduled trip start time",-2,47447,47449,8038
"Before scheduled trip start time",-2,656820,656822,8038
"Before scheduled trip start time",-2,577,579,8038
"Before scheduled trip start time",-2,1808,1810,8038
"Before scheduled trip start time",-2,10135,10137,8038
"Before scheduled trip start time",-2,1260,1262,8038
"Before scheduled trip start time",-2,1555,1557,8038
"Before scheduled trip start time",-2,1955,1957,8038
"Before scheduled trip start time",-2,20063,20065,8038
"Before scheduled trip start time",-2,10698,10700,8038
"Before scheduled trip start time",-2,671380,671382,8038
"Before scheduled trip start time",-2,675980,675982,8038
"Before scheduled trip start time",-2,431,433,8038
"Before scheduled trip start time",-2,33316,33318,8038
"Before scheduled trip start time",-2,20538,20540,8038
"Before scheduled trip start time",-2,669720,669722,8038
"Before scheduled trip start time",-2,669920,669922,8038
"Before scheduled trip start time",-2,40607,40609,8038
"Before scheduled trip start time",-2,664360,664362,8038
"Before scheduled trip start time",-2,41927,41929,8038
"Before scheduled trip start time",-2,2228,2230,8038
"Before scheduled trip start time",-2,1064,1066,8038
"Before scheduled trip start time",-2,75059,75061,8038
"Before scheduled trip start time",-2,66779,66781,8038
"Before scheduled trip start time",-2,499448,499450,8038
"Before scheduled trip start time",-2,23963,23965,8038
"Before scheduled trip start time",-2,661920,661922,8038
"Before scheduled trip start time",-2,495088,495090,8038
"Before scheduled trip start time",-2,66727,66729,8038
"Before scheduled trip start time",-2,-10,-8,8038
"Before scheduled trip start time",-2,26598,26600,8038
"Before scheduled trip start time",-2,657580,657582,8038
"Before scheduled trip start time",-2,76947,76949,8038
"Before scheduled trip start time",-2,512428,512430,8038
"Before scheduled trip start time",-2,5552,5554,8038
"Before scheduled trip start time",-2,5439,5441,8038
"Before scheduled trip start time",-2,3649,3651,8038
"Before scheduled trip start time",-2,496788,496790,8038
"Before scheduled trip start time",-2,56459,56461,8038
"Before scheduled trip start time",-2,688080,688082,8038
"Before scheduled trip start time",-2,50467,50469,8038
"Before scheduled trip start time",-2,127,129,8038
"Before scheduled trip start time",-2,53759,53761,8038
"Before scheduled trip start time",-2,66107,66109,8038
"Before scheduled trip start time",-2,46727,46729,8038
"Before scheduled trip start time",-2,62799,62801,8038
"Before scheduled trip start time",-2,3177,3179,8038
"Before scheduled trip start time",-2,7855,7857,8038
"Before scheduled trip start time",-2,77686,77688,8038
"Before scheduled trip start time",-2,12774,12776,8038
"Before scheduled trip start time",-2,31723,31725,8038
"Before scheduled trip start time",-2,52507,52509,8038
"Before scheduled trip start time",-2,660620,660622,8038
"Before scheduled trip start time",-2,1500,1502,8038
"Before scheduled trip start time",-2,2480,2482,8038
"Before scheduled trip start time",-2,54479,54481,8038
"Before scheduled trip start time",-2,22138,22140,8038
"Before scheduled trip start time",-2,16938,16940,8038
"Before scheduled trip start time",-2,68867,68869,8038
"Before scheduled trip start time",-2,144,146,8038
"Before scheduled trip start time",-2,766,768,8038
"Before scheduled trip start time",-2,3822,3824,8038
"Before scheduled trip start time",-2,10515,10517,8038
"Before scheduled trip start time",-2,1795,1797,8038
"Before scheduled trip start time",-2,48939,48941,8038
"Before scheduled trip start time",-2,15334,15336,8038
"Before scheduled trip start time",-2,1827,1829,8038
"Before scheduled trip start time",-2,191,193,8038
"Before scheduled trip start time",-2,48187,48189,8038
"Before scheduled trip start time",-2,28703,28705,8038
"Before scheduled trip start time",-2,71747,71749,8038
"Before scheduled trip start time",-2,689240,689242,8038
"Before scheduled trip start time",-2,14838,14840,8038
"Before scheduled trip start time",-2,41287,41289,8038
"Before scheduled trip start time",-2,62239,62241,8038
"Before scheduled trip start time",-2,513308,513310,8038
"Before scheduled trip start time",-2,4457,4459,8038
"Before scheduled trip start time",-2,5299,5301,8038
"Before scheduled trip start time",-2,3255,3257,8038
"Before scheduled trip start time",-2,2779,2781,8038
"Before scheduled trip start time",-2,527,529,8038
"Before scheduled trip start time",-2,11818,11820,8038
"Before scheduled trip start time",-2,59119,59121,8038
"Before scheduled trip start time",-2,21858,21860,8038
"Before scheduled trip start time",-2,73787,73789,8038
"Before scheduled trip start time",-2,134,136,8038
"Before scheduled trip start time",-2,779,781,8038
"Before scheduled trip start time",-2,40827,40829,8038
"Before scheduled trip start time",-2,515148,515150,8038
"Before scheduled trip start time",-2,949,951,8038
"Before scheduled trip start time",-2,501,503,8038
"Before scheduled trip start time",-2,12758,12760,8038
"Before scheduled trip start time",-2,500868,500870,8038
"Before scheduled trip start time",-2,103,105,8038
"Before scheduled trip start time",-2,42839,42841,8038
"Before scheduled trip start time",-2,19598,19600,8038
"Before scheduled trip start time",-2,681420,681422,8038
"Before scheduled trip start time",-2,29094,29096,8038
"Before scheduled trip start time",-2,70319,70321,8038
"Before scheduled trip start time",-2,62319,62321,8038
"Before scheduled trip start time",-2,29958,29960,8038
"Before scheduled trip start time",-2,4854,4856,8038
"Before scheduled trip start time",-2,1127,1129,8038
"Before scheduled trip start time",-2,13234,13236,8038
"Before scheduled trip start time",-2,10938,10940,8038
"Before scheduled trip start time",-2,38776,38778,8038
"Before scheduled trip start time",-2,1807,1809,8038
"Before scheduled trip start time",-2,25163,25165,8038
"Before scheduled trip start time",-2,509868,509870,8038
"Before scheduled trip start time",-2,55387,55389,8038
"Before scheduled trip start time",-2,86,88,8038
"Before scheduled trip start time",-2,235,237,8038
"Before scheduled trip start time",-2,45179,45181,8038
"Before scheduled trip start time",-2,504348,504350,8038
"Before scheduled trip start time",-2,22198,22200,8038
"Before scheduled trip start time",-2,71427,71429,8038
"Before scheduled trip start time",-2,14758,14760,8038
"Before scheduled trip start time",-2,76339,76341,8038
"Before scheduled trip start time",-2,2919,2921,8038
"Before scheduled trip start time",-2,11174,11176,8038
"Before scheduled trip start time",-2,499808,499810,8038
"Before scheduled trip start time",-2,25436,25438,8038
"Before scheduled trip start time",-2,48587,48589,8038
"Before scheduled trip start time",-2,507028,507030,8038
"Before scheduled trip start time",-2,22658,22660,8038
"Before scheduled trip start time",-2,66967,66969,8038
"Before scheduled trip start time",-2,16518,16520,8038
"Before scheduled trip start time",-2,698,700,8038
"Before scheduled trip start time",-2,32574,32576,8038
"Before scheduled trip start time",-2,76759,76761,8038
"Before scheduled trip start time",-2,73319,73321,8038
"Before scheduled trip start time",-2,6534,6536,8038
"Before scheduled trip start time",-2,573,575,8038
"Before scheduled trip start time",-2,27523,27525,8038
"Before scheduled trip start time",-2,55179,55181,8038
"Before scheduled trip start time",-2,800,802,8038
"Before scheduled trip start time",-2,17594,17596,8038
"Before scheduled trip start time",-2,34947,34949,8038
"Before scheduled trip start time",-2,9294,9296,8038
"Before scheduled trip start time",-2,30898,30900,8038
"Before scheduled trip start time",-2,5115,5117,8038
"Before scheduled trip start time",-2,5995,5997,8038
"Before scheduled trip start time",-2,502,504,8038
"Before scheduled trip start time",-2,7254,7256,8038
"Before scheduled trip start time",-2,27676,27678,8038
"Before scheduled trip start time",-2,1651,1653,8038
"Before scheduled trip start time",-2,673540,673542,8038
"Before scheduled trip start time",-2,31816,31818,8038
"Before scheduled trip start time",-2,26634,26636,8038
"Before scheduled trip start time",-2,20154,20156,8038
"Before scheduled trip start time",-2,155,157,8038
"Before scheduled trip start time",-2,7934,7936,8038
"Before scheduled trip start time",-2,9995,9997,8038
"Before scheduled trip start time",-2,9614,9616,8038
"Before scheduled trip start time",-2,4972,4974,8038
"Before scheduled trip start time",-2,4359,4361,8038
"Before scheduled trip start time",-2,1506,1508,8038
"Before scheduled trip start time",-2,71199,71201,8038
"Before scheduled trip start time",-2,73119,73121,8038
"Before scheduled trip start time",-2,7779,7781,8038
"Before scheduled trip start time",-2,79319,79321,8038
"Before scheduled trip start time",-2,66319,66321,8038
"Before scheduled trip start time",-2,7777,7779,8038
"Before scheduled trip start time",-2,500688,500690,8038
"Before scheduled trip start time",-2,51567,51569,8038
"Before scheduled trip start time",-2,313,315,8038
"Before scheduled trip start time",-2,59627,59629,8038
"Before scheduled trip start time",-2,61587,61589,8038
"Before scheduled trip start time",-2,19574,19576,8038
"Before scheduled trip start time",-2,880,882,8038
"Before scheduled trip start time",-2,739,741,8038
"Before scheduled trip start time",-2,4039,4041,8038
"Before scheduled trip start time",-2,1166,1168,8038
"Before scheduled trip start time",-2,73599,73601,8038
"Before scheduled trip start time",-2,64499,64501,8038
"Before scheduled trip start time",-2,4,6,8038
"Before scheduled trip start time",-2,14134,14136,8038
"Before scheduled trip start time",-2,52019,52021,8038
"Before scheduled trip start time",-2,119,121,8038
"Before scheduled trip start time",-2,16883,16885,8038
"Before scheduled trip start time",-2,22698,22700,8038
"Before scheduled trip start time",-2,26674,26676,8038
"Before scheduled trip start time",-2,70607,70609,8038
"Before scheduled trip start time",-2,15318,15320,8038
"Before scheduled trip start time",-2,18774,18776,8038
"Before scheduled trip start time",-2,34927,34929,8038
"Before scheduled trip start time",-2,31914,31916,8038
"Before scheduled trip start time",-2,4339,4341,8038
"Before scheduled trip start time",-2,6577,6579,8038
"Before scheduled trip start time",-2,1010,1012,8038
"Before scheduled trip start time",-2,814,816,8038
"Before scheduled trip start time",-2,57399,57401,8038
"Before scheduled trip start time",-2,54859,54861,8038
"Before scheduled trip start time",-2,505588,505590,8038
"Before scheduled trip start time",-2,28923,28925,8038
"Before scheduled trip start time",-2,367,369,8038
"Before scheduled trip start time",-2,335,337,8038
"Before scheduled trip start time",-2,5234,5236,8038
"Before scheduled trip start time",-2,8357,8359,8038
"Before scheduled trip start time",-2,1635,1637,8038
"Before scheduled trip start time",-2,11894,11896,8038
"Before scheduled trip start time",-2,6634,6636,8038
"Before scheduled trip start time",-2,680180,680182,8038
"Before scheduled trip start time",-2,28603,28605,8038
"Before scheduled trip start time",-2,73207,73209,8038
"Before scheduled trip start time",-2,282,284,8038
"Before scheduled trip start time",-2,292,294,8038
"Before scheduled trip start time",-2,670240,670242,8038
"Before scheduled trip start time",-2,451,453,8038
"Before scheduled trip start time",-2,1897,1899,8038
"Before scheduled trip start time",-2,4235,4237,8038
"Before scheduled trip start time",-2,63999,64001,8038
"Before scheduled trip start time",-2,7077,7079,8038
"Before scheduled trip start time",-2,24643,24645,8038
"Before scheduled trip start time",-2,57139,57141,8038
"Before scheduled trip start time",-2,63867,63869,8038
"Before scheduled trip start time",-2,30536,30538,8038
"Before scheduled trip start time",-2,40656,40658,8038
"Before scheduled trip start time",-2,22454,22456,8038
"Before scheduled trip start time",-2,689060,689062,8038
"Before scheduled trip start time",-2,423,425,8038
"Before scheduled trip start time",-2,27258,27260,8038
"Before scheduled trip start time",-2,656700,656702,8038
"Before scheduled trip start time",-2,1130,1132,8038
"Before scheduled trip start time",-2,52399,52401,8038
"Before scheduled trip start time",-2,687420,687422,8038
"Before scheduled trip start time",-2,51747,51749,8038
"Before scheduled trip start time",-2,689540,689542,8038
"Before scheduled trip start time",-2,26498,26500,8038
"Before scheduled trip start time",-2,14738,14740,8038
"Before scheduled trip start time",-2,409,411,8038
"Before scheduled trip start time",-2,61719,61721,8038
"Before scheduled trip start time",-2,8175,8177,8038
"Before scheduled trip start time",-2,1430,1432,8038
"Before scheduled trip start time",-2,498228,498230,8038
"Before scheduled trip start time",-2,51987,51989,8038
"Before scheduled trip start time",-2,28496,28498,8038
"Before scheduled trip start time",-2,29449,29451,8038
"Before scheduled trip start time",-2,53719,53721,8038
"Before scheduled trip start time",-2,21334,21336,8038
"Before scheduled trip start time",-2,20278,20280,8038
"Before scheduled trip start time",-2,18534,18536,8038
"Before scheduled trip start time",-2,669200,669202,8038
"Before scheduled trip start time",-2,41087,41089,8038
"Before scheduled trip start time",-2,768,770,8038
"Before scheduled trip start time",-2,3932,3934,8038
"Before scheduled trip start time",-2,5672,5674,8038
"Before scheduled trip start time",-2,975,977,8038
"Before scheduled trip start time",-2,497168,497170,8038
"Before scheduled trip start time",-2,52439,52441,8038
"Before scheduled trip start time",-2,71,73,8038
"Before scheduled trip start time",-2,29376,29378,8038
"Before scheduled trip start time",-2,26294,26296,8038
"Before scheduled trip start time",-2,26354,26356,8038
"Before scheduled trip start time",-2,72387,72389,8038
"Before scheduled trip start time",-2,22394,22396,8038
"Before scheduled trip start time",-2,14258,14260,8038
"Before scheduled trip start time",-2,76967,76969,8038
"Before scheduled trip start time",-2,60719,60721,8038
"Before scheduled trip start time",-2,60899,60901,8038
"Before scheduled trip start time",-2,7914,7916,8038
"Before scheduled trip start time",-2,2277,2279,8038
"Before scheduled trip start time",-2,73499,73501,8038
"Before scheduled trip start time",-2,6555,6557,8038
"Before scheduled trip start time",-2,16034,16036,8038
"Before scheduled trip start time",-2,500128,500130,8038
"Before scheduled trip start time",-2,25023,25025,8038
"Before scheduled trip start time",-2,51307,51309,8038
"Before scheduled trip start time",-2,101,103,8038
"Before scheduled trip start time",-2,53399,53401,8038
"Before scheduled trip start time",-2,174,176,8038
"Before scheduled trip start time",-2,17694,17696,8038
"Before scheduled trip start time",-2,34607,34609,8038
"Before scheduled trip start time",-2,2588,2590,8038
"Before scheduled trip start time",-2,31098,31100,8038
"Before scheduled trip start time",-2,11652,11654,8038
"Before scheduled trip start time",-2,342,344,8038
"Before scheduled trip start time",-2,32358,32360,8038
"Before scheduled trip start time",-2,1410,1412,8038
"Before scheduled trip start time",-2,194,196,8038
"Before scheduled trip start time",-2,5574,5576,8038
"Before scheduled trip start time",-2,45939,45941,8038
"Before scheduled trip start time",-2,499228,499230,8038
"Before scheduled trip start time",-2,14074,14076,8038
"Before scheduled trip start time",-2,32603,32605,8038
"Before scheduled trip start time",-2,51447,51449,8038
"Before scheduled trip start time",-2,44379,44381,8038
"Before scheduled trip start time",-2,27203,27205,8038
"Before scheduled trip start time",-2,54399,54401,8038
"Before scheduled trip start time",-2,505648,505650,8038
"Before scheduled trip start time",-2,154,156,8038
"Before scheduled trip start time",-2,28094,28096,8038
"Before scheduled trip start time",-2,631,633,8038
"Before scheduled trip start time",-2,6572,6574,8038
"Before scheduled trip start time",-2,7812,7814,8038
"Before scheduled trip start time",-2,32458,32460,8038
"Before scheduled trip start time",-2,499648,499650,8038
"Before scheduled trip start time",-2,38256,38258,8038
"Before scheduled trip start time",-2,500708,500710,8038
"Before scheduled trip start time",-2,1351,1353,8038
"Before scheduled trip start time",-2,44219,44221,8038
"Before scheduled trip start time",-2,28374,28376,8038
"Before scheduled trip start time",-2,16614,16616,8038
"Before scheduled trip start time",-2,46107,46109,8038
"Before scheduled trip start time",-2,70499,70501,8038
"Before scheduled trip start time",-2,511328,511330,8038
"Before scheduled trip start time",-2,31094,31096,8038
"Before scheduled trip start time",-2,1999,2001,8038
"Before scheduled trip start time",-2,7459,7461,8038
"Before scheduled trip start time",-2,11112,11114,8038
"Before scheduled trip start time",-2,515788,515790,8038
"Before scheduled trip start time",-2,13712,13714,8038
"Before scheduled trip start time",-2,1394,1396,8038
"Before scheduled trip start time",-2,687720,687722,8038
"Before scheduled trip start time",-2,227,229,8038
"Before scheduled trip start time",-2,29776,29778,8038
"Before scheduled trip start time",-2,1220,1222,8038
"Before scheduled trip start time",-2,494208,494210,8038
"Before scheduled trip start time",-2,34976,34978,8038
"Before scheduled trip start time",-2,25874,25876,8038
"Before scheduled trip start time",-2,23498,23500,8038
"Before scheduled trip start time",-2,59027,59029,8038
"Before scheduled trip start time",-2,66227,66229,8038
"Before scheduled trip start time",-2,454,456,8038
"Before scheduled trip start time",-2,19654,19656,8038
"Before scheduled trip start time",-2,42887,42889,8038
"Before scheduled trip start time",-2,2208,2210,8038
"Before scheduled trip start time",-2,6679,6681,8038
"Before scheduled trip start time",-2,79679,79681,8038
"Before scheduled trip start time",-2,65119,65121,8038
"Before scheduled trip start time",-2,1109,1111,8038
"Before scheduled trip start time",-2,1829,1831,8038
"Before scheduled trip start time",-2,49387,49389,8038
"Before scheduled trip start time",-2,678180,678182,8038
"Before scheduled trip start time",-2,53607,53609,8038
"Before scheduled trip start time",-2,38547,38549,8038
"Before scheduled trip start time",-2,28763,28765,8038
"Before scheduled trip start time",-2,36647,36649,8038
"Before scheduled trip start time",-2,513248,513250,8038
"Before scheduled trip start time",-2,29898,29900,8038
"Before scheduled trip start time",-2,1586,1588,8038
"Before scheduled trip start time",-2,6639,6641,8038
"Before scheduled trip start time",-2,2759,2761,8038
"Before scheduled trip start time",-2,3499,3501,8038
"Before scheduled trip start time",-2,29003,29005,8038
"Before scheduled trip start time",-2,24594,24596,8038
"Before scheduled trip start time",-2,69887,69889,8038
"Before scheduled trip start time",-2,20418,20420,8038
"Before scheduled trip start time",-2,681700,681702,8038
"Before scheduled trip start time",-2,656680,656682,8038
"Before scheduled trip start time",-2,29198,29200,8038
"Before scheduled trip start time",-2,1954,1956,8038
"Before scheduled trip start time",-2,1052,1054,8038
"Before scheduled trip start time",-2,46199,46201,8038
"Before scheduled trip start time",-2,10958,10960,8038
"Before scheduled trip start time",-2,50659,50661,8038
"Before scheduled trip start time",-2,25403,25405,8038
"Before scheduled trip start time",-2,109,111,8038
"Before scheduled trip start time",-2,27263,27265,8038
"Before scheduled trip start time",-2,67227,67229,8038
"Before scheduled trip start time",-2,663280,663282,8038
"Before scheduled trip start time",-2,666840,666842,8038
"Before scheduled trip start time",-2,4114,4116,8038
"Before scheduled trip start time",-2,3589,3591,8038
"Before scheduled trip start time",-2,13114,13116,8038
"Before scheduled trip start time",-2,686220,686222,8038
"Before scheduled trip start time",-2,676060,676062,8038
"Before scheduled trip start time",-2,34096,34098,8038
"Before scheduled trip start time",-2,22538,22540,8038
"Before scheduled trip start time",-2,17858,17860,8038
"Before scheduled trip start time",-2,22774,22776,8038
"Before scheduled trip start time",-2,61387,61389,8038
"Before scheduled trip start time",-2,17214,17216,8038
"Before scheduled trip start time",-2,3232,3234,8038
"Before scheduled trip start time",-2,2268,2270,8038
"Before scheduled trip start time",-2,30974,30976,8038
"Before scheduled trip start time",-2,10372,10374,8038
"Before scheduled trip start time",-2,14894,14896,8038
"Before scheduled trip start time",-2,688460,688462,8038
"Before scheduled trip start time",-2,57467,57469,8038
"Before scheduled trip start time",-2,38827,38829,8038
"Before scheduled trip start time",-2,133,135,8038
"Before scheduled trip start time",-2,28996,28998,8038
"Before scheduled trip start time",-2,54199,54201,8038
"Before scheduled trip start time",-2,23358,23360,8038
"Before scheduled trip start time",-2,21314,21316,8038
"Before scheduled trip start time",-2,15438,15440,8038
"Before scheduled trip start time",-2,41127,41129,8038
"Before scheduled trip start time",-2,3017,3019,8038
"Before scheduled trip start time",-2,2949,2951,8038
"Before scheduled trip start time",-2,6992,6994,8038
"Before scheduled trip start time",-2,49739,49741,8038
"Before scheduled trip start time",-2,29463,29465,8038
"Before scheduled trip start time",-2,26036,26038,8038
"Before scheduled trip start time",-2,686840,686842,8038
"Before scheduled trip start time",-2,662800,662802,8038
"Before scheduled trip start time",-2,30676,30678,8038
"Before scheduled trip start time",-2,43539,43541,8038
"Before scheduled trip start time",-2,301,303,8038
"Before scheduled trip start time",-2,506828,506830,8038
"Before scheduled trip start time",-2,30194,30196,8038
"Before scheduled trip start time",-2,15598,15600,8038
"Before scheduled trip start time",-2,664480,664482,8038
"Before scheduled trip start time",-2,31214,31216,8038
"Before scheduled trip start time",-2,1379,1381,8038
"Before scheduled trip start time",-2,5855,5857,8038
"Before scheduled trip start time",-2,10097,10099,8038
"Before scheduled trip start time",-2,64399,64401,8038
"Before scheduled trip start time",-2,1030,1032,8038
"Before scheduled trip start time",-2,46639,46641,8038
"Before scheduled trip start time",-2,24003,24005,8038
"Before scheduled trip start time",-2,507588,507590,8038
"Before scheduled trip start time",-2,59179,59181,8038
"Before scheduled trip start time",-2,151,153,8038
"Before scheduled trip start time",-2,831,833,8038
"Before scheduled trip start time",-2,2500,2502,8038
"Before scheduled trip start time",-2,15683,15685,8038
"Before scheduled trip start time",-2,39256,39258,8038
"Before scheduled trip start time",-2,40676,40678,8038
"Before scheduled trip start time",-2,73527,73529,8038
"Before scheduled trip start time",-2,27574,27576,8038
"Before scheduled trip start time",-2,60059,60061,8038
"Before scheduled trip start time",-2,8034,8036,8038
"Before scheduled trip start time",-2,944,946,8038
"Before scheduled trip start time",-2,74859,74861,8038
"Before scheduled trip start time",-2,529,531,8038
"Before scheduled trip start time",-2,21923,21925,8038
"Before scheduled trip start time",-2,502768,502770,8038
"Before scheduled trip start time",-2,25323,25325,8038
"Before scheduled trip start time",-2,28316,28318,8038
"Before scheduled trip start time",-2,54547,54549,8038
"Before scheduled trip start time",-2,25954,25956,8038
"Before scheduled trip start time",-2,688820,688822,8038
"Before scheduled trip start time",-2,77127,77129,8038
"Before scheduled trip start time",-2,663420,663422,8038
"Before scheduled trip start time",-2,511148,511150,8038
"Before scheduled trip start time",-2,4832,4834,8038
"Before scheduled trip start time",-2,10634,10636,8038
"Before scheduled trip start time",-2,575,577,8038
"Before scheduled trip start time",-2,10432,10434,8038
"Before scheduled trip start time",-2,37536,37538,8038
"Before scheduled trip start time",-2,21318,21320,8038
"Before scheduled trip start time",-2,22738,22740,8038
"Before scheduled trip start time",-2,20274,20276,8038
"Before scheduled trip start time",-2,45407,45409,8038
"Before scheduled trip start time",-2,69919,69921,8038
"Before scheduled trip start time",-2,1679,1681,8038
"Before scheduled trip start time",-2,2409,2411,8038
"Before scheduled trip start time",-2,2334,2336,8038
"Before scheduled trip start time",-2,557,559,8038
"Before scheduled trip start time",-2,56879,56881,8038
"Before scheduled trip start time",-2,508708,508710,8038
"Before scheduled trip start time",-2,38887,38889,8038
"Before scheduled trip start time",-2,29756,29758,8038
"Before scheduled trip start time",-2,495688,495690,8038
"Before scheduled trip start time",-2,41876,41878,8038
"Before scheduled trip start time",-2,506968,506970,8038
"Before scheduled trip start time",-2,1228,1230,8038
"Before scheduled trip start time",-2,1440,1442,8038
"Before scheduled trip start time",-2,4679,4681,8038
"Before scheduled trip start time",-2,1201,1203,8038
"Before scheduled trip start time",-2,394,396,8038
"Before scheduled trip start time",-2,22603,22605,8038
"Before scheduled trip start time",-2,503148,503150,8038
"Before scheduled trip start time",-2,26936,26938,8038
"Before scheduled trip start time",-2,39047,39049,8038
"Before scheduled trip start time",-2,29129,29131,8038
"Before scheduled trip start time",-2,60687,60689,8038
"Before scheduled trip start time",-2,548,550,8038
"Before scheduled trip start time",-2,290,292,8038
"Before scheduled trip start time",-2,34907,34909,8038
"Before scheduled trip start time",-2,511948,511950,8038
"Before scheduled trip start time",-2,3352,3354,8038
"Before scheduled trip start time",-2,11235,11237,8038
"Before scheduled trip start time",-2,11675,11677,8038
"Before scheduled trip start time",-2,74219,74221,8038
"Before scheduled trip start time",-2,2159,2161,8038
"Before scheduled trip start time",-2,81569,81571,8038
"Before scheduled trip start time",-2,497268,497270,8038
"Before scheduled trip start time",-2,499688,499690,8038
"Before scheduled trip start time",-2,499828,499830,8038
"Before scheduled trip start time",-2,15114,15116,8038
"Before scheduled trip start time",-2,501668,501670,8038
"Before scheduled trip start time",-2,507268,507270,8038
"Before scheduled trip start time",-2,2191,2193,8038
"Before scheduled trip start time",-2,26843,26845,8038
"Before scheduled trip start time",-2,33096,33098,8038
"Before scheduled trip start time",-2,683400,683402,8038
"Before scheduled trip start time",-2,16658,16660,8038
"Before scheduled trip start time",-2,669400,669402,8038
"Before scheduled trip start time",-2,663400,663402,8038
"Before scheduled trip start time",-2,1300,1302,8038
"Before scheduled trip start time",-2,1334,1336,8038
"Before scheduled trip start time",-2,13692,13694,8038
"Before scheduled trip start time",-2,13,15,8038
"Before scheduled trip start time",-2,13394,13396,8038
"Before scheduled trip start time",-2,57099,57101,8038
"Before scheduled trip start time",-2,58719,58721,8038
"Before scheduled trip start time",-2,54947,54949,8038
"Before scheduled trip start time",-2,662120,662122,8038
"Before scheduled trip start time",-2,45567,45569,8038
"Before scheduled trip start time",-2,668460,668462,8038
"Before scheduled trip start time",-2,68539,68541,8038
"Before scheduled trip start time",-2,76939,76941,8038
"Before scheduled trip start time",-2,7319,7321,8038
"Before scheduled trip start time",-2,8017,8019,8038
"Before scheduled trip start time",-2,8557,8559,8038
"Before scheduled trip start time",-2,634,636,8038
"Before scheduled trip start time",-2,2554,2556,8038
"Before scheduled trip start time",-2,47919,47921,8038
"Before scheduled trip start time",-2,499088,499090,8038
"Before scheduled trip start time",-2,22343,22345,8038
"Before scheduled trip start time",-2,619,621,8038
"Before scheduled trip start time",-2,510408,510410,8038
"Before scheduled trip start time",-2,688440,688442,8038
"Before scheduled trip start time",-2,43479,43481,8038
"Before scheduled trip start time",-2,9694,9696,8038
"Before scheduled trip start time",-2,77439,77441,8038
"Before scheduled trip start time",-2,515228,515230,8038
"Before scheduled trip start time",-2,65759,65761,8038
"Before scheduled trip start time",-2,910,912,8038
"Before scheduled trip start time",-2,9612,9614,8038
"Before scheduled trip start time",-2,1974,1976,8038
"Before scheduled trip start time",-2,20723,20725,8038
"Before scheduled trip start time",-2,59599,59601,8038
"Before scheduled trip start time",-2,49187,49189,8038
"Before scheduled trip start time",-2,54507,54509,8038
"Before scheduled trip start time",-2,37927,37929,8038
"Before scheduled trip start time",-2,43899,43901,8038
"Before scheduled trip start time",-2,26163,26165,8038
"Before scheduled trip start time",-2,504308,504310,8038
"Before scheduled trip start time",-2,505608,505610,8038
"Before scheduled trip start time",-2,934,936,8038
"Before scheduled trip start time",-2,25438,25440,8038
"Before scheduled trip start time",-2,966,968,8038
"Before scheduled trip start time",-2,46827,46829,8038
"Before scheduled trip start time",-2,512288,512290,8038
"Before scheduled trip start time",-2,1306,1308,8038
"Before scheduled trip start time",-2,3139,3141,8038
"Before scheduled trip start time",-2,977,979,8038
"Before scheduled trip start time",-2,721,723,8038
"Before scheduled trip start time",-2,18983,18985,8038
"Before scheduled trip start time",-2,12218,12220,8038
"Before scheduled trip start time",-2,7494,7496,8038
"Before scheduled trip start time",-2,507188,507190,8038
"Before scheduled trip start time",-2,51007,51009,8038
"Before scheduled trip start time",-2,57167,57169,8038
"Before scheduled trip start time",-2,57507,57509,8038
"Before scheduled trip start time",-2,64,66,8038
"Before scheduled trip start time",-2,505228,505230,8038
"Before scheduled trip start time",-2,659660,659662,8038
"Before scheduled trip start time",-2,345,347,8038
"Before scheduled trip start time",-2,5512,5514,8038
"Before scheduled trip start time",-2,4439,4441,8038
"Before scheduled trip start time",-2,1488,1490,8038
"Before scheduled trip start time",-2,2219,2221,8038
"Before scheduled trip start time",-2,690,692,8038
"Before scheduled trip start time",-2,38156,38158,8038
"Before scheduled trip start time",-2,25296,25298,8038
"Before scheduled trip start time",-2,687160,687162,8038
"Before scheduled trip start time",-2,677600,677602,8038
"Before scheduled trip start time",-2,660900,660902,8038
"Before scheduled trip start time",-2,145,147,8038
"Before scheduled trip start time",-2,45507,45509,8038
"Before scheduled trip start time",-2,35507,35509,8038
"Before scheduled trip start time",-2,828,830,8038
"Before scheduled trip start time",-2,255,257,8038
"Before scheduled trip start time",-2,2699,2701,8038
"Before scheduled trip start time",-2,3035,3037,8038
"Before scheduled trip start time",-2,78039,78041,8038
"Before scheduled trip start time",-2,2649,2651,8038
"Before scheduled trip start time",-2,473,475,8038
"Before scheduled trip start time",-2,499988,499990,8038
"Before scheduled trip start time",-2,507348,507350,8038
"Before scheduled trip start time",-2,59639,59641,8038
"Before scheduled trip start time",-2,660980,660982,8038
"Before scheduled trip start time",-2,17358,17360,8038
"Before scheduled trip start time",-2,117,119,8038
"Before scheduled trip start time",-2,16578,16580,8038
"Before scheduled trip start time",-2,42167,42169,8038
"Before scheduled trip start time",-2,363,365,8038
"Before scheduled trip start time",-2,31198,31200,8038
"Before scheduled trip start time",-2,1125,1127,8038
"Before scheduled trip start time",-2,7074,7076,8038
"Before scheduled trip start time",-2,507248,507250,8038
"Before scheduled trip start time",-2,25696,25698,8038
"Before scheduled trip start time",-2,65787,65789,8038
"Before scheduled trip start time",-2,671440,671442,8038
"Before scheduled trip start time",-2,679840,679842,8038
"Before scheduled trip start time",-2,18543,18545,8038
"Before scheduled trip start time",-2,427,429,8038
"Before scheduled trip start time",-2,8935,8937,8038
"Before scheduled trip start time",-2,3974,3976,8038
"Before scheduled trip start time",-2,8039,8041,8038
"Before scheduled trip start time",-2,65639,65641,8038
"Before scheduled trip start time",-2,6117,6119,8038
"Before scheduled trip start time",-2,4834,4836,8038
"Before scheduled trip start time",-2,47059,47061,8038
"Before scheduled trip start time",-2,15154,15156,8038
"Before scheduled trip start time",-2,670840,670842,8038
"Before scheduled trip start time",-2,661160,661162,8038
"Before scheduled trip start time",-2,55039,55041,8038
"Before scheduled trip start time",-2,69767,69769,8038
"Before scheduled trip start time",-2,688500,688502,8038
"Before scheduled trip start time",-2,742,744,8038
"Before scheduled trip start time",-2,162,164,8038
"Before scheduled trip start time",-2,41647,41649,8038
"Before scheduled trip start time",-2,8532,8534,8038
"Before scheduled trip start time",-2,31,33,8038
"Before scheduled trip start time",-2,52559,52561,8038
"Before scheduled trip start time",-2,32963,32965,8038
"Before scheduled trip start time",-2,670560,670562,8038
"Before scheduled trip start time",-2,680720,680722,8038
"Before scheduled trip start time",-2,494808,494810,8038
"Before scheduled trip start time",-2,41896,41898,8038
"Before scheduled trip start time",-2,20758,20760,8038
"Before scheduled trip start time",-2,88,90,8038
"Before scheduled trip start time",-2,29074,29076,8038
"Before scheduled trip start time",-2,70079,70081,8038
"Before scheduled trip start time",-2,792,794,8038
"Before scheduled trip start time",-2,8734,8736,8038
"Before scheduled trip start time",-2,5492,5494,8038
"Before scheduled trip start time",-2,75819,75821,8038
"Before scheduled trip start time",-2,6759,6761,8038
"Before scheduled trip start time",-2,2915,2917,8038
"Before scheduled trip start time",-2,7835,7837,8038
"Before scheduled trip start time",-2,12252,12254,8038
"Before scheduled trip start time",-2,8592,8594,8038
"Before scheduled trip start time",-2,497448,497450,8038
"Before scheduled trip start time",-2,22083,22085,8038
"Before scheduled trip start time",-2,10898,10900,8038
"Before scheduled trip start time",-2,30003,30005,8038
"Before scheduled trip start time",-2,31343,31345,8038
"Before scheduled trip start time",-2,79,81,8038
"Before scheduled trip start time",-2,25196,25198,8038
"Before scheduled trip start time",-2,495468,495470,8038
"Before scheduled trip start time",-2,55319,55321,8038
"Before scheduled trip start time",-2,722,724,8038
"Before scheduled trip start time",-2,24858,24860,8038
"Before scheduled trip start time",-2,28194,28196,8038
"Before scheduled trip start time",-2,47327,47329,8038
"Before scheduled trip start time",-2,34087,34089,8038
"Before scheduled trip start time",-2,656860,656862,8038
"Before scheduled trip start time",-2,35827,35829,8038
"Before scheduled trip start time",-2,3712,3714,8038
"Before scheduled trip start time",-2,1439,1441,8038
"Before scheduled trip start time",-2,75019,75021,8038
"Before scheduled trip start time",-2,4195,4197,8038
"Before scheduled trip start time",-2,695,697,8038
"Before scheduled trip start time",-2,38596,38598,8038
"Before scheduled trip start time",-2,51367,51369,8038
"Before scheduled trip start time",-2,679420,679422,8038
"Before scheduled trip start time",-2,1900,1902,8038
"Before scheduled trip start time",-2,505088,505090,8038
"Before scheduled trip start time",-2,25274,25276,8038
"Before scheduled trip start time",-2,668840,668842,8038
"Before scheduled trip start time",-2,665140,665142,8038
"Before scheduled trip start time",-2,512948,512950,8038
"Before scheduled trip start time",-2,513128,513130,8038
"Before scheduled trip start time",-2,9794,9796,8038
"Before scheduled trip start time",-2,32614,32616,8038
"Before scheduled trip start time",-2,10212,10214,8038
"Before scheduled trip start time",-2,974,976,8038
"Before scheduled trip start time",-2,23143,23145,8038
"Before scheduled trip start time",-2,56579,56581,8038
"Before scheduled trip start time",-2,509888,509890,8038
"Before scheduled trip start time",-2,63327,63329,8038
"Before scheduled trip start time",-2,17203,17205,8038
"Before scheduled trip start time",-2,39836,39838,8038
"Before scheduled trip start time",-2,71447,71449,8038
"Before scheduled trip start time",-2,21034,21036,8038
"Before scheduled trip start time",-2,76667,76669,8038
"Before scheduled trip start time",-2,40647,40649,8038
"Before scheduled trip start time",-2,5712,5714,8038
"Before scheduled trip start time",-2,67019,67021,8038
"Before scheduled trip start time",-2,6712,6714,8038
"Before scheduled trip start time",-2,2534,2536,8038
"Before scheduled trip start time",-2,22,24,8038
"Before scheduled trip start time",-2,47,49,8038
"Before scheduled trip start time",-2,15794,15796,8038
"Before scheduled trip start time",-2,35916,35918,8038
"Before scheduled trip start time",-2,52199,52201,8038
"Before scheduled trip start time",-2,508928,508930,8038
"Before scheduled trip start time",-2,48007,48009,8038
"Before scheduled trip start time",-2,673760,673762,8038
"Before scheduled trip start time",-2,679560,679562,8038
"Before scheduled trip start time",-2,324,326,8038
"Before scheduled trip start time",-2,24598,24600,8038
"Before scheduled trip start time",-2,9934,9936,8038
"Before scheduled trip start time",-2,28278,28280,8038
"Before scheduled trip start time",-2,28378,28380,8038
"Before scheduled trip start time",-2,1935,1937,8038
"Before scheduled trip start time",-2,73999,74001,8038
"Before scheduled trip start time",-2,78799,78801,8038
"Before scheduled trip start time",-2,514868,514870,8038
"Before scheduled trip start time",-2,499248,499250,8038
"Before scheduled trip start time",-2,497,499,8038
"Before scheduled trip start time",-2,52099,52101,8038
"Before scheduled trip start time",-2,58539,58541,8038
"Before scheduled trip start time",-2,494308,494310,8038
"Before scheduled trip start time",-2,58727,58729,8038
"Before scheduled trip start time",-2,357,359,8038
"Before scheduled trip start time",-2,44207,44209,8038
"Before scheduled trip start time",-2,12615,12617,8038
"Before scheduled trip start time",-2,499268,499270,8038
"Before scheduled trip start time",-2,503048,503050,8038
"Before scheduled trip start time",-2,671860,671862,8038
"Before scheduled trip start time",-2,147,149,8038
"Before scheduled trip start time",-2,493608,493610,8038
"Before scheduled trip start time",-2,54159,54161,8038
"Before scheduled trip start time",-2,27903,27905,8038
"Before scheduled trip start time",-2,22614,22616,8038
"Before scheduled trip start time",-2,668280,668282,8038
"Before scheduled trip start time",-2,43247,43249,8038
"Before scheduled trip start time",-2,1031,1033,8038
"Before scheduled trip start time",-2,570,572,8038
"Before scheduled trip start time",-2,63859,63861,8038
"Before scheduled trip start time",-2,738,740,8038
"Before scheduled trip start time",-2,1392,1394,8038
"Before scheduled trip start time",-2,1370,1372,8038
"Before scheduled trip start time",-2,32678,32680,8038
"Before scheduled trip start time",-2,63047,63049,8038
"Before scheduled trip start time",-2,49927,49929,8038
"Before scheduled trip start time",-2,56667,56669,8038
"Before scheduled trip start time",-2,676120,676122,8038
"Before scheduled trip start time",-2,39827,39829,8038
"Before scheduled trip start time",-2,2280,2282,8038
"Before scheduled trip start time",-2,25674,25676,8038
"Before scheduled trip start time",-2,240,242,8038
"Before scheduled trip start time",-2,449,451,8038
"Before scheduled trip start time",-2,22954,22956,8038
"Before scheduled trip start time",-2,186,188,8038
"Before scheduled trip start time",-2,68447,68449,8038
"Before scheduled trip start time",-2,76267,76269,8038
"Before scheduled trip start time",-2,27934,27936,8038
"Before scheduled trip start time",-2,19754,19756,8038
"Before scheduled trip start time",-2,670400,670402,8038
"Before scheduled trip start time",-2,665940,665942,8038
"Before scheduled trip start time",-2,1259,1261,8038
"Before scheduled trip start time",-2,1315,1317,8038
"Before scheduled trip start time",-2,726,728,8038
"Before scheduled trip start time",-2,12255,12257,8038
"Before scheduled trip start time",-2,31538,31540,8038
"Before scheduled trip start time",-2,6654,6656,8038
"Before scheduled trip start time",-2,296,298,8038
"Before scheduled trip start time",-2,505268,505270,8038
"Before scheduled trip start time",-2,20614,20616,8038
"Before scheduled trip start time",-2,438,440,8038
"Before scheduled trip start time",-2,70379,70381,8038
"Before scheduled trip start time",-2,78439,78441,8038
"Before scheduled trip start time",-2,6174,6176,8038
"Before scheduled trip start time",-2,20303,20305,8038
"Before scheduled trip start time",-2,498248,498250,8038
"Before scheduled trip start time",-2,10878,10880,8038
"Before scheduled trip start time",-2,685780,685782,8038
"Before scheduled trip start time",-2,687060,687062,8038
"Before scheduled trip start time",-2,671360,671362,8038
"Before scheduled trip start time",-2,26854,26856,8038
"Before scheduled trip start time",-2,437,439,8038
"Before scheduled trip start time",-2,29594,29596,8038
"Before scheduled trip start time",-2,248,250,8038
"Before scheduled trip start time",-2,67719,67721,8038
"Before scheduled trip start time",-2,10174,10176,8038
"Before scheduled trip start time",-2,28938,28940,8038
"Before scheduled trip start time",-2,76579,76581,8038
"Before scheduled trip start time",-2,2449,2451,8038
"Before scheduled trip start time",-2,10818,10820,8038
"Before scheduled trip start time",-2,672180,672182,8038
"Before scheduled trip start time",-2,673780,673782,8038
"Before scheduled trip start time",-2,22758,22760,8038
"Before scheduled trip start time",-2,1094,1096,8038
"Before scheduled trip start time",-2,14698,14700,8038
"Before scheduled trip start time",-2,668700,668702,8038
"Before scheduled trip start time",-2,34047,34049,8038
"Before scheduled trip start time",-2,659360,659362,8038
"Before scheduled trip start time",-2,591,593,8038
"Before scheduled trip start time",-2,598,600,8038
"Before scheduled trip start time",-2,5352,5354,8038
"Before scheduled trip start time",-2,74199,74201,8038
"Before scheduled trip start time",-2,499528,499530,8038
"Before scheduled trip start time",-2,22943,22945,8038
"Before scheduled trip start time",-2,51327,51329,8038
"Before scheduled trip start time",-2,29156,29158,8038
"Before scheduled trip start time",-2,54359,54361,8038
"Before scheduled trip start time",-2,22958,22960,8038
"Before scheduled trip start time",-2,59167,59169,8038
"Before scheduled trip start time",-2,689040,689042,8038
"Before scheduled trip start time",-2,29514,29516,8038
"Before scheduled trip start time",-2,466,468,8038
"Before scheduled trip start time",-2,664400,664402,8038
"Before scheduled trip start time",-2,33103,33105,8038
"Before scheduled trip start time",-2,4017,4019,8038
"Before scheduled trip start time",-2,1797,1799,8038
"Before scheduled trip start time",-2,9634,9636,8038
"Before scheduled trip start time",-2,28578,28580,8038
"Before scheduled trip start time",-2,30258,30260,8038
"Before scheduled trip start time",-2,5559,5561,8038
"Before scheduled trip start time",-2,855,857,8038
"Before scheduled trip start time",-2,9912,9914,8038
"Before scheduled trip start time",-2,64439,64441,8038
"Before scheduled trip start time",-2,875,877,8038
"Before scheduled trip start time",-2,5294,5296,8038
"Before scheduled trip start time",-2,11358,11360,8038
"Before scheduled trip start time",-2,7174,7176,8038
"Before scheduled trip start time",-2,673340,673342,8038
"Before scheduled trip start time",-2,53127,53129,8038
"Before scheduled trip start time",-2,53959,53961,8038
"Before scheduled trip start time",-2,928,930,8038
"Before scheduled trip start time",-2,9354,9356,8038
"Before scheduled trip start time",-2,1267,1269,8038
"Before scheduled trip start time",-2,2150,2152,8038
"Before scheduled trip start time",-2,3,5,8038
"Before scheduled trip start time",-2,496488,496490,8038
"Before scheduled trip start time",-2,47079,47081,8038
"Before scheduled trip start time",-2,22643,22645,8038
"Before scheduled trip start time",-2,28376,28378,8038
"Before scheduled trip start time",-2,670760,670762,8038
"Before scheduled trip start time",-2,24194,24196,8038
"Before scheduled trip start time",-2,1087,1089,8038
"Before scheduled trip start time",-2,18678,18680,8038
"Before scheduled trip start time",-2,22334,22336,8038
"Before scheduled trip start time",-2,341,343,8038
"Before scheduled trip start time",-2,5295,5297,8038
"Before scheduled trip start time",-2,7859,7861,8038
"Before scheduled trip start time",-2,80199,80201,8038
"Before scheduled trip start time",-2,13292,13294,8038
"Before scheduled trip start time",-2,7094,7096,8038
"Before scheduled trip start time",-2,497968,497970,8038
"Before scheduled trip start time",-2,38136,38138,8038
"Before scheduled trip start time",-2,27796,27798,8038
"Before scheduled trip start time",-2,53627,53629,8038
"Before scheduled trip start time",-2,20254,20256,8038
"Before scheduled trip start time",-2,18974,18976,8038
"Before scheduled trip start time",-2,513268,513270,8038
"Before scheduled trip start time",-2,65839,65841,8038
"Before scheduled trip start time",-2,37976,37978,8038
"Before scheduled trip start time",-2,25223,25225,8038
"Before scheduled trip start time",-2,509508,509510,8038
"Before scheduled trip start time",-2,679340,679342,8038
"Before scheduled trip start time",-2,66567,66569,8038
"Before scheduled trip start time",-2,44767,44769,8038
"Before scheduled trip start time",-2,43207,43209,8038
"Before scheduled trip start time",-2,69779,69781,8038
"Before scheduled trip start time",-2,63199,63201,8038
"Before scheduled trip start time",-2,1108,1110,8038
"Before scheduled trip start time",-2,1695,1697,8038
"Before scheduled trip start time",-2,1712,1714,8038
"Before scheduled trip start time",-2,13754,13756,8038
"Before scheduled trip start time",-2,29916,29918,8038
"Before scheduled trip start time",-2,18603,18605,8038
"Before scheduled trip start time",-2,53299,53301,8038
"Before scheduled trip start time",-2,26963,26965,8038
"Before scheduled trip start time",-2,72647,72649,8038
"Before scheduled trip start time",-2,22094,22096,8038
"Before scheduled trip start time",-2,684320,684322,8038
"Before scheduled trip start time",-2,683,685,8038
"Before scheduled trip start time",-2,25178,25180,8038
"Before scheduled trip start time",-2,14678,14680,8038
"Before scheduled trip start time",-2,209,211,8038
"Before scheduled trip start time",-2,8394,8396,8038
"Before scheduled trip start time",-2,8697,8699,8038
"Before scheduled trip start time",-2,443,445,8038
"Before scheduled trip start time",-2,4814,4816,8038
"Before scheduled trip start time",-2,64487,64489,8038
"Before scheduled trip start time",-2,673140,673142,8038
"Before scheduled trip start time",-2,680920,680922,8038
"Before scheduled trip start time",-2,39267,39269,8038
"Before scheduled trip start time",-2,69487,69489,8038
"Before scheduled trip start time",-2,1227,1229,8038
"Before scheduled trip start time",-2,28334,28336,8038
"Before scheduled trip start time",-2,636,638,8038
"Before scheduled trip start time",-2,809,811,8038
"Before scheduled trip start time",-2,27978,27980,8038
"Before scheduled trip start time",-2,6414,6416,8038
"Before scheduled trip start time",-2,13012,13014,8038
"Before scheduled trip start time",-2,515968,515970,8038
"Before scheduled trip start time",-2,4634,4636,8038
"Before scheduled trip start time",-2,5534,5536,8038
"Before scheduled trip start time",-2,12358,12360,8038
"Before scheduled trip start time",-2,1133,1135,8038
"Before scheduled trip start time",-2,22423,22425,8038
"Before scheduled trip start time",-2,50179,50181,8038
"Before scheduled trip start time",-2,31423,31425,8038
"Before scheduled trip start time",-2,673220,673222,8038
"Before scheduled trip start time",-2,30616,30618,8038
"Before scheduled trip start time",-2,71667,71669,8038
"Before scheduled trip start time",-2,67127,67129,8038
"Before scheduled trip start time",-2,656200,656202,8038
"Before scheduled trip start time",-2,702,704,8038
"Before scheduled trip start time",-2,420,422,8038
"Before scheduled trip start time",-2,1274,1276,8038
"Before scheduled trip start time",-2,73359,73361,8038
"Before scheduled trip start time",-2,13332,13334,8038
"Before scheduled trip start time",-2,8892,8894,8038
"Before scheduled trip start time",-2,31358,31360,8038
"Before scheduled trip start time",-2,12914,12916,8038
"Before scheduled trip start time",-2,11498,11500,8038
"Before scheduled trip start time",-2,15734,15736,8038
"Before scheduled trip start time",-2,37916,37918,8038
"Before scheduled trip start time",-2,611,613,8038
"Before scheduled trip start time",-2,679600,679602,8038
"Before scheduled trip start time",-2,27163,27165,8038
"Before scheduled trip start time",-2,22478,22480,8038
"Before scheduled trip start time",-2,160,162,8038
"Before scheduled trip start time",-2,33527,33529,8038
"Before scheduled trip start time",-2,63559,63561,8038
"Before scheduled trip start time",-2,4939,4941,8038
"Before scheduled trip start time",-2,71639,71641,8038
"Before scheduled trip start time",-2,24503,24505,8038
"Before scheduled trip start time",-2,687400,687402,8038
"Before scheduled trip start time",-2,673180,673182,8038
"Before scheduled trip start time",-2,22838,22840,8038
"Before scheduled trip start time",-2,21974,21976,8038
"Before scheduled trip start time",-2,27514,27516,8038
"Before scheduled trip start time",-2,46907,46909,8038
"Before scheduled trip start time",-2,41247,41249,8038
"Before scheduled trip start time",-2,9534,9536,8038
"Before scheduled trip start time",-2,1192,1194,8038
"Before scheduled trip start time",-2,555,557,8038
"Before scheduled trip start time",-2,12512,12514,8038
"Before scheduled trip start time",-2,64639,64641,8038
"Before scheduled trip start time",-2,38176,38178,8038
"Before scheduled trip start time",-2,51999,52001,8038
"Before scheduled trip start time",-2,31956,31958,8038
"Before scheduled trip start time",-2,58687,58689,8038
"Before scheduled trip start time",-2,16594,16596,8038
"Before scheduled trip start time",-2,666040,666042,8038
"Before scheduled trip start time",-2,5217,5219,8038
"Before scheduled trip start time",-2,10175,10177,8038
"Before scheduled trip start time",-2,31694,31696,8038
"Before scheduled trip start time",-2,13952,13954,8038
"Before scheduled trip start time",-2,4357,4359,8038
"Before scheduled trip start time",-2,32123,32125,8038
"Before scheduled trip start time",-2,64987,64989,8038
"Before scheduled trip start time",-2,21354,21356,8038
"Before scheduled trip start time",-2,60827,60829,8038
"Before scheduled trip start time",-2,13938,13940,8038
"Before scheduled trip start time",-2,657820,657822,8038
"Before scheduled trip start time",-2,69639,69641,8038
"Before scheduled trip start time",-2,483,485,8038
"Before scheduled trip start time",-2,32118,32120,8038
"Before scheduled trip start time",-2,497768,497770,8038
"Before scheduled trip start time",-2,21,23,8038
"Before scheduled trip start time",-2,7534,7536,8038
"Before scheduled trip start time",-2,672580,672582,8038
"Before scheduled trip start time",-2,28874,28876,8038
"Before scheduled trip start time",-2,499,501,8038
"Before scheduled trip start time",-2,425,427,8038
"Before scheduled trip start time",-2,269,271,8038
"Before scheduled trip start time",-2,61059,61061,8038
"Before scheduled trip start time",-2,4917,4919,8038
"Before scheduled trip start time",-2,775,777,8038
"Before scheduled trip start time",-2,615,617,8038
"Before scheduled trip start time",-2,7795,7797,8038
"Before scheduled trip start time",-2,7212,7214,8038
"Before scheduled trip start time",-2,8332,8334,8038
"Before scheduled trip start time",-2,9,11,8038
"Before scheduled trip start time",-2,49419,49421,8038
"Before scheduled trip start time",-2,510708,510710,8038
"Before scheduled trip start time",-2,39627,39629,8038
"Before scheduled trip start time",-2,65827,65829,8038
"Before scheduled trip start time",-2,1233,1235,8038
"Before scheduled trip start time",-2,668600,668602,8038
"Before scheduled trip start time",-2,62419,62421,8038
"Before scheduled trip start time",-2,22123,22125,8038
"Before scheduled trip start time",-2,509248,509250,8038
"Before scheduled trip start time",-2,40327,40329,8038
"Before scheduled trip start time",-2,54099,54101,8038
"Before scheduled trip start time",-2,26074,26076,8038
"Before scheduled trip start time",-2,720,722,8038
"Before scheduled trip start time",-2,3677,3679,8038
"Before scheduled trip start time",-2,30914,30916,8038
"Before scheduled trip start time",-2,4399,4401,8038
"Before scheduled trip start time",-2,4559,4561,8038
"Before scheduled trip start time",-2,3975,3977,8038
"Before scheduled trip start time",-2,12032,12034,8038
"Before scheduled trip start time",-2,0,2,8038
"Before scheduled trip start time",-2,511,513,8038
"Before scheduled trip start time",-2,49467,49469,8038
"Before scheduled trip start time",-2,50127,50129,8038
"Before scheduled trip start time",-2,56967,56969,8038
"Before scheduled trip start time",-2,42079,42081,8038
"Before scheduled trip start time",-2,29249,29251,8038
"Before scheduled trip start time",-2,32436,32438,8038
"Before scheduled trip start time",-2,24974,24976,8038
"Before scheduled trip start time",-2,667040,667042,8038
"Before scheduled trip start time",-2,667320,667322,8038
"Before scheduled trip start time",-2,1339,1341,8038
"Before scheduled trip start time",-2,2479,2481,8038
"Before scheduled trip start time",-2,515828,515830,8038
"Before scheduled trip start time",-2,32918,32920,8038
"Before scheduled trip start time",-2,46219,46221,8038
"Before scheduled trip start time",-2,676840,676842,8038
"Before scheduled trip start time",-2,677420,677422,8038
"Before scheduled trip start time",-2,15443,15445,8038
"Before scheduled trip start time",-2,35376,35378,8038
"Before scheduled trip start time",-2,66427,66429,8038
"Before scheduled trip start time",-2,14754,14756,8038
"Before scheduled trip start time",-2,23623,23625,8038
"Before scheduled trip start time",-2,685060,685062,8038
"Before scheduled trip start time",-2,48327,48329,8038
"Before scheduled trip start time",-2,50607,50609,8038
"Before scheduled trip start time",-2,51127,51129,8038
"Before scheduled trip start time",-2,16483,16485,8038
"Before scheduled trip start time",-2,32076,32078,8038
"Before scheduled trip start time",-2,27974,27976,8038
"Before scheduled trip start time",-2,41227,41229,8038
"Before scheduled trip start time",-2,1308,1310,8038
"Before scheduled trip start time",-2,6595,6597,8038
"Before scheduled trip start time",-2,1752,1754,8038
"Before scheduled trip start time",-2,638,640,8038
"Before scheduled trip start time",-2,12115,12117,8038
"Before scheduled trip start time",-2,876,878,8038
"Before scheduled trip start time",-2,2350,2352,8038
"Before scheduled trip start time",-2,25,27,8038
"Before scheduled trip start time",-2,29483,29485,8038
"Before scheduled trip start time",-2,64427,64429,8038
"Before scheduled trip start time",-2,2260,2262,8038
"Before scheduled trip start time",-2,44019,44021,8038
"Before scheduled trip start time",-2,20818,20820,8038
"Before scheduled trip start time",-2,1423,1425,8038
"Before scheduled trip start time",-2,329,331,8038
"Before scheduled trip start time",-2,60359,60361,8038
"Before scheduled trip start time",-2,511968,511970,8038
"Before scheduled trip start time",-2,9255,9257,8038
"Before scheduled trip start time",-2,80419,80421,8038
"Before scheduled trip start time",-2,12135,12137,8038
"Before scheduled trip start time",-2,48539,48541,8038
"Before scheduled trip start time",-2,659680,659682,8038
"Before scheduled trip start time",-2,264,266,8038
"Before scheduled trip start time",-2,27178,27180,8038
"Before scheduled trip start time",-2,125,127,8038
"Before scheduled trip start time",-2,43147,43149,8038
"Before scheduled trip start time",-2,60439,60441,8038
"Before scheduled trip start time",-2,512708,512710,8038
"Before scheduled trip start time",-2,844,846,8038
"Before scheduled trip start time",-2,2115,2117,8038
"Before scheduled trip start time",-2,3494,3496,8038
"Before scheduled trip start time",-2,395,397,8038
"Before scheduled trip start time",-2,361,363,8038
"Before scheduled trip start time",-2,13432,13434,8038
"Before scheduled trip start time",-2,8492,8494,8038
"Before scheduled trip start time",-2,31458,31460,8038
"Before scheduled trip start time",-2,20923,20925,8038
"Before scheduled trip start time",-2,28416,28418,8038
"Before scheduled trip start time",-2,57927,57929,8038
"Before scheduled trip start time",-2,676460,676462,8038
"Before scheduled trip start time",-2,659800,659802,8038
"Before scheduled trip start time",-2,44139,44141,8038
"Before scheduled trip start time",-2,26094,26096,8038
"Before scheduled trip start time",-2,23074,23076,8038
"Before scheduled trip start time",-2,66027,66029,8038
"Before scheduled trip start time",-2,689800,689802,8038
"Before scheduled trip start time",-2,24438,24440,8038
"Before scheduled trip start time",-2,35687,35689,8038
"Before scheduled trip start time",-2,664280,664282,8038
"Before scheduled trip start time",-2,10655,10657,8038
"Before scheduled trip start time",-2,9212,9214,8038
"Before scheduled trip start time",-2,46239,46241,8038
"Before scheduled trip start time",-2,12858,12860,8038
"Before scheduled trip start time",-2,58027,58029,8038
"Before scheduled trip start time",-2,51807,51809,8038
"Before scheduled trip start time",-2,53447,53449,8038
"Before scheduled trip start time",-2,21458,21460,8038
"Before scheduled trip start time",-2,69607,69609,8038
"Before scheduled trip start time",-2,667,669,8038
"Before scheduled trip start time",-2,34387,34389,8038
"Before scheduled trip start time",-2,386,388,8038
"Before scheduled trip start time",-2,1707,1709,8038
"Before scheduled trip start time",-2,8052,8054,8038
"Before scheduled trip start time",-2,503328,503330,8038
"Before scheduled trip start time",-2,508868,508870,8038
"Before scheduled trip start time",-2,1511,1513,8038
"Before scheduled trip start time",-2,673680,673682,8038
"Before scheduled trip start time",-2,319,321,8038
"Before scheduled trip start time",-2,494,496,8038
"Before scheduled trip start time",-2,3612,3614,8038
"Before scheduled trip start time",-2,5814,5816,8038
"Before scheduled trip start time",-2,6877,6879,8038
"Before scheduled trip start time",-2,23383,23385,8038
"Before scheduled trip start time",-2,30143,30145,8038
"Before scheduled trip start time",-2,65627,65629,8038
"Before scheduled trip start time",-2,30336,30338,8038
"Before scheduled trip start time",-2,682540,682542,8038
"Before scheduled trip start time",-2,514228,514230,8038
"Before scheduled trip start time",-2,1206,1208,8038
"Before scheduled trip start time",-2,314,316,8038
"Before scheduled trip start time",-2,3454,3456,8038
"Before scheduled trip start time",-2,1333,1335,8038
"Before scheduled trip start time",-2,31803,31805,8038
"Before scheduled trip start time",-2,680480,680482,8038
"Before scheduled trip start time",-2,22158,22160,8038
"Before scheduled trip start time",-2,24798,24800,8038
"Before scheduled trip start time",-2,258,260,8038
"Before scheduled trip start time",-2,41467,41469,8038
"Before scheduled trip start time",-2,663,665,8038
"Before scheduled trip start time",-2,957,959,8038
"Before scheduled trip start time",-2,4294,4296,8038
"Before scheduled trip start time",-2,79999,80001,8038
"Before scheduled trip start time",-2,1355,1357,8038
"Before scheduled trip start time",-2,497008,497010,8038
"Before scheduled trip start time",-2,12794,12796,8038
"Before scheduled trip start time",-2,673660,673662,8038
"Before scheduled trip start time",-2,72587,72589,8038
"Before scheduled trip start time",-2,734,736,8038
"Before scheduled trip start time",-2,388,390,8038
"Before scheduled trip start time",-2,666100,666102,8038
"Before scheduled trip start time",-2,752,754,8038
"Before scheduled trip start time",-2,731,733,8038
"Before scheduled trip start time",-2,516008,516010,8038
"Before scheduled trip start time",-2,496988,496990,8038
"Before scheduled trip start time",-2,13574,13576,8038
"Before scheduled trip start time",-2,500828,500830,8038
"Before scheduled trip start time",-2,501728,501730,8038
"Before scheduled trip start time",-2,31116,31118,8038
"Before scheduled trip start time",-2,29103,29105,8038
"Before scheduled trip start time",-2,22938,22940,8038
"Before scheduled trip start time",-2,69627,69629,8038
"Before scheduled trip start time",-2,25658,25660,8038
"Before scheduled trip start time",-2,576,578,8038
"Before scheduled trip start time",-2,656980,656982,8038
"Before scheduled trip start time",-2,665880,665882,8038
"Before scheduled trip start time",-2,70219,70221,8038
"Before scheduled trip start time",-2,513448,513450,8038
"Before scheduled trip start time",-2,9075,9077,8038
"Before scheduled trip start time",-2,75919,75921,8038
"Before scheduled trip start time",-2,71439,71441,8038
"Before scheduled trip start time",-2,498888,498890,8038
"Before scheduled trip start time",-2,24483,24485,8038
"Before scheduled trip start time",-2,26056,26058,8038
"Before scheduled trip start time",-2,50727,50729,8038
"Before scheduled trip start time",-2,32976,32978,8038
"Before scheduled trip start time",-2,19594,19596,8038
"Before scheduled trip start time",-2,10715,10717,8038
"Before scheduled trip start time",-2,76679,76681,8038
"Before scheduled trip start time",-2,49039,49041,8038
"Before scheduled trip start time",-2,10298,10300,8038
"Before scheduled trip start time",-2,670700,670702,8038
"Before scheduled trip start time",-2,48667,48669,8038
"Before scheduled trip start time",-2,149,151,8038
"Before scheduled trip start time",-2,40416,40418,8038
"Before scheduled trip start time",-2,55379,55381,8038
"Before scheduled trip start time",-2,32356,32358,8038
"Before scheduled trip start time",-2,23554,23556,8038
"Before scheduled trip start time",-2,165,167,8038
"Before scheduled trip start time",-2,684400,684402,8038
"Before scheduled trip start time",-2,25718,25720,8038
"Before scheduled trip start time",-2,14638,14640,8038
"Before scheduled trip start time",-2,668080,668082,8038
"Before scheduled trip start time",-2,656620,656622,8038
"Before scheduled trip start time",-2,62779,62781,8038
"Before scheduled trip start time",-2,71619,71621,8038
"Before scheduled trip start time",-2,11114,11116,8038
"Before scheduled trip start time",-2,11354,11356,8038
"Before scheduled trip start time",-2,9858,9860,8038
"Before scheduled trip start time",-2,38676,38678,8038
"Before scheduled trip start time",-2,42559,42561,8038
"Before scheduled trip start time",-2,26643,26645,8038
"Before scheduled trip start time",-2,33536,33538,8038
"Before scheduled trip start time",-2,23114,23116,8038
"Before scheduled trip start time",-2,688920,688922,8038
"Before scheduled trip start time",-2,873,875,8038
"Before scheduled trip start time",-2,25218,25220,8038
"Before scheduled trip start time",-2,46687,46689,8038
"Before scheduled trip start time",-2,61019,61021,8038
"Before scheduled trip start time",-2,1224,1226,8038
"Before scheduled trip start time",-2,5039,5041,8038
"Before scheduled trip start time",-2,2619,2621,8038
"Before scheduled trip start time",-2,9832,9834,8038
"Before scheduled trip start time",-2,503108,503110,8038
"Before scheduled trip start time",-2,29563,29565,8038
"Before scheduled trip start time",-2,56319,56321,8038
"Before scheduled trip start time",-2,61087,61089,8038
"Before scheduled trip start time",-2,74007,74009,8038
"Before scheduled trip start time",-2,76927,76929,8038
"Before scheduled trip start time",-2,1034,1036,8038
"Before scheduled trip start time",-2,61259,61261,8038
"Before scheduled trip start time",-2,1447,1449,8038
"Before scheduled trip start time",-2,3819,3821,8038
"Before scheduled trip start time",-2,32178,32180,8038
"Before scheduled trip start time",-2,13294,13296,8038
"Before scheduled trip start time",-2,24023,24025,8038
"Before scheduled trip start time",-2,1920,1922,8038
"Before scheduled trip start time",-2,47487,47489,8038
"Before scheduled trip start time",-2,511788,511790,8038
"Before scheduled trip start time",-2,2112,2114,8038
"Before scheduled trip start time",-2,10638,10640,8038
"Before scheduled trip start time",-2,452,454,8038
"Before scheduled trip start time",-2,27516,27518,8038
"Before scheduled trip start time",-2,673260,673262,8038
"Before scheduled trip start time",-2,756,758,8038
"Before scheduled trip start time",-2,40536,40538,8038
"Before scheduled trip start time",-2,40996,40998,8038
"Before scheduled trip start time",-2,506708,506710,8038
"Before scheduled trip start time",-2,76587,76589,8038
"Before scheduled trip start time",-2,-17,-15,8038
"Before scheduled trip start time",-2,5432,5434,8038
"Before scheduled trip start time",-2,2189,2191,8038
"Before scheduled trip start time",-2,2749,2751,8038
"Before scheduled trip start time",-2,12675,12677,8038
"Before scheduled trip start time",-2,49599,49601,8038
"Before scheduled trip start time",-2,677620,677622,8038
"Before scheduled trip start time",-2,44679,44681,8038
"Before scheduled trip start time",-2,514,516,8038
"Before scheduled trip start time",-2,18834,18836,8038
"Before scheduled trip start time",-2,60239,60241,8038
"Before scheduled trip start time",-2,61399,61401,8038
"Before scheduled trip start time",-2,61479,61481,8038
"Before scheduled trip start time",-2,9435,9437,8038
"Before scheduled trip start time",-2,31194,31196,8038
"Before scheduled trip start time",-2,74439,74441,8038
"Before scheduled trip start time",-2,1675,1677,8038
"Before scheduled trip start time",-2,915,917,8038
"Before scheduled trip start time",-2,4334,4336,8038
"Before scheduled trip start time",-2,6575,6577,8038
"Before scheduled trip start time",-2,65079,65081,8038
"Before scheduled trip start time",-2,6212,6214,8038
"Before scheduled trip start time",-2,19643,19645,8038
"Before scheduled trip start time",-2,21883,21885,8038
"Before scheduled trip start time",-2,852,854,8038
"Before scheduled trip start time",-2,507568,507570,8038
"Before scheduled trip start time",-2,1451,1453,8038
"Before scheduled trip start time",-2,58107,58109,8038
"Before scheduled trip start time",-2,660280,660282,8038
"Before scheduled trip start time",-2,30436,30438,8038
"Before scheduled trip start time",-2,23158,23160,8038
"Before scheduled trip start time",-2,66707,66709,8038
"Before scheduled trip start time",-2,689860,689862,8038
"Before scheduled trip start time",-2,28394,28396,8038
"Before scheduled trip start time",-2,25518,25520,8038
"Before scheduled trip start time",-2,34367,34369,8038
"Before scheduled trip start time",-2,68079,68081,8038
"Before scheduled trip start time",-2,612,614,8038
"Before scheduled trip start time",-2,10132,10134,8038
"Before scheduled trip start time",-2,65679,65681,8038
"Before scheduled trip start time",-2,2192,2194,8038
"Before scheduled trip start time",-2,13954,13956,8038
"Before scheduled trip start time",-2,15074,15076,8038
"Before scheduled trip start time",-2,679460,679462,8038
"Before scheduled trip start time",-2,58347,58349,8038
"Before scheduled trip start time",-2,661560,661562,8038
"Before scheduled trip start time",-2,686,688,8038
"Before scheduled trip start time",-2,233,235,8038
"Before scheduled trip start time",-2,5612,5614,8038
"Before scheduled trip start time",-2,27798,27800,8038
"Before scheduled trip start time",-2,1279,1281,8038
"Before scheduled trip start time",-2,5315,5317,8038
"Before scheduled trip start time",-2,2137,2139,8038
"Before scheduled trip start time",-2,356,358,8038
"Before scheduled trip start time",-2,66559,66561,8038
"Before scheduled trip start time",-2,58059,58061,8038
"Before scheduled trip start time",-2,51247,51249,8038
"Before scheduled trip start time",-2,40507,40509,8038
"Before scheduled trip start time",-2,504748,504750,8038
"Before scheduled trip start time",-2,504968,504970,8038
"Before scheduled trip start time",-2,25694,25696,8038
"Before scheduled trip start time",-2,1283,1285,8038
"Before scheduled trip start time",-2,213,215,8038
"Before scheduled trip start time",-2,1232,1234,8038
"Before scheduled trip start time",-2,7839,7841,8038
"Before scheduled trip start time",-2,65979,65981,8038
"Before scheduled trip start time",-2,1890,1892,8038
"Before scheduled trip start time",-2,502728,502730,8038
"Before scheduled trip start time",-2,26216,26218,8038
"Before scheduled trip start time",-2,685180,685182,8038
"Before scheduled trip start time",-2,55767,55769,8038
"Before scheduled trip start time",-2,1680,1682,8038
"Before scheduled trip start time",-2,494948,494950,8038
"Before scheduled trip start time",-2,196,198,8038
"Before scheduled trip start time",-2,13418,13420,8038
"Before scheduled trip start time",-2,1243,1245,8038
"Before scheduled trip start time",-2,5797,5799,8038
"Before scheduled trip start time",-2,4799,4801,8038
"Before scheduled trip start time",-2,79279,79281,8038
"Before scheduled trip start time",-2,10552,10554,8038
"Before scheduled trip start time",-2,13632,13634,8038
"Before scheduled trip start time",-2,11474,11476,8038
"Before scheduled trip start time",-2,33778,33780,8038
"Before scheduled trip start time",-2,2774,2776,8038
"Before scheduled trip start time",-2,46919,46921,8038
"Before scheduled trip start time",-2,661840,661842,8038
"Before scheduled trip start time",-2,2420,2422,8038
"Before scheduled trip start time",-2,493548,493550,8038
"Before scheduled trip start time",-2,71807,71809,8038
"Before scheduled trip start time",-2,16038,16040,8038
"Before scheduled trip start time",-2,753,755,8038
"Before scheduled trip start time",-2,60679,60681,8038
"Before scheduled trip start time",-2,2008,2010,8038
"Before scheduled trip start time",-2,2955,2957,8038
"Before scheduled trip start time",-2,755,757,8038
"Before scheduled trip start time",-2,1837,1839,8038
"Before scheduled trip start time",-2,2177,2179,8038
"Before scheduled trip start time",-2,47679,47681,8038
"Before scheduled trip start time",-2,13098,13100,8038
"Before scheduled trip start time",-2,37576,37578,8038
"Before scheduled trip start time",-2,25783,25785,8038
"Before scheduled trip start time",-2,459,461,8038
"Before scheduled trip start time",-2,43,45,8038
"Before scheduled trip start time",-2,43719,43721,8038
"Before scheduled trip start time",-2,29454,29456,8038
"Before scheduled trip start time",-2,289,291,8038
"Before scheduled trip start time",-2,15738,15740,8038
"Before scheduled trip start time",-2,45227,45229,8038
"Before scheduled trip start time",-2,60159,60161,8038
"Before scheduled trip start time",-2,471,473,8038
"Before scheduled trip start time",-2,10775,10777,8038
"Before scheduled trip start time",-2,545,547,8038
"Before scheduled trip start time",-2,3039,3041,8038
"Before scheduled trip start time",-2,9077,9079,8038
"Before scheduled trip start time",-2,5734,5736,8038
"Before scheduled trip start time",-2,12178,12180,8038
"Before scheduled trip start time",-2,38067,38069,8038
"Before scheduled trip start time",-2,42659,42661,8038
"Before scheduled trip start time",-2,40436,40438,8038
"Before scheduled trip start time",-2,26363,26365,8038
"Before scheduled trip start time",-2,19758,19760,8038
"Before scheduled trip start time",-2,19374,19376,8038
"Before scheduled trip start time",-2,32494,32496,8038
"Before scheduled trip start time",-2,6195,6197,8038
"Before scheduled trip start time",-2,7195,7197,8038
"Before scheduled trip start time",-2,5634,5636,8038
"Before scheduled trip start time",-2,19083,19085,8038
"Before scheduled trip start time",-2,20523,20525,8038
"Before scheduled trip start time",-2,691,693,8038
"Before scheduled trip start time",-2,687180,687182,8038
"Before scheduled trip start time",-2,679380,679382,8038
"Before scheduled trip start time",-2,680140,680142,8038
"Before scheduled trip start time",-2,676000,676002,8038
"Before scheduled trip start time",-2,676920,676922,8038
"Before scheduled trip start time",-2,495488,495490,8038
"Before scheduled trip start time",-2,72067,72069,8038
"Before scheduled trip start time",-2,61887,61889,8038
"Before scheduled trip start time",-2,26038,26040,8038
"Before scheduled trip start time",-2,512248,512250,8038
"Before scheduled trip start time",-2,2794,2796,8038
"Before scheduled trip start time",-2,9837,9839,8038
"Before scheduled trip start time",-2,11855,11857,8038
"Before scheduled trip start time",-2,6454,6456,8038
"Before scheduled trip start time",-2,15214,15216,8038
"Before scheduled trip start time",-2,287,289,8038
"Before scheduled trip start time",-2,37367,37369,8038
"Before scheduled trip start time",-2,18163,18165,8038
"Before scheduled trip start time",-2,221,223,8038
"Before scheduled trip start time",-2,59907,59909,8038
"Before scheduled trip start time",-2,29414,29416,8038
"Before scheduled trip start time",-2,29754,29756,8038
"Before scheduled trip start time",-2,27658,27660,8038
"Before scheduled trip start time",-2,42467,42469,8038
"Before scheduled trip start time",-2,5757,5759,8038
"Before scheduled trip start time",-2,71019,71021,8038
"Before scheduled trip start time",-2,72319,72321,8038
"Before scheduled trip start time",-2,9732,9734,8038
"Before scheduled trip start time",-2,8317,8319,8038
"Before scheduled trip start time",-2,32978,32980,8038
"Before scheduled trip start time",-2,500428,500430,8038
"Before scheduled trip start time",-2,500928,500930,8038
"Before scheduled trip start time",-2,676540,676542,8038
"Before scheduled trip start time",-2,42299,42301,8038
"Before scheduled trip start time",-2,55599,55601,8038
"Before scheduled trip start time",-2,628,630,8038
"Before scheduled trip start time",-2,763,765,8038
"Before scheduled trip start time",-2,5479,5481,8038
"Before scheduled trip start time",-2,886,888,8038
"Before scheduled trip start time",-2,2635,2637,8038
"Before scheduled trip start time",-2,64019,64021,8038
"Before scheduled trip start time",-2,1489,1491,8038
"Before scheduled trip start time",-2,32398,32400,8038
"Before scheduled trip start time",-2,202,204,8038
"Before scheduled trip start time",-2,24623,24625,8038
"Before scheduled trip start time",-2,672000,672002,8038
"Before scheduled trip start time",-2,27403,27405,8038
"Before scheduled trip start time",-2,25114,25116,8038
"Before scheduled trip start time",-2,66047,66049,8038
"Before scheduled trip start time",-2,223,225,8038
"Before scheduled trip start time",-2,656460,656462,8038
"Before scheduled trip start time",-2,3109,3111,8038
"Before scheduled trip start time",-2,8054,8056,8038
"Before scheduled trip start time",-2,1691,1693,8038
"Before scheduled trip start time",-2,672620,672622,8038
"Before scheduled trip start time",-2,660060,660062,8038
"Before scheduled trip start time",-2,34656,34658,8038
"Before scheduled trip start time",-2,24874,24876,8038
"Before scheduled trip start time",-2,681860,681862,8038
"Before scheduled trip start time",-2,669580,669582,8038
"Before scheduled trip start time",-2,61959,61961,8038
"Before scheduled trip start time",-2,2472,2474,8038
"Before scheduled trip start time",-2,4252,4254,8038
"Before scheduled trip start time",-2,959,961,8038
"Before scheduled trip start time",-2,4295,4297,8038
"Before scheduled trip start time",-2,73879,73881,8038
"Before scheduled trip start time",-2,4595,4597,8038
"Before scheduled trip start time",-2,2519,2521,8038
"Before scheduled trip start time",-2,1529,1531,8038
"Before scheduled trip start time",-2,10894,10896,8038
"Before scheduled trip start time",-2,8852,8854,8038
"Before scheduled trip start time",-2,3574,3576,8038
"Before scheduled trip start time",-2,NA,NA,8038
"Before scheduled trip start time",-2,13634,13636,8038
"Before scheduled trip start time",-2,36716,36718,8038
"Before scheduled trip start time",-2,58159,58161,8038
"Before scheduled trip start time",-2,52207,52209,8038
"Before scheduled trip start time",-2,492968,492970,8038
"Before scheduled trip start time",-2,681580,681582,8038
"Before scheduled trip start time",-2,66527,66529,8038
"Before scheduled trip start time",-2,75467,75469,8038
"Before scheduled trip start time",-2,669480,669482,8038
"Before scheduled trip start time",-2,310,312,8038
"Before scheduled trip start time",-2,4612,4614,8038
"Before scheduled trip start time",-2,3319,3321,8038
"Before scheduled trip start time",-2,71419,71421,8038
"Before scheduled trip start time",-2,1219,1221,8038
"Before scheduled trip start time",-2,80859,80861,8038
"Before scheduled trip start time",-2,1490,1492,8038
"Before scheduled trip start time",-2,1910,1912,8038
"Before scheduled trip start time",-2,37196,37198,8038
"Before scheduled trip start time",-2,507828,507830,8038
"Before scheduled trip start time",-2,685400,685402,8038
"Before scheduled trip start time",-2,1931,1933,8038
"Before scheduled trip start time",-2,55807,55809,8038
"Before scheduled trip start time",-2,28796,28798,8038
"Before scheduled trip start time",-2,16023,16025,8038
"Before scheduled trip start time",-2,43159,43161,8038
"Before scheduled trip start time",-2,495168,495170,8038
"Before scheduled trip start time",-2,17583,17585,8038
"Before scheduled trip start time",-2,71467,71469,8038
"Before scheduled trip start time",-2,19854,19856,8038
"Before scheduled trip start time",-2,28594,28596,8038
"Before scheduled trip start time",-2,16314,16316,8038
"Before scheduled trip start time",-2,1839,1841,8038
"Before scheduled trip start time",-2,17742,17744,8038
"Before scheduled trip start time",-2,15054,15056,8038
"Before scheduled trip start time",-2,677220,677222,8038
"Before scheduled trip start time",-2,16163,16165,8038
"Before scheduled trip start time",-2,505748,505750,8038
"Before scheduled trip start time",-2,32996,32998,8038
"Before scheduled trip start time",-2,72107,72109,8038
"Before scheduled trip start time",-2,18718,18720,8038
"Before scheduled trip start time",-2,688900,688902,8038
"Before scheduled trip start time",-2,218,220,8038
"Before scheduled trip start time",-2,44727,44729,8038
"Before scheduled trip start time",-2,365,367,8038
"Before scheduled trip start time",-2,9297,9299,8038
"Before scheduled trip start time",-2,50939,50941,8038
"Before scheduled trip start time",-2,670780,670782,8038
"Before scheduled trip start time",-2,1614,1616,8038
"Before scheduled trip start time",-2,16738,16740,8038
"Before scheduled trip start time",-2,512588,512590,8038
"Before scheduled trip start time",-2,2275,2277,8038
"Before scheduled trip start time",-2,32583,32585,8038
"Before scheduled trip start time",-2,91,93,8038
"Before scheduled trip start time",-2,495408,495410,8038
"Before scheduled trip start time",-2,21094,21096,8038
"Before scheduled trip start time",-2,22834,22836,8038
"Before scheduled trip start time",-2,45687,45689,8038
"Before scheduled trip start time",-2,656220,656222,8038
"Before scheduled trip start time",-2,4637,4639,8038
"Before scheduled trip start time",-2,32934,32936,8038
"Before scheduled trip start time",-2,78199,78201,8038
"Before scheduled trip start time",-2,1877,1879,8038
"Before scheduled trip start time",-2,11692,11694,8038
"Before scheduled trip start time",-2,1055,1057,8038
"Before scheduled trip start time",-2,2389,2391,8038
"Before scheduled trip start time",-2,530,532,8038
"Before scheduled trip start time",-2,58019,58021,8038
"Before scheduled trip start time",-2,686540,686542,8038
"Before scheduled trip start time",-2,65607,65609,8038
"Before scheduled trip start time",-2,673520,673522,8038
"Before scheduled trip start time",-2,55187,55189,8038
"Before scheduled trip start time",-2,37987,37989,8038
"Before scheduled trip start time",-2,23138,23140,8038
"Before scheduled trip start time",-2,210,212,8038
"Before scheduled trip start time",-2,668480,668482,8038
"Before scheduled trip start time",-2,34667,34669,8038
"Before scheduled trip start time",-2,504,506,8038
"Before scheduled trip start time",-2,270,272,8038
"Before scheduled trip start time",-2,60559,60561,8038
"Before scheduled trip start time",-2,4375,4377,8038
"Before scheduled trip start time",-2,2439,2441,8038
"Before scheduled trip start time",-2,477,479,8038
"Before scheduled trip start time",-2,501088,501090,8038
"Before scheduled trip start time",-2,680860,680862,8038
"Before scheduled trip start time",-2,54747,54749,8038
"Before scheduled trip start time",-2,661260,661262,8038
"Before scheduled trip start time",-2,113,115,8038
"Before scheduled trip start time",-2,31856,31858,8038
"Before scheduled trip start time",-2,54259,54261,8038
"Before scheduled trip start time",-2,70727,70729,8038
"Before scheduled trip start time",-2,72187,72189,8038
"Before scheduled trip start time",-2,20138,20140,8038
"Before scheduled trip start time",-2,681760,681762,8038
"Before scheduled trip start time",-2,73127,73129,8038
"Before scheduled trip start time",-2,46227,46229,8038
"Before scheduled trip start time",-2,75559,75561,8038
"Before scheduled trip start time",-2,73799,73801,8038
"Before scheduled trip start time",-2,74399,74401,8038
"Before scheduled trip start time",-2,1061,1063,8038
"Before scheduled trip start time",-2,498988,498990,8038
"Before scheduled trip start time",-2,678980,678982,8038
"Before scheduled trip start time",-2,57147,57149,8038
"Before scheduled trip start time",-2,37767,37769,8038
"Before scheduled trip start time",-2,42439,42441,8038
"Before scheduled trip start time",-2,17763,17765,8038
"Before scheduled trip start time",-2,17994,17996,8038
"Before scheduled trip start time",-2,33787,33789,8038
"Before scheduled trip start time",-2,43267,43269,8038
"Before scheduled trip start time",-2,513708,513710,8038
"Before scheduled trip start time",-2,28538,28540,8038
"Before scheduled trip start time",-2,29658,29660,8038
"Before scheduled trip start time",-2,80339,80341,8038
"Before scheduled trip start time",-2,501348,501350,8038
"Before scheduled trip start time",-2,48867,48869,8038
"Before scheduled trip start time",-2,1140,1142,8038
"Before scheduled trip start time",-2,1640,1642,8038
"Before scheduled trip start time",-2,17383,17385,8038
"Before scheduled trip start time",-2,505928,505930,8038
"Before scheduled trip start time",-2,268,270,8038
"Before scheduled trip start time",-2,3437,3439,8038
"Before scheduled trip start time",-2,31038,31040,8038
"Before scheduled trip start time",-2,2075,2077,8038
"Before scheduled trip start time",-2,5335,5337,8038
"Before scheduled trip start time",-2,5314,5316,8038
"Before scheduled trip start time",-2,515768,515770,8038
"Before scheduled trip start time",-2,2629,2631,8038
"Before scheduled trip start time",-2,1354,1356,8038
"Before scheduled trip start time",-2,22103,22105,8038
"Before scheduled trip start time",-2,159,161,8038
"Before scheduled trip start time",-2,32983,32985,8038
"Before scheduled trip start time",-2,37547,37549,8038
"Before scheduled trip start time",-2,31976,31978,8038
"Before scheduled trip start time",-2,44579,44581,8038
"Before scheduled trip start time",-2,29409,29411,8038
"Before scheduled trip start time",-2,58847,58849,8038
"Before scheduled trip start time",-2,16894,16896,8038
"Before scheduled trip start time",-2,1437,1439,8038
"Before scheduled trip start time",-2,1788,1790,8038
"Before scheduled trip start time",-2,3135,3137,8038
"Before scheduled trip start time",-2,725,727,8038
"Before scheduled trip start time",-2,77819,77821,8038
"Before scheduled trip start time",-2,9632,9634,8038
"Before scheduled trip start time",-2,31678,31680,8038
"Before scheduled trip start time",-2,45979,45981,8038
"Before scheduled trip start time",-2,48819,48821,8038
"Before scheduled trip start time",-2,812,814,8038
"Before scheduled trip start time",-2,659740,659742,8038
"Before scheduled trip start time",-2,29836,29838,8038
"Before scheduled trip start time",-2,18078,18080,8038
"Before scheduled trip start time",-2,15138,15140,8038
"Before scheduled trip start time",-2,45327,45329,8038
"Before scheduled trip start time",-2,75459,75461,8038
"Before scheduled trip start time",-2,75699,75701,8038
"Before scheduled trip start time",-2,72079,72081,8038
"Before scheduled trip start time",-2,33518,33520,8038
"Before scheduled trip start time",-2,994,996,8038
"Before scheduled trip start time",-2,32723,32725,8038
"Before scheduled trip start time",-2,679480,679482,8038
"Before scheduled trip start time",-2,30736,30738,8038
"Before scheduled trip start time",-2,42959,42961,8038
"Before scheduled trip start time",-2,21218,21220,8038
"Before scheduled trip start time",-2,609,611,8038
"Before scheduled trip start time",-2,73287,73289,8038
"Before scheduled trip start time",-2,74107,74109,8038
"Before scheduled trip start time",-2,1253,1255,8038
"Before scheduled trip start time",-2,666120,666122,8038
"Before scheduled trip start time",-2,61299,61301,8038
"Before scheduled trip start time",-2,9514,9516,8038
"Before scheduled trip start time",-2,3659,3661,8038
"Before scheduled trip start time",-2,3815,3817,8038
"Before scheduled trip start time",-2,435,437,8038
"Before scheduled trip start time",-2,79179,79181,8038
"Before scheduled trip start time",-2,497488,497490,8038
"Before scheduled trip start time",-2,47519,47521,8038
"Before scheduled trip start time",-2,7794,7796,8038
"Before scheduled trip start time",-2,500528,500530,8038
"Before scheduled trip start time",-2,23323,23325,8038
"Before scheduled trip start time",-2,685500,685502,8038
"Before scheduled trip start time",-2,58187,58189,8038
"Before scheduled trip start time",-2,44639,44641,8038
"Before scheduled trip start time",-2,55799,55801,8038
"Before scheduled trip start time",-2,21998,22000,8038
"Before scheduled trip start time",-2,15898,15900,8038
"Before scheduled trip start time",-2,2417,2419,8038
"Before scheduled trip start time",-2,4219,4221,8038
"Before scheduled trip start time",-2,78839,78841,8038
"Before scheduled trip start time",-2,11032,11034,8038
"Before scheduled trip start time",-2,1350,1352,8038
"Before scheduled trip start time",-2,1254,1256,8038
"Before scheduled trip start time",-2,38116,38118,8038
"Before scheduled trip start time",-2,63227,63229,8038
"Before scheduled trip start time",-2,1491,1493,8038
"Before scheduled trip start time",-2,44199,44201,8038
"Before scheduled trip start time",-2,53659,53661,8038
"Before scheduled trip start time",-2,22458,22460,8038
"Before scheduled trip start time",-2,20674,20676,8038
"Before scheduled trip start time",-2,2054,2056,8038
"Before scheduled trip start time",-2,29394,29396,8038
"Before scheduled trip start time",-2,27938,27940,8038
"Before scheduled trip start time",-2,74159,74161,8038
"Before scheduled trip start time",-2,11912,11914,8038
"Before scheduled trip start time",-2,41,43,8038
"Before scheduled trip start time",-2,51479,51481,8038
"Before scheduled trip start time",-2,29543,29545,8038
"Before scheduled trip start time",-2,1711,1713,8038
"Before scheduled trip start time",-2,672560,672562,8038
"Before scheduled trip start time",-2,674000,674002,8038
"Before scheduled trip start time",-2,684560,684562,8038
"Before scheduled trip start time",-2,83,85,8038
"Before scheduled trip start time",-2,306,308,8038
"Before scheduled trip start time",-2,513408,513410,8038
"Before scheduled trip start time",-2,3977,3979,8038
"Before scheduled trip start time",-2,9894,9896,8038
"Before scheduled trip start time",-2,75999,76001,8038
"Before scheduled trip start time",-2,77459,77461,8038
"Before scheduled trip start time",-2,7659,7661,8038
"Before scheduled trip start time",-2,1117,1119,8038
"Before scheduled trip start time",-2,27,29,8038
"Before scheduled trip start time",-2,32043,32045,8038
"Before scheduled trip start time",-2,679820,679822,8038
"Before scheduled trip start time",-2,55919,55921,8038
"Before scheduled trip start time",-2,20618,20620,8038
"Before scheduled trip start time",-2,42827,42829,8038
"Before scheduled trip start time",-2,68119,68121,8038
"Before scheduled trip start time",-2,20533,20535,8038
"Before scheduled trip start time",-2,1352,1354,8038
"Before scheduled trip start time",-2,3414,3416,8038
"Before scheduled trip start time",-2,5435,5437,8038
"Before scheduled trip start time",-2,58579,58581,8038
"Before scheduled trip start time",-2,26616,26618,8038
"Before scheduled trip start time",-2,64687,64689,8038
"Before scheduled trip start time",-2,62,64,8038
"Before scheduled trip start time",-2,37407,37409,8038
"Before scheduled trip start time",-2,38367,38369,8038
"Before scheduled trip start time",-2,505388,505390,8038
"Before scheduled trip start time",-2,69927,69929,8038
"Before scheduled trip start time",-2,60847,60849,8038
"Before scheduled trip start time",-2,597,599,8038
"Before scheduled trip start time",-2,660,662,8038
"Before scheduled trip start time",-2,410,412,8038
"Before scheduled trip start time",-2,3572,3574,8038
"Before scheduled trip start time",-2,514728,514730,8038
"During scheduled trip",-2,421,423,291
"During scheduled trip",-2,2851,2853,291
"During scheduled trip",-2,371,373,291
"During scheduled trip",-2,680,682,291
"During scheduled trip",-2,517528,517530,291
"During scheduled trip",-2,1932,1934,291
"During scheduled trip",-2,661,663,291
"During scheduled trip",-2,1253,1255,291
"During scheduled trip",-2,1218,1220,291
"During scheduled trip",-2,527,529,291
"During scheduled trip",-2,704,706,291
"During scheduled trip",-2,991,993,291
"During scheduled trip",-2,1614,1616,291
"During scheduled trip",-2,1434,1436,291
"During scheduled trip",-2,893,895,291
"During scheduled trip",-2,1510,1512,291
"During scheduled trip",-2,249,251,291
"During scheduled trip",-2,14792,14794,291
"During scheduled trip",-2,39,41,291
"During scheduled trip",-2,609,611,291
"During scheduled trip",-2,3391,3393,291
"During scheduled trip",-2,367,369,291
"During scheduled trip",-2,93,95,291
"During scheduled trip",-2,1709,1711,291
"During scheduled trip",-2,-3,-1,291
"During scheduled trip",-2,519108,519110,291
"During scheduled trip",-2,516208,516210,291
"During scheduled trip",-2,2,4,291
"During scheduled trip",-2,1748,1750,291
"During scheduled trip",-2,1089,1091,291
"During scheduled trip",-2,3791,3793,291
"During scheduled trip",-2,2660,2662,291
"During scheduled trip",-2,4036,4038,291
"During scheduled trip",-2,13,15,291
"During scheduled trip",-2,4511,4513,291
"During scheduled trip",-2,728,730,291
"During scheduled trip",-2,1517,1519,291
"During scheduled trip",-2,740,742,291
"During scheduled trip",-2,742,744,291
"During scheduled trip",-2,69,71,291
"During scheduled trip",-2,919,921,291
"During scheduled trip",-2,1530,1532,291
"During scheduled trip",-2,1389,1391,291
"During scheduled trip",-2,751,753,291
"During scheduled trip",-2,448,450,291
"During scheduled trip",-2,18,20,291
"During scheduled trip",-2,821,823,291
"During scheduled trip",-2,518348,518350,291
"During scheduled trip",-2,516388,516390,291
"During scheduled trip",-2,1459,1461,291
"During scheduled trip",-2,1137,1139,291
"During scheduled trip",-2,573,575,291
"During scheduled trip",-2,519048,519050,291
"During scheduled trip",-2,3127,3129,291
"During scheduled trip",-2,315,317,291
"During scheduled trip",-2,797,799,291
"During scheduled trip",-2,1011,1013,291
"During scheduled trip",-2,638,640,291
"During scheduled trip",-2,90,92,291
"During scheduled trip",-2,517008,517010,291
"During scheduled trip",-2,659,661,291
"During scheduled trip",-2,1341,1343,291
"During scheduled trip",-2,2090,2092,291
"During scheduled trip",-2,1370,1372,291
"During scheduled trip",-2,170,172,291
"During scheduled trip",-2,526,528,291
"During scheduled trip",-2,151,153,291
"During scheduled trip",-2,1686,1688,291
"During scheduled trip",-2,-7,-5,291
"During scheduled trip",-2,460,462,291
"During scheduled trip",-2,428,430,291
"During scheduled trip",-2,761,763,291
"During scheduled trip",-2,10,12,291
"During scheduled trip",-2,256,258,291
"During scheduled trip",-2,641,643,291
"During scheduled trip",-2,572,574,291
"During scheduled trip",-2,913,915,291
"During scheduled trip",-2,349,351,291
"During scheduled trip",-2,181,183,291
"During scheduled trip",-2,689,691,291
"During scheduled trip",-2,168,170,291
"During scheduled trip",-2,471,473,291
"During scheduled trip",-2,582,584,291
"During scheduled trip",-2,945,947,291
"During scheduled trip",-2,58,60,291
"During scheduled trip",-2,5707,5709,291
"During scheduled trip",-2,381,383,291
"During scheduled trip",-2,1660,1662,291
"During scheduled trip",-2,1266,1268,291
"During scheduled trip",-2,351,353,291
"During scheduled trip",-2,410,412,291
"During scheduled trip",-2,157,159,291
"During scheduled trip",-2,1893,1895,291
"During scheduled trip",-2,839,841,291
"During scheduled trip",-2,2178,2180,291
"During scheduled trip",-2,931,933,291
"During scheduled trip",-2,3911,3913,291
"During scheduled trip",-2,1073,1075,291
"During scheduled trip",-2,159,161,291
"During scheduled trip",-2,2180,2182,291
"During scheduled trip",-2,1332,1334,291
"During scheduled trip",-2,1886,1888,291
"During scheduled trip",-2,518808,518810,291
"During scheduled trip",-2,548,550,291
"During scheduled trip",-2,124,126,291
"During scheduled trip",-2,1771,1773,291
"During scheduled trip",-2,1185,1187,291
"During scheduled trip",-2,1280,1282,291
"During scheduled trip",-2,517028,517030,291
"During scheduled trip",-2,23,25,291
"During scheduled trip",-2,781,783,291
"During scheduled trip",-2,1012,1014,291
"During scheduled trip",-2,163,165,291
"During scheduled trip",-2,1171,1173,291
"During scheduled trip",-2,596,598,291
"During scheduled trip",-2,1829,1831,291
"During scheduled trip",-2,823,825,291
"During scheduled trip",-2,5323,5325,291
"During scheduled trip",-2,423,425,291
"During scheduled trip",-2,307,309,291
"During scheduled trip",-2,14512,14514,291
"During scheduled trip",-2,15,17,291
"During scheduled trip",-2,3011,3013,291
"During scheduled trip",-2,2933,2935,291
"During scheduled trip",-2,896,898,291
"During scheduled trip",-2,519148,519150,291
"During scheduled trip",-2,530,532,291
"During scheduled trip",-2,405,407,291
"During scheduled trip",-2,525,527,291
"During scheduled trip",-2,2112,2114,291
"During scheduled trip",-2,143,145,291
"During scheduled trip",-2,2931,2933,291
"During scheduled trip",-2,6147,6149,291
"During scheduled trip",-2,323,325,291
"During scheduled trip",-2,4207,4209,291
"During scheduled trip",-2,3871,3873,291
"During scheduled trip",-2,916,918,291
"During scheduled trip",-2,5927,5929,291
"During scheduled trip",-2,2286,2288,291
"During scheduled trip",-2,1873,1875,291
"During scheduled trip",-2,1020,1022,291
"During scheduled trip",-2,1640,1642,291
"During scheduled trip",-2,558,560,291
"During scheduled trip",-2,378,380,291
"During scheduled trip",-2,835,837,291
"During scheduled trip",-2,642,644,291
"During scheduled trip",-2,871,873,291
"During scheduled trip",-2,1298,1300,291
"During scheduled trip",-2,614,616,291
"During scheduled trip",-2,336,338,291
"During scheduled trip",-2,1688,1690,291
"During scheduled trip",-2,1426,1428,291
"During scheduled trip",-2,2450,2452,291
"During scheduled trip",-2,146,148,291
"During scheduled trip",-2,226,228,291
"During scheduled trip",-2,3078,3080,291
"During scheduled trip",-2,996,998,291
"During scheduled trip",-2,200,202,291
"During scheduled trip",-2,1277,1279,291
"During scheduled trip",-2,-6,-4,291
"During scheduled trip",-2,420,422,291
"During scheduled trip",-2,329,331,291
"During scheduled trip",-2,2291,2293,291
"During scheduled trip",-2,11854,11856,291
"During scheduled trip",-2,305,307,291
"During scheduled trip",-2,356,358,291
"During scheduled trip",-2,1150,1152,291
"During scheduled trip",-2,491,493,291
"During scheduled trip",-2,518428,518430,291
"During scheduled trip",-2,57,59,291
"During scheduled trip",-2,3218,3220,291
"During scheduled trip",-2,484,486,291
"During scheduled trip",-2,519068,519070,291
"During scheduled trip",-2,1519,1521,291
"During scheduled trip",-2,701,703,291
"During scheduled trip",-2,34,36,291
"During scheduled trip",-2,1248,1250,291
"During scheduled trip",-2,1306,1308,291
"During scheduled trip",-2,575,577,291
"During scheduled trip",-2,3711,3713,291
"During scheduled trip",-2,14872,14874,291
"During scheduled trip",-2,589,591,291
"During scheduled trip",-2,6447,6449,291
"During scheduled trip",-2,473,475,291
"During scheduled trip",-2,268,270,291
"During scheduled trip",-2,1818,1820,291
"During scheduled trip",-2,4111,4113,291
"During scheduled trip",-2,1594,1596,291
"During scheduled trip",-2,1950,1952,291
"During scheduled trip",-2,1604,1606,291
"During scheduled trip",-2,2221,2223,291
"During scheduled trip",-2,2620,2622,291
"During scheduled trip",-2,1294,1296,291
"During scheduled trip",-2,972,974,291
"During scheduled trip",-2,2771,2773,291
"During scheduled trip",-2,1285,1287,291
"During scheduled trip",-2,1124,1126,291
"During scheduled trip",-2,1730,1732,291
"During scheduled trip",-2,2331,2333,291
"During scheduled trip",-2,870,872,291
"During scheduled trip",-2,3131,3133,291
"During scheduled trip",-2,431,433,291
"During scheduled trip",-2,708,710,291
"During scheduled trip",-2,1252,1254,291
"During scheduled trip",-2,282,284,291
"During scheduled trip",-2,486,488,291
"During scheduled trip",-2,12,14,291
"During scheduled trip",-2,500,502,291
"During scheduled trip",-2,175,177,291
"During scheduled trip",-2,1681,1683,291
"During scheduled trip",-2,139,141,291
"During scheduled trip",-2,-17,-15,291
"During scheduled trip",-2,308,310,291
"During scheduled trip",-2,897,899,291
"During scheduled trip",-2,968,970,291
"During scheduled trip",-2,1329,1331,291
"During scheduled trip",-2,5,7,291
"During scheduled trip",-2,158,160,291
"During scheduled trip",-2,650,652,291
"During scheduled trip",-2,640,642,291
"During scheduled trip",-2,1694,1696,291
"During scheduled trip",-2,517108,517110,291
"During scheduled trip",-2,259,261,291
"During scheduled trip",-2,446,448,291
"During scheduled trip",-2,1272,1274,291
"During scheduled trip",-2,1712,1714,291
"During scheduled trip",-2,44,46,291
"During scheduled trip",-2,1833,1835,291
"During scheduled trip",-2,1609,1611,291
"During scheduled trip",-2,99,101,291
"During scheduled trip",-2,997,999,291
"During scheduled trip",-2,1666,1668,291
"During scheduled trip",-2,52,54,291
"During scheduled trip",-2,79,81,291
"During scheduled trip",-2,1373,1375,291
"During scheduled trip",-2,1411,1413,291
"During scheduled trip",-2,667,669,291
"During scheduled trip",-2,3531,3533,291
"During scheduled trip",-2,3040,3042,291
"During scheduled trip",-2,16,18,291
"During scheduled trip",-2,207,209,291
"During scheduled trip",-2,1309,1311,291
"During scheduled trip",-2,3571,3573,291
"During scheduled trip",-2,4871,4873,291
"During scheduled trip",-2,88,90,291
"During scheduled trip",-2,40,42,291
"During scheduled trip",-2,129,131,291
"During scheduled trip",-2,136,138,291
"During scheduled trip",-2,651,653,291
"During scheduled trip",-2,3120,3122,291
"During scheduled trip",-2,590,592,291
"During scheduled trip",-2,199,201,291
"During scheduled trip",-2,2473,2475,291
"During scheduled trip",-2,324,326,291
"During scheduled trip",-2,344,346,291
"During scheduled trip",-2,400,402,291
"During scheduled trip",-2,1157,1159,291
"During scheduled trip",-2,26,28,291
"During scheduled trip",-2,75,77,291
"During scheduled trip",-2,247,249,291
"During scheduled trip",-2,270,272,291
"During scheduled trip",-2,2097,2099,291
"During scheduled trip",-2,647,649,291
"During scheduled trip",-2,1790,1792,291
"During scheduled trip",-2,272,274,291
"During scheduled trip",-2,632,634,291
"During scheduled trip",-2,1149,1151,291
"During scheduled trip",-2,1101,1103,291
"During scheduled trip",-2,805,807,291
"During scheduled trip",-2,673,675,291
"During scheduled trip",-2,2567,2569,291
"During scheduled trip",-2,1473,1475,291
"During scheduled trip",-2,1871,1873,291
"During scheduled trip",-2,618,620,291
"During scheduled trip",-2,63,65,291
"During scheduled trip",-2,104,106,291
"During scheduled trip",-2,419,421,291
"During scheduled trip",-2,1056,1058,291
"During scheduled trip",-2,1121,1123,291
"During scheduled trip",-2,516428,516430,291
"During scheduled trip",-2,1051,1053,291
"During scheduled trip",-2,723,725,291
"During scheduled trip",-2,295,297,291
"During scheduled trip",-2,227,229,291
"During scheduled trip",-2,666,668,291
"During scheduled trip",-2,3231,3233,291
"During scheduled trip",-2,752,754,291
"During scheduled trip",-2,1677,1679,291
"During scheduled trip",-2,1352,1354,291
"During scheduled trip",-2,453,455,291
"During scheduled trip",-2,1099,1101,291
"During scheduled trip",-2,1301,1303,291
"During scheduled trip",-2,457,459,291
"During scheduled trip",-2,3627,3629,291
"During scheduled trip",-2,1388,1390,291
"During scheduled trip",-2,145,147,291
"During scheduled trip",-2,654,656,291
"During scheduled trip",-2,920,922,291
"During scheduled trip",-2,601,603,291
"During scheduled trip",-2,1440,1442,291
"During scheduled trip",-2,1831,1833,291
"During scheduled trip",-2,634,636,291
"During scheduled trip",-2,300,302,291
"During scheduled trip",-2,516828,516830,291
"During scheduled trip",-2,722,724,291
"During scheduled trip",-2,1513,1515,291
"During scheduled trip",-2,6387,6389,291
"During scheduled trip",-2,482,484,291
"During scheduled trip",-2,496,498,291
"During scheduled trip",-2,3027,3029,291
"During scheduled trip",-2,293,295,291
"During scheduled trip",-2,320,322,291
"During scheduled trip",-2,585,587,291
"During scheduled trip",-2,2051,2053,291
"During scheduled trip",-2,619,621,291
"During scheduled trip",-2,1460,1462,291
"During scheduled trip",-2,310,312,291
"During scheduled trip",-2,518,520,291
"During scheduled trip",-2,2297,2299,291
"During scheduled trip",-2,516568,516570,291
"During scheduled trip",-2,4727,4729,291
"During scheduled trip",-2,493,495,291
"During scheduled trip",-2,932,934,291
"During scheduled trip",-2,2807,2809,291
"During scheduled trip",-2,1897,1899,291
"During scheduled trip",-2,748,750,291
"During scheduled trip",-2,2371,2373,291
"During scheduled trip",-2,676,678,291
"During scheduled trip",-2,1080,1082,291
"During scheduled trip",-2,166,168,291
"During scheduled trip",-2,2666,2668,291
"During scheduled trip",-2,1541,1543,291
"During scheduled trip",-2,179,181,291
"During scheduled trip",-2,2298,2300,291
"During scheduled trip",-2,559,561,291
"During scheduled trip",-2,1028,1030,291
"During scheduled trip",-2,1474,1476,291
"During scheduled trip",-2,529,531,291
"During scheduled trip",-2,574,576,291
"During scheduled trip",-2,726,728,291
"During scheduled trip",-2,1219,1221,291
"During scheduled trip",-2,3751,3753,291
"During scheduled trip",-2,4631,4633,291
"During scheduled trip",-2,-2,0,291
"During scheduled trip",-2,275,277,291
"During scheduled trip",-2,1760,1762,291
"During scheduled trip",-2,974,976,291
"During scheduled trip",-2,1152,1154,291
"During scheduled trip",-2,5187,5189,291
"During scheduled trip",-2,-14,-12,291
"During scheduled trip",-2,141,143,291
"During scheduled trip",-2,1671,1673,291
"During scheduled trip",-2,1733,1735,291
"During scheduled trip",-2,1853,1855,291
"During scheduled trip",-2,210,212,291
"During scheduled trip",-2,951,953,291
"During scheduled trip",-2,517828,517830,291
"During scheduled trip",-2,1914,1916,291
"During scheduled trip",-2,1812,1814,291
"During scheduled trip",-2,2533,2535,291
"During scheduled trip",-2,648,650,291
"During scheduled trip",-2,778,780,291
"During scheduled trip",-2,51,53,291
"During scheduled trip",-2,873,875,291
"During scheduled trip",-2,466,468,291
"During scheduled trip",-2,437,439,291
"During scheduled trip",-2,886,888,291
"During scheduled trip",-2,1843,1845,291
"During scheduled trip",-2,2571,2573,291
"During scheduled trip",-2,720,722,291
"During scheduled trip",-2,623,625,291
"During scheduled trip",-2,1210,1212,291
"During scheduled trip",-2,205,207,291
"During scheduled trip",-2,6547,6549,291
"During scheduled trip",-2,3260,3262,291
"During scheduled trip",-2,1290,1292,291
"During scheduled trip",-2,5327,5329,291
"During scheduled trip",-2,274,276,291
"During scheduled trip",-2,540,542,291
"During scheduled trip",-2,1334,1336,291
"During scheduled trip",-2,1540,1542,291
"During scheduled trip",-2,95,97,291
"During scheduled trip",-2,587,589,291
"During scheduled trip",-2,2230,2232,291
"During scheduled trip",-2,4731,4733,291
"During scheduled trip",-2,625,627,291
"During scheduled trip",-2,338,340,291
"During scheduled trip",-2,480,482,291
"During scheduled trip",-2,156,158,291
"During scheduled trip",-2,2218,2220,291
"During scheduled trip",-2,2811,2813,291
"During scheduled trip",-2,288,290,291
"During scheduled trip",-2,764,766,291
"During scheduled trip",-2,2400,2402,291
"During scheduled trip",-2,1801,1803,291
"During scheduled trip",-2,2241,2243,291
"During scheduled trip",-2,415,417,291
"During scheduled trip",-2,56,58,291
"During scheduled trip",-2,692,694,291
"During scheduled trip",-2,517268,517270,291
"During scheduled trip",-2,1639,1641,291
"During scheduled trip",-2,192,194,291
"During scheduled trip",-2,326,328,291
"During scheduled trip",-2,414,416,291
"During scheduled trip",-2,838,840,291
"During scheduled trip",-2,816,818,291
"During scheduled trip",-2,2040,2042,291
"During scheduled trip",-2,3567,3569,291
"During scheduled trip",-2,109,111,291
"During scheduled trip",-2,1849,1851,291
"During scheduled trip",-2,3160,3162,291
"During scheduled trip",-2,77,79,291
"During scheduled trip",-2,544,546,291
"During scheduled trip",-2,518108,518110,291
"During scheduled trip",-2,2177,2179,291
"During scheduled trip",-2,1325,1327,291
"During scheduled trip",-2,4011,4013,291
"During scheduled trip",-2,14552,14554,291
"During scheduled trip",-2,37,39,291
"During scheduled trip",-2,2207,2209,291
"During scheduled trip",-2,1070,1072,291
"During scheduled trip",-2,519008,519010,291
"During scheduled trip",-2,1381,1383,291
"During scheduled trip",-2,1340,1342,291
"During scheduled trip",-2,497,499,291
"During scheduled trip",-2,1110,1112,291
"During scheduled trip",-2,1501,1503,291
"During scheduled trip",-2,744,746,291
"During scheduled trip",-2,516348,516350,291
"During scheduled trip",-2,118,120,291
"During scheduled trip",-2,1734,1736,291
"During scheduled trip",-2,206,208,291
"During scheduled trip",-2,773,775,291
"During scheduled trip",-2,1258,1260,291
"During scheduled trip",-2,892,894,291
"During scheduled trip",-2,506,508,291
"During scheduled trip",-2,681,683,291
"During scheduled trip",-2,2610,2612,291
"During scheduled trip",-2,194,196,291
"During scheduled trip",-2,1439,1441,291
"During scheduled trip",-2,203,205,291
"During scheduled trip",-2,5027,5029,291
"During scheduled trip",-2,672,674,291
"During scheduled trip",-2,1113,1115,291
"During scheduled trip",-2,2471,2473,291
"During scheduled trip",-2,516468,516470,291
"During scheduled trip",-2,2370,2372,291
"During scheduled trip",-2,29,31,291
"During scheduled trip",-2,612,614,291
"During scheduled trip",-2,3891,3893,291
"During scheduled trip",-2,4567,4569,291
"During scheduled trip",-2,610,612,291
"During scheduled trip",-2,1156,1158,291
"During scheduled trip",-2,804,806,291
"During scheduled trip",-2,564,566,291
"During scheduled trip",-2,683,685,291
"During scheduled trip",-2,516768,516770,291
"During scheduled trip",-2,712,714,291
"During scheduled trip",-2,85,87,291
"During scheduled trip",-2,532,534,291
"During scheduled trip",-2,3451,3453,291
"During scheduled trip",-2,461,463,291
"During scheduled trip",-2,727,729,291
"During scheduled trip",-2,1140,1142,291
"During scheduled trip",-2,1525,1527,291
"During scheduled trip",-2,904,906,291
"During scheduled trip",-2,1358,1360,291
"During scheduled trip",-2,1254,1256,291
"During scheduled trip",-2,2014,2016,291
"During scheduled trip",-2,32,34,291
"During scheduled trip",-2,1648,1650,291
"During scheduled trip",-2,507,509,291
"During scheduled trip",-2,1154,1156,291
"During scheduled trip",-2,364,366,291
"During scheduled trip",-2,442,444,291
"During scheduled trip",-2,188,190,291
"During scheduled trip",-2,2217,2219,291
"During scheduled trip",-2,339,341,291
"During scheduled trip",-2,1981,1983,291
"During scheduled trip",-2,5867,5869,291
"During scheduled trip",-2,6047,6049,291
"During scheduled trip",-2,4911,4913,291
"During scheduled trip",-2,1821,1823,291
"During scheduled trip",-2,73,75,291
"During scheduled trip",-2,2638,2640,291
"During scheduled trip",-2,1551,1553,291
"During scheduled trip",-2,541,543,291
"During scheduled trip",-2,1549,1551,291
"During scheduled trip",-2,777,779,291
"During scheduled trip",-2,1951,1953,291
"During scheduled trip",-2,433,435,291
"During scheduled trip",-2,97,99,291
"During scheduled trip",-2,829,831,291
"During scheduled trip",-2,3038,3040,291
"During scheduled trip",-2,19,21,291
"During scheduled trip",-2,-13,-11,291
"During scheduled trip",-2,737,739,291
"During scheduled trip",-2,2893,2895,291
"During scheduled trip",-2,-11,-9,291
"During scheduled trip",-2,516748,516750,291
"During scheduled trip",-2,517088,517090,291
"During scheduled trip",-2,2720,2722,291
"During scheduled trip",-2,1380,1382,291
"During scheduled trip",-2,2770,2772,291
"During scheduled trip",-2,830,832,291
"During scheduled trip",-2,401,403,291
"During scheduled trip",-2,319,321,291
"During scheduled trip",-2,706,708,291
"During scheduled trip",-2,629,631,291
"During scheduled trip",-2,1478,1480,291
"During scheduled trip",-2,517148,517150,291
"During scheduled trip",-2,731,733,291
"During scheduled trip",-2,432,434,291
"During scheduled trip",-2,1834,1836,291
"During scheduled trip",-2,1142,1144,291
"During scheduled trip",-2,94,96,291
"During scheduled trip",-2,142,144,291
"During scheduled trip",-2,237,239,291
"During scheduled trip",-2,1409,1411,291
"During scheduled trip",-2,1293,1295,291
"During scheduled trip",-2,810,812,291
"During scheduled trip",-2,4431,4433,291
"During scheduled trip",-2,547,549,291
"During scheduled trip",-2,1610,1612,291
"During scheduled trip",-2,1111,1113,291
"During scheduled trip",-2,519188,519190,291
"During scheduled trip",-2,120,122,291
"During scheduled trip",-2,2651,2653,291
"During scheduled trip",-2,447,449,291
"During scheduled trip",-2,167,169,291
"During scheduled trip",-2,304,306,291
"During scheduled trip",-2,2947,2949,291
"During scheduled trip",-2,953,955,291
"During scheduled trip",-2,354,356,291
"During scheduled trip",-2,467,469,291
"During scheduled trip",-2,516608,516610,291
"During scheduled trip",-2,1679,1681,291
"During scheduled trip",-2,633,635,291
"During scheduled trip",-2,2433,2435,291
"During scheduled trip",-2,768,770,291
"During scheduled trip",-2,334,336,291
"During scheduled trip",-2,502,504,291
"During scheduled trip",-2,765,767,291
"During scheduled trip",-2,49,51,291
"During scheduled trip",-2,517,519,291
"During scheduled trip",-2,231,233,291
"During scheduled trip",-2,1960,1962,291
"During scheduled trip",-2,125,127,291
"During scheduled trip",-2,2578,2580,291
"During scheduled trip",-2,552,554,291
"During scheduled trip",-2,1877,1879,291
"During scheduled trip",-2,3467,3469,291
"During scheduled trip",-2,102,104,291
"During scheduled trip",-2,2597,2599,291
"During scheduled trip",-2,780,782,291
"During scheduled trip",-2,719,721,291
"During scheduled trip",-2,2150,2152,291
"During scheduled trip",-2,284,286,291
"During scheduled trip",-2,1339,1341,291
"During scheduled trip",-2,198,200,291
"During scheduled trip",-2,766,768,291
"During scheduled trip",-2,2491,2493,291
"During scheduled trip",-2,243,245,291
"During scheduled trip",-2,3511,3513,291
"During scheduled trip",-2,107,109,291
"During scheduled trip",-2,993,995,291
"During scheduled trip",-2,875,877,291
"During scheduled trip",-2,622,624,291
"During scheduled trip",-2,4467,4469,291
"During scheduled trip",-2,234,236,291
"During scheduled trip",-2,388,390,291
"During scheduled trip",-2,798,800,291
"During scheduled trip",-2,588,590,291
"During scheduled trip",-2,1692,1694,291
"During scheduled trip",-2,518728,518730,291
"During scheduled trip",-2,4887,4889,291
"During scheduled trip",-2,826,828,291
"During scheduled trip",-2,749,751,291
"During scheduled trip",-2,1673,1675,291
"During scheduled trip",-2,1016,1018,291
"During scheduled trip",-2,1256,1258,291
"During scheduled trip",-2,2141,2143,291
"During scheduled trip",-2,994,996,291
"During scheduled trip",-2,327,329,291
"During scheduled trip",-2,603,605,291
"During scheduled trip",-2,518488,518490,291
"During scheduled trip",-2,2540,2542,291
"During scheduled trip",-2,1181,1183,291
"During scheduled trip",-2,255,257,291
"During scheduled trip",-2,1890,1892,291
"During scheduled trip",-2,2606,2608,291
"During scheduled trip",-2,3271,3273,291
"During scheduled trip",-2,1278,1280,291
"During scheduled trip",-2,1589,1591,291
"During scheduled trip",-2,1270,1272,291
"During scheduled trip",-2,114,116,291
"During scheduled trip",-2,393,395,291
"During scheduled trip",-2,2731,2733,291
"During scheduled trip",-2,615,617,291
"During scheduled trip",-2,1194,1196,291
"During scheduled trip",-2,2871,2873,291
"During scheduled trip",-2,1393,1395,291
"During scheduled trip",-2,1131,1133,291
"During scheduled trip",-2,505,507,291
"During scheduled trip",-2,960,962,291
"During scheduled trip",-2,1040,1042,291
"During scheduled trip",-2,2250,2252,291
"During scheduled trip",-2,4,6,291
"During scheduled trip",-2,149,151,291
"During scheduled trip",-2,523,525,291
"During scheduled trip",-2,468,470,291
"During scheduled trip",-2,14492,14494,291
"During scheduled trip",-2,846,848,291
"During scheduled trip",-2,1626,1628,291
"During scheduled trip",-2,1141,1143,291
"During scheduled trip",-2,982,984,291
"During scheduled trip",-2,117,119,291
"During scheduled trip",-2,229,231,291
"During scheduled trip",-2,337,339,291
"During scheduled trip",-2,2746,2748,291
"During scheduled trip",-2,2397,2399,291
"During scheduled trip",-2,1308,1310,291
"During scheduled trip",-2,519268,519270,291
"During scheduled trip",-2,837,839,291
"During scheduled trip",-2,908,910,291
"During scheduled trip",-2,2913,2915,291
"During scheduled trip",-2,2631,2633,291
"During scheduled trip",-2,233,235,291
"During scheduled trip",-2,1649,1651,291
"During scheduled trip",-2,2346,2348,291
"During scheduled trip",-2,469,471,291
"During scheduled trip",-2,1211,1213,291
"During scheduled trip",-2,4231,4233,291
"During scheduled trip",-2,688,690,291
"During scheduled trip",-2,262,264,291
"During scheduled trip",-2,531,533,291
"During scheduled trip",-2,228,230,291
"During scheduled trip",-2,134,136,291
"During scheduled trip",-2,3151,3153,291
"During scheduled trip",-2,430,432,291
"During scheduled trip",-2,864,866,291
"During scheduled trip",-2,46,48,291
"During scheduled trip",-2,2013,2015,291
"During scheduled trip",-2,1360,1362,291
"During scheduled trip",-2,384,386,291
"During scheduled trip",-2,562,564,291
"During scheduled trip",-2,988,990,291
"During scheduled trip",-2,1153,1155,291
"During scheduled trip",-2,395,397,291
"During scheduled trip",-2,577,579,291
"During scheduled trip",-2,1116,1118,291
"During scheduled trip",-2,799,801,291
"During scheduled trip",-2,265,267,291
"During scheduled trip",-2,1231,1233,291
"During scheduled trip",-2,3198,3200,291
"During scheduled trip",-2,42,44,291
"During scheduled trip",-2,87,89,291
"During scheduled trip",-2,1004,1006,291
"During scheduled trip",-2,404,406,291
"During scheduled trip",-2,4491,4493,291
"During scheduled trip",-2,782,784,291
"During scheduled trip",-2,1168,1170,291
"During scheduled trip",-2,4251,4253,291
"During scheduled trip",-2,4127,4129,291
"During scheduled trip",-2,197,199,291
"During scheduled trip",-2,1531,1533,291
"During scheduled trip",-2,1797,1799,291
"During scheduled trip",-2,739,741,291
"During scheduled trip",-2,2191,2193,291
"During scheduled trip",-2,686,688,291
"During scheduled trip",-2,508,510,291
"During scheduled trip",-2,1751,1753,291
"During scheduled trip",-2,1090,1092,291
"During scheduled trip",-2,370,372,291
"During scheduled trip",-2,631,633,291
"During scheduled trip",-2,3831,3833,291
"During scheduled trip",-2,565,567,291
"During scheduled trip",-2,173,175,291
"During scheduled trip",-2,132,134,291
"During scheduled trip",-2,296,298,291
"During scheduled trip",-2,1229,1231,291
"During scheduled trip",-2,2910,2912,291
"During scheduled trip",-2,1911,1913,291
"During scheduled trip",-2,3240,3242,291
"During scheduled trip",-2,1461,1463,291
"During scheduled trip",-2,5227,5229,291
"During scheduled trip",-2,2041,2043,291
"During scheduled trip",-2,2026,2028,291
"During scheduled trip",-2,2030,2032,291
"During scheduled trip",-2,733,735,291
"During scheduled trip",-2,14832,14834,291
"During scheduled trip",-2,14,16,291
"During scheduled trip",-2,27,29,291
"During scheduled trip",-2,2627,2629,291
"During scheduled trip",-2,225,227,291
"During scheduled trip",-2,549,551,291
"During scheduled trip",-2,-15,-13,291
"During scheduled trip",-2,652,654,291
"During scheduled trip",-2,2691,2693,291
"During scheduled trip",-2,885,887,291
"During scheduled trip",-2,1674,1676,291
"During scheduled trip",-2,1590,1592,291
"During scheduled trip",-2,930,932,291
"During scheduled trip",-2,189,191,291
"During scheduled trip",-2,877,879,291
"During scheduled trip",-2,1053,1055,291
"During scheduled trip",-2,1721,1723,291
"During scheduled trip",-2,84,86,291
"During scheduled trip",-2,342,344,291
"During scheduled trip",-2,2500,2502,291
"During scheduled trip",-2,164,166,291
"During scheduled trip",-2,1418,1420,291
"During scheduled trip",-2,1631,1633,291
"During scheduled trip",-2,391,393,291
"During scheduled trip",-2,387,389,291
"During scheduled trip",-2,1260,1262,291
"During scheduled trip",-2,655,657,291
"During scheduled trip",-2,1569,1571,291
"During scheduled trip",-2,578,580,291
"During scheduled trip",-2,-16,-14,291
"During scheduled trip",-2,518068,518070,291
"During scheduled trip",-2,691,693,291
"During scheduled trip",-2,368,370,291
"During scheduled trip",-2,454,456,291
"During scheduled trip",-2,1088,1090,291
"During scheduled trip",-2,2860,2862,291
"During scheduled trip",-2,147,149,291
"During scheduled trip",-2,1065,1067,291
"During scheduled trip",-2,3098,3100,291
"During scheduled trip",-2,1637,1639,291
"During scheduled trip",-2,3080,3082,291
"During scheduled trip",-2,346,348,291
"During scheduled trip",-2,241,243,291
"During scheduled trip",-2,5087,5089,291
"During scheduled trip",-2,3651,3653,291
"During scheduled trip",-2,2630,2632,291
"During scheduled trip",-2,4747,4749,291
"During scheduled trip",-2,879,881,291
"During scheduled trip",-2,5567,5569,291
"During scheduled trip",-2,1918,1920,291
"During scheduled trip",-2,518128,518130,291
"During scheduled trip",-2,1934,1936,291
"During scheduled trip",-2,519168,519170,291
"During scheduled trip",-2,759,761,291
"During scheduled trip",-2,2640,2642,291
"During scheduled trip",-2,662,664,291
"During scheduled trip",-2,5007,5009,291
"During scheduled trip",-2,321,323,291
"During scheduled trip",-2,362,364,291
"During scheduled trip",-2,215,217,291
"During scheduled trip",-2,301,303,291
"During scheduled trip",-2,1511,1513,291
"During scheduled trip",-2,1112,1114,291
"During scheduled trip",-2,516448,516450,291
"During scheduled trip",-2,976,978,291
"During scheduled trip",-2,318,320,291
"During scheduled trip",-2,214,216,291
"During scheduled trip",-2,809,811,291
"During scheduled trip",-2,4271,4273,291
"During scheduled trip",-2,445,447,291
"During scheduled trip",-2,2134,2136,291
"During scheduled trip",-2,1518,1520,291
"During scheduled trip",-2,687,689,291
"During scheduled trip",-2,276,278,291
"During scheduled trip",-2,3351,3353,291
"During scheduled trip",-2,2313,2315,291
"During scheduled trip",-2,353,355,291
"During scheduled trip",-2,561,563,291
"During scheduled trip",-2,1010,1012,291
"During scheduled trip",-2,518008,518010,291
"During scheduled trip",-2,2591,2593,291
"During scheduled trip",-2,396,398,291
"During scheduled trip",-2,1371,1373,291
"During scheduled trip",-2,1451,1453,291
"During scheduled trip",-2,4227,4229,291
"During scheduled trip",-2,121,123,291
"During scheduled trip",-2,2513,2515,291
"During scheduled trip",-2,789,791,291
"During scheduled trip",-2,779,781,291
"During scheduled trip",-2,3280,3282,291
"During scheduled trip",-2,969,971,291
"During scheduled trip",-2,1878,1880,291
"During scheduled trip",-2,3167,3169,291
"During scheduled trip",-2,152,154,291
"During scheduled trip",-2,273,275,291
"During scheduled trip",-2,5487,5489,291
"During scheduled trip",-2,-4,-2,291
"During scheduled trip",-2,1173,1175,291
"During scheduled trip",-2,788,790,291
"During scheduled trip",-2,939,941,291
"During scheduled trip",-2,345,347,291
"During scheduled trip",-2,483,485,291
"During scheduled trip",-2,539,541,291
"During scheduled trip",-2,1701,1703,291
"During scheduled trip",-2,516908,516910,291
"During scheduled trip",-2,45,47,291
"During scheduled trip",-2,4591,4593,291
"During scheduled trip",-2,463,465,291
"During scheduled trip",-2,4811,4813,291
"During scheduled trip",-2,518288,518290,291
"During scheduled trip",-2,2406,2408,291
"During scheduled trip",-2,970,972,291
"During scheduled trip",-2,518788,518790,291
"During scheduled trip",-2,1700,1702,291
"During scheduled trip",-2,1881,1883,291
"During scheduled trip",-2,517068,517070,291
"During scheduled trip",-2,316,318,291
"During scheduled trip",-2,1953,1955,291
"During scheduled trip",-2,4531,4533,291
"During scheduled trip",-2,859,861,291
"During scheduled trip",-2,171,173,291
"During scheduled trip",-2,250,252,291
"During scheduled trip",-2,360,362,291
"During scheduled trip",-2,76,78,291
"During scheduled trip",-2,286,288,291
"During scheduled trip",-2,311,313,291
"During scheduled trip",-2,519248,519250,291
"During scheduled trip",-2,2611,2613,291
"During scheduled trip",-2,664,666,291
"During scheduled trip",-2,734,736,291
"During scheduled trip",-2,1991,1993,291
"During scheduled trip",-2,1571,1573,291
"During scheduled trip",-2,236,238,291
"During scheduled trip",-2,280,282,291
"During scheduled trip",-2,411,413,291
"During scheduled trip",-2,294,296,291
"During scheduled trip",-2,1480,1482,291
"During scheduled trip",-2,1559,1561,291
"During scheduled trip",-2,1017,1019,291
"During scheduled trip",-2,377,379,291
"During scheduled trip",-2,1720,1722,291
"During scheduled trip",-2,3407,3409,291
"During scheduled trip",-2,80,82,291
"During scheduled trip",-2,793,795,291
"During scheduled trip",-2,2066,2068,291
"During scheduled trip",-2,1718,1720,291
"During scheduled trip",-2,246,248,291
"During scheduled trip",-2,891,893,291
"During scheduled trip",-2,31,33,291
"During scheduled trip",-2,426,428,291
"During scheduled trip",-2,2206,2208,291
"During scheduled trip",-2,160,162,291
"During scheduled trip",-2,1591,1593,291
"During scheduled trip",-2,2517,2519,291
"During scheduled trip",-2,715,717,291
"During scheduled trip",-2,1769,1771,291
"During scheduled trip",-2,599,601,291
"During scheduled trip",-2,298,300,291
"During scheduled trip",-2,2071,2073,291
"During scheduled trip",-2,21,23,291
"During scheduled trip",-2,5907,5909,291
"During scheduled trip",-2,2594,2596,291
"During scheduled trip",-2,481,483,291
"During scheduled trip",-2,3180,3182,291
"During scheduled trip",-2,101,103,291
"During scheduled trip",-2,1178,1180,291
"During scheduled trip",-2,5527,5529,291
"During scheduled trip",-2,3178,3180,291
"During scheduled trip",-2,333,335,291
"During scheduled trip",-2,900,902,291
"During scheduled trip",-2,2201,2203,291
"During scheduled trip",-2,488,490,291
"During scheduled trip",-2,266,268,291
"During scheduled trip",-2,1528,1530,291
"During scheduled trip",-2,68,70,291
"During scheduled trip",-2,528,530,291
"During scheduled trip",-2,3118,3120,291
"During scheduled trip",-2,458,460,291
"During scheduled trip",-2,382,384,291
"During scheduled trip",-2,617,619,291
"During scheduled trip",-2,1136,1138,291
"During scheduled trip",-2,860,862,291
"During scheduled trip",-2,921,923,291
"During scheduled trip",-2,439,441,291
"During scheduled trip",-2,1401,1403,291
"During scheduled trip",-2,372,374,291
"During scheduled trip",-2,956,958,291
"During scheduled trip",-2,220,222,291
"During scheduled trip",-2,999,1001,291
"During scheduled trip",-2,1094,1096,291
"During scheduled trip",-2,4307,4309,291
"During scheduled trip",-2,2898,2900,291
"During scheduled trip",-2,707,709,291
"During scheduled trip",-2,1669,1671,291
"During scheduled trip",-2,281,283,291
"During scheduled trip",-2,291,293,291
"During scheduled trip",-2,1491,1493,291
"During scheduled trip",-2,518628,518630,291
"During scheduled trip",-2,1372,1374,291
"During scheduled trip",-2,626,628,291
"During scheduled trip",-2,180,182,291
"During scheduled trip",-2,808,810,291
"During scheduled trip",-2,1261,1263,291
"During scheduled trip",-2,22,24,291
"During scheduled trip",-2,105,107,291
"During scheduled trip",-2,5687,5689,291
"During scheduled trip",-2,2510,2512,291
"During scheduled trip",-2,1214,1216,291
"During scheduled trip",-2,883,885,291
"During scheduled trip",-2,450,452,291
"During scheduled trip",-2,1553,1555,291
"During scheduled trip",-2,516,518,291
"During scheduled trip",-2,518648,518650,291
"During scheduled trip",-2,1708,1710,291
"During scheduled trip",-2,2427,2429,291
"During scheduled trip",-2,82,84,291
"During scheduled trip",-2,729,731,291
"During scheduled trip",-2,6367,6369,291
"During scheduled trip",-2,1488,1490,291
"During scheduled trip",-2,122,124,291
"During scheduled trip",-2,174,176,291
"During scheduled trip",-2,700,702,291
"During scheduled trip",-2,1780,1782,291
"During scheduled trip",-2,6187,6189,291
"During scheduled trip",-2,2553,2555,291
"During scheduled trip",-2,909,911,291
"During scheduled trip",-2,317,319,291
"During scheduled trip",-2,6567,6569,291
"During scheduled trip",-2,517168,517170,291
"During scheduled trip",-2,649,651,291
"During scheduled trip",-2,732,734,291
"During scheduled trip",-2,309,311,291
"During scheduled trip",-2,713,715,291
"During scheduled trip",-2,792,794,291
"During scheduled trip",-2,1874,1876,291
"During scheduled trip",-2,914,916,291
"During scheduled trip",-2,1129,1131,291
"During scheduled trip",-2,517428,517430,291
"During scheduled trip",-2,834,836,291
"During scheduled trip",-2,1310,1312,291
"During scheduled trip",-2,20,22,291
"During scheduled trip",-2,543,545,291
"During scheduled trip",-2,643,645,291
"During scheduled trip",-2,1169,1171,291
"During scheduled trip",-2,1400,1402,291
"During scheduled trip",-2,61,63,291
"During scheduled trip",-2,78,80,291
"During scheduled trip",-2,786,788,291
"During scheduled trip",-2,116,118,291
"During scheduled trip",-2,221,223,291
"During scheduled trip",-2,1033,1035,291
"During scheduled trip",-2,343,345,291
"During scheduled trip",-2,260,262,291
"During scheduled trip",-2,357,359,291
"During scheduled trip",-2,72,74,291
"During scheduled trip",-2,520,522,291
"During scheduled trip",-2,1386,1388,291
"During scheduled trip",-2,1920,1922,291
"During scheduled trip",-2,5107,5109,291
"During scheduled trip",-2,812,814,291
"During scheduled trip",-2,504,506,291
"During scheduled trip",-2,123,125,291
"During scheduled trip",-2,1213,1215,291
"During scheduled trip",-2,1658,1660,291
"During scheduled trip",-2,1500,1502,291
"During scheduled trip",-2,3771,3773,291
"During scheduled trip",-2,628,630,291
"During scheduled trip",-2,14732,14734,291
"During scheduled trip",-2,3067,3069,291
"During scheduled trip",-2,5967,5969,291
"During scheduled trip",-2,1289,1291,291
"During scheduled trip",-2,517308,517310,291
"During scheduled trip",-2,86,88,291
"During scheduled trip",-2,509,511,291
"During scheduled trip",-2,998,1000,291
"During scheduled trip",-2,1993,1995,291
"During scheduled trip",-2,1216,1218,291
"During scheduled trip",-2,978,980,291
"During scheduled trip",-2,2758,2760,291
"During scheduled trip",-2,267,269,291
"During scheduled trip",-2,499,501,291
"During scheduled trip",-2,747,749,291
"During scheduled trip",-2,725,727,291
"During scheduled trip",-2,2078,2080,291
"During scheduled trip",-2,253,255,291
"During scheduled trip",-2,512,514,291
"During scheduled trip",-2,516548,516550,291
"During scheduled trip",-2,503,505,291
"During scheduled trip",-2,524,526,291
"During scheduled trip",-2,735,737,291
"During scheduled trip",-2,2294,2296,291
"During scheduled trip",-2,41,43,291
"During scheduled trip",-2,36,38,291
"During scheduled trip",-2,1346,1348,291
"During scheduled trip",-2,3991,3993,291
"During scheduled trip",-2,848,850,291
"During scheduled trip",-2,694,696,291
"During scheduled trip",-2,244,246,291
"During scheduled trip",-2,283,285,291
"During scheduled trip",-2,4907,4909,291
"During scheduled trip",-2,429,431,291
"During scheduled trip",-2,261,263,291
"During scheduled trip",-2,2038,2040,291
"During scheduled trip",-2,379,381,291
"During scheduled trip",-2,702,704,291
"During scheduled trip",-2,106,108,291
"During scheduled trip",-2,901,903,291
"During scheduled trip",-2,43,45,291
"During scheduled trip",-2,55,57,291
"During scheduled trip",-2,452,454,291
"During scheduled trip",-2,409,411,291
"During scheduled trip",-2,833,835,291
"During scheduled trip",-2,3687,3689,291
"During scheduled trip",-2,556,558,291
"During scheduled trip",-2,1561,1563,291
"During scheduled trip",-2,1539,1541,291
"During scheduled trip",-2,2114,2116,291
"During scheduled trip",-2,59,61,291
"During scheduled trip",-2,245,247,291
"During scheduled trip",-2,190,192,291
"During scheduled trip",-2,697,699,291
"During scheduled trip",-2,801,803,291
"During scheduled trip",-2,594,596,291
"During scheduled trip",-2,1431,1433,291
"During scheduled trip",-2,820,822,291
"During scheduled trip",-2,335,337,291
"During scheduled trip",-2,813,815,291
"During scheduled trip",-2,1998,2000,291
"During scheduled trip",-2,4131,4133,291
"During scheduled trip",-2,137,139,291
"During scheduled trip",-2,182,184,291
"During scheduled trip",-2,-1,1,291
"During scheduled trip",-2,560,562,291
"During scheduled trip",-2,302,304,291
"During scheduled trip",-2,358,360,291
"During scheduled trip",-2,1601,1603,291
"During scheduled trip",-2,66,68,291
"During scheduled trip",-2,2060,2062,291
"During scheduled trip",-2,802,804,291
"During scheduled trip",-2,204,206,291
"During scheduled trip",-2,489,491,291
"During scheduled trip",-2,771,773,291
"During scheduled trip",-2,637,639,291
"During scheduled trip",-2,918,920,291
"During scheduled trip",-2,2538,2540,291
"During scheduled trip",-2,1359,1361,291
"During scheduled trip",-2,981,983,291
"During scheduled trip",-2,380,382,291
"During scheduled trip",-2,1978,1980,291
"During scheduled trip",-2,1139,1141,291
"During scheduled trip",-2,35,37,291
"During scheduled trip",-2,239,241,291
"During scheduled trip",-2,138,140,291
"During scheduled trip",-2,586,588,291
"During scheduled trip",-2,1281,1283,291
"During scheduled trip",-2,1580,1582,291
"During scheduled trip",-2,1105,1107,291
"During scheduled trip",-2,332,334,291
"During scheduled trip",-2,1069,1071,291
"During scheduled trip",-2,1133,1135,291
"During scheduled trip",-2,3291,3293,291
"During scheduled trip",-2,363,365,291
"During scheduled trip",-2,1316,1318,291
"During scheduled trip",-2,494,496,291
"During scheduled trip",-2,17,19,291
"During scheduled trip",-2,1629,1631,291
"During scheduled trip",-2,2347,2349,291
"During scheduled trip",-2,2838,2840,291
"During scheduled trip",-2,1259,1261,291
"During scheduled trip",-2,563,565,291
"During scheduled trip",-2,195,197,291
"During scheduled trip",-2,1611,1613,291
"During scheduled trip",-2,754,756,291
"During scheduled trip",-2,518408,518410,291
"During scheduled trip",-2,1268,1270,291
"During scheduled trip",-2,352,354,291
"During scheduled trip",-2,459,461,291
"During scheduled trip",-2,1079,1081,291
"During scheduled trip",-2,24,26,291
"During scheduled trip",-2,1013,1015,291
"During scheduled trip",-2,1036,1038,291
"During scheduled trip",-2,762,764,291
"During scheduled trip",-2,1238,1240,291
"During scheduled trip",-2,3347,3349,291
"During scheduled trip",-2,297,299,291
"During scheduled trip",-2,663,665,291
"During scheduled trip",-2,184,186,291
"During scheduled trip",-2,2213,2215,291
"During scheduled trip",-2,144,146,291
"During scheduled trip",-2,222,224,291
"During scheduled trip",-2,5031,5033,291
"During scheduled trip",-2,542,544,291
"During scheduled trip",-2,412,414,291
"During scheduled trip",-2,656,658,291
"During scheduled trip",-2,3431,3433,291
"During scheduled trip",-2,2267,2269,291
"During scheduled trip",-2,485,487,291
"During scheduled trip",-2,741,743,291
"During scheduled trip",-2,519208,519210,291
"During scheduled trip",-2,2300,2302,291
"During scheduled trip",-2,331,333,291
"During scheduled trip",-2,551,553,291
"During scheduled trip",-2,1000,1002,291
"During scheduled trip",-2,1021,1023,291
"During scheduled trip",-2,1068,1070,291
"During scheduled trip",-2,1368,1370,291
"During scheduled trip",-2,990,992,291
"During scheduled trip",-2,613,615,291
"During scheduled trip",-2,38,40,291
"During scheduled trip",-2,1236,1238,291
"During scheduled trip",-2,375,377,291
"During scheduled trip",-2,6727,6729,291
"During scheduled trip",-2,224,226,291
"During scheduled trip",-2,1428,1430,291
"During scheduled trip",-2,536,538,291
"During scheduled trip",-2,441,443,291
"During scheduled trip",-2,770,772,291
"During scheduled trip",-2,1617,1619,291
"During scheduled trip",-2,769,771,291
"During scheduled trip",-2,867,869,291
"During scheduled trip",-2,675,677,291
"During scheduled trip",-2,1620,1622,291
"During scheduled trip",-2,669,671,291
"During scheduled trip",-2,6,8,291
"During scheduled trip",-2,2826,2828,291
"During scheduled trip",-2,518828,518830,291
"During scheduled trip",-2,2590,2592,291
"During scheduled trip",-2,917,919,291
"During scheduled trip",-2,550,552,291
"During scheduled trip",-2,852,854,291
"During scheduled trip",-2,961,963,291
"During scheduled trip",-2,611,613,291
"During scheduled trip",-2,3251,3253,291
"During scheduled trip",-2,3,5,291
"During scheduled trip",-2,9,11,291
"During scheduled trip",-2,2991,2993,291
"During scheduled trip",-2,1273,1275,291
"During scheduled trip",-2,4287,4289,291
"During scheduled trip",-2,-10,-8,291
"During scheduled trip",-2,831,833,291
"During scheduled trip",-2,1128,1130,291
"During scheduled trip",-2,2374,2376,291
"During scheduled trip",-2,653,655,291
"During scheduled trip",-2,4171,4173,291
"During scheduled trip",-2,952,954,291
"During scheduled trip",-2,328,330,291
"During scheduled trip",-2,849,851,291
"During scheduled trip",-2,516628,516630,291
"During scheduled trip",-2,818,820,291
"During scheduled trip",-2,4787,4789,291
"During scheduled trip",-2,347,349,291
"During scheduled trip",-2,538,540,291
"During scheduled trip",-2,1138,1140,291
"During scheduled trip",-2,202,204,291
"During scheduled trip",-2,518508,518510,291
"During scheduled trip",-2,1806,1808,291
"During scheduled trip",-2,209,211,291
"During scheduled trip",-2,1328,1330,291
"During scheduled trip",-2,717,719,291
"During scheduled trip",-2,383,385,291
"During scheduled trip",-2,2927,2929,291
"During scheduled trip",-2,576,578,291
"During scheduled trip",-2,498,500,291
"During scheduled trip",-2,1208,1210,291
"During scheduled trip",-2,1732,1734,291
"During scheduled trip",-2,238,240,291
"During scheduled trip",-2,1201,1203,291
"During scheduled trip",-2,1008,1010,291
"During scheduled trip",-2,6099,6101,291
"During scheduled trip",-2,340,342,291
"During scheduled trip",-2,1249,1251,291
"During scheduled trip",-2,1492,1494,291
"During scheduled trip",-2,0,2,291
"During scheduled trip",-2,2426,2428,291
"During scheduled trip",-2,546,548,291
"During scheduled trip",-2,1001,1003,291
"During scheduled trip",-2,592,594,291
"During scheduled trip",-2,1980,1982,291
"During scheduled trip",-2,4827,4829,291
"During scheduled trip",-2,208,210,291
"During scheduled trip",-2,474,476,291
"During scheduled trip",-2,2077,2079,291
"During scheduled trip",-2,213,215,291
"During scheduled trip",-2,501,503,291
"During scheduled trip",-2,1374,1376,291
"During scheduled trip",-2,1022,1024,291
"During scheduled trip",-2,516988,516990,291
"During scheduled trip",-2,217,219,291
"During scheduled trip",-2,2411,2413,291
"During scheduled trip",-2,685,687,291
"During scheduled trip",-2,54,56,291
"During scheduled trip",-2,390,392,291
"During scheduled trip",-2,4671,4673,291
"During scheduled trip",-2,240,242,291
"During scheduled trip",-2,579,581,291
"During scheduled trip",-2,555,557,291
"During scheduled trip",-2,376,378,291
"During scheduled trip",-2,1521,1523,291
"During scheduled trip",-2,425,427,291
"During scheduled trip",-2,1311,1313,291
"During scheduled trip",-2,465,467,291
"During scheduled trip",-2,3031,3033,291
"During scheduled trip",-2,1076,1078,291
"During scheduled trip",-2,1817,1819,291
"During scheduled trip",-2,4211,4213,291
"During scheduled trip",-2,8,10,291
"During scheduled trip",-2,30,32,291
"During scheduled trip",-2,598,600,291
"During scheduled trip",-2,187,189,291
"During scheduled trip",-2,3851,3853,291
"During scheduled trip",-2,794,796,291
"During scheduled trip",-2,1048,1050,291
"During scheduled trip",-2,865,867,291
"During scheduled trip",-2,4687,4689,291
"During scheduled trip",-2,5047,5049,291
"During scheduled trip",-2,292,294,291
"During scheduled trip",-2,2446,2448,291
"During scheduled trip",-2,427,429,291
"During scheduled trip",-2,2550,2552,291
"During scheduled trip",-2,62,64,291
"During scheduled trip",-2,1406,1408,291
"During scheduled trip",-2,1466,1468,291
"During scheduled trip",-2,716,718,291
"During scheduled trip",-2,1269,1271,291
"During scheduled trip",-2,1958,1960,291
"During scheduled trip",-2,933,935,291
"During scheduled trip",-2,2251,2253,291
"During scheduled trip",-2,657,659,291
"During scheduled trip",-2,1041,1043,291
"During scheduled trip",-2,1508,1510,291
"During scheduled trip",-2,1804,1806,291
"During scheduled trip",-2,5407,5409,291
"During scheduled trip",-2,416,418,291
"During scheduled trip",-2,518748,518750,291
"During scheduled trip",-2,514,516,291
"During scheduled trip",-2,1130,1132,291
"During scheduled trip",-2,369,371,291
"During scheduled trip",-2,1691,1693,291
"During scheduled trip",-2,186,188,291
"During scheduled trip",-2,851,853,291
"During scheduled trip",-2,1621,1623,291
"During scheduled trip",-2,1054,1056,291
"During scheduled trip",-2,1633,1635,291
"During scheduled trip",-2,150,152,291
"During scheduled trip",-2,767,769,291
"During scheduled trip",-2,11,13,291
"During scheduled trip",-2,53,55,291
"During scheduled trip",-2,1568,1570,291
"During scheduled trip",-2,832,834,291
"During scheduled trip",-2,2387,2389,291
"During scheduled trip",-2,690,692,291
"During scheduled trip",-2,4031,4033,291
"During scheduled trip",-2,1792,1794,291
"During scheduled trip",-2,33,35,291
"During scheduled trip",-2,757,759,291
"During scheduled trip",-2,492,494,291
"During scheduled trip",-2,398,400,291
"During scheduled trip",-2,1458,1460,291
"During scheduled trip",-2,518928,518930,291
"During scheduled trip",-2,887,889,291
"During scheduled trip",-2,2000,2002,291
"During scheduled trip",-2,1781,1783,291
"During scheduled trip",-2,534,536,291
"During scheduled trip",-2,1338,1340,291
"During scheduled trip",-2,1489,1491,291
"During scheduled trip",-2,597,599,291
"During scheduled trip",-2,4791,4793,291
"During scheduled trip",-2,876,878,291
"During scheduled trip",-2,1441,1443,291
"During scheduled trip",-2,819,821,291
"During scheduled trip",-2,800,802,291
"During scheduled trip",-2,131,133,291
"During scheduled trip",-2,890,892,291
"During scheduled trip",-2,254,256,291
"During scheduled trip",-2,235,237,291
"During scheduled trip",-2,96,98,291
"During scheduled trip",-2,162,164,291
"During scheduled trip",-2,836,838,291
"During scheduled trip",-2,394,396,291
"During scheduled trip",-2,313,315,291
"During scheduled trip",-2,1597,1599,291
"During scheduled trip",-2,1361,1363,291
"During scheduled trip",-2,1741,1743,291
"During scheduled trip",-2,1050,1052,291
"During scheduled trip",-2,289,291,291
"During scheduled trip",-2,5247,5249,291
"During scheduled trip",-2,2858,2860,291
"During scheduled trip",-2,1588,1590,291
"During scheduled trip",-2,515,517,291
"During scheduled trip",-2,1191,1193,291
"During scheduled trip",-2,593,595,291
"During scheduled trip",-2,269,271,291
"During scheduled trip",-2,176,178,291
"During scheduled trip",-2,568,570,291
"During scheduled trip",-2,517488,517490,291
"During scheduled trip",-2,28,30,291
"During scheduled trip",-2,857,859,291
"During scheduled trip",-2,258,260,291
"During scheduled trip",-2,811,813,291
"During scheduled trip",-2,2158,2160,291
"During scheduled trip",-2,4091,4093,291
"During scheduled trip",-2,1025,1027,291
"During scheduled trip",-2,753,755,291
"During scheduled trip",-2,252,254,291
"During scheduled trip",-2,14952,14954,291
"During scheduled trip",-2,1398,1400,291
"During scheduled trip",-2,4847,4849,291
"During scheduled trip",-2,1271,1273,291
"During scheduled trip",-2,670,672,291
"During scheduled trip",-2,2258,2260,291
"During scheduled trip",-2,322,324,291
"During scheduled trip",-2,934,936,291
"During scheduled trip",-2,277,279,291
"During scheduled trip",-2,6647,6649,291
"During scheduled trip",-2,1448,1450,291
"During scheduled trip",-2,444,446,291
"During scheduled trip",-2,517128,517130,291
"During scheduled trip",-2,1546,1548,291
"During scheduled trip",-2,1098,1100,291
"During scheduled trip",-2,1838,1840,291
"During scheduled trip",-2,2358,2360,291
"During scheduled trip",-2,2798,2800,291
"During scheduled trip",-2,1014,1016,291
"During scheduled trip",-2,1412,1414,291
"During scheduled trip",-2,25,27,291
"During scheduled trip",-2,6307,6309,291
"During scheduled trip",-2,248,250,291
"During scheduled trip",-2,1052,1054,291
"During scheduled trip",-2,2111,2113,291
"During scheduled trip",-2,435,437,291
"During scheduled trip",-2,3591,3593,291
"During scheduled trip",-2,566,568,291
"During scheduled trip",-2,-9,-7,291
"During scheduled trip",-2,880,882,291
"During scheduled trip",-2,1560,1562,291
"During scheduled trip",-2,2321,2323,291
"During scheduled trip",-2,992,994,291
"During scheduled trip",-2,1532,1534,291
"During scheduled trip",-2,567,569,291
"During scheduled trip",-2,824,826,291
"During scheduled trip",-2,591,593,291
"During scheduled trip",-2,2680,2682,291
"During scheduled trip",-2,658,660,291
"During scheduled trip",-2,2253,2255,291
"During scheduled trip",-2,2057,2059,291
"During scheduled trip",-2,386,388,291
"During scheduled trip",-2,3171,3173,291
"During scheduled trip",-2,1830,1832,291
"During scheduled trip",-2,389,391,291
"During scheduled trip",-2,1291,1293,291
"During scheduled trip",-2,264,266,291
"During scheduled trip",-2,392,394,291
"During scheduled trip",-2,434,436,291
"During scheduled trip",-2,868,870,291
"During scheduled trip",-2,2613,2615,291
"During scheduled trip",-2,178,180,291
"During scheduled trip",-2,-18,-16,291
"During scheduled trip",-2,1661,1663,291
"During scheduled trip",-2,2301,2303,291
"During scheduled trip",-2,973,975,291
"During scheduled trip",-2,557,559,291
"During scheduled trip",-2,2520,2522,291
"During scheduled trip",-2,402,404,291
"During scheduled trip",-2,1810,1812,291
"During scheduled trip",-2,350,352,291
"During scheduled trip",-2,418,420,291
"During scheduled trip",-2,545,547,291
"During scheduled trip",-2,636,638,291
"During scheduled trip",-2,1160,1162,291
"During scheduled trip",-2,112,114,291
"During scheduled trip",-2,-8,-6,291
"During scheduled trip",-2,518088,518090,291
"During scheduled trip",-2,2101,2103,291
"During scheduled trip",-2,89,91,291
"During scheduled trip",-2,1612,1614,291
"During scheduled trip",-2,1170,1172,291
"During scheduled trip",-2,183,185,291
"During scheduled trip",-2,3371,3373,291
"During scheduled trip",-2,517728,517730,291
"During scheduled trip",-2,70,72,291
"During scheduled trip",-2,92,94,291
"During scheduled trip",-2,373,375,291
"During scheduled trip",-2,1190,1192,291
"During scheduled trip",-2,518888,518890,291
"During scheduled trip",-2,1659,1661,291
"During scheduled trip",-2,1684,1686,291
"During scheduled trip",-2,303,305,291
"During scheduled trip",-2,699,701,291
"During scheduled trip",-2,161,163,291
"During scheduled trip",-2,5947,5949,291
"During scheduled trip",-2,1237,1239,291
"During scheduled trip",-2,3631,3633,291
"During scheduled trip",-2,2740,2742,291
"During scheduled trip",-2,858,860,291
"During scheduled trip",-2,1074,1076,291
"During scheduled trip",-2,1930,1932,291
"During scheduled trip",-2,60,62,291
"During scheduled trip",-2,4607,4609,291
"During scheduled trip",-2,312,314,291
"During scheduled trip",-2,366,368,291
"During scheduled trip",-2,977,979,291
"During scheduled trip",-2,3091,3093,291
"During scheduled trip",-2,424,426,291
"During scheduled trip",-2,477,479,291
"During scheduled trip",-2,807,809,291
"During scheduled trip",-2,965,967,291
"During scheduled trip",-2,4007,4009,291
"During scheduled trip",-2,1096,1098,291
"During scheduled trip",-2,1061,1063,291
"During scheduled trip",-2,1108,1110,291
"During scheduled trip",-2,1573,1575,291
"During scheduled trip",-2,3491,3493,291
"During scheduled trip",-2,581,583,291
"During scheduled trip",-2,1421,1423,291
"During scheduled trip",-2,1921,1923,291
"During scheduled trip",-2,519228,519230,291
"During scheduled trip",-2,1321,1323,291
"During scheduled trip",-2,14572,14574,291
"During scheduled trip",-2,948,950,291
"During scheduled trip",-2,4851,4853,291
"During scheduled trip",-2,6327,6329,291
"During scheduled trip",-2,695,697,291
"During scheduled trip",-2,510,512,291
"During scheduled trip",-2,290,292,291
"During scheduled trip",-2,758,760,291
"During scheduled trip",-2,2273,2275,291
"During scheduled trip",-2,817,819,291
"During scheduled trip",-2,3931,3933,291
"During scheduled trip",-2,2050,2052,291
"During scheduled trip",-2,71,73,291
"During scheduled trip",-2,677,679,291
"During scheduled trip",-2,130,132,291
"During scheduled trip",-2,1009,1011,291
"During scheduled trip",-2,684,686,291
"During scheduled trip",-2,417,419,291
"During scheduled trip",-2,408,410,291
"During scheduled trip",-2,422,424,291
"During scheduled trip",-2,1680,1682,291
"During scheduled trip",-2,604,606,291
"During scheduled trip",-2,537,539,291
"During scheduled trip",-2,359,361,291
"During scheduled trip",-2,1158,1160,291
"During scheduled trip",-2,616,618,291
"During scheduled trip",-2,1391,1393,291
"During scheduled trip",-2,899,901,291
"During scheduled trip",-2,5011,5013,291
"During scheduled trip",-2,330,332,291
"During scheduled trip",-2,519128,519130,291
"During scheduled trip",-2,979,981,291
"During scheduled trip",-2,407,409,291
"During scheduled trip",-2,128,130,291
"During scheduled trip",-2,2031,2033,291
"During scheduled trip",-2,15052,15054,291
"During scheduled trip",-2,108,110,291
"During scheduled trip",-2,201,203,291
"During scheduled trip",-2,2211,2213,291
"During scheduled trip",-2,325,327,291
"During scheduled trip",-2,855,857,291
"During scheduled trip",-2,306,308,291
"During scheduled trip",-2,438,440,291
"During scheduled trip",-2,3140,3142,291
"During scheduled trip",-2,703,705,291
"During scheduled trip",-2,385,387,291
"During scheduled trip",-2,1072,1074,291
"During scheduled trip",-2,103,105,291
"During scheduled trip",-2,668,670,291
"During scheduled trip",-2,1420,1422,291
"During scheduled trip",-2,1445,1447,291
"During scheduled trip",-2,1078,1080,291
"During scheduled trip",-2,177,179,291
"During scheduled trip",-2,4527,4529,291
"During scheduled trip",-2,397,399,291
"During scheduled trip",-2,511,513,291
"During scheduled trip",-2,2390,2392,291
"During scheduled trip",-2,5447,5449,291
"During scheduled trip",-2,888,890,291
"During scheduled trip",-2,1557,1559,291
"During scheduled trip",-2,153,155,291
"During scheduled trip",-2,455,457,291
"During scheduled trip",-2,169,171,291
"During scheduled trip",-2,881,883,291
"During scheduled trip",-2,348,350,291
"During scheduled trip",-2,1241,1243,291
"During scheduled trip",-2,1672,1674,291
"During scheduled trip",-2,1376,1378,291
"During scheduled trip",-2,NA,NA,291
"During scheduled trip",-2,907,909,291
"During scheduled trip",-2,154,156,291
"During scheduled trip",-2,361,363,291
"During scheduled trip",-2,941,943,291
"During scheduled trip",-2,790,792,291
"During scheduled trip",-2,451,453,291
"During scheduled trip",-2,14892,14894,291
"During scheduled trip",-2,83,85,291
"During scheduled trip",-2,2577,2579,291
"During scheduled trip",-2,522,524,291
"During scheduled trip",-2,1689,1691,291
"During scheduled trip",-2,1704,1706,291
"During scheduled trip",-2,3527,3529,291
"During scheduled trip",-2,1901,1903,291
"During scheduled trip",-2,971,973,291
"During scheduled trip",-2,-12,-10,291
"During scheduled trip",-2,4311,4313,291
"During scheduled trip",-2,2330,2332,291
"During scheduled trip",-2,9133,9135,291
"During scheduled trip",-2,406,408,291
"During scheduled trip",-2,478,480,291
"During scheduled trip",-2,314,316,291
"During scheduled trip",-2,1506,1508,291
"During scheduled trip",-2,191,193,291
"During scheduled trip",-2,1313,1315,291
"During scheduled trip",-2,889,891,291
"During scheduled trip",-2,2920,2922,291
"During scheduled trip",-2,155,157,291
"During scheduled trip",-2,869,871,291
"During scheduled trip",-2,287,289,291
"During scheduled trip",-2,1331,1333,291
"During scheduled trip",-2,2271,2273,291
"During scheduled trip",-2,1841,1843,291
"During scheduled trip",-2,196,198,291
"During scheduled trip",-2,949,951,291
"During scheduled trip",-2,462,464,291
"During scheduled trip",-2,671,673,291
"During scheduled trip",-2,374,376,291
"During scheduled trip",-2,64,66,291
"During scheduled trip",-2,251,253,291
"During scheduled trip",-2,898,900,291
"During scheduled trip",-2,355,357,291
"During scheduled trip",-2,1019,1021,291
"During scheduled trip",-2,263,265,291
"During scheduled trip",-2,1031,1033,291
"During scheduled trip",-2,1071,1073,291
"During scheduled trip",-2,4391,4393,291
"During scheduled trip",-2,674,676,291
"During scheduled trip",-2,1221,1223,291
"During scheduled trip",-2,711,713,291
"During scheduled trip",-2,4071,4073,291
"During scheduled trip",-2,1234,1236,291
"During scheduled trip",-2,910,912,291
"During scheduled trip",-2,413,415,291
"During scheduled trip",-2,516848,516850,291
"During scheduled trip",-2,218,220,291
"During scheduled trip",-2,718,720,291
"During scheduled trip",-2,5667,5669,291
"During scheduled trip",-2,6467,6469,291
"During scheduled trip",-2,1433,1435,291
"During scheduled trip",-2,803,805,291
"During scheduled trip",-2,600,602,291
"During scheduled trip",-2,6027,6029,291
"During scheduled trip",-2,1800,1802,291
"During scheduled trip",-2,1454,1456,291
"During scheduled trip",-2,443,445,291
"During scheduled trip",-2,299,301,291
"During scheduled trip",-2,242,244,291
"During scheduled trip",-2,135,137,291
"During scheduled trip",-2,2780,2782,291
"During scheduled trip",-2,705,707,291
"During scheduled trip",-2,212,214,291
"During scheduled trip",-2,6607,6609,291
"During scheduled trip",-2,257,259,291
"During scheduled trip",-2,2351,2353,291
"During scheduled trip",-2,1469,1471,291
"During scheduled trip",-2,517668,517670,291
"During scheduled trip",-2,47,49,291
"During scheduled trip",-2,126,128,291
"During scheduled trip",-2,14992,14994,291
"During scheduled trip",-2,1850,1852,291
"During scheduled trip",-2,165,167,291
"During scheduled trip",-2,193,195,291
"During scheduled trip",-2,518468,518470,291
"During scheduled trip",-2,1161,1163,291
"During scheduled trip",-2,1058,1060,291
"During scheduled trip",-2,714,716,291
"During scheduled trip",-2,1032,1034,291
"During scheduled trip",-2,518268,518270,291
"During scheduled trip",-2,490,492,291
"During scheduled trip",-2,936,938,291
"During scheduled trip",-2,928,930,291
"During scheduled trip",-2,1,3,291
"During scheduled trip",-2,3611,3613,291
"During scheduled trip",-2,1931,1933,291
"During scheduled trip",-2,4367,4369,291
"During scheduled trip",-2,6347,6349,291
"During scheduled trip",-2,3471,3473,291
"During scheduled trip",-2,456,458,291
"During scheduled trip",-2,842,844,291
"During scheduled trip",-2,4767,4769,291
"During scheduled trip",-2,341,343,291
"During scheduled trip",-2,472,474,291
"During scheduled trip",-2,219,221,291
"During scheduled trip",-2,693,695,291
"During scheduled trip",-2,958,960,291
"During scheduled trip",-2,872,874,291
"During scheduled trip",-2,211,213,291
"During scheduled trip",-2,271,273,291
"During scheduled trip",-2,518868,518870,291
"During scheduled trip",-2,516588,516590,291
"During scheduled trip",-2,403,405,291
"During scheduled trip",-2,2707,2709,291
"During scheduled trip",-2,665,667,291
"During scheduled trip",-2,3731,3733,291
"During scheduled trip",-2,1481,1483,291
"During scheduled trip",-2,3287,3289,291
"During scheduled trip",-2,216,218,291
"During scheduled trip",-2,1091,1093,291
"During scheduled trip",-2,285,287,291
"During scheduled trip",-2,1453,1455,291
"During scheduled trip",-2,2671,2673,291
"During scheduled trip",-2,86016,86018,291
"During scheduled trip",-2,1449,1451,291
"During scheduled trip",-2,1600,1602,291
"During scheduled trip",-2,278,280,291
"During scheduled trip",-2,580,582,291
"During scheduled trip",-2,645,647,291
"During scheduled trip",-2,1710,1712,291
"During scheduled trip",-2,5607,5609,291
"During scheduled trip",-2,853,855,291
"During scheduled trip",-2,1852,1854,291
"During scheduled trip",-2,50,52,291
"During scheduled trip",-2,4147,4149,291
"During scheduled trip",-2,709,711,291
"During scheduled trip",-2,3691,3693,291
"During scheduled trip",-2,4711,4713,291
"During scheduled trip",-2,2200,2202,291
"During scheduled trip",-2,606,608,291
"During scheduled trip",-2,98,100,291
"During scheduled trip",-2,635,637,291
"During scheduled trip",-2,516788,516790,291
"During scheduled trip",-2,630,632,291
"During scheduled trip",-2,14712,14714,291
"During scheduled trip",-2,185,187,291
"During scheduled trip",-2,111,113,291
"During scheduled trip",-2,1196,1198,291
"During scheduled trip",-2,1188,1190,291
"During scheduled trip",-2,2570,2572,291
"During scheduled trip",-2,127,129,291
"During scheduled trip",-2,91,93,291
"During scheduled trip",-2,449,451,291
"During scheduled trip",-2,487,489,291
"During scheduled trip",-2,1209,1211,291
"During scheduled trip",-2,861,863,291
"During scheduled trip",-2,791,793,291
"During scheduled trip",-2,783,785,291
"During scheduled trip",-2,2431,2433,291
"During scheduled trip",-2,1581,1583,291
"During scheduled trip",-2,81,83,291
"During scheduled trip",-2,464,466,291
"During scheduled trip",-2,1081,1083,291
"During scheduled trip",-2,1351,1353,291
"During scheduled trip",-2,2670,2672,291
"During scheduled trip",-2,535,537,291
"During scheduled trip",-2,570,572,291
"During scheduled trip",-2,959,961,291
"During scheduled trip",-2,2531,2533,291
"During scheduled trip",-2,608,610,291
"During scheduled trip",-2,1085,1087,291
"During scheduled trip",-2,1992,1994,291
"During scheduled trip",-2,436,438,291
"During scheduled trip",-2,929,931,291
"During scheduled trip",-2,1529,1531,291
"During scheduled trip",-2,115,117,291
"During scheduled trip",-2,776,778,291
"During scheduled trip",-2,1353,1355,291
"During scheduled trip",-2,569,571,291
"During scheduled trip",-2,1846,1848,291
"During scheduled trip",-2,223,225,291
"During scheduled trip",-2,2698,2700,291
"During scheduled trip",-2,148,150,291
"During scheduled trip",-2,2327,2329,291
"During scheduled trip",-2,516688,516690,291
"During scheduled trip",-2,100,102,291
"During scheduled trip",-2,1793,1795,291
"During scheduled trip",-2,553,555,291
"During scheduled trip",-2,518368,518370,291
"During scheduled trip",-2,1940,1942,291
"During scheduled trip",-2,4427,4429,291
"During scheduled trip",-2,399,401,291
"During scheduled trip",-2,584,586,291
"During scheduled trip",-2,583,585,291
"During scheduled trip",-2,840,842,291
"During scheduled trip",-2,86438,86440,291
"During scheduled trip",-2,279,281,291
"During scheduled trip",-2,3051,3053,291
"During scheduled trip",-2,521,523,291
"During scheduled trip",-2,479,481,291
"During scheduled trip",-2,1628,1630,291
"During scheduled trip",-2,1296,1298,291
"During scheduled trip",-2,119,121,291
"During scheduled trip",-2,230,232,291
"During scheduled trip",-2,2791,2793,291
"During scheduled trip",-2,6627,6629,291
"During scheduled trip",-2,475,477,291
"During scheduled trip",-2,48,50,291
"During scheduled trip",-2,938,940,291
"During scheduled trip",-2,1898,1900,291
"During scheduled trip",-2,554,556,291
"During scheduled trip",-2,365,367,291
"During scheduled trip",-2,743,745,291
"During scheduled trip",-2,844,846,291
"During scheduled trip",-2,1064,1066,291
"During scheduled trip",-2,470,472,291
"During scheduled trip",-2,989,991,291
"During scheduled trip",-2,1177,1179,291
"During scheduled trip",-2,495,497,291
"During scheduled trip",-2,513,515,291
"During scheduled trip",-2,65,67,291
"During scheduled trip",-2,232,234,291
"During scheduled trip",-2,1193,1195,291
"During scheduled trip",-2,905,907,291
"During scheduled trip",-2,133,135,291
"During scheduled trip",-2,1030,1032,291
"During scheduled trip",-2,2998,3000,291
"During scheduled trip",-2,787,789,291
"During scheduled trip",-2,1038,1040,291
"During scheduled trip",-2,2120,2122,291
"During scheduled trip",-2,796,798,291
"During scheduled trip",-2,516948,516950,291
"During scheduled trip",-2,74,76,291
"During scheduled trip",-2,1318,1320,291
"During scheduled trip",-2,841,843,291
"During scheduled trip",-2,2130,2132,291
"During scheduled trip",-2,172,174,291
"During scheduled trip",-2,2618,2620,291
"During scheduled trip",-2,828,830,291
"During scheduled trip",-2,721,723,291
"During scheduled trip",-2,1986,1988,291
"During scheduled trip",-2,3060,3062,291
"During scheduled trip",-2,3947,3949,291
"During scheduled trip",-2,476,478,291
"During scheduled trip",-2,533,535,291
"During scheduled trip",-2,2161,2163,291
"During scheduled trip",-2,7,9,291
"During scheduled trip",-2,519,521,291
"During scheduled trip",-2,15032,15034,291
"During scheduled trip",-2,760,762,291
"During scheduled trip",-2,140,142,291
"During scheduled trip",-2,1349,1351,291
"During scheduled trip",-2,1754,1756,291
"During scheduled trip",-2,3887,3889,291
"During scheduled trip",-2,440,442,291
"During scheduled trip",-2,1538,1540,291
"During scheduled trip",-2,856,858,291
"During scheduled trip",-2,2337,2339,291
"During scheduled trip",-2,2600,2602,291
"During scheduled trip",-2,825,827,291
"During scheduled trip",-2,1632,1634,291
"During scheduled trip",-2,113,115,291
"During scheduled trip",-2,595,597,291
"During scheduled trip",-2,1826,1828,291
"During scheduled trip",-2,679,681,291
"During scheduled trip",-2,67,69,291
"During scheduled trip",-2,110,112,291
"During scheduled trip",-2,1419,1421,291
"During scheduled trip",-2,1430,1432,291
"During scheduled trip",-2,1728,1730,291
"During scheduled trip",-2,1151,1153,291
"Post scheduled trip end time",-2,14,16,4020.5
"Post scheduled trip end time",-2,9370,9372,4020.5
"Post scheduled trip end time",-2,1224,1226,4020.5
"Post scheduled trip end time",-2,6913,6915,4020.5
"Post scheduled trip end time",-2,8226,8228,4020.5
"Post scheduled trip end time",-2,5590,5592,4020.5
"Post scheduled trip end time",-2,19846,19848,4020.5
"Post scheduled trip end time",-2,15550,15552,4020.5
"Post scheduled trip end time",-2,13454,13456,4020.5
"Post scheduled trip end time",-2,13874,13876,4020.5
"Post scheduled trip end time",-2,4849,4851,4020.5
"Post scheduled trip end time",-2,2560,2562,4020.5
"Post scheduled trip end time",-2,13501,13503,4020.5
"Post scheduled trip end time",-2,1725,1727,4020.5
"Post scheduled trip end time",-2,9490,9492,4020.5
"Post scheduled trip end time",-2,3429,3431,4020.5
"Post scheduled trip end time",-2,12032,12034,4020.5
"Post scheduled trip end time",-2,522788,522790,4020.5
"Post scheduled trip end time",-2,17292,17294,4020.5
"Post scheduled trip end time",-2,19111,19113,4020.5
"Post scheduled trip end time",-2,536308,536310,4020.5
"Post scheduled trip end time",-2,12148,12150,4020.5
"Post scheduled trip end time",-2,5005,5007,4020.5
"Post scheduled trip end time",-2,4281,4283,4020.5
"Post scheduled trip end time",-2,7781,7783,4020.5
"Post scheduled trip end time",-2,8170,8172,4020.5
"Post scheduled trip end time",-2,11350,11352,4020.5
"Post scheduled trip end time",-2,4034,4036,4020.5
"Post scheduled trip end time",-2,27112,27114,4020.5
"Post scheduled trip end time",-2,25410,25412,4020.5
"Post scheduled trip end time",-2,3315,3317,4020.5
"Post scheduled trip end time",-2,21170,21172,4020.5
"Post scheduled trip end time",-2,6150,6152,4020.5
"Post scheduled trip end time",-2,19412,19414,4020.5
"Post scheduled trip end time",-2,7277,7279,4020.5
"Post scheduled trip end time",-2,3209,3211,4020.5
"Post scheduled trip end time",-2,2629,2631,4020.5
"Post scheduled trip end time",-2,5058,5060,4020.5
"Post scheduled trip end time",-2,7331,7333,4020.5
"Post scheduled trip end time",-2,6312,6314,4020.5
"Post scheduled trip end time",-2,1643,1645,4020.5
"Post scheduled trip end time",-2,7388,7390,4020.5
"Post scheduled trip end time",-2,2027,2029,4020.5
"Post scheduled trip end time",-2,5294,5296,4020.5
"Post scheduled trip end time",-2,26644,26646,4020.5
"Post scheduled trip end time",-2,27252,27254,4020.5
"Post scheduled trip end time",-2,7657,7659,4020.5
"Post scheduled trip end time",-2,6528,6530,4020.5
"Post scheduled trip end time",-2,3688,3690,4020.5
"Post scheduled trip end time",-2,15926,15928,4020.5
"Post scheduled trip end time",-2,13626,13628,4020.5
"Post scheduled trip end time",-2,6625,6627,4020.5
"Post scheduled trip end time",-2,91,93,4020.5
"Post scheduled trip end time",-2,7926,7928,4020.5
"Post scheduled trip end time",-2,5951,5953,4020.5
"Post scheduled trip end time",-2,16686,16688,4020.5
"Post scheduled trip end time",-2,312,314,4020.5
"Post scheduled trip end time",-2,6830,6832,4020.5
"Post scheduled trip end time",-2,2695,2697,4020.5
"Post scheduled trip end time",-2,22850,22852,4020.5
"Post scheduled trip end time",-2,14411,14413,4020.5
"Post scheduled trip end time",-2,22457,22459,4020.5
"Post scheduled trip end time",-2,2108,2110,4020.5
"Post scheduled trip end time",-2,524228,524230,4020.5
"Post scheduled trip end time",-2,6974,6976,4020.5
"Post scheduled trip end time",-2,2892,2894,4020.5
"Post scheduled trip end time",-2,14952,14954,4020.5
"Post scheduled trip end time",-2,13041,13043,4020.5
"Post scheduled trip end time",-2,13325,13327,4020.5
"Post scheduled trip end time",-2,6592,6594,4020.5
"Post scheduled trip end time",-2,8792,8794,4020.5
"Post scheduled trip end time",-2,1330,1332,4020.5
"Post scheduled trip end time",-2,12170,12172,4020.5
"Post scheduled trip end time",-2,869,871,4020.5
"Post scheduled trip end time",-2,398,400,4020.5
"Post scheduled trip end time",-2,2227,2229,4020.5
"Post scheduled trip end time",-2,6494,6496,4020.5
"Post scheduled trip end time",-2,29124,29126,4020.5
"Post scheduled trip end time",-2,1653,1655,4020.5
"Post scheduled trip end time",-2,34250,34252,4020.5
"Post scheduled trip end time",-2,26470,26472,4020.5
"Post scheduled trip end time",-2,3929,3931,4020.5
"Post scheduled trip end time",-2,8368,8370,4020.5
"Post scheduled trip end time",-2,16468,16470,4020.5
"Post scheduled trip end time",-2,5646,5648,4020.5
"Post scheduled trip end time",-2,12341,12343,4020.5
"Post scheduled trip end time",-2,13601,13603,4020.5
"Post scheduled trip end time",-2,5914,5916,4020.5
"Post scheduled trip end time",-2,2601,2603,4020.5
"Post scheduled trip end time",-2,1737,1739,4020.5
"Post scheduled trip end time",-2,2656,2658,4020.5
"Post scheduled trip end time",-2,6673,6675,4020.5
"Post scheduled trip end time",-2,13810,13812,4020.5
"Post scheduled trip end time",-2,32830,32832,4020.5
"Post scheduled trip end time",-2,26712,26714,4020.5
"Post scheduled trip end time",-2,1995,1997,4020.5
"Post scheduled trip end time",-2,17458,17460,4020.5
"Post scheduled trip end time",-2,11001,11003,4020.5
"Post scheduled trip end time",-2,12141,12143,4020.5
"Post scheduled trip end time",-2,9477,9479,4020.5
"Post scheduled trip end time",-2,3129,3131,4020.5
"Post scheduled trip end time",-2,3809,3811,4020.5
"Post scheduled trip end time",-2,395,397,4020.5
"Post scheduled trip end time",-2,9366,9368,4020.5
"Post scheduled trip end time",-2,7392,7394,4020.5
"Post scheduled trip end time",-2,9871,9873,4020.5
"Post scheduled trip end time",-2,5894,5896,4020.5
"Post scheduled trip end time",-2,7541,7543,4020.5
"Post scheduled trip end time",-2,204,206,4020.5
"Post scheduled trip end time",-2,10310,10312,4020.5
"Post scheduled trip end time",-2,6660,6662,4020.5
"Post scheduled trip end time",-2,19530,19532,4020.5
"Post scheduled trip end time",-2,26244,26246,4020.5
"Post scheduled trip end time",-2,28364,28366,4020.5
"Post scheduled trip end time",-2,30770,30772,4020.5
"Post scheduled trip end time",-2,17594,17596,4020.5
"Post scheduled trip end time",-2,2915,2917,4020.5
"Post scheduled trip end time",-2,14561,14563,4020.5
"Post scheduled trip end time",-2,22812,22814,4020.5
"Post scheduled trip end time",-2,31452,31454,4020.5
"Post scheduled trip end time",-2,31532,31534,4020.5
"Post scheduled trip end time",-2,11761,11763,4020.5
"Post scheduled trip end time",-2,13101,13103,4020.5
"Post scheduled trip end time",-2,15115,15117,4020.5
"Post scheduled trip end time",-2,12752,12754,4020.5
"Post scheduled trip end time",-2,524908,524910,4020.5
"Post scheduled trip end time",-2,2372,2374,4020.5
"Post scheduled trip end time",-2,3512,3514,4020.5
"Post scheduled trip end time",-2,10012,10014,4020.5
"Post scheduled trip end time",-2,6241,6243,4020.5
"Post scheduled trip end time",-2,29930,29932,4020.5
"Post scheduled trip end time",-2,19786,19788,4020.5
"Post scheduled trip end time",-2,733,735,4020.5
"Post scheduled trip end time",-2,13934,13936,4020.5
"Post scheduled trip end time",-2,15274,15276,4020.5
"Post scheduled trip end time",-2,23090,23092,4020.5
"Post scheduled trip end time",-2,3271,3273,4020.5
"Post scheduled trip end time",-2,12281,12283,4020.5
"Post scheduled trip end time",-2,6211,6213,4020.5
"Post scheduled trip end time",-2,10472,10474,4020.5
"Post scheduled trip end time",-2,10532,10534,4020.5
"Post scheduled trip end time",-2,13892,13894,4020.5
"Post scheduled trip end time",-2,534968,534970,4020.5
"Post scheduled trip end time",-2,14748,14750,4020.5
"Post scheduled trip end time",-2,15368,15370,4020.5
"Post scheduled trip end time",-2,607,609,4020.5
"Post scheduled trip end time",-2,12641,12643,4020.5
"Post scheduled trip end time",-2,11772,11774,4020.5
"Post scheduled trip end time",-2,11905,11907,4020.5
"Post scheduled trip end time",-2,7007,7009,4020.5
"Post scheduled trip end time",-2,3586,3588,4020.5
"Post scheduled trip end time",-2,17190,17192,4020.5
"Post scheduled trip end time",-2,9506,9508,4020.5
"Post scheduled trip end time",-2,13566,13568,4020.5
"Post scheduled trip end time",-2,21998,22000,4020.5
"Post scheduled trip end time",-2,35292,35294,4020.5
"Post scheduled trip end time",-2,2055,2057,4020.5
"Post scheduled trip end time",-2,23230,23232,4020.5
"Post scheduled trip end time",-2,22452,22454,4020.5
"Post scheduled trip end time",-2,14312,14314,4020.5
"Post scheduled trip end time",-2,2960,2962,4020.5
"Post scheduled trip end time",-2,457,459,4020.5
"Post scheduled trip end time",-2,8331,8333,4020.5
"Post scheduled trip end time",-2,3479,3481,4020.5
"Post scheduled trip end time",-2,6991,6993,4020.5
"Post scheduled trip end time",-2,4508,4510,4020.5
"Post scheduled trip end time",-2,5861,5863,4020.5
"Post scheduled trip end time",-2,18048,18050,4020.5
"Post scheduled trip end time",-2,18431,18433,4020.5
"Post scheduled trip end time",-2,9321,9323,4020.5
"Post scheduled trip end time",-2,834,836,4020.5
"Post scheduled trip end time",-2,2523,2525,4020.5
"Post scheduled trip end time",-2,1358,1360,4020.5
"Post scheduled trip end time",-2,30430,30432,4020.5
"Post scheduled trip end time",-2,14590,14592,4020.5
"Post scheduled trip end time",-2,12794,12796,4020.5
"Post scheduled trip end time",-2,9634,9636,4020.5
"Post scheduled trip end time",-2,17772,17774,4020.5
"Post scheduled trip end time",-2,6797,6799,4020.5
"Post scheduled trip end time",-2,14811,14813,4020.5
"Post scheduled trip end time",-2,1549,1551,4020.5
"Post scheduled trip end time",-2,12712,12714,4020.5
"Post scheduled trip end time",-2,6161,6163,4020.5
"Post scheduled trip end time",-2,2113,2115,4020.5
"Post scheduled trip end time",-2,4432,4434,4020.5
"Post scheduled trip end time",-2,540888,540890,4020.5
"Post scheduled trip end time",-2,9252,9254,4020.5
"Post scheduled trip end time",-2,20551,20553,4020.5
"Post scheduled trip end time",-2,535948,535950,4020.5
"Post scheduled trip end time",-2,2885,2887,4020.5
"Post scheduled trip end time",-2,7610,7612,4020.5
"Post scheduled trip end time",-2,1314,1316,4020.5
"Post scheduled trip end time",-2,175,177,4020.5
"Post scheduled trip end time",-2,2449,2451,4020.5
"Post scheduled trip end time",-2,1671,1673,4020.5
"Post scheduled trip end time",-2,5254,5256,4020.5
"Post scheduled trip end time",-2,29710,29712,4020.5
"Post scheduled trip end time",-2,17986,17988,4020.5
"Post scheduled trip end time",-2,10634,10636,4020.5
"Post scheduled trip end time",-2,9760,9762,4020.5
"Post scheduled trip end time",-2,23492,23494,4020.5
"Post scheduled trip end time",-2,30892,30894,4020.5
"Post scheduled trip end time",-2,4954,4956,4020.5
"Post scheduled trip end time",-2,5074,5076,4020.5
"Post scheduled trip end time",-2,8997,8999,4020.5
"Post scheduled trip end time",-2,3077,3079,4020.5
"Post scheduled trip end time",-2,10371,10373,4020.5
"Post scheduled trip end time",-2,11128,11130,4020.5
"Post scheduled trip end time",-2,535108,535110,4020.5
"Post scheduled trip end time",-2,21977,21979,4020.5
"Post scheduled trip end time",-2,19652,19654,4020.5
"Post scheduled trip end time",-2,8052,8054,4020.5
"Post scheduled trip end time",-2,17052,17054,4020.5
"Post scheduled trip end time",-2,4318,4320,4020.5
"Post scheduled trip end time",-2,10931,10933,4020.5
"Post scheduled trip end time",-2,4245,4247,4020.5
"Post scheduled trip end time",-2,16901,16903,4020.5
"Post scheduled trip end time",-2,508,510,4020.5
"Post scheduled trip end time",-2,41,43,4020.5
"Post scheduled trip end time",-2,4341,4343,4020.5
"Post scheduled trip end time",-2,12210,12212,4020.5
"Post scheduled trip end time",-2,13570,13572,4020.5
"Post scheduled trip end time",-2,23212,23214,4020.5
"Post scheduled trip end time",-2,8941,8943,4020.5
"Post scheduled trip end time",-2,14938,14940,4020.5
"Post scheduled trip end time",-2,4751,4753,4020.5
"Post scheduled trip end time",-2,534828,534830,4020.5
"Post scheduled trip end time",-2,6348,6350,4020.5
"Post scheduled trip end time",-2,2360,2362,4020.5
"Post scheduled trip end time",-2,7592,7594,4020.5
"Post scheduled trip end time",-2,16246,16248,4020.5
"Post scheduled trip end time",-2,16771,16773,4020.5
"Post scheduled trip end time",-2,4358,4360,4020.5
"Post scheduled trip end time",-2,53,55,4020.5
"Post scheduled trip end time",-2,731,733,4020.5
"Post scheduled trip end time",-2,8366,8368,4020.5
"Post scheduled trip end time",-2,31190,31192,4020.5
"Post scheduled trip end time",-2,30844,30846,4020.5
"Post scheduled trip end time",-2,17857,17859,4020.5
"Post scheduled trip end time",-2,9090,9092,4020.5
"Post scheduled trip end time",-2,29552,29554,4020.5
"Post scheduled trip end time",-2,17998,18000,4020.5
"Post scheduled trip end time",-2,9738,9740,4020.5
"Post scheduled trip end time",-2,15932,15934,4020.5
"Post scheduled trip end time",-2,3640,3642,4020.5
"Post scheduled trip end time",-2,2726,2728,4020.5
"Post scheduled trip end time",-2,20097,20099,4020.5
"Post scheduled trip end time",-2,5441,5443,4020.5
"Post scheduled trip end time",-2,726,728,4020.5
"Post scheduled trip end time",-2,2472,2474,4020.5
"Post scheduled trip end time",-2,18671,18673,4020.5
"Post scheduled trip end time",-2,7001,7003,4020.5
"Post scheduled trip end time",-2,2634,2636,4020.5
"Post scheduled trip end time",-2,3473,3475,4020.5
"Post scheduled trip end time",-2,3347,3349,4020.5
"Post scheduled trip end time",-2,15490,15492,4020.5
"Post scheduled trip end time",-2,6580,6582,4020.5
"Post scheduled trip end time",-2,8391,8393,4020.5
"Post scheduled trip end time",-2,781,783,4020.5
"Post scheduled trip end time",-2,30404,30406,4020.5
"Post scheduled trip end time",-2,32972,32974,4020.5
"Post scheduled trip end time",-2,12714,12716,4020.5
"Post scheduled trip end time",-2,25550,25552,4020.5
"Post scheduled trip end time",-2,20970,20972,4020.5
"Post scheduled trip end time",-2,8370,8372,4020.5
"Post scheduled trip end time",-2,7131,7133,4020.5
"Post scheduled trip end time",-2,10872,10874,4020.5
"Post scheduled trip end time",-2,5009,5011,4020.5
"Post scheduled trip end time",-2,9488,9490,4020.5
"Post scheduled trip end time",-2,535228,535230,4020.5
"Post scheduled trip end time",-2,527428,527430,4020.5
"Post scheduled trip end time",-2,6074,6076,4020.5
"Post scheduled trip end time",-2,17171,17173,4020.5
"Post scheduled trip end time",-2,14532,14534,4020.5
"Post scheduled trip end time",-2,2741,2743,4020.5
"Post scheduled trip end time",-2,9872,9874,4020.5
"Post scheduled trip end time",-2,17161,17163,4020.5
"Post scheduled trip end time",-2,2701,2703,4020.5
"Post scheduled trip end time",-2,246,248,4020.5
"Post scheduled trip end time",-2,2230,2232,4020.5
"Post scheduled trip end time",-2,485,487,4020.5
"Post scheduled trip end time",-2,6361,6363,4020.5
"Post scheduled trip end time",-2,1240,1242,4020.5
"Post scheduled trip end time",-2,7206,7208,4020.5
"Post scheduled trip end time",-2,14966,14968,4020.5
"Post scheduled trip end time",-2,113,115,4020.5
"Post scheduled trip end time",-2,5855,5857,4020.5
"Post scheduled trip end time",-2,12410,12412,4020.5
"Post scheduled trip end time",-2,24412,24414,4020.5
"Post scheduled trip end time",-2,4117,4119,4020.5
"Post scheduled trip end time",-2,2709,2711,4020.5
"Post scheduled trip end time",-2,8830,8832,4020.5
"Post scheduled trip end time",-2,773,775,4020.5
"Post scheduled trip end time",-2,1993,1995,4020.5
"Post scheduled trip end time",-2,9066,9068,4020.5
"Post scheduled trip end time",-2,8772,8774,4020.5
"Post scheduled trip end time",-2,1772,1774,4020.5
"Post scheduled trip end time",-2,10331,10333,4020.5
"Post scheduled trip end time",-2,11105,11107,4020.5
"Post scheduled trip end time",-2,6440,6442,4020.5
"Post scheduled trip end time",-2,8566,8568,4020.5
"Post scheduled trip end time",-2,3273,3275,4020.5
"Post scheduled trip end time",-2,12910,12912,4020.5
"Post scheduled trip end time",-2,31890,31892,4020.5
"Post scheduled trip end time",-2,12454,12456,4020.5
"Post scheduled trip end time",-2,644,646,4020.5
"Post scheduled trip end time",-2,506,508,4020.5
"Post scheduled trip end time",-2,2651,2653,4020.5
"Post scheduled trip end time",-2,6930,6932,4020.5
"Post scheduled trip end time",-2,8430,8432,4020.5
"Post scheduled trip end time",-2,2600,2602,4020.5
"Post scheduled trip end time",-2,3720,3722,4020.5
"Post scheduled trip end time",-2,4157,4159,4020.5
"Post scheduled trip end time",-2,21317,21319,4020.5
"Post scheduled trip end time",-2,522248,522250,4020.5
"Post scheduled trip end time",-2,5128,5130,4020.5
"Post scheduled trip end time",-2,1746,1748,4020.5
"Post scheduled trip end time",-2,9192,9194,4020.5
"Post scheduled trip end time",-2,5032,5034,4020.5
"Post scheduled trip end time",-2,6005,6007,4020.5
"Post scheduled trip end time",-2,24,26,4020.5
"Post scheduled trip end time",-2,304,306,4020.5
"Post scheduled trip end time",-2,3770,3772,4020.5
"Post scheduled trip end time",-2,754,756,4020.5
"Post scheduled trip end time",-2,12074,12076,4020.5
"Post scheduled trip end time",-2,22118,22120,4020.5
"Post scheduled trip end time",-2,13774,13776,4020.5
"Post scheduled trip end time",-2,2155,2157,4020.5
"Post scheduled trip end time",-2,16577,16579,4020.5
"Post scheduled trip end time",-2,4649,4651,4020.5
"Post scheduled trip end time",-2,2511,2513,4020.5
"Post scheduled trip end time",-2,16298,16300,4020.5
"Post scheduled trip end time",-2,17112,17114,4020.5
"Post scheduled trip end time",-2,6297,6299,4020.5
"Post scheduled trip end time",-2,5197,5199,4020.5
"Post scheduled trip end time",-2,13977,13979,4020.5
"Post scheduled trip end time",-2,13446,13448,4020.5
"Post scheduled trip end time",-2,16791,16793,4020.5
"Post scheduled trip end time",-2,12068,12070,4020.5
"Post scheduled trip end time",-2,7886,7888,4020.5
"Post scheduled trip end time",-2,5245,5247,4020.5
"Post scheduled trip end time",-2,7241,7243,4020.5
"Post scheduled trip end time",-2,16241,16243,4020.5
"Post scheduled trip end time",-2,4150,4152,4020.5
"Post scheduled trip end time",-2,1823,1825,4020.5
"Post scheduled trip end time",-2,1280,1282,4020.5
"Post scheduled trip end time",-2,2407,2409,4020.5
"Post scheduled trip end time",-2,3834,3836,4020.5
"Post scheduled trip end time",-2,4726,4728,4020.5
"Post scheduled trip end time",-2,5551,5553,4020.5
"Post scheduled trip end time",-2,6911,6913,4020.5
"Post scheduled trip end time",-2,11234,11236,4020.5
"Post scheduled trip end time",-2,16341,16343,4020.5
"Post scheduled trip end time",-2,17798,17800,4020.5
"Post scheduled trip end time",-2,8601,8603,4020.5
"Post scheduled trip end time",-2,17232,17234,4020.5
"Post scheduled trip end time",-2,3620,3622,4020.5
"Post scheduled trip end time",-2,2129,2131,4020.5
"Post scheduled trip end time",-2,534928,534930,4020.5
"Post scheduled trip end time",-2,12992,12994,4020.5
"Post scheduled trip end time",-2,2697,2699,4020.5
"Post scheduled trip end time",-2,711,713,4020.5
"Post scheduled trip end time",-2,5034,5036,4020.5
"Post scheduled trip end time",-2,16650,16652,4020.5
"Post scheduled trip end time",-2,17150,17152,4020.5
"Post scheduled trip end time",-2,10286,10288,4020.5
"Post scheduled trip end time",-2,14306,14308,4020.5
"Post scheduled trip end time",-2,11870,11872,4020.5
"Post scheduled trip end time",-2,19258,19260,4020.5
"Post scheduled trip end time",-2,11590,11592,4020.5
"Post scheduled trip end time",-2,14114,14116,4020.5
"Post scheduled trip end time",-2,3595,3597,4020.5
"Post scheduled trip end time",-2,7714,7716,4020.5
"Post scheduled trip end time",-2,10214,10216,4020.5
"Post scheduled trip end time",-2,14012,14014,4020.5
"Post scheduled trip end time",-2,9081,9083,4020.5
"Post scheduled trip end time",-2,14295,14297,4020.5
"Post scheduled trip end time",-2,3569,3571,4020.5
"Post scheduled trip end time",-2,3199,3201,4020.5
"Post scheduled trip end time",-2,5268,5270,4020.5
"Post scheduled trip end time",-2,5468,5470,4020.5
"Post scheduled trip end time",-2,530028,530030,4020.5
"Post scheduled trip end time",-2,18888,18890,4020.5
"Post scheduled trip end time",-2,8286,8288,4020.5
"Post scheduled trip end time",-2,56,58,4020.5
"Post scheduled trip end time",-2,634,636,4020.5
"Post scheduled trip end time",-2,2736,2738,4020.5
"Post scheduled trip end time",-2,8426,8428,4020.5
"Post scheduled trip end time",-2,7094,7096,4020.5
"Post scheduled trip end time",-2,11610,11612,4020.5
"Post scheduled trip end time",-2,13250,13252,4020.5
"Post scheduled trip end time",-2,18846,18848,4020.5
"Post scheduled trip end time",-2,16450,16452,4020.5
"Post scheduled trip end time",-2,25912,25914,4020.5
"Post scheduled trip end time",-2,6934,6936,4020.5
"Post scheduled trip end time",-2,13391,13393,4020.5
"Post scheduled trip end time",-2,453,455,4020.5
"Post scheduled trip end time",-2,532888,532890,4020.5
"Post scheduled trip end time",-2,6981,6983,4020.5
"Post scheduled trip end time",-2,6577,6579,4020.5
"Post scheduled trip end time",-2,522448,522450,4020.5
"Post scheduled trip end time",-2,5288,5290,4020.5
"Post scheduled trip end time",-2,11966,11968,4020.5
"Post scheduled trip end time",-2,536088,536090,4020.5
"Post scheduled trip end time",-2,3499,3501,4020.5
"Post scheduled trip end time",-2,16881,16883,4020.5
"Post scheduled trip end time",-2,48,50,4020.5
"Post scheduled trip end time",-2,5661,5663,4020.5
"Post scheduled trip end time",-2,1770,1772,4020.5
"Post scheduled trip end time",-2,6013,6015,4020.5
"Post scheduled trip end time",-2,931,933,4020.5
"Post scheduled trip end time",-2,7070,7072,4020.5
"Post scheduled trip end time",-2,33350,33352,4020.5
"Post scheduled trip end time",-2,11840,11842,4020.5
"Post scheduled trip end time",-2,2793,2795,4020.5
"Post scheduled trip end time",-2,17757,17759,4020.5
"Post scheduled trip end time",-2,6650,6652,4020.5
"Post scheduled trip end time",-2,8214,8216,4020.5
"Post scheduled trip end time",-2,19058,19060,4020.5
"Post scheduled trip end time",-2,23112,23114,4020.5
"Post scheduled trip end time",-2,6891,6893,4020.5
"Post scheduled trip end time",-2,3719,3721,4020.5
"Post scheduled trip end time",-2,525148,525150,4020.5
"Post scheduled trip end time",-2,1759,1761,4020.5
"Post scheduled trip end time",-2,7230,7232,4020.5
"Post scheduled trip end time",-2,1012,1014,4020.5
"Post scheduled trip end time",-2,5826,5828,4020.5
"Post scheduled trip end time",-2,6225,6227,4020.5
"Post scheduled trip end time",-2,14321,14323,4020.5
"Post scheduled trip end time",-2,5810,5812,4020.5
"Post scheduled trip end time",-2,4181,4183,4020.5
"Post scheduled trip end time",-2,1590,1592,4020.5
"Post scheduled trip end time",-2,10690,10692,4020.5
"Post scheduled trip end time",-2,13790,13792,4020.5
"Post scheduled trip end time",-2,18594,18596,4020.5
"Post scheduled trip end time",-2,32770,32772,4020.5
"Post scheduled trip end time",-2,-7,-5,4020.5
"Post scheduled trip end time",-2,4369,4371,4020.5
"Post scheduled trip end time",-2,2091,2093,4020.5
"Post scheduled trip end time",-2,11538,11540,4020.5
"Post scheduled trip end time",-2,5760,5762,4020.5
"Post scheduled trip end time",-2,9917,9919,4020.5
"Post scheduled trip end time",-2,4339,4341,4020.5
"Post scheduled trip end time",-2,6408,6410,4020.5
"Post scheduled trip end time",-2,2037,2039,4020.5
"Post scheduled trip end time",-2,4381,4383,4020.5
"Post scheduled trip end time",-2,14291,14293,4020.5
"Post scheduled trip end time",-2,20751,20753,4020.5
"Post scheduled trip end time",-2,12266,12268,4020.5
"Post scheduled trip end time",-2,9052,9054,4020.5
"Post scheduled trip end time",-2,14405,14407,4020.5
"Post scheduled trip end time",-2,531,533,4020.5
"Post scheduled trip end time",-2,15790,15792,4020.5
"Post scheduled trip end time",-2,702,704,4020.5
"Post scheduled trip end time",-2,18290,18292,4020.5
"Post scheduled trip end time",-2,28090,28092,4020.5
"Post scheduled trip end time",-2,4311,4313,4020.5
"Post scheduled trip end time",-2,25250,25252,4020.5
"Post scheduled trip end time",-2,20710,20712,4020.5
"Post scheduled trip end time",-2,18417,18419,4020.5
"Post scheduled trip end time",-2,339,341,4020.5
"Post scheduled trip end time",-2,29452,29454,4020.5
"Post scheduled trip end time",-2,430,432,4020.5
"Post scheduled trip end time",-2,5420,5422,4020.5
"Post scheduled trip end time",-2,15655,15657,4020.5
"Post scheduled trip end time",-2,1189,1191,4020.5
"Post scheduled trip end time",-2,13292,13294,4020.5
"Post scheduled trip end time",-2,6692,6694,4020.5
"Post scheduled trip end time",-2,3537,3539,4020.5
"Post scheduled trip end time",-2,289,291,4020.5
"Post scheduled trip end time",-2,328,330,4020.5
"Post scheduled trip end time",-2,22,24,4020.5
"Post scheduled trip end time",-2,2136,2138,4020.5
"Post scheduled trip end time",-2,2370,2372,4020.5
"Post scheduled trip end time",-2,2478,2480,4020.5
"Post scheduled trip end time",-2,19186,19188,4020.5
"Post scheduled trip end time",-2,4855,4857,4020.5
"Post scheduled trip end time",-2,1675,1677,4020.5
"Post scheduled trip end time",-2,1835,1837,4020.5
"Post scheduled trip end time",-2,17177,17179,4020.5
"Post scheduled trip end time",-2,3171,3173,4020.5
"Post scheduled trip end time",-2,4460,4462,4020.5
"Post scheduled trip end time",-2,19012,19014,4020.5
"Post scheduled trip end time",-2,530908,530910,4020.5
"Post scheduled trip end time",-2,13946,13948,4020.5
"Post scheduled trip end time",-2,13328,13330,4020.5
"Post scheduled trip end time",-2,475,477,4020.5
"Post scheduled trip end time",-2,2681,2683,4020.5
"Post scheduled trip end time",-2,3098,3100,4020.5
"Post scheduled trip end time",-2,11950,11952,4020.5
"Post scheduled trip end time",-2,31104,31106,4020.5
"Post scheduled trip end time",-2,33490,33492,4020.5
"Post scheduled trip end time",-2,32044,32046,4020.5
"Post scheduled trip end time",-2,25872,25874,4020.5
"Post scheduled trip end time",-2,23284,23286,4020.5
"Post scheduled trip end time",-2,21752,21754,4020.5
"Post scheduled trip end time",-2,117,119,4020.5
"Post scheduled trip end time",-2,18492,18494,4020.5
"Post scheduled trip end time",-2,5371,5373,4020.5
"Post scheduled trip end time",-2,8277,8279,4020.5
"Post scheduled trip end time",-2,343,345,4020.5
"Post scheduled trip end time",-2,7690,7692,4020.5
"Post scheduled trip end time",-2,7998,8000,4020.5
"Post scheduled trip end time",-2,4146,4148,4020.5
"Post scheduled trip end time",-2,535408,535410,4020.5
"Post scheduled trip end time",-2,536608,536610,4020.5
"Post scheduled trip end time",-2,7905,7907,4020.5
"Post scheduled trip end time",-2,5501,5503,4020.5
"Post scheduled trip end time",-2,3162,3164,4020.5
"Post scheduled trip end time",-2,4014,4016,4020.5
"Post scheduled trip end time",-2,10186,10188,4020.5
"Post scheduled trip end time",-2,30510,30512,4020.5
"Post scheduled trip end time",-2,24670,24672,4020.5
"Post scheduled trip end time",-2,15834,15836,4020.5
"Post scheduled trip end time",-2,16598,16600,4020.5
"Post scheduled trip end time",-2,5581,5583,4020.5
"Post scheduled trip end time",-2,16851,16853,4020.5
"Post scheduled trip end time",-2,6852,6854,4020.5
"Post scheduled trip end time",-2,7981,7983,4020.5
"Post scheduled trip end time",-2,3565,3567,4020.5
"Post scheduled trip end time",-2,3279,3281,4020.5
"Post scheduled trip end time",-2,1111,1113,4020.5
"Post scheduled trip end time",-2,798,800,4020.5
"Post scheduled trip end time",-2,110,112,4020.5
"Post scheduled trip end time",-2,971,973,4020.5
"Post scheduled trip end time",-2,2870,2872,4020.5
"Post scheduled trip end time",-2,14974,14976,4020.5
"Post scheduled trip end time",-2,17217,17219,4020.5
"Post scheduled trip end time",-2,4111,4113,4020.5
"Post scheduled trip end time",-2,10071,10073,4020.5
"Post scheduled trip end time",-2,10797,10799,4020.5
"Post scheduled trip end time",-2,2146,2148,4020.5
"Post scheduled trip end time",-2,6977,6979,4020.5
"Post scheduled trip end time",-2,6392,6394,4020.5
"Post scheduled trip end time",-2,3058,3060,4020.5
"Post scheduled trip end time",-2,13028,13030,4020.5
"Post scheduled trip end time",-2,15365,15367,4020.5
"Post scheduled trip end time",-2,16141,16143,4020.5
"Post scheduled trip end time",-2,2272,2274,4020.5
"Post scheduled trip end time",-2,17345,17347,4020.5
"Post scheduled trip end time",-2,408,410,4020.5
"Post scheduled trip end time",-2,1601,1603,4020.5
"Post scheduled trip end time",-2,7340,7342,4020.5
"Post scheduled trip end time",-2,9266,9268,4020.5
"Post scheduled trip end time",-2,6111,6113,4020.5
"Post scheduled trip end time",-2,33690,33692,4020.5
"Post scheduled trip end time",-2,10974,10976,4020.5
"Post scheduled trip end time",-2,11414,11416,4020.5
"Post scheduled trip end time",-2,33792,33794,4020.5
"Post scheduled trip end time",-2,30512,30514,4020.5
"Post scheduled trip end time",-2,7681,7683,4020.5
"Post scheduled trip end time",-2,23332,23334,4020.5
"Post scheduled trip end time",-2,4900,4902,4020.5
"Post scheduled trip end time",-2,27032,27034,4020.5
"Post scheduled trip end time",-2,5654,5656,4020.5
"Post scheduled trip end time",-2,17732,17734,4020.5
"Post scheduled trip end time",-2,1617,1619,4020.5
"Post scheduled trip end time",-2,8706,8708,4020.5
"Post scheduled trip end time",-2,16608,16610,4020.5
"Post scheduled trip end time",-2,7894,7896,4020.5
"Post scheduled trip end time",-2,19091,19093,4020.5
"Post scheduled trip end time",-2,7332,7334,4020.5
"Post scheduled trip end time",-2,3545,3547,4020.5
"Post scheduled trip end time",-2,2121,2123,4020.5
"Post scheduled trip end time",-2,97,99,4020.5
"Post scheduled trip end time",-2,972,974,4020.5
"Post scheduled trip end time",-2,215,217,4020.5
"Post scheduled trip end time",-2,7407,7409,4020.5
"Post scheduled trip end time",-2,1497,1499,4020.5
"Post scheduled trip end time",-2,3020,3022,4020.5
"Post scheduled trip end time",-2,540,542,4020.5
"Post scheduled trip end time",-2,33810,33812,4020.5
"Post scheduled trip end time",-2,25090,25092,4020.5
"Post scheduled trip end time",-2,7968,7970,4020.5
"Post scheduled trip end time",-2,5188,5190,4020.5
"Post scheduled trip end time",-2,6552,6554,4020.5
"Post scheduled trip end time",-2,2418,2420,4020.5
"Post scheduled trip end time",-2,15385,15387,4020.5
"Post scheduled trip end time",-2,16611,16613,4020.5
"Post scheduled trip end time",-2,17411,17413,4020.5
"Post scheduled trip end time",-2,7045,7047,4020.5
"Post scheduled trip end time",-2,5681,5683,4020.5
"Post scheduled trip end time",-2,3029,3031,4020.5
"Post scheduled trip end time",-2,2243,2245,4020.5
"Post scheduled trip end time",-2,8326,8328,4020.5
"Post scheduled trip end time",-2,27384,27386,4020.5
"Post scheduled trip end time",-2,19698,19700,4020.5
"Post scheduled trip end time",-2,5469,5471,4020.5
"Post scheduled trip end time",-2,23572,23574,4020.5
"Post scheduled trip end time",-2,24552,24554,4020.5
"Post scheduled trip end time",-2,5117,5119,4020.5
"Post scheduled trip end time",-2,12197,12199,4020.5
"Post scheduled trip end time",-2,14277,14279,4020.5
"Post scheduled trip end time",-2,3309,3311,4020.5
"Post scheduled trip end time",-2,8908,8910,4020.5
"Post scheduled trip end time",-2,528408,528410,4020.5
"Post scheduled trip end time",-2,531128,531130,4020.5
"Post scheduled trip end time",-2,9892,9894,4020.5
"Post scheduled trip end time",-2,3368,3370,4020.5
"Post scheduled trip end time",-2,2214,2216,4020.5
"Post scheduled trip end time",-2,12388,12390,4020.5
"Post scheduled trip end time",-2,1201,1203,4020.5
"Post scheduled trip end time",-2,774,776,4020.5
"Post scheduled trip end time",-2,12230,12232,4020.5
"Post scheduled trip end time",-2,6201,6203,4020.5
"Post scheduled trip end time",-2,682,684,4020.5
"Post scheduled trip end time",-2,3918,3920,4020.5
"Post scheduled trip end time",-2,8410,8412,4020.5
"Post scheduled trip end time",-2,17734,17736,4020.5
"Post scheduled trip end time",-2,33532,33534,4020.5
"Post scheduled trip end time",-2,20758,20760,4020.5
"Post scheduled trip end time",-2,1386,1388,4020.5
"Post scheduled trip end time",-2,39867,39869,4020.5
"Post scheduled trip end time",-2,2494,2496,4020.5
"Post scheduled trip end time",-2,11481,11483,4020.5
"Post scheduled trip end time",-2,25712,25714,4020.5
"Post scheduled trip end time",-2,6491,6493,4020.5
"Post scheduled trip end time",-2,13691,13693,4020.5
"Post scheduled trip end time",-2,14891,14893,4020.5
"Post scheduled trip end time",-2,4818,4820,4020.5
"Post scheduled trip end time",-2,19952,19954,4020.5
"Post scheduled trip end time",-2,524508,524510,4020.5
"Post scheduled trip end time",-2,1797,1799,4020.5
"Post scheduled trip end time",-2,536788,536790,4020.5
"Post scheduled trip end time",-2,6012,6014,4020.5
"Post scheduled trip end time",-2,10865,10867,4020.5
"Post scheduled trip end time",-2,3810,3812,4020.5
"Post scheduled trip end time",-2,11010,11012,4020.5
"Post scheduled trip end time",-2,2783,2785,4020.5
"Post scheduled trip end time",-2,27530,27532,4020.5
"Post scheduled trip end time",-2,24930,24932,4020.5
"Post scheduled trip end time",-2,4135,4137,4020.5
"Post scheduled trip end time",-2,23030,23032,4020.5
"Post scheduled trip end time",-2,19197,19199,4020.5
"Post scheduled trip end time",-2,14172,14174,4020.5
"Post scheduled trip end time",-2,8541,8543,4020.5
"Post scheduled trip end time",-2,1297,1299,4020.5
"Post scheduled trip end time",-2,15395,15397,4020.5
"Post scheduled trip end time",-2,10417,10419,4020.5
"Post scheduled trip end time",-2,571,573,4020.5
"Post scheduled trip end time",-2,1788,1790,4020.5
"Post scheduled trip end time",-2,20492,20494,4020.5
"Post scheduled trip end time",-2,1810,1812,4020.5
"Post scheduled trip end time",-2,9501,9503,4020.5
"Post scheduled trip end time",-2,5525,5527,4020.5
"Post scheduled trip end time",-2,1470,1472,4020.5
"Post scheduled trip end time",-2,2327,2329,4020.5
"Post scheduled trip end time",-2,5170,5172,4020.5
"Post scheduled trip end time",-2,15430,15432,4020.5
"Post scheduled trip end time",-2,17534,17536,4020.5
"Post scheduled trip end time",-2,34330,34332,4020.5
"Post scheduled trip end time",-2,33672,33674,4020.5
"Post scheduled trip end time",-2,539,541,4020.5
"Post scheduled trip end time",-2,21992,21994,4020.5
"Post scheduled trip end time",-2,1214,1216,4020.5
"Post scheduled trip end time",-2,10041,10043,4020.5
"Post scheduled trip end time",-2,12321,12323,4020.5
"Post scheduled trip end time",-2,1398,1400,4020.5
"Post scheduled trip end time",-2,523468,523470,4020.5
"Post scheduled trip end time",-2,9514,9516,4020.5
"Post scheduled trip end time",-2,213,215,4020.5
"Post scheduled trip end time",-2,7885,7887,4020.5
"Post scheduled trip end time",-2,1495,1497,4020.5
"Post scheduled trip end time",-2,2949,2951,4020.5
"Post scheduled trip end time",-2,5421,5423,4020.5
"Post scheduled trip end time",-2,13670,13672,4020.5
"Post scheduled trip end time",-2,13206,13208,4020.5
"Post scheduled trip end time",-2,156,158,4020.5
"Post scheduled trip end time",-2,27004,27006,4020.5
"Post scheduled trip end time",-2,18886,18888,4020.5
"Post scheduled trip end time",-2,193,195,4020.5
"Post scheduled trip end time",-2,14330,14332,4020.5
"Post scheduled trip end time",-2,4451,4453,4020.5
"Post scheduled trip end time",-2,21772,21774,4020.5
"Post scheduled trip end time",-2,11741,11743,4020.5
"Post scheduled trip end time",-2,19232,19234,4020.5
"Post scheduled trip end time",-2,5992,5994,4020.5
"Post scheduled trip end time",-2,2948,2950,4020.5
"Post scheduled trip end time",-2,2692,2694,4020.5
"Post scheduled trip end time",-2,6305,6307,4020.5
"Post scheduled trip end time",-2,4365,4367,4020.5
"Post scheduled trip end time",-2,4852,4854,4020.5
"Post scheduled trip end time",-2,18525,18527,4020.5
"Post scheduled trip end time",-2,983,985,4020.5
"Post scheduled trip end time",-2,19114,19116,4020.5
"Post scheduled trip end time",-2,27392,27394,4020.5
"Post scheduled trip end time",-2,7631,7633,4020.5
"Post scheduled trip end time",-2,17018,17020,4020.5
"Post scheduled trip end time",-2,9034,9036,4020.5
"Post scheduled trip end time",-2,18678,18680,4020.5
"Post scheduled trip end time",-2,9298,9300,4020.5
"Post scheduled trip end time",-2,22612,22614,4020.5
"Post scheduled trip end time",-2,2774,2776,4020.5
"Post scheduled trip end time",-2,157,159,4020.5
"Post scheduled trip end time",-2,10972,10974,4020.5
"Post scheduled trip end time",-2,5588,5590,4020.5
"Post scheduled trip end time",-2,3388,3390,4020.5
"Post scheduled trip end time",-2,531648,531650,4020.5
"Post scheduled trip end time",-2,1532,1534,4020.5
"Post scheduled trip end time",-2,12586,12588,4020.5
"Post scheduled trip end time",-2,7786,7788,4020.5
"Post scheduled trip end time",-2,6365,6367,4020.5
"Post scheduled trip end time",-2,3150,3152,4020.5
"Post scheduled trip end time",-2,3710,3712,4020.5
"Post scheduled trip end time",-2,14145,14147,4020.5
"Post scheduled trip end time",-2,1670,1672,4020.5
"Post scheduled trip end time",-2,348,350,4020.5
"Post scheduled trip end time",-2,4260,4262,4020.5
"Post scheduled trip end time",-2,25592,25594,4020.5
"Post scheduled trip end time",-2,26912,26914,4020.5
"Post scheduled trip end time",-2,625,627,4020.5
"Post scheduled trip end time",-2,23872,23874,4020.5
"Post scheduled trip end time",-2,24232,24234,4020.5
"Post scheduled trip end time",-2,19892,19894,4020.5
"Post scheduled trip end time",-2,5691,5693,4020.5
"Post scheduled trip end time",-2,14251,14253,4020.5
"Post scheduled trip end time",-2,17248,17250,4020.5
"Post scheduled trip end time",-2,18288,18290,4020.5
"Post scheduled trip end time",-2,10588,10590,4020.5
"Post scheduled trip end time",-2,417,419,4020.5
"Post scheduled trip end time",-2,16892,16894,4020.5
"Post scheduled trip end time",-2,10345,10347,4020.5
"Post scheduled trip end time",-2,132,134,4020.5
"Post scheduled trip end time",-2,9710,9712,4020.5
"Post scheduled trip end time",-2,785,787,4020.5
"Post scheduled trip end time",-2,4240,4242,4020.5
"Post scheduled trip end time",-2,28084,28086,4020.5
"Post scheduled trip end time",-2,20206,20208,4020.5
"Post scheduled trip end time",-2,2610,2612,4020.5
"Post scheduled trip end time",-2,890,892,4020.5
"Post scheduled trip end time",-2,4315,4317,4020.5
"Post scheduled trip end time",-2,15392,15394,4020.5
"Post scheduled trip end time",-2,8961,8963,4020.5
"Post scheduled trip end time",-2,5000,5002,4020.5
"Post scheduled trip end time",-2,13157,13159,4020.5
"Post scheduled trip end time",-2,998,1000,4020.5
"Post scheduled trip end time",-2,7718,7720,4020.5
"Post scheduled trip end time",-2,524568,524570,4020.5
"Post scheduled trip end time",-2,5608,5610,4020.5
"Post scheduled trip end time",-2,2420,2422,4020.5
"Post scheduled trip end time",-2,407,409,4020.5
"Post scheduled trip end time",-2,8232,8234,4020.5
"Post scheduled trip end time",-2,1323,1325,4020.5
"Post scheduled trip end time",-2,103,105,4020.5
"Post scheduled trip end time",-2,852,854,4020.5
"Post scheduled trip end time",-2,5834,5836,4020.5
"Post scheduled trip end time",-2,6734,6736,4020.5
"Post scheduled trip end time",-2,1270,1272,4020.5
"Post scheduled trip end time",-2,1211,1213,4020.5
"Post scheduled trip end time",-2,4053,4055,4020.5
"Post scheduled trip end time",-2,20626,20628,4020.5
"Post scheduled trip end time",-2,533,535,4020.5
"Post scheduled trip end time",-2,3630,3632,4020.5
"Post scheduled trip end time",-2,31864,31866,4020.5
"Post scheduled trip end time",-2,24684,24686,4020.5
"Post scheduled trip end time",-2,24924,24926,4020.5
"Post scheduled trip end time",-2,9420,9422,4020.5
"Post scheduled trip end time",-2,5954,5956,4020.5
"Post scheduled trip end time",-2,5498,5500,4020.5
"Post scheduled trip end time",-2,527968,527970,4020.5
"Post scheduled trip end time",-2,5534,5536,4020.5
"Post scheduled trip end time",-2,112,114,4020.5
"Post scheduled trip end time",-2,139,141,4020.5
"Post scheduled trip end time",-2,2430,2432,4020.5
"Post scheduled trip end time",-2,525,527,4020.5
"Post scheduled trip end time",-2,1458,1460,4020.5
"Post scheduled trip end time",-2,13090,13092,4020.5
"Post scheduled trip end time",-2,8846,8848,4020.5
"Post scheduled trip end time",-2,713,715,4020.5
"Post scheduled trip end time",-2,11514,11516,4020.5
"Post scheduled trip end time",-2,26290,26292,4020.5
"Post scheduled trip end time",-2,2815,2817,4020.5
"Post scheduled trip end time",-2,16054,16056,4020.5
"Post scheduled trip end time",-2,23472,23474,4020.5
"Post scheduled trip end time",-2,31812,31814,4020.5
"Post scheduled trip end time",-2,12378,12380,4020.5
"Post scheduled trip end time",-2,520808,520810,4020.5
"Post scheduled trip end time",-2,1757,1759,4020.5
"Post scheduled trip end time",-2,543,545,4020.5
"Post scheduled trip end time",-2,9817,9819,4020.5
"Post scheduled trip end time",-2,2588,2590,4020.5
"Post scheduled trip end time",-2,2341,2343,4020.5
"Post scheduled trip end time",-2,10131,10133,4020.5
"Post scheduled trip end time",-2,14361,14363,4020.5
"Post scheduled trip end time",-2,6061,6063,4020.5
"Post scheduled trip end time",-2,1320,1322,4020.5
"Post scheduled trip end time",-2,196,198,4020.5
"Post scheduled trip end time",-2,6794,6796,4020.5
"Post scheduled trip end time",-2,5813,5815,4020.5
"Post scheduled trip end time",-2,30210,30212,4020.5
"Post scheduled trip end time",-2,34272,34274,4020.5
"Post scheduled trip end time",-2,825,827,4020.5
"Post scheduled trip end time",-2,1991,1993,4020.5
"Post scheduled trip end time",-2,2251,2253,4020.5
"Post scheduled trip end time",-2,10501,10503,4020.5
"Post scheduled trip end time",-2,18752,18754,4020.5
"Post scheduled trip end time",-2,27552,27554,4020.5
"Post scheduled trip end time",-2,14241,14243,4020.5
"Post scheduled trip end time",-2,4579,4581,4020.5
"Post scheduled trip end time",-2,9570,9572,4020.5
"Post scheduled trip end time",-2,1389,1391,4020.5
"Post scheduled trip end time",-2,5768,5770,4020.5
"Post scheduled trip end time",-2,2018,2020,4020.5
"Post scheduled trip end time",-2,3258,3260,4020.5
"Post scheduled trip end time",-2,8481,8483,4020.5
"Post scheduled trip end time",-2,10961,10963,4020.5
"Post scheduled trip end time",-2,4692,4694,4020.5
"Post scheduled trip end time",-2,1501,1503,4020.5
"Post scheduled trip end time",-2,943,945,4020.5
"Post scheduled trip end time",-2,3403,3405,4020.5
"Post scheduled trip end time",-2,3126,3128,4020.5
"Post scheduled trip end time",-2,6231,6233,4020.5
"Post scheduled trip end time",-2,28224,28226,4020.5
"Post scheduled trip end time",-2,17906,17908,4020.5
"Post scheduled trip end time",-2,34112,34114,4020.5
"Post scheduled trip end time",-2,21298,21300,4020.5
"Post scheduled trip end time",-2,24650,24652,4020.5
"Post scheduled trip end time",-2,3455,3457,4020.5
"Post scheduled trip end time",-2,17538,17540,4020.5
"Post scheduled trip end time",-2,3754,3756,4020.5
"Post scheduled trip end time",-2,2446,2448,4020.5
"Post scheduled trip end time",-2,8388,8390,4020.5
"Post scheduled trip end time",-2,10177,10179,4020.5
"Post scheduled trip end time",-2,7601,7603,4020.5
"Post scheduled trip end time",-2,1683,1685,4020.5
"Post scheduled trip end time",-2,27104,27106,4020.5
"Post scheduled trip end time",-2,15626,15628,4020.5
"Post scheduled trip end time",-2,10390,10392,4020.5
"Post scheduled trip end time",-2,833,835,4020.5
"Post scheduled trip end time",-2,14770,14772,4020.5
"Post scheduled trip end time",-2,16110,16112,4020.5
"Post scheduled trip end time",-2,7091,7093,4020.5
"Post scheduled trip end time",-2,4835,4837,4020.5
"Post scheduled trip end time",-2,23132,23134,4020.5
"Post scheduled trip end time",-2,16401,16403,4020.5
"Post scheduled trip end time",-2,23432,23434,4020.5
"Post scheduled trip end time",-2,1760,1762,4020.5
"Post scheduled trip end time",-2,14558,14560,4020.5
"Post scheduled trip end time",-2,1557,1559,4020.5
"Post scheduled trip end time",-2,14651,14653,4020.5
"Post scheduled trip end time",-2,10551,10553,4020.5
"Post scheduled trip end time",-2,4909,4911,4020.5
"Post scheduled trip end time",-2,11392,11394,4020.5
"Post scheduled trip end time",-2,5777,5779,4020.5
"Post scheduled trip end time",-2,11652,11654,4020.5
"Post scheduled trip end time",-2,5388,5390,4020.5
"Post scheduled trip end time",-2,591,593,4020.5
"Post scheduled trip end time",-2,6190,6192,4020.5
"Post scheduled trip end time",-2,538708,538710,4020.5
"Post scheduled trip end time",-2,5085,5087,4020.5
"Post scheduled trip end time",-2,3212,3214,4020.5
"Post scheduled trip end time",-2,3230,3232,4020.5
"Post scheduled trip end time",-2,3553,3555,4020.5
"Post scheduled trip end time",-2,27904,27906,4020.5
"Post scheduled trip end time",-2,15566,15568,4020.5
"Post scheduled trip end time",-2,9630,9632,4020.5
"Post scheduled trip end time",-2,18894,18896,4020.5
"Post scheduled trip end time",-2,24730,24732,4020.5
"Post scheduled trip end time",-2,14174,14176,4020.5
"Post scheduled trip end time",-2,16214,16216,4020.5
"Post scheduled trip end time",-2,2874,2876,4020.5
"Post scheduled trip end time",-2,7237,7239,4020.5
"Post scheduled trip end time",-2,14557,14559,4020.5
"Post scheduled trip end time",-2,4938,4940,4020.5
"Post scheduled trip end time",-2,7921,7923,4020.5
"Post scheduled trip end time",-2,20837,20839,4020.5
"Post scheduled trip end time",-2,988,990,4020.5
"Post scheduled trip end time",-2,1703,1705,4020.5
"Post scheduled trip end time",-2,3832,3834,4020.5
"Post scheduled trip end time",-2,5386,5388,4020.5
"Post scheduled trip end time",-2,6465,6467,4020.5
"Post scheduled trip end time",-2,18285,18287,4020.5
"Post scheduled trip end time",-2,16530,16532,4020.5
"Post scheduled trip end time",-2,15406,15408,4020.5
"Post scheduled trip end time",-2,14070,14072,4020.5
"Post scheduled trip end time",-2,31230,31232,4020.5
"Post scheduled trip end time",-2,11580,11582,4020.5
"Post scheduled trip end time",-2,7700,7702,4020.5
"Post scheduled trip end time",-2,8054,8056,4020.5
"Post scheduled trip end time",-2,14478,14480,4020.5
"Post scheduled trip end time",-2,1285,1287,4020.5
"Post scheduled trip end time",-2,4099,4101,4020.5
"Post scheduled trip end time",-2,17632,17634,4020.5
"Post scheduled trip end time",-2,6457,6459,4020.5
"Post scheduled trip end time",-2,8714,8716,4020.5
"Post scheduled trip end time",-2,18911,18913,4020.5
"Post scheduled trip end time",-2,9472,9474,4020.5
"Post scheduled trip end time",-2,10428,10430,4020.5
"Post scheduled trip end time",-2,13548,13550,4020.5
"Post scheduled trip end time",-2,17041,17043,4020.5
"Post scheduled trip end time",-2,7150,7152,4020.5
"Post scheduled trip end time",-2,7227,7229,4020.5
"Post scheduled trip end time",-2,1936,1938,4020.5
"Post scheduled trip end time",-2,4826,4828,4020.5
"Post scheduled trip end time",-2,5160,5162,4020.5
"Post scheduled trip end time",-2,8471,8473,4020.5
"Post scheduled trip end time",-2,933,935,4020.5
"Post scheduled trip end time",-2,25730,25732,4020.5
"Post scheduled trip end time",-2,16034,16036,4020.5
"Post scheduled trip end time",-2,7134,7136,4020.5
"Post scheduled trip end time",-2,29592,29594,4020.5
"Post scheduled trip end time",-2,9274,9276,4020.5
"Post scheduled trip end time",-2,6240,6242,4020.5
"Post scheduled trip end time",-2,520308,520310,4020.5
"Post scheduled trip end time",-2,909,911,4020.5
"Post scheduled trip end time",-2,2093,2095,4020.5
"Post scheduled trip end time",-2,4817,4819,4020.5
"Post scheduled trip end time",-2,7521,7523,4020.5
"Post scheduled trip end time",-2,8508,8510,4020.5
"Post scheduled trip end time",-2,3066,3068,4020.5
"Post scheduled trip end time",-2,12392,12394,4020.5
"Post scheduled trip end time",-2,528168,528170,4020.5
"Post scheduled trip end time",-2,3408,3410,4020.5
"Post scheduled trip end time",-2,537888,537890,4020.5
"Post scheduled trip end time",-2,1379,1381,4020.5
"Post scheduled trip end time",-2,5101,5103,4020.5
"Post scheduled trip end time",-2,5394,5396,4020.5
"Post scheduled trip end time",-2,7726,7728,4020.5
"Post scheduled trip end time",-2,6586,6588,4020.5
"Post scheduled trip end time",-2,3093,3095,4020.5
"Post scheduled trip end time",-2,28124,28126,4020.5
"Post scheduled trip end time",-2,15766,15768,4020.5
"Post scheduled trip end time",-2,20006,20008,4020.5
"Post scheduled trip end time",-2,3670,3672,4020.5
"Post scheduled trip end time",-2,32284,32286,4020.5
"Post scheduled trip end time",-2,10080,10082,4020.5
"Post scheduled trip end time",-2,31052,31054,4020.5
"Post scheduled trip end time",-2,9257,9259,4020.5
"Post scheduled trip end time",-2,3839,3841,4020.5
"Post scheduled trip end time",-2,10774,10776,4020.5
"Post scheduled trip end time",-2,1053,1055,4020.5
"Post scheduled trip end time",-2,8048,8050,4020.5
"Post scheduled trip end time",-2,6008,6010,4020.5
"Post scheduled trip end time",-2,526628,526630,4020.5
"Post scheduled trip end time",-2,7752,7754,4020.5
"Post scheduled trip end time",-2,7646,7648,4020.5
"Post scheduled trip end time",-2,410,412,4020.5
"Post scheduled trip end time",-2,668,670,4020.5
"Post scheduled trip end time",-2,13,15,4020.5
"Post scheduled trip end time",-2,3009,3011,4020.5
"Post scheduled trip end time",-2,8886,8888,4020.5
"Post scheduled trip end time",-2,950,952,4020.5
"Post scheduled trip end time",-2,9410,9412,4020.5
"Post scheduled trip end time",-2,32490,32492,4020.5
"Post scheduled trip end time",-2,32612,32614,4020.5
"Post scheduled trip end time",-2,23824,23826,4020.5
"Post scheduled trip end time",-2,19517,19519,4020.5
"Post scheduled trip end time",-2,28692,28694,4020.5
"Post scheduled trip end time",-2,12778,12780,4020.5
"Post scheduled trip end time",-2,8970,8972,4020.5
"Post scheduled trip end time",-2,11008,11010,4020.5
"Post scheduled trip end time",-2,6618,6620,4020.5
"Post scheduled trip end time",-2,7238,7240,4020.5
"Post scheduled trip end time",-2,527188,527190,4020.5
"Post scheduled trip end time",-2,542648,542650,4020.5
"Post scheduled trip end time",-2,13968,13970,4020.5
"Post scheduled trip end time",-2,10681,10683,4020.5
"Post scheduled trip end time",-2,1030,1032,4020.5
"Post scheduled trip end time",-2,9326,9328,4020.5
"Post scheduled trip end time",-2,6410,6412,4020.5
"Post scheduled trip end time",-2,4866,4868,4020.5
"Post scheduled trip end time",-2,26284,26286,4020.5
"Post scheduled trip end time",-2,8071,8073,4020.5
"Post scheduled trip end time",-2,19286,19288,4020.5
"Post scheduled trip end time",-2,15250,15252,4020.5
"Post scheduled trip end time",-2,21352,21354,4020.5
"Post scheduled trip end time",-2,25732,25734,4020.5
"Post scheduled trip end time",-2,437,439,4020.5
"Post scheduled trip end time",-2,7911,7913,4020.5
"Post scheduled trip end time",-2,295,297,4020.5
"Post scheduled trip end time",-2,2633,2635,4020.5
"Post scheduled trip end time",-2,4928,4930,4020.5
"Post scheduled trip end time",-2,17408,17410,4020.5
"Post scheduled trip end time",-2,20092,20094,4020.5
"Post scheduled trip end time",-2,4558,4560,4020.5
"Post scheduled trip end time",-2,2199,2201,4020.5
"Post scheduled trip end time",-2,12412,12414,4020.5
"Post scheduled trip end time",-2,688,690,4020.5
"Post scheduled trip end time",-2,52,54,4020.5
"Post scheduled trip end time",-2,1494,1496,4020.5
"Post scheduled trip end time",-2,547,549,4020.5
"Post scheduled trip end time",-2,6993,6995,4020.5
"Post scheduled trip end time",-2,11866,11868,4020.5
"Post scheduled trip end time",-2,3200,3202,4020.5
"Post scheduled trip end time",-2,12260,12262,4020.5
"Post scheduled trip end time",-2,21478,21480,4020.5
"Post scheduled trip end time",-2,35092,35094,4020.5
"Post scheduled trip end time",-2,17338,17340,4020.5
"Post scheduled trip end time",-2,11098,11100,4020.5
"Post scheduled trip end time",-2,6557,6559,4020.5
"Post scheduled trip end time",-2,9510,9512,4020.5
"Post scheduled trip end time",-2,5757,5759,4020.5
"Post scheduled trip end time",-2,15428,15430,4020.5
"Post scheduled trip end time",-2,9054,9056,4020.5
"Post scheduled trip end time",-2,8752,8754,4020.5
"Post scheduled trip end time",-2,7672,7674,4020.5
"Post scheduled trip end time",-2,10631,10633,4020.5
"Post scheduled trip end time",-2,12906,12908,4020.5
"Post scheduled trip end time",-2,784,786,4020.5
"Post scheduled trip end time",-2,27110,27112,4020.5
"Post scheduled trip end time",-2,149,151,4020.5
"Post scheduled trip end time",-2,13981,13983,4020.5
"Post scheduled trip end time",-2,14731,14733,4020.5
"Post scheduled trip end time",-2,6048,6050,4020.5
"Post scheduled trip end time",-2,528768,528770,4020.5
"Post scheduled trip end time",-2,7965,7967,4020.5
"Post scheduled trip end time",-2,31,33,4020.5
"Post scheduled trip end time",-2,1511,1513,4020.5
"Post scheduled trip end time",-2,2296,2298,4020.5
"Post scheduled trip end time",-2,11250,11252,4020.5
"Post scheduled trip end time",-2,1853,1855,4020.5
"Post scheduled trip end time",-2,401,403,4020.5
"Post scheduled trip end time",-2,8074,8076,4020.5
"Post scheduled trip end time",-2,11261,11263,4020.5
"Post scheduled trip end time",-2,13921,13923,4020.5
"Post scheduled trip end time",-2,16257,16259,4020.5
"Post scheduled trip end time",-2,18292,18294,4020.5
"Post scheduled trip end time",-2,19252,19254,4020.5
"Post scheduled trip end time",-2,8788,8790,4020.5
"Post scheduled trip end time",-2,8561,8563,4020.5
"Post scheduled trip end time",-2,524588,524590,4020.5
"Post scheduled trip end time",-2,20432,20434,4020.5
"Post scheduled trip end time",-2,19971,19973,4020.5
"Post scheduled trip end time",-2,1798,1800,4020.5
"Post scheduled trip end time",-2,966,968,4020.5
"Post scheduled trip end time",-2,238,240,4020.5
"Post scheduled trip end time",-2,1554,1556,4020.5
"Post scheduled trip end time",-2,3286,3288,4020.5
"Post scheduled trip end time",-2,4370,4372,4020.5
"Post scheduled trip end time",-2,1650,1652,4020.5
"Post scheduled trip end time",-2,22198,22200,4020.5
"Post scheduled trip end time",-2,1606,1608,4020.5
"Post scheduled trip end time",-2,18177,18179,4020.5
"Post scheduled trip end time",-2,3291,3293,4020.5
"Post scheduled trip end time",-2,25232,25234,4020.5
"Post scheduled trip end time",-2,9834,9836,4020.5
"Post scheduled trip end time",-2,5299,5301,4020.5
"Post scheduled trip end time",-2,534368,534370,4020.5
"Post scheduled trip end time",-2,4752,4754,4020.5
"Post scheduled trip end time",-2,7512,7514,4020.5
"Post scheduled trip end time",-2,7812,7814,4020.5
"Post scheduled trip end time",-2,10861,10863,4020.5
"Post scheduled trip end time",-2,4885,4887,4020.5
"Post scheduled trip end time",-2,2249,2251,4020.5
"Post scheduled trip end time",-2,1001,1003,4020.5
"Post scheduled trip end time",-2,2416,2418,4020.5
"Post scheduled trip end time",-2,7486,7488,4020.5
"Post scheduled trip end time",-2,360,362,4020.5
"Post scheduled trip end time",-2,25690,25692,4020.5
"Post scheduled trip end time",-2,9974,9976,4020.5
"Post scheduled trip end time",-2,1914,1916,4020.5
"Post scheduled trip end time",-2,5800,5802,4020.5
"Post scheduled trip end time",-2,12134,12136,4020.5
"Post scheduled trip end time",-2,10350,10352,4020.5
"Post scheduled trip end time",-2,1402,1404,4020.5
"Post scheduled trip end time",-2,5652,5654,4020.5
"Post scheduled trip end time",-2,1441,1443,4020.5
"Post scheduled trip end time",-2,302,304,4020.5
"Post scheduled trip end time",-2,1181,1183,4020.5
"Post scheduled trip end time",-2,11550,11552,4020.5
"Post scheduled trip end time",-2,18450,18452,4020.5
"Post scheduled trip end time",-2,4910,4912,4020.5
"Post scheduled trip end time",-2,7570,7572,4020.5
"Post scheduled trip end time",-2,985,987,4020.5
"Post scheduled trip end time",-2,8140,8142,4020.5
"Post scheduled trip end time",-2,16752,16754,4020.5
"Post scheduled trip end time",-2,25352,25354,4020.5
"Post scheduled trip end time",-2,1685,1687,4020.5
"Post scheduled trip end time",-2,6501,6503,4020.5
"Post scheduled trip end time",-2,4028,4030,4020.5
"Post scheduled trip end time",-2,8606,8608,4020.5
"Post scheduled trip end time",-2,539768,539770,4020.5
"Post scheduled trip end time",-2,6540,6542,4020.5
"Post scheduled trip end time",-2,600,602,4020.5
"Post scheduled trip end time",-2,18208,18210,4020.5
"Post scheduled trip end time",-2,9791,9793,4020.5
"Post scheduled trip end time",-2,7772,7774,4020.5
"Post scheduled trip end time",-2,838,840,4020.5
"Post scheduled trip end time",-2,15070,15072,4020.5
"Post scheduled trip end time",-2,13846,13848,4020.5
"Post scheduled trip end time",-2,29770,29772,4020.5
"Post scheduled trip end time",-2,8991,8993,4020.5
"Post scheduled trip end time",-2,20946,20948,4020.5
"Post scheduled trip end time",-2,32410,32412,4020.5
"Post scheduled trip end time",-2,514,516,4020.5
"Post scheduled trip end time",-2,2975,2977,4020.5
"Post scheduled trip end time",-2,9180,9182,4020.5
"Post scheduled trip end time",-2,9641,9643,4020.5
"Post scheduled trip end time",-2,13338,13340,4020.5
"Post scheduled trip end time",-2,6720,6722,4020.5
"Post scheduled trip end time",-2,4497,4499,4020.5
"Post scheduled trip end time",-2,13897,13899,4020.5
"Post scheduled trip end time",-2,9694,9696,4020.5
"Post scheduled trip end time",-2,4052,4054,4020.5
"Post scheduled trip end time",-2,13131,13133,4020.5
"Post scheduled trip end time",-2,975,977,4020.5
"Post scheduled trip end time",-2,9454,9456,4020.5
"Post scheduled trip end time",-2,1172,1174,4020.5
"Post scheduled trip end time",-2,4800,4802,4020.5
"Post scheduled trip end time",-2,15111,15113,4020.5
"Post scheduled trip end time",-2,3260,3262,4020.5
"Post scheduled trip end time",-2,12485,12487,4020.5
"Post scheduled trip end time",-2,1520,1522,4020.5
"Post scheduled trip end time",-2,807,809,4020.5
"Post scheduled trip end time",-2,2676,2678,4020.5
"Post scheduled trip end time",-2,4630,4632,4020.5
"Post scheduled trip end time",-2,14366,14368,4020.5
"Post scheduled trip end time",-2,7194,7196,4020.5
"Post scheduled trip end time",-2,15686,15688,4020.5
"Post scheduled trip end time",-2,13190,13192,4020.5
"Post scheduled trip end time",-2,25170,25172,4020.5
"Post scheduled trip end time",-2,9674,9676,4020.5
"Post scheduled trip end time",-2,8478,8480,4020.5
"Post scheduled trip end time",-2,10198,10200,4020.5
"Post scheduled trip end time",-2,19352,19354,4020.5
"Post scheduled trip end time",-2,6777,6779,4020.5
"Post scheduled trip end time",-2,3457,3459,4020.5
"Post scheduled trip end time",-2,9711,9713,4020.5
"Post scheduled trip end time",-2,4537,4539,4020.5
"Post scheduled trip end time",-2,11614,11616,4020.5
"Post scheduled trip end time",-2,534428,534430,4020.5
"Post scheduled trip end time",-2,535348,535350,4020.5
"Post scheduled trip end time",-2,3392,3394,4020.5
"Post scheduled trip end time",-2,521928,521930,4020.5
"Post scheduled trip end time",-2,522608,522610,4020.5
"Post scheduled trip end time",-2,2212,2214,4020.5
"Post scheduled trip end time",-2,19291,19293,4020.5
"Post scheduled trip end time",-2,16032,16034,4020.5
"Post scheduled trip end time",-2,538748,538750,4020.5
"Post scheduled trip end time",-2,6505,6507,4020.5
"Post scheduled trip end time",-2,13001,13003,4020.5
"Post scheduled trip end time",-2,2729,2731,4020.5
"Post scheduled trip end time",-2,28764,28766,4020.5
"Post scheduled trip end time",-2,14634,14636,4020.5
"Post scheduled trip end time",-2,18118,18120,4020.5
"Post scheduled trip end time",-2,1040,1042,4020.5
"Post scheduled trip end time",-2,9141,9143,4020.5
"Post scheduled trip end time",-2,25612,25614,4020.5
"Post scheduled trip end time",-2,5594,5596,4020.5
"Post scheduled trip end time",-2,20952,20954,4020.5
"Post scheduled trip end time",-2,11497,11499,4020.5
"Post scheduled trip end time",-2,1513,1515,4020.5
"Post scheduled trip end time",-2,8514,8516,4020.5
"Post scheduled trip end time",-2,1134,1136,4020.5
"Post scheduled trip end time",-2,8448,8450,4020.5
"Post scheduled trip end time",-2,2161,2163,4020.5
"Post scheduled trip end time",-2,8281,8283,4020.5
"Post scheduled trip end time",-2,621,623,4020.5
"Post scheduled trip end time",-2,2467,2469,4020.5
"Post scheduled trip end time",-2,16790,16792,4020.5
"Post scheduled trip end time",-2,3778,3780,4020.5
"Post scheduled trip end time",-2,15846,15848,4020.5
"Post scheduled trip end time",-2,11480,11482,4020.5
"Post scheduled trip end time",-2,18298,18300,4020.5
"Post scheduled trip end time",-2,9518,9520,4020.5
"Post scheduled trip end time",-2,3514,3516,4020.5
"Post scheduled trip end time",-2,519788,519790,4020.5
"Post scheduled trip end time",-2,18532,18534,4020.5
"Post scheduled trip end time",-2,20351,20353,4020.5
"Post scheduled trip end time",-2,45,47,4020.5
"Post scheduled trip end time",-2,64,66,4020.5
"Post scheduled trip end time",-2,20,22,4020.5
"Post scheduled trip end time",-2,4621,4623,4020.5
"Post scheduled trip end time",-2,5750,5752,4020.5
"Post scheduled trip end time",-2,7634,7636,4020.5
"Post scheduled trip end time",-2,541,543,4020.5
"Post scheduled trip end time",-2,2773,2775,4020.5
"Post scheduled trip end time",-2,19497,19499,4020.5
"Post scheduled trip end time",-2,13421,13423,4020.5
"Post scheduled trip end time",-2,519928,519930,4020.5
"Post scheduled trip end time",-2,3169,3171,4020.5
"Post scheduled trip end time",-2,5418,5420,4020.5
"Post scheduled trip end time",-2,5412,5414,4020.5
"Post scheduled trip end time",-2,540648,540650,4020.5
"Post scheduled trip end time",-2,2821,2823,4020.5
"Post scheduled trip end time",-2,15301,15303,4020.5
"Post scheduled trip end time",-2,1989,1991,4020.5
"Post scheduled trip end time",-2,3247,3249,4020.5
"Post scheduled trip end time",-2,7960,7962,4020.5
"Post scheduled trip end time",-2,6020,6022,4020.5
"Post scheduled trip end time",-2,26224,26226,4020.5
"Post scheduled trip end time",-2,27744,27746,4020.5
"Post scheduled trip end time",-2,18926,18928,4020.5
"Post scheduled trip end time",-2,3151,3153,4020.5
"Post scheduled trip end time",-2,9278,9280,4020.5
"Post scheduled trip end time",-2,4819,4821,4020.5
"Post scheduled trip end time",-2,2373,2375,4020.5
"Post scheduled trip end time",-2,533088,533090,4020.5
"Post scheduled trip end time",-2,529888,529890,4020.5
"Post scheduled trip end time",-2,2880,2882,4020.5
"Post scheduled trip end time",-2,7214,7216,4020.5
"Post scheduled trip end time",-2,350,352,4020.5
"Post scheduled trip end time",-2,3121,3123,4020.5
"Post scheduled trip end time",-2,3367,3369,4020.5
"Post scheduled trip end time",-2,800,802,4020.5
"Post scheduled trip end time",-2,1594,1596,4020.5
"Post scheduled trip end time",-2,3793,3795,4020.5
"Post scheduled trip end time",-2,9371,9373,4020.5
"Post scheduled trip end time",-2,653,655,4020.5
"Post scheduled trip end time",-2,30984,30986,4020.5
"Post scheduled trip end time",-2,25832,25834,4020.5
"Post scheduled trip end time",-2,5749,5751,4020.5
"Post scheduled trip end time",-2,9820,9822,4020.5
"Post scheduled trip end time",-2,13821,13823,4020.5
"Post scheduled trip end time",-2,7537,7539,4020.5
"Post scheduled trip end time",-2,12572,12574,4020.5
"Post scheduled trip end time",-2,3312,3314,4020.5
"Post scheduled trip end time",-2,12212,12214,4020.5
"Post scheduled trip end time",-2,15348,15350,4020.5
"Post scheduled trip end time",-2,14986,14988,4020.5
"Post scheduled trip end time",-2,1318,1320,4020.5
"Post scheduled trip end time",-2,3,5,4020.5
"Post scheduled trip end time",-2,2289,2291,4020.5
"Post scheduled trip end time",-2,1694,1696,4020.5
"Post scheduled trip end time",-2,862,864,4020.5
"Post scheduled trip end time",-2,4414,4416,4020.5
"Post scheduled trip end time",-2,18110,18112,4020.5
"Post scheduled trip end time",-2,9060,9062,4020.5
"Post scheduled trip end time",-2,187,189,4020.5
"Post scheduled trip end time",-2,3390,3392,4020.5
"Post scheduled trip end time",-2,29584,29586,4020.5
"Post scheduled trip end time",-2,30884,30886,4020.5
"Post scheduled trip end time",-2,9191,9193,4020.5
"Post scheduled trip end time",-2,2615,2617,4020.5
"Post scheduled trip end time",-2,3034,3036,4020.5
"Post scheduled trip end time",-2,9551,9553,4020.5
"Post scheduled trip end time",-2,4877,4879,4020.5
"Post scheduled trip end time",-2,9566,9568,4020.5
"Post scheduled trip end time",-2,9292,9294,4020.5
"Post scheduled trip end time",-2,15451,15453,4020.5
"Post scheduled trip end time",-2,3952,3954,4020.5
"Post scheduled trip end time",-2,623,625,4020.5
"Post scheduled trip end time",-2,4001,4003,4020.5
"Post scheduled trip end time",-2,12110,12112,4020.5
"Post scheduled trip end time",-2,305,307,4020.5
"Post scheduled trip end time",-2,13870,13872,4020.5
"Post scheduled trip end time",-2,4680,4682,4020.5
"Post scheduled trip end time",-2,30410,30412,4020.5
"Post scheduled trip end time",-2,15006,15008,4020.5
"Post scheduled trip end time",-2,30264,30266,4020.5
"Post scheduled trip end time",-2,26432,26434,4020.5
"Post scheduled trip end time",-2,4115,4117,4020.5
"Post scheduled trip end time",-2,28532,28534,4020.5
"Post scheduled trip end time",-2,21452,21454,4020.5
"Post scheduled trip end time",-2,15192,15194,4020.5
"Post scheduled trip end time",-2,23752,23754,4020.5
"Post scheduled trip end time",-2,4671,4673,4020.5
"Post scheduled trip end time",-2,7097,7099,4020.5
"Post scheduled trip end time",-2,9870,9872,4020.5
"Post scheduled trip end time",-2,5357,5359,4020.5
"Post scheduled trip end time",-2,2917,2919,4020.5
"Post scheduled trip end time",-2,461,463,4020.5
"Post scheduled trip end time",-2,11790,11792,4020.5
"Post scheduled trip end time",-2,964,966,4020.5
"Post scheduled trip end time",-2,1614,1616,4020.5
"Post scheduled trip end time",-2,574,576,4020.5
"Post scheduled trip end time",-2,7920,7922,4020.5
"Post scheduled trip end time",-2,11266,11268,4020.5
"Post scheduled trip end time",-2,28864,28866,4020.5
"Post scheduled trip end time",-2,8371,8373,4020.5
"Post scheduled trip end time",-2,228,230,4020.5
"Post scheduled trip end time",-2,265,267,4020.5
"Post scheduled trip end time",-2,17894,17896,4020.5
"Post scheduled trip end time",-2,33712,33714,4020.5
"Post scheduled trip end time",-2,13161,13163,4020.5
"Post scheduled trip end time",-2,6840,6842,4020.5
"Post scheduled trip end time",-2,7957,7959,4020.5
"Post scheduled trip end time",-2,1037,1039,4020.5
"Post scheduled trip end time",-2,7618,7620,4020.5
"Post scheduled trip end time",-2,7688,7690,4020.5
"Post scheduled trip end time",-2,680,682,4020.5
"Post scheduled trip end time",-2,4212,4214,4020.5
"Post scheduled trip end time",-2,3872,3874,4020.5
"Post scheduled trip end time",-2,2540,2542,4020.5
"Post scheduled trip end time",-2,14190,14192,4020.5
"Post scheduled trip end time",-2,4073,4075,4020.5
"Post scheduled trip end time",-2,16106,16108,4020.5
"Post scheduled trip end time",-2,7531,7533,4020.5
"Post scheduled trip end time",-2,22530,22532,4020.5
"Post scheduled trip end time",-2,720,722,4020.5
"Post scheduled trip end time",-2,3660,3662,4020.5
"Post scheduled trip end time",-2,14631,14633,4020.5
"Post scheduled trip end time",-2,1972,1974,4020.5
"Post scheduled trip end time",-2,15812,15814,4020.5
"Post scheduled trip end time",-2,2125,2127,4020.5
"Post scheduled trip end time",-2,1352,1354,4020.5
"Post scheduled trip end time",-2,989,991,4020.5
"Post scheduled trip end time",-2,542,544,4020.5
"Post scheduled trip end time",-2,6340,6342,4020.5
"Post scheduled trip end time",-2,20010,20012,4020.5
"Post scheduled trip end time",-2,16846,16848,4020.5
"Post scheduled trip end time",-2,28972,28974,4020.5
"Post scheduled trip end time",-2,30692,30694,4020.5
"Post scheduled trip end time",-2,9481,9483,4020.5
"Post scheduled trip end time",-2,11721,11723,4020.5
"Post scheduled trip end time",-2,297,299,4020.5
"Post scheduled trip end time",-2,534948,534950,4020.5
"Post scheduled trip end time",-2,525488,525490,4020.5
"Post scheduled trip end time",-2,525768,525770,4020.5
"Post scheduled trip end time",-2,521728,521730,4020.5
"Post scheduled trip end time",-2,14408,14410,4020.5
"Post scheduled trip end time",-2,1859,1861,4020.5
"Post scheduled trip end time",-2,1452,1454,4020.5
"Post scheduled trip end time",-2,538548,538550,4020.5
"Post scheduled trip end time",-2,2041,2043,4020.5
"Post scheduled trip end time",-2,1148,1150,4020.5
"Post scheduled trip end time",-2,7147,7149,4020.5
"Post scheduled trip end time",-2,10006,10008,4020.5
"Post scheduled trip end time",-2,30850,30852,4020.5
"Post scheduled trip end time",-2,13750,13752,4020.5
"Post scheduled trip end time",-2,26792,26794,4020.5
"Post scheduled trip end time",-2,5809,5811,4020.5
"Post scheduled trip end time",-2,7640,7642,4020.5
"Post scheduled trip end time",-2,2734,2736,4020.5
"Post scheduled trip end time",-2,12597,12599,4020.5
"Post scheduled trip end time",-2,7728,7730,4020.5
"Post scheduled trip end time",-2,9512,9514,4020.5
"Post scheduled trip end time",-2,10508,10510,4020.5
"Post scheduled trip end time",-2,4020,4022,4020.5
"Post scheduled trip end time",-2,13505,13507,4020.5
"Post scheduled trip end time",-2,12870,12872,4020.5
"Post scheduled trip end time",-2,20066,20068,4020.5
"Post scheduled trip end time",-2,673,675,4020.5
"Post scheduled trip end time",-2,18534,18536,4020.5
"Post scheduled trip end time",-2,19254,19256,4020.5
"Post scheduled trip end time",-2,31810,31812,4020.5
"Post scheduled trip end time",-2,12414,12416,4020.5
"Post scheduled trip end time",-2,22312,22314,4020.5
"Post scheduled trip end time",-2,8334,8336,4020.5
"Post scheduled trip end time",-2,10860,10862,4020.5
"Post scheduled trip end time",-2,728,730,4020.5
"Post scheduled trip end time",-2,2053,2055,4020.5
"Post scheduled trip end time",-2,21097,21099,4020.5
"Post scheduled trip end time",-2,13166,13168,4020.5
"Post scheduled trip end time",-2,537068,537070,4020.5
"Post scheduled trip end time",-2,6525,6527,4020.5
"Post scheduled trip end time",-2,10332,10334,4020.5
"Post scheduled trip end time",-2,0,2,4020.5
"Post scheduled trip end time",-2,666,668,4020.5
"Post scheduled trip end time",-2,118,120,4020.5
"Post scheduled trip end time",-2,1537,1539,4020.5
"Post scheduled trip end time",-2,362,364,4020.5
"Post scheduled trip end time",-2,5634,5636,4020.5
"Post scheduled trip end time",-2,2716,2718,4020.5
"Post scheduled trip end time",-2,11926,11928,4020.5
"Post scheduled trip end time",-2,5213,5215,4020.5
"Post scheduled trip end time",-2,1753,1755,4020.5
"Post scheduled trip end time",-2,300,302,4020.5
"Post scheduled trip end time",-2,19434,19436,4020.5
"Post scheduled trip end time",-2,2011,2013,4020.5
"Post scheduled trip end time",-2,8014,8016,4020.5
"Post scheduled trip end time",-2,19078,19080,4020.5
"Post scheduled trip end time",-2,8621,8623,4020.5
"Post scheduled trip end time",-2,23972,23974,4020.5
"Post scheduled trip end time",-2,13298,13300,4020.5
"Post scheduled trip end time",-2,14218,14220,4020.5
"Post scheduled trip end time",-2,397,399,4020.5
"Post scheduled trip end time",-2,736,738,4020.5
"Post scheduled trip end time",-2,1215,1217,4020.5
"Post scheduled trip end time",-2,642,644,4020.5
"Post scheduled trip end time",-2,20832,20834,4020.5
"Post scheduled trip end time",-2,534168,534170,4020.5
"Post scheduled trip end time",-2,6437,6439,4020.5
"Post scheduled trip end time",-2,4006,4008,4020.5
"Post scheduled trip end time",-2,2668,2670,4020.5
"Post scheduled trip end time",-2,3472,3474,4020.5
"Post scheduled trip end time",-2,537288,537290,4020.5
"Post scheduled trip end time",-2,16821,16823,4020.5
"Post scheduled trip end time",-2,2889,2891,4020.5
"Post scheduled trip end time",-2,5173,5175,4020.5
"Post scheduled trip end time",-2,28284,28286,4020.5
"Post scheduled trip end time",-2,1210,1212,4020.5
"Post scheduled trip end time",-2,8090,8092,4020.5
"Post scheduled trip end time",-2,12674,12676,4020.5
"Post scheduled trip end time",-2,34852,34854,4020.5
"Post scheduled trip end time",-2,25284,25286,4020.5
"Post scheduled trip end time",-2,22212,22214,4020.5
"Post scheduled trip end time",-2,22532,22534,4020.5
"Post scheduled trip end time",-2,23092,23094,4020.5
"Post scheduled trip end time",-2,17518,17520,4020.5
"Post scheduled trip end time",-2,8914,8916,4020.5
"Post scheduled trip end time",-2,27772,27774,4020.5
"Post scheduled trip end time",-2,5511,5513,4020.5
"Post scheduled trip end time",-2,13232,13234,4020.5
"Post scheduled trip end time",-2,13772,13774,4020.5
"Post scheduled trip end time",-2,7272,7274,4020.5
"Post scheduled trip end time",-2,17848,17850,4020.5
"Post scheduled trip end time",-2,17511,17513,4020.5
"Post scheduled trip end time",-2,18351,18353,4020.5
"Post scheduled trip end time",-2,9737,9739,4020.5
"Post scheduled trip end time",-2,12381,12383,4020.5
"Post scheduled trip end time",-2,15925,15927,4020.5
"Post scheduled trip end time",-2,12365,12367,4020.5
"Post scheduled trip end time",-2,9,11,4020.5
"Post scheduled trip end time",-2,330,332,4020.5
"Post scheduled trip end time",-2,232,234,4020.5
"Post scheduled trip end time",-2,6374,6376,4020.5
"Post scheduled trip end time",-2,7491,7493,4020.5
"Post scheduled trip end time",-2,562,564,4020.5
"Post scheduled trip end time",-2,14810,14812,4020.5
"Post scheduled trip end time",-2,273,275,4020.5
"Post scheduled trip end time",-2,24772,24774,4020.5
"Post scheduled trip end time",-2,14198,14200,4020.5
"Post scheduled trip end time",-2,7758,7760,4020.5
"Post scheduled trip end time",-2,293,295,4020.5
"Post scheduled trip end time",-2,534308,534310,4020.5
"Post scheduled trip end time",-2,2297,2299,4020.5
"Post scheduled trip end time",-2,543148,543150,4020.5
"Post scheduled trip end time",-2,13768,13770,4020.5
"Post scheduled trip end time",-2,11941,11943,4020.5
"Post scheduled trip end time",-2,9341,9343,4020.5
"Post scheduled trip end time",-2,2205,2207,4020.5
"Post scheduled trip end time",-2,1032,1034,4020.5
"Post scheduled trip end time",-2,4226,4228,4020.5
"Post scheduled trip end time",-2,15206,15208,4020.5
"Post scheduled trip end time",-2,25830,25832,4020.5
"Post scheduled trip end time",-2,15954,15956,4020.5
"Post scheduled trip end time",-2,9100,9102,4020.5
"Post scheduled trip end time",-2,6600,6602,4020.5
"Post scheduled trip end time",-2,13771,13773,4020.5
"Post scheduled trip end time",-2,14715,14717,4020.5
"Post scheduled trip end time",-2,12277,12279,4020.5
"Post scheduled trip end time",-2,20532,20534,4020.5
"Post scheduled trip end time",-2,8841,8843,4020.5
"Post scheduled trip end time",-2,2337,2339,4020.5
"Post scheduled trip end time",-2,15928,15930,4020.5
"Post scheduled trip end time",-2,8472,8474,4020.5
"Post scheduled trip end time",-2,538128,538130,4020.5
"Post scheduled trip end time",-2,14081,14083,4020.5
"Post scheduled trip end time",-2,7452,7454,4020.5
"Post scheduled trip end time",-2,6141,6143,4020.5
"Post scheduled trip end time",-2,15410,15412,4020.5
"Post scheduled trip end time",-2,19206,19208,4020.5
"Post scheduled trip end time",-2,191,193,4020.5
"Post scheduled trip end time",-2,20132,20134,4020.5
"Post scheduled trip end time",-2,5897,5899,4020.5
"Post scheduled trip end time",-2,527988,527990,4020.5
"Post scheduled trip end time",-2,3528,3530,4020.5
"Post scheduled trip end time",-2,14048,14050,4020.5
"Post scheduled trip end time",-2,8866,8868,4020.5
"Post scheduled trip end time",-2,5852,5854,4020.5
"Post scheduled trip end time",-2,17751,17753,4020.5
"Post scheduled trip end time",-2,1572,1574,4020.5
"Post scheduled trip end time",-2,178,180,4020.5
"Post scheduled trip end time",-2,30010,30012,4020.5
"Post scheduled trip end time",-2,18246,18248,4020.5
"Post scheduled trip end time",-2,20726,20728,4020.5
"Post scheduled trip end time",-2,19214,19216,4020.5
"Post scheduled trip end time",-2,12594,12596,4020.5
"Post scheduled trip end time",-2,30592,30594,4020.5
"Post scheduled trip end time",-2,24452,24454,4020.5
"Post scheduled trip end time",-2,22072,22074,4020.5
"Post scheduled trip end time",-2,26632,26634,4020.5
"Post scheduled trip end time",-2,14978,14980,4020.5
"Post scheduled trip end time",-2,15797,15799,4020.5
"Post scheduled trip end time",-2,6018,6020,4020.5
"Post scheduled trip end time",-2,6478,6480,4020.5
"Post scheduled trip end time",-2,13331,13333,4020.5
"Post scheduled trip end time",-2,9745,9747,4020.5
"Post scheduled trip end time",-2,6320,6322,4020.5
"Post scheduled trip end time",-2,9221,9223,4020.5
"Post scheduled trip end time",-2,10485,10487,4020.5
"Post scheduled trip end time",-2,6900,6902,4020.5
"Post scheduled trip end time",-2,3366,3368,4020.5
"Post scheduled trip end time",-2,3766,3768,4020.5
"Post scheduled trip end time",-2,831,833,4020.5
"Post scheduled trip end time",-2,27710,27712,4020.5
"Post scheduled trip end time",-2,16346,16348,4020.5
"Post scheduled trip end time",-2,11190,11192,4020.5
"Post scheduled trip end time",-2,8671,8673,4020.5
"Post scheduled trip end time",-2,32424,32426,4020.5
"Post scheduled trip end time",-2,25812,25814,4020.5
"Post scheduled trip end time",-2,11454,11456,4020.5
"Post scheduled trip end time",-2,20798,20800,4020.5
"Post scheduled trip end time",-2,26982,26984,4020.5
"Post scheduled trip end time",-2,21632,21634,4020.5
"Post scheduled trip end time",-2,15372,15374,4020.5
"Post scheduled trip end time",-2,19292,19294,4020.5
"Post scheduled trip end time",-2,6651,6653,4020.5
"Post scheduled trip end time",-2,18672,18674,4020.5
"Post scheduled trip end time",-2,531048,531050,4020.5
"Post scheduled trip end time",-2,15748,15750,4020.5
"Post scheduled trip end time",-2,945,947,4020.5
"Post scheduled trip end time",-2,9925,9927,4020.5
"Post scheduled trip end time",-2,2314,2316,4020.5
"Post scheduled trip end time",-2,818,820,4020.5
"Post scheduled trip end time",-2,12450,12452,4020.5
"Post scheduled trip end time",-2,22070,22072,4020.5
"Post scheduled trip end time",-2,10081,10083,4020.5
"Post scheduled trip end time",-2,3980,3982,4020.5
"Post scheduled trip end time",-2,20797,20799,4020.5
"Post scheduled trip end time",-2,3895,3897,4020.5
"Post scheduled trip end time",-2,6448,6450,4020.5
"Post scheduled trip end time",-2,14425,14427,4020.5
"Post scheduled trip end time",-2,16981,16983,4020.5
"Post scheduled trip end time",-2,15770,15772,4020.5
"Post scheduled trip end time",-2,1162,1164,4020.5
"Post scheduled trip end time",-2,6351,6353,4020.5
"Post scheduled trip end time",-2,8550,8552,4020.5
"Post scheduled trip end time",-2,20738,20740,4020.5
"Post scheduled trip end time",-2,22178,22180,4020.5
"Post scheduled trip end time",-2,1935,1937,4020.5
"Post scheduled trip end time",-2,21552,21554,4020.5
"Post scheduled trip end time",-2,29372,29374,4020.5
"Post scheduled trip end time",-2,15481,15483,4020.5
"Post scheduled trip end time",-2,5378,5380,4020.5
"Post scheduled trip end time",-2,11668,11670,4020.5
"Post scheduled trip end time",-2,6358,6360,4020.5
"Post scheduled trip end time",-2,3406,3408,4020.5
"Post scheduled trip end time",-2,3241,3243,4020.5
"Post scheduled trip end time",-2,5881,5883,4020.5
"Post scheduled trip end time",-2,14492,14494,4020.5
"Post scheduled trip end time",-2,10941,10943,4020.5
"Post scheduled trip end time",-2,2712,2714,4020.5
"Post scheduled trip end time",-2,16950,16952,4020.5
"Post scheduled trip end time",-2,18250,18252,4020.5
"Post scheduled trip end time",-2,5180,5182,4020.5
"Post scheduled trip end time",-2,12630,12632,4020.5
"Post scheduled trip end time",-2,17118,17120,4020.5
"Post scheduled trip end time",-2,2794,2796,4020.5
"Post scheduled trip end time",-2,9408,9410,4020.5
"Post scheduled trip end time",-2,2179,2181,4020.5
"Post scheduled trip end time",-2,9832,9834,4020.5
"Post scheduled trip end time",-2,15591,15593,4020.5
"Post scheduled trip end time",-2,1070,1072,4020.5
"Post scheduled trip end time",-2,1688,1690,4020.5
"Post scheduled trip end time",-2,3420,3422,4020.5
"Post scheduled trip end time",-2,27810,27812,4020.5
"Post scheduled trip end time",-2,28370,28372,4020.5
"Post scheduled trip end time",-2,20186,20188,4020.5
"Post scheduled trip end time",-2,18554,18556,4020.5
"Post scheduled trip end time",-2,18914,18916,4020.5
"Post scheduled trip end time",-2,33030,33032,4020.5
"Post scheduled trip end time",-2,7910,7912,4020.5
"Post scheduled trip end time",-2,8254,8256,4020.5
"Post scheduled trip end time",-2,11218,11220,4020.5
"Post scheduled trip end time",-2,2329,2331,4020.5
"Post scheduled trip end time",-2,12172,12174,4020.5
"Post scheduled trip end time",-2,6068,6070,4020.5
"Post scheduled trip end time",-2,1658,1660,4020.5
"Post scheduled trip end time",-2,9048,9050,4020.5
"Post scheduled trip end time",-2,9092,9094,4020.5
"Post scheduled trip end time",-2,12248,12250,4020.5
"Post scheduled trip end time",-2,537908,537910,4020.5
"Post scheduled trip end time",-2,539468,539470,4020.5
"Post scheduled trip end time",-2,5980,5982,4020.5
"Post scheduled trip end time",-2,9281,9283,4020.5
"Post scheduled trip end time",-2,12345,12347,4020.5
"Post scheduled trip end time",-2,1392,1394,4020.5
"Post scheduled trip end time",-2,14546,14548,4020.5
"Post scheduled trip end time",-2,10750,10752,4020.5
"Post scheduled trip end time",-2,11650,11652,4020.5
"Post scheduled trip end time",-2,13070,13072,4020.5
"Post scheduled trip end time",-2,20498,20500,4020.5
"Post scheduled trip end time",-2,34652,34654,4020.5
"Post scheduled trip end time",-2,23670,23672,4020.5
"Post scheduled trip end time",-2,1771,1773,4020.5
"Post scheduled trip end time",-2,9137,9139,4020.5
"Post scheduled trip end time",-2,8931,8933,4020.5
"Post scheduled trip end time",-2,3079,3081,4020.5
"Post scheduled trip end time",-2,17932,17934,4020.5
"Post scheduled trip end time",-2,532328,532330,4020.5
"Post scheduled trip end time",-2,7068,7070,4020.5
"Post scheduled trip end time",-2,521988,521990,4020.5
"Post scheduled trip end time",-2,18571,18573,4020.5
"Post scheduled trip end time",-2,16492,16494,4020.5
"Post scheduled trip end time",-2,2069,2071,4020.5
"Post scheduled trip end time",-2,6233,6235,4020.5
"Post scheduled trip end time",-2,18670,18672,4020.5
"Post scheduled trip end time",-2,4513,4515,4020.5
"Post scheduled trip end time",-2,6160,6162,4020.5
"Post scheduled trip end time",-2,32050,32052,4020.5
"Post scheduled trip end time",-2,12440,12442,4020.5
"Post scheduled trip end time",-2,2580,2582,4020.5
"Post scheduled trip end time",-2,16512,16514,4020.5
"Post scheduled trip end time",-2,10661,10663,4020.5
"Post scheduled trip end time",-2,19732,19734,4020.5
"Post scheduled trip end time",-2,7540,7542,4020.5
"Post scheduled trip end time",-2,14897,14899,4020.5
"Post scheduled trip end time",-2,4179,4181,4020.5
"Post scheduled trip end time",-2,7061,7063,4020.5
"Post scheduled trip end time",-2,9541,9543,4020.5
"Post scheduled trip end time",-2,2312,2314,4020.5
"Post scheduled trip end time",-2,18991,18993,4020.5
"Post scheduled trip end time",-2,13710,13712,4020.5
"Post scheduled trip end time",-2,9530,9532,4020.5
"Post scheduled trip end time",-2,789,791,4020.5
"Post scheduled trip end time",-2,284,286,4020.5
"Post scheduled trip end time",-2,18918,18920,4020.5
"Post scheduled trip end time",-2,2220,2222,4020.5
"Post scheduled trip end time",-2,4694,4696,4020.5
"Post scheduled trip end time",-2,11751,11753,4020.5
"Post scheduled trip end time",-2,5311,5313,4020.5
"Post scheduled trip end time",-2,19092,19094,4020.5
"Post scheduled trip end time",-2,6688,6690,4020.5
"Post scheduled trip end time",-2,997,999,4020.5
"Post scheduled trip end time",-2,9692,9694,4020.5
"Post scheduled trip end time",-2,3692,3694,4020.5
"Post scheduled trip end time",-2,7205,7207,4020.5
"Post scheduled trip end time",-2,11821,11823,4020.5
"Post scheduled trip end time",-2,2925,2927,4020.5
"Post scheduled trip end time",-2,16225,16227,4020.5
"Post scheduled trip end time",-2,9792,9794,4020.5
"Post scheduled trip end time",-2,71,73,4020.5
"Post scheduled trip end time",-2,4594,4596,4020.5
"Post scheduled trip end time",-2,2396,2398,4020.5
"Post scheduled trip end time",-2,21146,21148,4020.5
"Post scheduled trip end time",-2,15719,15721,4020.5
"Post scheduled trip end time",-2,20658,20660,4020.5
"Post scheduled trip end time",-2,10380,10382,4020.5
"Post scheduled trip end time",-2,7261,7263,4020.5
"Post scheduled trip end time",-2,8521,8523,4020.5
"Post scheduled trip end time",-2,16812,16814,4020.5
"Post scheduled trip end time",-2,6360,6362,4020.5
"Post scheduled trip end time",-2,20632,20634,4020.5
"Post scheduled trip end time",-2,12051,12053,4020.5
"Post scheduled trip end time",-2,415,417,4020.5
"Post scheduled trip end time",-2,4446,4448,4020.5
"Post scheduled trip end time",-2,13572,13574,4020.5
"Post scheduled trip end time",-2,5321,5323,4020.5
"Post scheduled trip end time",-2,10148,10150,4020.5
"Post scheduled trip end time",-2,14521,14523,4020.5
"Post scheduled trip end time",-2,8420,8422,4020.5
"Post scheduled trip end time",-2,9966,9968,4020.5
"Post scheduled trip end time",-2,20434,20436,4020.5
"Post scheduled trip end time",-2,1106,1108,4020.5
"Post scheduled trip end time",-2,18377,18379,4020.5
"Post scheduled trip end time",-2,18697,18699,4020.5
"Post scheduled trip end time",-2,14958,14960,4020.5
"Post scheduled trip end time",-2,8697,8699,4020.5
"Post scheduled trip end time",-2,9237,9239,4020.5
"Post scheduled trip end time",-2,12772,12774,4020.5
"Post scheduled trip end time",-2,5892,5894,4020.5
"Post scheduled trip end time",-2,6648,6650,4020.5
"Post scheduled trip end time",-2,3248,3250,4020.5
"Post scheduled trip end time",-2,20571,20573,4020.5
"Post scheduled trip end time",-2,17708,17710,4020.5
"Post scheduled trip end time",-2,13886,13888,4020.5
"Post scheduled trip end time",-2,16510,16512,4020.5
"Post scheduled trip end time",-2,13110,13112,4020.5
"Post scheduled trip end time",-2,6094,6096,4020.5
"Post scheduled trip end time",-2,588,590,4020.5
"Post scheduled trip end time",-2,185118,185120,4020.5
"Post scheduled trip end time",-2,1174,1176,4020.5
"Post scheduled trip end time",-2,12934,12936,4020.5
"Post scheduled trip end time",-2,23130,23132,4020.5
"Post scheduled trip end time",-2,29652,29654,4020.5
"Post scheduled trip end time",-2,29672,29674,4020.5
"Post scheduled trip end time",-2,22472,22474,4020.5
"Post scheduled trip end time",-2,14718,14720,4020.5
"Post scheduled trip end time",-2,14331,14333,4020.5
"Post scheduled trip end time",-2,949,951,4020.5
"Post scheduled trip end time",-2,5761,5763,4020.5
"Post scheduled trip end time",-2,4971,4973,4020.5
"Post scheduled trip end time",-2,4008,4010,4020.5
"Post scheduled trip end time",-2,12892,12894,4020.5
"Post scheduled trip end time",-2,16166,16168,4020.5
"Post scheduled trip end time",-2,4300,4302,4020.5
"Post scheduled trip end time",-2,2225,2227,4020.5
"Post scheduled trip end time",-2,2178,2180,4020.5
"Post scheduled trip end time",-2,7520,7522,4020.5
"Post scheduled trip end time",-2,1756,1758,4020.5
"Post scheduled trip end time",-2,19730,19732,4020.5
"Post scheduled trip end time",-2,19750,19752,4020.5
"Post scheduled trip end time",-2,12826,12828,4020.5
"Post scheduled trip end time",-2,389,391,4020.5
"Post scheduled trip end time",-2,5135,5137,4020.5
"Post scheduled trip end time",-2,22218,22220,4020.5
"Post scheduled trip end time",-2,20370,20372,4020.5
"Post scheduled trip end time",-2,8758,8760,4020.5
"Post scheduled trip end time",-2,9592,9594,4020.5
"Post scheduled trip end time",-2,6332,6334,4020.5
"Post scheduled trip end time",-2,1072,1074,4020.5
"Post scheduled trip end time",-2,9952,9954,4020.5
"Post scheduled trip end time",-2,10821,10823,4020.5
"Post scheduled trip end time",-2,3285,3287,4020.5
"Post scheduled trip end time",-2,9830,9832,4020.5
"Post scheduled trip end time",-2,1649,1651,4020.5
"Post scheduled trip end time",-2,968,970,4020.5
"Post scheduled trip end time",-2,556,558,4020.5
"Post scheduled trip end time",-2,5735,5737,4020.5
"Post scheduled trip end time",-2,34152,34154,4020.5
"Post scheduled trip end time",-2,8231,8233,4020.5
"Post scheduled trip end time",-2,14601,14603,4020.5
"Post scheduled trip end time",-2,24212,24214,4020.5
"Post scheduled trip end time",-2,11021,11023,4020.5
"Post scheduled trip end time",-2,12338,12340,4020.5
"Post scheduled trip end time",-2,6800,6802,4020.5
"Post scheduled trip end time",-2,520948,520950,4020.5
"Post scheduled trip end time",-2,521388,521390,4020.5
"Post scheduled trip end time",-2,4417,4419,4020.5
"Post scheduled trip end time",-2,12237,12239,4020.5
"Post scheduled trip end time",-2,15617,15619,4020.5
"Post scheduled trip end time",-2,4959,4961,4020.5
"Post scheduled trip end time",-2,22557,22559,4020.5
"Post scheduled trip end time",-2,522428,522430,4020.5
"Post scheduled trip end time",-2,5368,5370,4020.5
"Post scheduled trip end time",-2,9494,9496,4020.5
"Post scheduled trip end time",-2,15592,15594,4020.5
"Post scheduled trip end time",-2,536848,536850,4020.5
"Post scheduled trip end time",-2,7405,7407,4020.5
"Post scheduled trip end time",-2,16270,16272,4020.5
"Post scheduled trip end time",-2,1112,1114,4020.5
"Post scheduled trip end time",-2,750,752,4020.5
"Post scheduled trip end time",-2,6593,6595,4020.5
"Post scheduled trip end time",-2,11566,11568,4020.5
"Post scheduled trip end time",-2,2738,2740,4020.5
"Post scheduled trip end time",-2,11150,11152,4020.5
"Post scheduled trip end time",-2,18906,18908,4020.5
"Post scheduled trip end time",-2,19126,19128,4020.5
"Post scheduled trip end time",-2,4955,4957,4020.5
"Post scheduled trip end time",-2,16974,16976,4020.5
"Post scheduled trip end time",-2,33052,33054,4020.5
"Post scheduled trip end time",-2,26192,26194,4020.5
"Post scheduled trip end time",-2,11118,11120,4020.5
"Post scheduled trip end time",-2,14421,14423,4020.5
"Post scheduled trip end time",-2,11397,11399,4020.5
"Post scheduled trip end time",-2,7711,7713,4020.5
"Post scheduled trip end time",-2,3409,3411,4020.5
"Post scheduled trip end time",-2,10328,10330,4020.5
"Post scheduled trip end time",-2,1283,1285,4020.5
"Post scheduled trip end time",-2,615,617,4020.5
"Post scheduled trip end time",-2,7310,7312,4020.5
"Post scheduled trip end time",-2,1272,1274,4020.5
"Post scheduled trip end time",-2,772,774,4020.5
"Post scheduled trip end time",-2,8372,8374,4020.5
"Post scheduled trip end time",-2,2678,2680,4020.5
"Post scheduled trip end time",-2,10277,10279,4020.5
"Post scheduled trip end time",-2,3141,3143,4020.5
"Post scheduled trip end time",-2,19850,19852,4020.5
"Post scheduled trip end time",-2,14166,14168,4020.5
"Post scheduled trip end time",-2,12650,12652,4020.5
"Post scheduled trip end time",-2,33110,33112,4020.5
"Post scheduled trip end time",-2,24270,24272,4020.5
"Post scheduled trip end time",-2,14714,14716,4020.5
"Post scheduled trip end time",-2,8760,8762,4020.5
"Post scheduled trip end time",-2,17578,17580,4020.5
"Post scheduled trip end time",-2,31012,31014,4020.5
"Post scheduled trip end time",-2,27852,27854,4020.5
"Post scheduled trip end time",-2,3779,3781,4020.5
"Post scheduled trip end time",-2,11834,11836,4020.5
"Post scheduled trip end time",-2,6828,6830,4020.5
"Post scheduled trip end time",-2,6917,6919,4020.5
"Post scheduled trip end time",-2,3628,3630,4020.5
"Post scheduled trip end time",-2,532028,532030,4020.5
"Post scheduled trip end time",-2,11312,11314,4020.5
"Post scheduled trip end time",-2,27370,27372,4020.5
"Post scheduled trip end time",-2,3615,3617,4020.5
"Post scheduled trip end time",-2,439,441,4020.5
"Post scheduled trip end time",-2,15758,15760,4020.5
"Post scheduled trip end time",-2,8620,8622,4020.5
"Post scheduled trip end time",-2,7814,7816,4020.5
"Post scheduled trip end time",-2,20932,20934,4020.5
"Post scheduled trip end time",-2,5637,5639,4020.5
"Post scheduled trip end time",-2,4879,4881,4020.5
"Post scheduled trip end time",-2,17692,17694,4020.5
"Post scheduled trip end time",-2,7568,7570,4020.5
"Post scheduled trip end time",-2,3726,3728,4020.5
"Post scheduled trip end time",-2,4012,4014,4020.5
"Post scheduled trip end time",-2,2661,2663,4020.5
"Post scheduled trip end time",-2,9532,9534,4020.5
"Post scheduled trip end time",-2,8868,8870,4020.5
"Post scheduled trip end time",-2,537148,537150,4020.5
"Post scheduled trip end time",-2,5145,5147,4020.5
"Post scheduled trip end time",-2,11701,11703,4020.5
"Post scheduled trip end time",-2,14605,14607,4020.5
"Post scheduled trip end time",-2,59,61,4020.5
"Post scheduled trip end time",-2,2830,2832,4020.5
"Post scheduled trip end time",-2,1547,1549,4020.5
"Post scheduled trip end time",-2,2780,2782,4020.5
"Post scheduled trip end time",-2,27724,27726,4020.5
"Post scheduled trip end time",-2,16290,16292,4020.5
"Post scheduled trip end time",-2,33112,33114,4020.5
"Post scheduled trip end time",-2,159,161,4020.5
"Post scheduled trip end time",-2,19677,19679,4020.5
"Post scheduled trip end time",-2,78,80,4020.5
"Post scheduled trip end time",-2,12058,12060,4020.5
"Post scheduled trip end time",-2,13258,13260,4020.5
"Post scheduled trip end time",-2,8691,8693,4020.5
"Post scheduled trip end time",-2,11794,11796,4020.5
"Post scheduled trip end time",-2,10834,10836,4020.5
"Post scheduled trip end time",-2,3272,3274,4020.5
"Post scheduled trip end time",-2,2988,2990,4020.5
"Post scheduled trip end time",-2,3968,3970,4020.5
"Post scheduled trip end time",-2,6792,6794,4020.5
"Post scheduled trip end time",-2,7892,7894,4020.5
"Post scheduled trip end time",-2,8812,8814,4020.5
"Post scheduled trip end time",-2,783,785,4020.5
"Post scheduled trip end time",-2,3332,3334,4020.5
"Post scheduled trip end time",-2,114,116,4020.5
"Post scheduled trip end time",-2,14970,14972,4020.5
"Post scheduled trip end time",-2,18454,18456,4020.5
"Post scheduled trip end time",-2,249,251,4020.5
"Post scheduled trip end time",-2,1206,1208,4020.5
"Post scheduled trip end time",-2,26670,26672,4020.5
"Post scheduled trip end time",-2,5189,5191,4020.5
"Post scheduled trip end time",-2,7810,7812,4020.5
"Post scheduled trip end time",-2,30012,30014,4020.5
"Post scheduled trip end time",-2,1227,1229,4020.5
"Post scheduled trip end time",-2,503,505,4020.5
"Post scheduled trip end time",-2,4709,4711,4020.5
"Post scheduled trip end time",-2,532568,532570,4020.5
"Post scheduled trip end time",-2,4488,4490,4020.5
"Post scheduled trip end time",-2,11471,11473,4020.5
"Post scheduled trip end time",-2,6372,6374,4020.5
"Post scheduled trip end time",-2,2115,2117,4020.5
"Post scheduled trip end time",-2,1,3,4020.5
"Post scheduled trip end time",-2,1856,1858,4020.5
"Post scheduled trip end time",-2,4126,4128,4020.5
"Post scheduled trip end time",-2,19606,19608,4020.5
"Post scheduled trip end time",-2,3495,3497,4020.5
"Post scheduled trip end time",-2,24732,24734,4020.5
"Post scheduled trip end time",-2,510,512,4020.5
"Post scheduled trip end time",-2,14471,14473,4020.5
"Post scheduled trip end time",-2,1289,1291,4020.5
"Post scheduled trip end time",-2,3781,3783,4020.5
"Post scheduled trip end time",-2,534528,534530,4020.5
"Post scheduled trip end time",-2,13152,13154,4020.5
"Post scheduled trip end time",-2,6908,6910,4020.5
"Post scheduled trip end time",-2,537988,537990,4020.5
"Post scheduled trip end time",-2,9445,9447,4020.5
"Post scheduled trip end time",-2,716,718,4020.5
"Post scheduled trip end time",-2,315,317,4020.5
"Post scheduled trip end time",-2,2499,2501,4020.5
"Post scheduled trip end time",-2,12745,12747,4020.5
"Post scheduled trip end time",-2,3550,3552,4020.5
"Post scheduled trip end time",-2,365,367,4020.5
"Post scheduled trip end time",-2,6611,6613,4020.5
"Post scheduled trip end time",-2,29750,29752,4020.5
"Post scheduled trip end time",-2,18526,18528,4020.5
"Post scheduled trip end time",-2,14050,14052,4020.5
"Post scheduled trip end time",-2,12034,12036,4020.5
"Post scheduled trip end time",-2,24830,24832,4020.5
"Post scheduled trip end time",-2,22330,22332,4020.5
"Post scheduled trip end time",-2,21172,21174,4020.5
"Post scheduled trip end time",-2,5171,5173,4020.5
"Post scheduled trip end time",-2,1087,1089,4020.5
"Post scheduled trip end time",-2,629,631,4020.5
"Post scheduled trip end time",-2,4048,4050,4020.5
"Post scheduled trip end time",-2,12472,12474,4020.5
"Post scheduled trip end time",-2,1563,1565,4020.5
"Post scheduled trip end time",-2,528928,528930,4020.5
"Post scheduled trip end time",-2,532148,532150,4020.5
"Post scheduled trip end time",-2,938,940,4020.5
"Post scheduled trip end time",-2,2752,2754,4020.5
"Post scheduled trip end time",-2,14326,14328,4020.5
"Post scheduled trip end time",-2,9337,9339,4020.5
"Post scheduled trip end time",-2,11581,11583,4020.5
"Post scheduled trip end time",-2,1103,1105,4020.5
"Post scheduled trip end time",-2,6054,6056,4020.5
"Post scheduled trip end time",-2,6754,6756,4020.5
"Post scheduled trip end time",-2,5573,5575,4020.5
"Post scheduled trip end time",-2,17730,17732,4020.5
"Post scheduled trip end time",-2,4406,4408,4020.5
"Post scheduled trip end time",-2,6171,6173,4020.5
"Post scheduled trip end time",-2,6571,6573,4020.5
"Post scheduled trip end time",-2,1068,1070,4020.5
"Post scheduled trip end time",-2,10414,10416,4020.5
"Post scheduled trip end time",-2,7014,7016,4020.5
"Post scheduled trip end time",-2,16818,16820,4020.5
"Post scheduled trip end time",-2,23152,23154,4020.5
"Post scheduled trip end time",-2,10014,10016,4020.5
"Post scheduled trip end time",-2,23612,23614,4020.5
"Post scheduled trip end time",-2,617,619,4020.5
"Post scheduled trip end time",-2,9537,9539,4020.5
"Post scheduled trip end time",-2,1117,1119,4020.5
"Post scheduled trip end time",-2,8081,8083,4020.5
"Post scheduled trip end time",-2,531908,531910,4020.5
"Post scheduled trip end time",-2,15728,15730,4020.5
"Post scheduled trip end time",-2,17472,17474,4020.5
"Post scheduled trip end time",-2,8066,8068,4020.5
"Post scheduled trip end time",-2,928,930,4020.5
"Post scheduled trip end time",-2,81,83,4020.5
"Post scheduled trip end time",-2,9730,9732,4020.5
"Post scheduled trip end time",-2,987,989,4020.5
"Post scheduled trip end time",-2,6293,6295,4020.5
"Post scheduled trip end time",-2,28790,28792,4020.5
"Post scheduled trip end time",-2,548,550,4020.5
"Post scheduled trip end time",-2,13034,13036,4020.5
"Post scheduled trip end time",-2,24804,24806,4020.5
"Post scheduled trip end time",-2,15334,15336,4020.5
"Post scheduled trip end time",-2,16754,16756,4020.5
"Post scheduled trip end time",-2,7834,7836,4020.5
"Post scheduled trip end time",-2,4191,4193,4020.5
"Post scheduled trip end time",-2,3826,3828,4020.5
"Post scheduled trip end time",-2,3901,3903,4020.5
"Post scheduled trip end time",-2,542488,542490,4020.5
"Post scheduled trip end time",-2,9151,9153,4020.5
"Post scheduled trip end time",-2,3405,3407,4020.5
"Post scheduled trip end time",-2,16805,16807,4020.5
"Post scheduled trip end time",-2,6090,6092,4020.5
"Post scheduled trip end time",-2,1260,1262,4020.5
"Post scheduled trip end time",-2,31990,31992,4020.5
"Post scheduled trip end time",-2,1815,1817,4020.5
"Post scheduled trip end time",-2,189,191,4020.5
"Post scheduled trip end time",-2,14641,14643,4020.5
"Post scheduled trip end time",-2,7374,7376,4020.5
"Post scheduled trip end time",-2,15921,15923,4020.5
"Post scheduled trip end time",-2,4434,4436,4020.5
"Post scheduled trip end time",-2,2486,2488,4020.5
"Post scheduled trip end time",-2,20057,20059,4020.5
"Post scheduled trip end time",-2,423,425,4020.5
"Post scheduled trip end time",-2,2972,2974,4020.5
"Post scheduled trip end time",-2,15691,15693,4020.5
"Post scheduled trip end time",-2,12805,12807,4020.5
"Post scheduled trip end time",-2,2301,2303,4020.5
"Post scheduled trip end time",-2,3070,3072,4020.5
"Post scheduled trip end time",-2,3174,3176,4020.5
"Post scheduled trip end time",-2,2269,2271,4020.5
"Post scheduled trip end time",-2,3783,3785,4020.5
"Post scheduled trip end time",-2,3594,3596,4020.5
"Post scheduled trip end time",-2,19130,19132,4020.5
"Post scheduled trip end time",-2,7114,7116,4020.5
"Post scheduled trip end time",-2,5200,5202,4020.5
"Post scheduled trip end time",-2,21918,21920,4020.5
"Post scheduled trip end time",-2,27652,27654,4020.5
"Post scheduled trip end time",-2,35492,35494,4020.5
"Post scheduled trip end time",-2,24470,24472,4020.5
"Post scheduled trip end time",-2,2853,2855,4020.5
"Post scheduled trip end time",-2,15215,15217,4020.5
"Post scheduled trip end time",-2,11934,11936,4020.5
"Post scheduled trip end time",-2,5538,5540,4020.5
"Post scheduled trip end time",-2,745,747,4020.5
"Post scheduled trip end time",-2,20397,20399,4020.5
"Post scheduled trip end time",-2,524928,524930,4020.5
"Post scheduled trip end time",-2,540848,540850,4020.5
"Post scheduled trip end time",-2,17532,17534,4020.5
"Post scheduled trip end time",-2,8834,8836,4020.5
"Post scheduled trip end time",-2,10781,10783,4020.5
"Post scheduled trip end time",-2,5580,5582,4020.5
"Post scheduled trip end time",-2,13565,13567,4020.5
"Post scheduled trip end time",-2,15085,15087,4020.5
"Post scheduled trip end time",-2,3581,3583,4020.5
"Post scheduled trip end time",-2,2990,2992,4020.5
"Post scheduled trip end time",-2,2198,2200,4020.5
"Post scheduled trip end time",-2,13490,13492,4020.5
"Post scheduled trip end time",-2,9646,9648,4020.5
"Post scheduled trip end time",-2,3480,3482,4020.5
"Post scheduled trip end time",-2,19147,19149,4020.5
"Post scheduled trip end time",-2,27172,27174,4020.5
"Post scheduled trip end time",-2,14074,14076,4020.5
"Post scheduled trip end time",-2,9770,9772,4020.5
"Post scheduled trip end time",-2,28592,28594,4020.5
"Post scheduled trip end time",-2,8720,8722,4020.5
"Post scheduled trip end time",-2,25412,25414,4020.5
"Post scheduled trip end time",-2,28172,28174,4020.5
"Post scheduled trip end time",-2,12411,12413,4020.5
"Post scheduled trip end time",-2,7650,7652,4020.5
"Post scheduled trip end time",-2,871,873,4020.5
"Post scheduled trip end time",-2,13254,13256,4020.5
"Post scheduled trip end time",-2,5478,5480,4020.5
"Post scheduled trip end time",-2,1953,1955,4020.5
"Post scheduled trip end time",-2,21877,21879,4020.5
"Post scheduled trip end time",-2,6750,6752,4020.5
"Post scheduled trip end time",-2,1646,1648,4020.5
"Post scheduled trip end time",-2,6805,6807,4020.5
"Post scheduled trip end time",-2,7265,7267,4020.5
"Post scheduled trip end time",-2,2470,2472,4020.5
"Post scheduled trip end time",-2,1824,1826,4020.5
"Post scheduled trip end time",-2,16101,16103,4020.5
"Post scheduled trip end time",-2,383,385,4020.5
"Post scheduled trip end time",-2,1167,1169,4020.5
"Post scheduled trip end time",-2,1887,1889,4020.5
"Post scheduled trip end time",-2,5354,5356,4020.5
"Post scheduled trip end time",-2,33630,33632,4020.5
"Post scheduled trip end time",-2,2391,2393,4020.5
"Post scheduled trip end time",-2,16978,16980,4020.5
"Post scheduled trip end time",-2,9037,9039,4020.5
"Post scheduled trip end time",-2,13477,13479,4020.5
"Post scheduled trip end time",-2,5141,5143,4020.5
"Post scheduled trip end time",-2,1819,1821,4020.5
"Post scheduled trip end time",-2,3161,3163,4020.5
"Post scheduled trip end time",-2,5630,5632,4020.5
"Post scheduled trip end time",-2,7090,7092,4020.5
"Post scheduled trip end time",-2,932,934,4020.5
"Post scheduled trip end time",-2,1034,1036,4020.5
"Post scheduled trip end time",-2,3054,3056,4020.5
"Post scheduled trip end time",-2,1898,1900,4020.5
"Post scheduled trip end time",-2,5926,5928,4020.5
"Post scheduled trip end time",-2,16586,16588,4020.5
"Post scheduled trip end time",-2,1230,1232,4020.5
"Post scheduled trip end time",-2,31484,31486,4020.5
"Post scheduled trip end time",-2,16594,16596,4020.5
"Post scheduled trip end time",-2,20270,20272,4020.5
"Post scheduled trip end time",-2,16618,16620,4020.5
"Post scheduled trip end time",-2,18178,18180,4020.5
"Post scheduled trip end time",-2,9441,9443,4020.5
"Post scheduled trip end time",-2,1906,1908,4020.5
"Post scheduled trip end time",-2,7451,7453,4020.5
"Post scheduled trip end time",-2,6394,6396,4020.5
"Post scheduled trip end time",-2,8412,8414,4020.5
"Post scheduled trip end time",-2,456,458,4020.5
"Post scheduled trip end time",-2,8225,8227,4020.5
"Post scheduled trip end time",-2,7220,7222,4020.5
"Post scheduled trip end time",-2,3226,3228,4020.5
"Post scheduled trip end time",-2,3320,3322,4020.5
"Post scheduled trip end time",-2,27884,27886,4020.5
"Post scheduled trip end time",-2,27832,27834,4020.5
"Post scheduled trip end time",-2,2855,2857,4020.5
"Post scheduled trip end time",-2,15874,15876,4020.5
"Post scheduled trip end time",-2,18957,18959,4020.5
"Post scheduled trip end time",-2,10280,10282,4020.5
"Post scheduled trip end time",-2,31392,31394,4020.5
"Post scheduled trip end time",-2,22592,22594,4020.5
"Post scheduled trip end time",-2,3294,3296,4020.5
"Post scheduled trip end time",-2,14031,14033,4020.5
"Post scheduled trip end time",-2,3197,3199,4020.5
"Post scheduled trip end time",-2,5217,5219,4020.5
"Post scheduled trip end time",-2,12972,12974,4020.5
"Post scheduled trip end time",-2,10348,10350,4020.5
"Post scheduled trip end time",-2,1561,1563,4020.5
"Post scheduled trip end time",-2,9070,9072,4020.5
"Post scheduled trip end time",-2,153,155,4020.5
"Post scheduled trip end time",-2,31384,31386,4020.5
"Post scheduled trip end time",-2,25252,25254,4020.5
"Post scheduled trip end time",-2,20858,20860,4020.5
"Post scheduled trip end time",-2,7390,7392,4020.5
"Post scheduled trip end time",-2,17332,17334,4020.5
"Post scheduled trip end time",-2,27952,27954,4020.5
"Post scheduled trip end time",-2,11037,11039,4020.5
"Post scheduled trip end time",-2,9874,9876,4020.5
"Post scheduled trip end time",-2,20032,20034,4020.5
"Post scheduled trip end time",-2,3277,3279,4020.5
"Post scheduled trip end time",-2,3638,3640,4020.5
"Post scheduled trip end time",-2,6886,6888,4020.5
"Post scheduled trip end time",-2,655,657,4020.5
"Post scheduled trip end time",-2,934,936,4020.5
"Post scheduled trip end time",-2,1794,1796,4020.5
"Post scheduled trip end time",-2,109,111,4020.5
"Post scheduled trip end time",-2,29190,29192,4020.5
"Post scheduled trip end time",-2,239,241,4020.5
"Post scheduled trip end time",-2,2973,2975,4020.5
"Post scheduled trip end time",-2,2275,2277,4020.5
"Post scheduled trip end time",-2,18017,18019,4020.5
"Post scheduled trip end time",-2,89,91,4020.5
"Post scheduled trip end time",-2,11138,11140,4020.5
"Post scheduled trip end time",-2,24192,24194,4020.5
"Post scheduled trip end time",-2,13901,13903,4020.5
"Post scheduled trip end time",-2,15275,15277,4020.5
"Post scheduled trip end time",-2,12592,12594,4020.5
"Post scheduled trip end time",-2,7821,7823,4020.5
"Post scheduled trip end time",-2,8161,8163,4020.5
"Post scheduled trip end time",-2,18312,18314,4020.5
"Post scheduled trip end time",-2,5220,5222,4020.5
"Post scheduled trip end time",-2,2732,2734,4020.5
"Post scheduled trip end time",-2,2981,2983,4020.5
"Post scheduled trip end time",-2,5665,5667,4020.5
"Post scheduled trip end time",-2,17605,17607,4020.5
"Post scheduled trip end time",-2,1450,1452,4020.5
"Post scheduled trip end time",-2,7406,7408,4020.5
"Post scheduled trip end time",-2,3380,3382,4020.5
"Post scheduled trip end time",-2,9470,9472,4020.5
"Post scheduled trip end time",-2,721,723,4020.5
"Post scheduled trip end time",-2,20198,20200,4020.5
"Post scheduled trip end time",-2,21178,21180,4020.5
"Post scheduled trip end time",-2,363,365,4020.5
"Post scheduled trip end time",-2,5369,5371,4020.5
"Post scheduled trip end time",-2,9350,9352,4020.5
"Post scheduled trip end time",-2,18012,18014,4020.5
"Post scheduled trip end time",-2,6951,6953,4020.5
"Post scheduled trip end time",-2,14391,14393,4020.5
"Post scheduled trip end time",-2,534028,534030,4020.5
"Post scheduled trip end time",-2,534328,534330,4020.5
"Post scheduled trip end time",-2,13032,13034,4020.5
"Post scheduled trip end time",-2,526768,526770,4020.5
"Post scheduled trip end time",-2,11886,11888,4020.5
"Post scheduled trip end time",-2,1879,1881,4020.5
"Post scheduled trip end time",-2,12526,12528,4020.5
"Post scheduled trip end time",-2,539288,539290,4020.5
"Post scheduled trip end time",-2,6712,6714,4020.5
"Post scheduled trip end time",-2,16830,16832,4020.5
"Post scheduled trip end time",-2,790,792,4020.5
"Post scheduled trip end time",-2,32930,32932,4020.5
"Post scheduled trip end time",-2,33192,33194,4020.5
"Post scheduled trip end time",-2,3255,3257,4020.5
"Post scheduled trip end time",-2,9680,9682,4020.5
"Post scheduled trip end time",-2,10040,10042,4020.5
"Post scheduled trip end time",-2,25852,25854,4020.5
"Post scheduled trip end time",-2,7057,7059,4020.5
"Post scheduled trip end time",-2,11657,11659,4020.5
"Post scheduled trip end time",-2,20472,20474,4020.5
"Post scheduled trip end time",-2,5477,5479,4020.5
"Post scheduled trip end time",-2,530988,530990,4020.5
"Post scheduled trip end time",-2,577,579,4020.5
"Post scheduled trip end time",-2,2943,2945,4020.5
"Post scheduled trip end time",-2,214,216,4020.5
"Post scheduled trip end time",-2,4054,4056,4020.5
"Post scheduled trip end time",-2,8646,8648,4020.5
"Post scheduled trip end time",-2,24050,24052,4020.5
"Post scheduled trip end time",-2,25630,25632,4020.5
"Post scheduled trip end time",-2,7354,7356,4020.5
"Post scheduled trip end time",-2,22192,22194,4020.5
"Post scheduled trip end time",-2,8094,8096,4020.5
"Post scheduled trip end time",-2,1080,1082,4020.5
"Post scheduled trip end time",-2,3220,3222,4020.5
"Post scheduled trip end time",-2,5917,5919,4020.5
"Post scheduled trip end time",-2,14475,14477,4020.5
"Post scheduled trip end time",-2,11197,11199,4020.5
"Post scheduled trip end time",-2,3979,3981,4020.5
"Post scheduled trip end time",-2,4778,4780,4020.5
"Post scheduled trip end time",-2,917,919,4020.5
"Post scheduled trip end time",-2,5168,5170,4020.5
"Post scheduled trip end time",-2,358,360,4020.5
"Post scheduled trip end time",-2,522948,522950,4020.5
"Post scheduled trip end time",-2,4721,4723,4020.5
"Post scheduled trip end time",-2,532128,532130,4020.5
"Post scheduled trip end time",-2,17892,17894,4020.5
"Post scheduled trip end time",-2,4452,4454,4020.5
"Post scheduled trip end time",-2,16251,16253,4020.5
"Post scheduled trip end time",-2,5126,5128,4020.5
"Post scheduled trip end time",-2,8710,8712,4020.5
"Post scheduled trip end time",-2,212,214,4020.5
"Post scheduled trip end time",-2,1492,1494,4020.5
"Post scheduled trip end time",-2,2274,2276,4020.5
"Post scheduled trip end time",-2,6480,6482,4020.5
"Post scheduled trip end time",-2,761,763,4020.5
"Post scheduled trip end time",-2,34012,34014,4020.5
"Post scheduled trip end time",-2,13214,13216,4020.5
"Post scheduled trip end time",-2,1246,1248,4020.5
"Post scheduled trip end time",-2,1595,1597,4020.5
"Post scheduled trip end time",-2,19057,19059,4020.5
"Post scheduled trip end time",-2,3051,3053,4020.5
"Post scheduled trip end time",-2,4140,4142,4020.5
"Post scheduled trip end time",-2,6271,6273,4020.5
"Post scheduled trip end time",-2,3039,3041,4020.5
"Post scheduled trip end time",-2,3299,3301,4020.5
"Post scheduled trip end time",-2,16588,16590,4020.5
"Post scheduled trip end time",-2,413,415,4020.5
"Post scheduled trip end time",-2,5012,5014,4020.5
"Post scheduled trip end time",-2,925,927,4020.5
"Post scheduled trip end time",-2,538608,538610,4020.5
"Post scheduled trip end time",-2,868,870,4020.5
"Post scheduled trip end time",-2,224,226,4020.5
"Post scheduled trip end time",-2,1552,1554,4020.5
"Post scheduled trip end time",-2,6101,6103,4020.5
"Post scheduled trip end time",-2,6193,6195,4020.5
"Post scheduled trip end time",-2,4693,4695,4020.5
"Post scheduled trip end time",-2,27564,27566,4020.5
"Post scheduled trip end time",-2,29590,29592,4020.5
"Post scheduled trip end time",-2,18834,18836,4020.5
"Post scheduled trip end time",-2,20294,20296,4020.5
"Post scheduled trip end time",-2,34572,34574,4020.5
"Post scheduled trip end time",-2,7071,7073,4020.5
"Post scheduled trip end time",-2,26230,26232,4020.5
"Post scheduled trip end time",-2,14994,14996,4020.5
"Post scheduled trip end time",-2,8101,8103,4020.5
"Post scheduled trip end time",-2,11601,11603,4020.5
"Post scheduled trip end time",-2,12017,12019,4020.5
"Post scheduled trip end time",-2,735,737,4020.5
"Post scheduled trip end time",-2,2989,2991,4020.5
"Post scheduled trip end time",-2,953,955,4020.5
"Post scheduled trip end time",-2,10612,10614,4020.5
"Post scheduled trip end time",-2,3948,3950,4020.5
"Post scheduled trip end time",-2,541548,541550,4020.5
"Post scheduled trip end time",-2,2952,2954,4020.5
"Post scheduled trip end time",-2,537708,537710,4020.5
"Post scheduled trip end time",-2,11445,11447,4020.5
"Post scheduled trip end time",-2,12625,12627,4020.5
"Post scheduled trip end time",-2,2769,2771,4020.5
"Post scheduled trip end time",-2,5781,5783,4020.5
"Post scheduled trip end time",-2,1747,1749,4020.5
"Post scheduled trip end time",-2,272,274,4020.5
"Post scheduled trip end time",-2,20846,20848,4020.5
"Post scheduled trip end time",-2,-5,-3,4020.5
"Post scheduled trip end time",-2,14950,14952,4020.5
"Post scheduled trip end time",-2,5655,5657,4020.5
"Post scheduled trip end time",-2,19134,19136,4020.5
"Post scheduled trip end time",-2,34130,34132,4020.5
"Post scheduled trip end time",-2,19518,19520,4020.5
"Post scheduled trip end time",-2,22578,22580,4020.5
"Post scheduled trip end time",-2,25050,25052,4020.5
"Post scheduled trip end time",-2,15814,15816,4020.5
"Post scheduled trip end time",-2,1177,1179,4020.5
"Post scheduled trip end time",-2,4689,4691,4020.5
"Post scheduled trip end time",-2,21337,21339,4020.5
"Post scheduled trip end time",-2,4168,4170,4020.5
"Post scheduled trip end time",-2,525608,525610,4020.5
"Post scheduled trip end time",-2,11586,11588,4020.5
"Post scheduled trip end time",-2,659,661,4020.5
"Post scheduled trip end time",-2,15545,15547,4020.5
"Post scheduled trip end time",-2,8271,8273,4020.5
"Post scheduled trip end time",-2,15050,15052,4020.5
"Post scheduled trip end time",-2,26552,26554,4020.5
"Post scheduled trip end time",-2,13414,13416,4020.5
"Post scheduled trip end time",-2,1715,1717,4020.5
"Post scheduled trip end time",-2,7780,7782,4020.5
"Post scheduled trip end time",-2,9520,9522,4020.5
"Post scheduled trip end time",-2,11278,11280,4020.5
"Post scheduled trip end time",-2,521028,521030,4020.5
"Post scheduled trip end time",-2,10991,10993,4020.5
"Post scheduled trip end time",-2,11648,11650,4020.5
"Post scheduled trip end time",-2,843,845,4020.5
"Post scheduled trip end time",-2,530808,530810,4020.5
"Post scheduled trip end time",-2,326,328,4020.5
"Post scheduled trip end time",-2,8531,8533,4020.5
"Post scheduled trip end time",-2,8645,8647,4020.5
"Post scheduled trip end time",-2,9405,9407,4020.5
"Post scheduled trip end time",-2,13225,13227,4020.5
"Post scheduled trip end time",-2,583,585,4020.5
"Post scheduled trip end time",-2,3721,3723,4020.5
"Post scheduled trip end time",-2,2814,2816,4020.5
"Post scheduled trip end time",-2,828,830,4020.5
"Post scheduled trip end time",-2,4846,4848,4020.5
"Post scheduled trip end time",-2,26004,26006,4020.5
"Post scheduled trip end time",-2,11170,11172,4020.5
"Post scheduled trip end time",-2,884,886,4020.5
"Post scheduled trip end time",-2,26610,26612,4020.5
"Post scheduled trip end time",-2,4415,4417,4020.5
"Post scheduled trip end time",-2,21472,21474,4020.5
"Post scheduled trip end time",-2,16118,16120,4020.5
"Post scheduled trip end time",-2,26732,26734,4020.5
"Post scheduled trip end time",-2,520248,520250,4020.5
"Post scheduled trip end time",-2,7111,7113,4020.5
"Post scheduled trip end time",-2,12174,12176,4020.5
"Post scheduled trip end time",-2,3972,3974,4020.5
"Post scheduled trip end time",-2,530728,530730,4020.5
"Post scheduled trip end time",-2,2139,2141,4020.5
"Post scheduled trip end time",-2,2016,2018,4020.5
"Post scheduled trip end time",-2,11665,11667,4020.5
"Post scheduled trip end time",-2,978,980,4020.5
"Post scheduled trip end time",-2,15090,15092,4020.5
"Post scheduled trip end time",-2,10946,10948,4020.5
"Post scheduled trip end time",-2,12126,12128,4020.5
"Post scheduled trip end time",-2,30432,30434,4020.5
"Post scheduled trip end time",-2,31632,31634,4020.5
"Post scheduled trip end time",-2,1754,1756,4020.5
"Post scheduled trip end time",-2,10617,10619,4020.5
"Post scheduled trip end time",-2,3219,3221,4020.5
"Post scheduled trip end time",-2,527128,527130,4020.5
"Post scheduled trip end time",-2,5780,5782,4020.5
"Post scheduled trip end time",-2,7492,7494,4020.5
"Post scheduled trip end time",-2,3678,3680,4020.5
"Post scheduled trip end time",-2,10261,10263,4020.5
"Post scheduled trip end time",-2,9651,9653,4020.5
"Post scheduled trip end time",-2,13008,13010,4020.5
"Post scheduled trip end time",-2,8466,8468,4020.5
"Post scheduled trip end time",-2,3625,3627,4020.5
"Post scheduled trip end time",-2,12565,12567,4020.5
"Post scheduled trip end time",-2,10410,10412,4020.5
"Post scheduled trip end time",-2,18990,18992,4020.5
"Post scheduled trip end time",-2,15086,15088,4020.5
"Post scheduled trip end time",-2,32650,32652,4020.5
"Post scheduled trip end time",-2,369,371,4020.5
"Post scheduled trip end time",-2,582,584,4020.5
"Post scheduled trip end time",-2,23170,23172,4020.5
"Post scheduled trip end time",-2,17698,17700,4020.5
"Post scheduled trip end time",-2,10800,10802,4020.5
"Post scheduled trip end time",-2,2049,2051,4020.5
"Post scheduled trip end time",-2,633,635,4020.5
"Post scheduled trip end time",-2,2468,2470,4020.5
"Post scheduled trip end time",-2,19431,19433,4020.5
"Post scheduled trip end time",-2,5052,5054,4020.5
"Post scheduled trip end time",-2,4418,4420,4020.5
"Post scheduled trip end time",-2,14085,14087,4020.5
"Post scheduled trip end time",-2,12265,12267,4020.5
"Post scheduled trip end time",-2,2234,2236,4020.5
"Post scheduled trip end time",-2,62,64,4020.5
"Post scheduled trip end time",-2,1487,1489,4020.5
"Post scheduled trip end time",-2,3193,3195,4020.5
"Post scheduled trip end time",-2,3970,3972,4020.5
"Post scheduled trip end time",-2,7670,7672,4020.5
"Post scheduled trip end time",-2,5155,5157,4020.5
"Post scheduled trip end time",-2,18757,18759,4020.5
"Post scheduled trip end time",-2,700,702,4020.5
"Post scheduled trip end time",-2,20652,20654,4020.5
"Post scheduled trip end time",-2,5179,5181,4020.5
"Post scheduled trip end time",-2,11188,11190,4020.5
"Post scheduled trip end time",-2,9588,9590,4020.5
"Post scheduled trip end time",-2,5228,5230,4020.5
"Post scheduled trip end time",-2,11651,11653,4020.5
"Post scheduled trip end time",-2,15851,15853,4020.5
"Post scheduled trip end time",-2,6865,6867,4020.5
"Post scheduled trip end time",-2,6330,6332,4020.5
"Post scheduled trip end time",-2,474,476,4020.5
"Post scheduled trip end time",-2,298,300,4020.5
"Post scheduled trip end time",-2,3734,3736,4020.5
"Post scheduled trip end time",-2,12446,12448,4020.5
"Post scheduled trip end time",-2,1633,1635,4020.5
"Post scheduled trip end time",-2,26412,26414,4020.5
"Post scheduled trip end time",-2,1456,1458,4020.5
"Post scheduled trip end time",-2,24110,24112,4020.5
"Post scheduled trip end time",-2,10670,10672,4020.5
"Post scheduled trip end time",-2,9598,9600,4020.5
"Post scheduled trip end time",-2,2094,2096,4020.5
"Post scheduled trip end time",-2,12954,12956,4020.5
"Post scheduled trip end time",-2,7218,7220,4020.5
"Post scheduled trip end time",-2,4697,4699,4020.5
"Post scheduled trip end time",-2,9188,9190,4020.5
"Post scheduled trip end time",-2,9808,9810,4020.5
"Post scheduled trip end time",-2,1957,1959,4020.5
"Post scheduled trip end time",-2,539928,539930,4020.5
"Post scheduled trip end time",-2,1092,1094,4020.5
"Post scheduled trip end time",-2,9452,9454,4020.5
"Post scheduled trip end time",-2,2612,2614,4020.5
"Post scheduled trip end time",-2,5092,5094,4020.5
"Post scheduled trip end time",-2,10730,10732,4020.5
"Post scheduled trip end time",-2,4063,4065,4020.5
"Post scheduled trip end time",-2,16930,16932,4020.5
"Post scheduled trip end time",-2,15646,15648,4020.5
"Post scheduled trip end time",-2,10830,10832,4020.5
"Post scheduled trip end time",-2,14490,14492,4020.5
"Post scheduled trip end time",-2,3333,3335,4020.5
"Post scheduled trip end time",-2,5029,5031,4020.5
"Post scheduled trip end time",-2,7694,7696,4020.5
"Post scheduled trip end time",-2,11321,11323,4020.5
"Post scheduled trip end time",-2,13198,13200,4020.5
"Post scheduled trip end time",-2,26692,26694,4020.5
"Post scheduled trip end time",-2,5997,5999,4020.5
"Post scheduled trip end time",-2,1533,1535,4020.5
"Post scheduled trip end time",-2,3008,3010,4020.5
"Post scheduled trip end time",-2,523748,523750,4020.5
"Post scheduled trip end time",-2,2232,2234,4020.5
"Post scheduled trip end time",-2,10092,10094,4020.5
"Post scheduled trip end time",-2,2052,2054,4020.5
"Post scheduled trip end time",-2,16052,16054,4020.5
"Post scheduled trip end time",-2,11085,11087,4020.5
"Post scheduled trip end time",-2,17585,17587,4020.5
"Post scheduled trip end time",-2,11430,11432,4020.5
"Post scheduled trip end time",-2,424,426,4020.5
"Post scheduled trip end time",-2,6980,6982,4020.5
"Post scheduled trip end time",-2,967,969,4020.5
"Post scheduled trip end time",-2,4294,4296,4020.5
"Post scheduled trip end time",-2,4534,4536,4020.5
"Post scheduled trip end time",-2,425,427,4020.5
"Post scheduled trip end time",-2,13830,13832,4020.5
"Post scheduled trip end time",-2,29944,29946,4020.5
"Post scheduled trip end time",-2,22030,22032,4020.5
"Post scheduled trip end time",-2,7777,7779,4020.5
"Post scheduled trip end time",-2,527648,527650,4020.5
"Post scheduled trip end time",-2,13491,13493,4020.5
"Post scheduled trip end time",-2,18972,18974,4020.5
"Post scheduled trip end time",-2,15826,15828,4020.5
"Post scheduled trip end time",-2,1439,1441,4020.5
"Post scheduled trip end time",-2,2799,2801,4020.5
"Post scheduled trip end time",-2,11425,11427,4020.5
"Post scheduled trip end time",-2,1151,1153,4020.5
"Post scheduled trip end time",-2,4674,4676,4020.5
"Post scheduled trip end time",-2,3798,3800,4020.5
"Post scheduled trip end time",-2,5100,5102,4020.5
"Post scheduled trip end time",-2,29310,29312,4020.5
"Post scheduled trip end time",-2,14946,14948,4020.5
"Post scheduled trip end time",-2,1372,1374,4020.5
"Post scheduled trip end time",-2,12114,12116,4020.5
"Post scheduled trip end time",-2,15294,15296,4020.5
"Post scheduled trip end time",-2,19437,19439,4020.5
"Post scheduled trip end time",-2,8220,8222,4020.5
"Post scheduled trip end time",-2,24032,24034,4020.5
"Post scheduled trip end time",-2,10017,10019,4020.5
"Post scheduled trip end time",-2,4997,4999,4020.5
"Post scheduled trip end time",-2,8201,8203,4020.5
"Post scheduled trip end time",-2,11026,11028,4020.5
"Post scheduled trip end time",-2,2559,2561,4020.5
"Post scheduled trip end time",-2,16871,16873,4020.5
"Post scheduled trip end time",-2,9668,9670,4020.5
"Post scheduled trip end time",-2,3461,3463,4020.5
"Post scheduled trip end time",-2,539488,539490,4020.5
"Post scheduled trip end time",-2,3534,3536,4020.5
"Post scheduled trip end time",-2,6260,6262,4020.5
"Post scheduled trip end time",-2,17141,17143,4020.5
"Post scheduled trip end time",-2,18585,18587,4020.5
"Post scheduled trip end time",-2,7710,7712,4020.5
"Post scheduled trip end time",-2,803,805,4020.5
"Post scheduled trip end time",-2,6561,6563,4020.5
"Post scheduled trip end time",-2,2316,2318,4020.5
"Post scheduled trip end time",-2,4060,4062,4020.5
"Post scheduled trip end time",-2,9511,9513,4020.5
"Post scheduled trip end time",-2,20450,20452,4020.5
"Post scheduled trip end time",-2,8860,8862,4020.5
"Post scheduled trip end time",-2,10174,10176,4020.5
"Post scheduled trip end time",-2,11474,11476,4020.5
"Post scheduled trip end time",-2,19672,19674,4020.5
"Post scheduled trip end time",-2,12732,12734,4020.5
"Post scheduled trip end time",-2,7908,7910,4020.5
"Post scheduled trip end time",-2,7841,7843,4020.5
"Post scheduled trip end time",-2,530888,530890,4020.5
"Post scheduled trip end time",-2,1579,1581,4020.5
"Post scheduled trip end time",-2,18445,18447,4020.5
"Post scheduled trip end time",-2,4143,4145,4020.5
"Post scheduled trip end time",-2,1610,1612,4020.5
"Post scheduled trip end time",-2,29990,29992,4020.5
"Post scheduled trip end time",-2,4270,4272,4020.5
"Post scheduled trip end time",-2,32630,32632,4020.5
"Post scheduled trip end time",-2,33790,33792,4020.5
"Post scheduled trip end time",-2,26492,26494,4020.5
"Post scheduled trip end time",-2,3955,3957,4020.5
"Post scheduled trip end time",-2,23672,23674,4020.5
"Post scheduled trip end time",-2,14752,14754,4020.5
"Post scheduled trip end time",-2,19812,19814,4020.5
"Post scheduled trip end time",-2,3179,3181,4020.5
"Post scheduled trip end time",-2,4199,4201,4020.5
"Post scheduled trip end time",-2,2118,2120,4020.5
"Post scheduled trip end time",-2,1926,1928,4020.5
"Post scheduled trip end time",-2,536168,536170,4020.5
"Post scheduled trip end time",-2,4741,4743,4020.5
"Post scheduled trip end time",-2,6521,6523,4020.5
"Post scheduled trip end time",-2,5610,5612,4020.5
"Post scheduled trip end time",-2,9590,9592,4020.5
"Post scheduled trip end time",-2,251,253,4020.5
"Post scheduled trip end time",-2,1776,1778,4020.5
"Post scheduled trip end time",-2,1131,1133,4020.5
"Post scheduled trip end time",-2,19646,19648,4020.5
"Post scheduled trip end time",-2,1536,1538,4020.5
"Post scheduled trip end time",-2,24184,24186,4020.5
"Post scheduled trip end time",-2,18198,18200,4020.5
"Post scheduled trip end time",-2,10231,10233,4020.5
"Post scheduled trip end time",-2,3729,3731,4020.5
"Post scheduled trip end time",-2,5269,5271,4020.5
"Post scheduled trip end time",-2,5678,5680,4020.5
"Post scheduled trip end time",-2,525368,525370,4020.5
"Post scheduled trip end time",-2,2739,2741,4020.5
"Post scheduled trip end time",-2,7312,7314,4020.5
"Post scheduled trip end time",-2,17371,17373,4020.5
"Post scheduled trip end time",-2,1208,1210,4020.5
"Post scheduled trip end time",-2,21106,21108,4020.5
"Post scheduled trip end time",-2,8770,8772,4020.5
"Post scheduled trip end time",-2,19778,19780,4020.5
"Post scheduled trip end time",-2,33932,33934,4020.5
"Post scheduled trip end time",-2,4251,4253,4020.5
"Post scheduled trip end time",-2,23464,23466,4020.5
"Post scheduled trip end time",-2,15514,15516,4020.5
"Post scheduled trip end time",-2,30372,30374,4020.5
"Post scheduled trip end time",-2,14372,14374,4020.5
"Post scheduled trip end time",-2,9018,9020,4020.5
"Post scheduled trip end time",-2,10201,10203,4020.5
"Post scheduled trip end time",-2,18592,18594,4020.5
"Post scheduled trip end time",-2,2229,2231,4020.5
"Post scheduled trip end time",-2,11788,11790,4020.5
"Post scheduled trip end time",-2,3589,3591,4020.5
"Post scheduled trip end time",-2,7808,7810,4020.5
"Post scheduled trip end time",-2,15706,15708,4020.5
"Post scheduled trip end time",-2,776,778,4020.5
"Post scheduled trip end time",-2,1539,1541,4020.5
"Post scheduled trip end time",-2,6881,6883,4020.5
"Post scheduled trip end time",-2,11985,11987,4020.5
"Post scheduled trip end time",-2,585,587,4020.5
"Post scheduled trip end time",-2,2169,2171,4020.5
"Post scheduled trip end time",-2,119,121,4020.5
"Post scheduled trip end time",-2,1878,1880,4020.5
"Post scheduled trip end time",-2,9386,9388,4020.5
"Post scheduled trip end time",-2,9686,9688,4020.5
"Post scheduled trip end time",-2,3658,3660,4020.5
"Post scheduled trip end time",-2,12926,12928,4020.5
"Post scheduled trip end time",-2,20706,20708,4020.5
"Post scheduled trip end time",-2,5815,5817,4020.5
"Post scheduled trip end time",-2,34212,34214,4020.5
"Post scheduled trip end time",-2,21930,21932,4020.5
"Post scheduled trip end time",-2,9140,9142,4020.5
"Post scheduled trip end time",-2,10220,10222,4020.5
"Post scheduled trip end time",-2,24092,24094,4020.5
"Post scheduled trip end time",-2,21232,21234,4020.5
"Post scheduled trip end time",-2,333,335,4020.5
"Post scheduled trip end time",-2,16432,16434,4020.5
"Post scheduled trip end time",-2,14201,14203,4020.5
"Post scheduled trip end time",-2,14311,14313,4020.5
"Post scheduled trip end time",-2,2009,2011,4020.5
"Post scheduled trip end time",-2,10086,10088,4020.5
"Post scheduled trip end time",-2,20051,20053,4020.5
"Post scheduled trip end time",-2,1350,1352,4020.5
"Post scheduled trip end time",-2,16350,16352,4020.5
"Post scheduled trip end time",-2,1816,1818,4020.5
"Post scheduled trip end time",-2,7034,7036,4020.5
"Post scheduled trip end time",-2,15754,15756,4020.5
"Post scheduled trip end time",-2,16154,16156,4020.5
"Post scheduled trip end time",-2,18738,18740,4020.5
"Post scheduled trip end time",-2,18192,18194,4020.5
"Post scheduled trip end time",-2,15777,15779,4020.5
"Post scheduled trip end time",-2,3939,3941,4020.5
"Post scheduled trip end time",-2,1218,1220,4020.5
"Post scheduled trip end time",-2,20657,20659,4020.5
"Post scheduled trip end time",-2,1528,1530,4020.5
"Post scheduled trip end time",-2,11066,11068,4020.5
"Post scheduled trip end time",-2,13986,13988,4020.5
"Post scheduled trip end time",-2,5494,5496,4020.5
"Post scheduled trip end time",-2,6401,6403,4020.5
"Post scheduled trip end time",-2,7267,7269,4020.5
"Post scheduled trip end time",-2,10546,10548,4020.5
"Post scheduled trip end time",-2,19506,19508,4020.5
"Post scheduled trip end time",-2,5575,5577,4020.5
"Post scheduled trip end time",-2,11434,11436,4020.5
"Post scheduled trip end time",-2,3215,3217,4020.5
"Post scheduled trip end time",-2,14652,14654,4020.5
"Post scheduled trip end time",-2,7941,7943,4020.5
"Post scheduled trip end time",-2,9938,9940,4020.5
"Post scheduled trip end time",-2,2354,2356,4020.5
"Post scheduled trip end time",-2,1147,1149,4020.5
"Post scheduled trip end time",-2,13811,13813,4020.5
"Post scheduled trip end time",-2,9697,9699,4020.5
"Post scheduled trip end time",-2,1049,1051,4020.5
"Post scheduled trip end time",-2,1858,1860,4020.5
"Post scheduled trip end time",-2,493,495,4020.5
"Post scheduled trip end time",-2,8588,8590,4020.5
"Post scheduled trip end time",-2,1977,1979,4020.5
"Post scheduled trip end time",-2,1046,1048,4020.5
"Post scheduled trip end time",-2,14431,14433,4020.5
"Post scheduled trip end time",-2,2698,2700,4020.5
"Post scheduled trip end time",-2,876,878,4020.5
"Post scheduled trip end time",-2,5152,5154,4020.5
"Post scheduled trip end time",-2,9988,9990,4020.5
"Post scheduled trip end time",-2,2185,2187,4020.5
"Post scheduled trip end time",-2,3641,3643,4020.5
"Post scheduled trip end time",-2,2609,2611,4020.5
"Post scheduled trip end time",-2,1682,1684,4020.5
"Post scheduled trip end time",-2,522,524,4020.5
"Post scheduled trip end time",-2,5373,5375,4020.5
"Post scheduled trip end time",-2,6633,6635,4020.5
"Post scheduled trip end time",-2,19230,19232,4020.5
"Post scheduled trip end time",-2,19710,19712,4020.5
"Post scheduled trip end time",-2,7474,7476,4020.5
"Post scheduled trip end time",-2,1915,1917,4020.5
"Post scheduled trip end time",-2,22092,22094,4020.5
"Post scheduled trip end time",-2,29692,29694,4020.5
"Post scheduled trip end time",-2,14378,14380,4020.5
"Post scheduled trip end time",-2,3746,3748,4020.5
"Post scheduled trip end time",-2,3908,3910,4020.5
"Post scheduled trip end time",-2,6668,6670,4020.5
"Post scheduled trip end time",-2,540528,540530,4020.5
"Post scheduled trip end time",-2,9612,9614,4020.5
"Post scheduled trip end time",-2,4258,4260,4020.5
"Post scheduled trip end time",-2,11131,11133,4020.5
"Post scheduled trip end time",-2,128,130,4020.5
"Post scheduled trip end time",-2,21,23,4020.5
"Post scheduled trip end time",-2,1126,1128,4020.5
"Post scheduled trip end time",-2,6780,6782,4020.5
"Post scheduled trip end time",-2,1571,1573,4020.5
"Post scheduled trip end time",-2,9411,9413,4020.5
"Post scheduled trip end time",-2,4055,4057,4020.5
"Post scheduled trip end time",-2,8674,8676,4020.5
"Post scheduled trip end time",-2,8921,8923,4020.5
"Post scheduled trip end time",-2,22932,22934,4020.5
"Post scheduled trip end time",-2,5851,5853,4020.5
"Post scheduled trip end time",-2,8857,8859,4020.5
"Post scheduled trip end time",-2,526288,526290,4020.5
"Post scheduled trip end time",-2,9937,9939,4020.5
"Post scheduled trip end time",-2,16445,16447,4020.5
"Post scheduled trip end time",-2,142,144,4020.5
"Post scheduled trip end time",-2,1718,1720,4020.5
"Post scheduled trip end time",-2,6654,6656,4020.5
"Post scheduled trip end time",-2,9086,9088,4020.5
"Post scheduled trip end time",-2,5360,5362,4020.5
"Post scheduled trip end time",-2,5515,5517,4020.5
"Post scheduled trip end time",-2,19257,19259,4020.5
"Post scheduled trip end time",-2,15698,15700,4020.5
"Post scheduled trip end time",-2,15858,15860,4020.5
"Post scheduled trip end time",-2,7914,7916,4020.5
"Post scheduled trip end time",-2,15298,15300,4020.5
"Post scheduled trip end time",-2,4479,4481,4020.5
"Post scheduled trip end time",-2,535068,535070,4020.5
"Post scheduled trip end time",-2,535808,535810,4020.5
"Post scheduled trip end time",-2,3532,3534,4020.5
"Post scheduled trip end time",-2,6652,6654,4020.5
"Post scheduled trip end time",-2,526868,526870,4020.5
"Post scheduled trip end time",-2,15031,15033,4020.5
"Post scheduled trip end time",-2,9961,9963,4020.5
"Post scheduled trip end time",-2,641,643,4020.5
"Post scheduled trip end time",-2,8060,8062,4020.5
"Post scheduled trip end time",-2,14910,14912,4020.5
"Post scheduled trip end time",-2,9390,9392,4020.5
"Post scheduled trip end time",-2,19577,19579,4020.5
"Post scheduled trip end time",-2,2740,2742,4020.5
"Post scheduled trip end time",-2,5771,5773,4020.5
"Post scheduled trip end time",-2,11372,11374,4020.5
"Post scheduled trip end time",-2,2246,2248,4020.5
"Post scheduled trip end time",-2,5028,5030,4020.5
"Post scheduled trip end time",-2,16150,16152,4020.5
"Post scheduled trip end time",-2,5521,5523,4020.5
"Post scheduled trip end time",-2,3023,3025,4020.5
"Post scheduled trip end time",-2,17590,17592,4020.5
"Post scheduled trip end time",-2,4413,4415,4020.5
"Post scheduled trip end time",-2,1714,1716,4020.5
"Post scheduled trip end time",-2,1328,1330,4020.5
"Post scheduled trip end time",-2,31404,31406,4020.5
"Post scheduled trip end time",-2,11294,11296,4020.5
"Post scheduled trip end time",-2,21658,21660,4020.5
"Post scheduled trip end time",-2,23604,23606,4020.5
"Post scheduled trip end time",-2,4735,4737,4020.5
"Post scheduled trip end time",-2,21650,21652,4020.5
"Post scheduled trip end time",-2,7774,7776,4020.5
"Post scheduled trip end time",-2,26592,26594,4020.5
"Post scheduled trip end time",-2,250,252,4020.5
"Post scheduled trip end time",-2,6937,6939,4020.5
"Post scheduled trip end time",-2,13311,13313,4020.5
"Post scheduled trip end time",-2,6080,6082,4020.5
"Post scheduled trip end time",-2,1668,1670,4020.5
"Post scheduled trip end time",-2,1301,1303,4020.5
"Post scheduled trip end time",-2,2670,2672,4020.5
"Post scheduled trip end time",-2,33,35,4020.5
"Post scheduled trip end time",-2,3506,3508,4020.5
"Post scheduled trip end time",-2,2690,2692,4020.5
"Post scheduled trip end time",-2,4930,4932,4020.5
"Post scheduled trip end time",-2,116,118,4020.5
"Post scheduled trip end time",-2,27352,27354,4020.5
"Post scheduled trip end time",-2,10480,10482,4020.5
"Post scheduled trip end time",-2,12194,12196,4020.5
"Post scheduled trip end time",-2,1169,1171,4020.5
"Post scheduled trip end time",-2,4718,4720,4020.5
"Post scheduled trip end time",-2,9768,9770,4020.5
"Post scheduled trip end time",-2,11032,11034,4020.5
"Post scheduled trip end time",-2,13872,13874,4020.5
"Post scheduled trip end time",-2,1248,1250,4020.5
"Post scheduled trip end time",-2,1940,1942,4020.5
"Post scheduled trip end time",-2,12866,12868,4020.5
"Post scheduled trip end time",-2,17072,17074,4020.5
"Post scheduled trip end time",-2,14925,14927,4020.5
"Post scheduled trip end time",-2,12226,12228,4020.5
"Post scheduled trip end time",-2,5186,5188,4020.5
"Post scheduled trip end time",-2,10510,10512,4020.5
"Post scheduled trip end time",-2,8580,8582,4020.5
"Post scheduled trip end time",-2,17252,17254,4020.5
"Post scheduled trip end time",-2,2894,2896,4020.5
"Post scheduled trip end time",-2,3159,3161,4020.5
"Post scheduled trip end time",-2,751,753,4020.5
"Post scheduled trip end time",-2,10534,10536,4020.5
"Post scheduled trip end time",-2,534868,534870,4020.5
"Post scheduled trip end time",-2,6897,6899,4020.5
"Post scheduled trip end time",-2,3988,3990,4020.5
"Post scheduled trip end time",-2,1128,1130,4020.5
"Post scheduled trip end time",-2,1868,1870,4020.5
"Post scheduled trip end time",-2,521908,521910,4020.5
"Post scheduled trip end time",-2,6420,6422,4020.5
"Post scheduled trip end time",-2,15251,15253,4020.5
"Post scheduled trip end time",-2,14352,14354,4020.5
"Post scheduled trip end time",-2,4840,4842,4020.5
"Post scheduled trip end time",-2,3992,3994,4020.5
"Post scheduled trip end time",-2,7770,7772,4020.5
"Post scheduled trip end time",-2,2021,2023,4020.5
"Post scheduled trip end time",-2,211,213,4020.5
"Post scheduled trip end time",-2,12790,12792,4020.5
"Post scheduled trip end time",-2,13230,13232,4020.5
"Post scheduled trip end time",-2,1630,1632,4020.5
"Post scheduled trip end time",-2,16690,16692,4020.5
"Post scheduled trip end time",-2,345,347,4020.5
"Post scheduled trip end time",-2,26024,26026,4020.5
"Post scheduled trip end time",-2,21066,21068,4020.5
"Post scheduled trip end time",-2,24872,24874,4020.5
"Post scheduled trip end time",-2,12534,12536,4020.5
"Post scheduled trip end time",-2,489,491,4020.5
"Post scheduled trip end time",-2,3275,3277,4020.5
"Post scheduled trip end time",-2,515,517,4020.5
"Post scheduled trip end time",-2,9708,9710,4020.5
"Post scheduled trip end time",-2,526108,526110,4020.5
"Post scheduled trip end time",-2,4252,4254,4020.5
"Post scheduled trip end time",-2,5880,5882,4020.5
"Post scheduled trip end time",-2,10385,10387,4020.5
"Post scheduled trip end time",-2,11965,11967,4020.5
"Post scheduled trip end time",-2,5536,5538,4020.5
"Post scheduled trip end time",-2,775,777,4020.5
"Post scheduled trip end time",-2,3823,3825,4020.5
"Post scheduled trip end time",-2,16146,16148,4020.5
"Post scheduled trip end time",-2,32144,32146,4020.5
"Post scheduled trip end time",-2,22318,22320,4020.5
"Post scheduled trip end time",-2,23732,23734,4020.5
"Post scheduled trip end time",-2,17272,17274,4020.5
"Post scheduled trip end time",-2,3214,3216,4020.5
"Post scheduled trip end time",-2,3237,3239,4020.5
"Post scheduled trip end time",-2,5991,5993,4020.5
"Post scheduled trip end time",-2,530448,530450,4020.5
"Post scheduled trip end time",-2,5648,5650,4020.5
"Post scheduled trip end time",-2,7548,7550,4020.5
"Post scheduled trip end time",-2,14512,14514,4020.5
"Post scheduled trip end time",-2,8128,8130,4020.5
"Post scheduled trip end time",-2,5,7,4020.5
"Post scheduled trip end time",-2,1120,1122,4020.5
"Post scheduled trip end time",-2,325,327,4020.5
"Post scheduled trip end time",-2,14710,14712,4020.5
"Post scheduled trip end time",-2,29664,29666,4020.5
"Post scheduled trip end time",-2,19938,19940,4020.5
"Post scheduled trip end time",-2,28152,28154,4020.5
"Post scheduled trip end time",-2,10200,10202,4020.5
"Post scheduled trip end time",-2,3880,3882,4020.5
"Post scheduled trip end time",-2,6194,6196,4020.5
"Post scheduled trip end time",-2,4791,4793,4020.5
"Post scheduled trip end time",-2,6677,6679,4020.5
"Post scheduled trip end time",-2,7671,7673,4020.5
"Post scheduled trip end time",-2,11568,11570,4020.5
"Post scheduled trip end time",-2,6221,6223,4020.5
"Post scheduled trip end time",-2,532588,532590,4020.5
"Post scheduled trip end time",-2,6188,6190,4020.5
"Post scheduled trip end time",-2,491,493,4020.5
"Post scheduled trip end time",-2,523828,523830,4020.5
"Post scheduled trip end time",-2,524668,524670,4020.5
"Post scheduled trip end time",-2,1460,1462,4020.5
"Post scheduled trip end time",-2,2498,2500,4020.5
"Post scheduled trip end time",-2,3790,3792,4020.5
"Post scheduled trip end time",-2,1821,1823,4020.5
"Post scheduled trip end time",-2,3232,3234,4020.5
"Post scheduled trip end time",-2,3932,3934,4020.5
"Post scheduled trip end time",-2,3960,3962,4020.5
"Post scheduled trip end time",-2,33450,33452,4020.5
"Post scheduled trip end time",-2,27892,27894,4020.5
"Post scheduled trip end time",-2,24130,24132,4020.5
"Post scheduled trip end time",-2,22512,22514,4020.5
"Post scheduled trip end time",-2,11228,11230,4020.5
"Post scheduled trip end time",-2,2073,2075,4020.5
"Post scheduled trip end time",-2,11784,11786,4020.5
"Post scheduled trip end time",-2,529128,529130,4020.5
"Post scheduled trip end time",-2,3341,3343,4020.5
"Post scheduled trip end time",-2,877,879,4020.5
"Post scheduled trip end time",-2,8314,8316,4020.5
"Post scheduled trip end time",-2,712,714,4020.5
"Post scheduled trip end time",-2,19551,19553,4020.5
"Post scheduled trip end time",-2,12368,12370,4020.5
"Post scheduled trip end time",-2,9025,9027,4020.5
"Post scheduled trip end time",-2,1271,1273,4020.5
"Post scheduled trip end time",-2,9250,9252,4020.5
"Post scheduled trip end time",-2,1843,1845,4020.5
"Post scheduled trip end time",-2,6554,6556,4020.5
"Post scheduled trip end time",-2,3606,3608,4020.5
"Post scheduled trip end time",-2,7033,7035,4020.5
"Post scheduled trip end time",-2,27630,27632,4020.5
"Post scheduled trip end time",-2,19398,19400,4020.5
"Post scheduled trip end time",-2,10734,10736,4020.5
"Post scheduled trip end time",-2,4009,4011,4020.5
"Post scheduled trip end time",-2,8200,8202,4020.5
"Post scheduled trip end time",-2,14612,14614,4020.5
"Post scheduled trip end time",-2,5754,5756,4020.5
"Post scheduled trip end time",-2,14315,14317,4020.5
"Post scheduled trip end time",-2,10357,10359,4020.5
"Post scheduled trip end time",-2,3772,3774,4020.5
"Post scheduled trip end time",-2,12171,12173,4020.5
"Post scheduled trip end time",-2,5430,5432,4020.5
"Post scheduled trip end time",-2,912,914,4020.5
"Post scheduled trip end time",-2,20611,20613,4020.5
"Post scheduled trip end time",-2,15891,15893,4020.5
"Post scheduled trip end time",-2,2538,2540,4020.5
"Post scheduled trip end time",-2,279,281,4020.5
"Post scheduled trip end time",-2,3761,3763,4020.5
"Post scheduled trip end time",-2,14806,14808,4020.5
"Post scheduled trip end time",-2,6046,6048,4020.5
"Post scheduled trip end time",-2,16786,16788,4020.5
"Post scheduled trip end time",-2,80,82,4020.5
"Post scheduled trip end time",-2,486,488,4020.5
"Post scheduled trip end time",-2,21630,21632,4020.5
"Post scheduled trip end time",-2,10660,10662,4020.5
"Post scheduled trip end time",-2,2080,2082,4020.5
"Post scheduled trip end time",-2,9601,9603,4020.5
"Post scheduled trip end time",-2,2114,2116,4020.5
"Post scheduled trip end time",-2,3417,3419,4020.5
"Post scheduled trip end time",-2,14995,14997,4020.5
"Post scheduled trip end time",-2,2826,2828,4020.5
"Post scheduled trip end time",-2,5592,5594,4020.5
"Post scheduled trip end time",-2,4500,4502,4020.5
"Post scheduled trip end time",-2,1841,1843,4020.5
"Post scheduled trip end time",-2,1961,1963,4020.5
"Post scheduled trip end time",-2,207,209,4020.5
"Post scheduled trip end time",-2,7234,7236,4020.5
"Post scheduled trip end time",-2,3010,3012,4020.5
"Post scheduled trip end time",-2,441,443,4020.5
"Post scheduled trip end time",-2,32890,32892,4020.5
"Post scheduled trip end time",-2,9714,9716,4020.5
"Post scheduled trip end time",-2,22892,22894,4020.5
"Post scheduled trip end time",-2,13321,13323,4020.5
"Post scheduled trip end time",-2,867,869,4020.5
"Post scheduled trip end time",-2,1307,1309,4020.5
"Post scheduled trip end time",-2,6191,6193,4020.5
"Post scheduled trip end time",-2,17812,17814,4020.5
"Post scheduled trip end time",-2,405,407,4020.5
"Post scheduled trip end time",-2,9288,9290,4020.5
"Post scheduled trip end time",-2,19631,19633,4020.5
"Post scheduled trip end time",-2,5120,5122,4020.5
"Post scheduled trip end time",-2,11041,11043,4020.5
"Post scheduled trip end time",-2,962,964,4020.5
"Post scheduled trip end time",-2,3685,3687,4020.5
"Post scheduled trip end time",-2,3290,3292,4020.5
"Post scheduled trip end time",-2,11785,11787,4020.5
"Post scheduled trip end time",-2,13185,13187,4020.5
"Post scheduled trip end time",-2,4246,4248,4020.5
"Post scheduled trip end time",-2,30670,30672,4020.5
"Post scheduled trip end time",-2,14510,14512,4020.5
"Post scheduled trip end time",-2,1970,1972,4020.5
"Post scheduled trip end time",-2,26672,26674,4020.5
"Post scheduled trip end time",-2,16061,16063,4020.5
"Post scheduled trip end time",-2,7020,7022,4020.5
"Post scheduled trip end time",-2,4097,4099,4020.5
"Post scheduled trip end time",-2,5069,5071,4020.5
"Post scheduled trip end time",-2,4069,4071,4020.5
"Post scheduled trip end time",-2,524208,524210,4020.5
"Post scheduled trip end time",-2,4250,4252,4020.5
"Post scheduled trip end time",-2,8172,8174,4020.5
"Post scheduled trip end time",-2,1686,1688,4020.5
"Post scheduled trip end time",-2,601,603,4020.5
"Post scheduled trip end time",-2,9757,9759,4020.5
"Post scheduled trip end time",-2,3792,3794,4020.5
"Post scheduled trip end time",-2,206,208,4020.5
"Post scheduled trip end time",-2,854,856,4020.5
"Post scheduled trip end time",-2,3103,3105,4020.5
"Post scheduled trip end time",-2,3953,3955,4020.5
"Post scheduled trip end time",-2,24070,24072,4020.5
"Post scheduled trip end time",-2,18437,18439,4020.5
"Post scheduled trip end time",-2,31892,31894,4020.5
"Post scheduled trip end time",-2,16012,16014,4020.5
"Post scheduled trip end time",-2,20072,20074,4020.5
"Post scheduled trip end time",-2,747,749,4020.5
"Post scheduled trip end time",-2,8617,8619,4020.5
"Post scheduled trip end time",-2,6517,6519,4020.5
"Post scheduled trip end time",-2,1363,1365,4020.5
"Post scheduled trip end time",-2,3717,3719,4020.5
"Post scheduled trip end time",-2,541988,541990,4020.5
"Post scheduled trip end time",-2,2592,2594,4020.5
"Post scheduled trip end time",-2,657,659,4020.5
"Post scheduled trip end time",-2,7532,7534,4020.5
"Post scheduled trip end time",-2,8321,8323,4020.5
"Post scheduled trip end time",-2,13605,13607,4020.5
"Post scheduled trip end time",-2,92,94,4020.5
"Post scheduled trip end time",-2,2196,2198,4020.5
"Post scheduled trip end time",-2,1451,1453,4020.5
"Post scheduled trip end time",-2,2898,2900,4020.5
"Post scheduled trip end time",-2,24912,24914,4020.5
"Post scheduled trip end time",-2,31312,31314,4020.5
"Post scheduled trip end time",-2,2400,2402,4020.5
"Post scheduled trip end time",-2,13941,13943,4020.5
"Post scheduled trip end time",-2,521088,521090,4020.5
"Post scheduled trip end time",-2,9177,9179,4020.5
"Post scheduled trip end time",-2,8828,8830,4020.5
"Post scheduled trip end time",-2,9168,9170,4020.5
"Post scheduled trip end time",-2,20697,20699,4020.5
"Post scheduled trip end time",-2,6452,6454,4020.5
"Post scheduled trip end time",-2,18371,18373,4020.5
"Post scheduled trip end time",-2,12468,12470,4020.5
"Post scheduled trip end time",-2,9545,9547,4020.5
"Post scheduled trip end time",-2,11301,11303,4020.5
"Post scheduled trip end time",-2,8,10,4020.5
"Post scheduled trip end time",-2,4854,4856,4020.5
"Post scheduled trip end time",-2,26864,26866,4020.5
"Post scheduled trip end time",-2,16998,17000,4020.5
"Post scheduled trip end time",-2,14852,14854,4020.5
"Post scheduled trip end time",-2,15478,15480,4020.5
"Post scheduled trip end time",-2,9577,9579,4020.5
"Post scheduled trip end time",-2,10257,10259,4020.5
"Post scheduled trip end time",-2,6338,6340,4020.5
"Post scheduled trip end time",-2,12872,12874,4020.5
"Post scheduled trip end time",-2,2861,2863,4020.5
"Post scheduled trip end time",-2,740,742,4020.5
"Post scheduled trip end time",-2,7370,7372,4020.5
"Post scheduled trip end time",-2,7692,7694,4020.5
"Post scheduled trip end time",-2,16831,16833,4020.5
"Post scheduled trip end time",-2,3118,3120,4020.5
"Post scheduled trip end time",-2,6345,6347,4020.5
"Post scheduled trip end time",-2,22607,22609,4020.5
"Post scheduled trip end time",-2,2385,2387,4020.5
"Post scheduled trip end time",-2,4420,4422,4020.5
"Post scheduled trip end time",-2,4960,4962,4020.5
"Post scheduled trip end time",-2,29730,29732,4020.5
"Post scheduled trip end time",-2,8191,8193,4020.5
"Post scheduled trip end time",-2,30564,30566,4020.5
"Post scheduled trip end time",-2,1054,1056,4020.5
"Post scheduled trip end time",-2,32652,32654,4020.5
"Post scheduled trip end time",-2,12220,12222,4020.5
"Post scheduled trip end time",-2,22292,22294,4020.5
"Post scheduled trip end time",-2,7801,7803,4020.5
"Post scheduled trip end time",-2,17752,17754,4020.5
"Post scheduled trip end time",-2,11281,11283,4020.5
"Post scheduled trip end time",-2,4580,4582,4020.5
"Post scheduled trip end time",-2,4359,4361,4020.5
"Post scheduled trip end time",-2,7181,7183,4020.5
"Post scheduled trip end time",-2,3389,3391,4020.5
"Post scheduled trip end time",-2,9581,9583,4020.5
"Post scheduled trip end time",-2,531588,531590,4020.5
"Post scheduled trip end time",-2,14911,14913,4020.5
"Post scheduled trip end time",-2,9574,9576,4020.5
"Post scheduled trip end time",-2,7737,7739,4020.5
"Post scheduled trip end time",-2,9065,9067,4020.5
"Post scheduled trip end time",-2,16021,16023,4020.5
"Post scheduled trip end time",-2,6532,6534,4020.5
"Post scheduled trip end time",-2,359,361,4020.5
"Post scheduled trip end time",-2,2749,2751,4020.5
"Post scheduled trip end time",-2,12566,12568,4020.5
"Post scheduled trip end time",-2,5251,5253,4020.5
"Post scheduled trip end time",-2,11830,11832,4020.5
"Post scheduled trip end time",-2,221,223,4020.5
"Post scheduled trip end time",-2,329,331,4020.5
"Post scheduled trip end time",-2,9801,9803,4020.5
"Post scheduled trip end time",-2,13351,13353,4020.5
"Post scheduled trip end time",-2,10677,10679,4020.5
"Post scheduled trip end time",-2,13057,13059,4020.5
"Post scheduled trip end time",-2,13332,13334,4020.5
"Post scheduled trip end time",-2,12631,12633,4020.5
"Post scheduled trip end time",-2,1155,1157,4020.5
"Post scheduled trip end time",-2,3468,3470,4020.5
"Post scheduled trip end time",-2,8405,8407,4020.5
"Post scheduled trip end time",-2,16221,16223,4020.5
"Post scheduled trip end time",-2,7652,7654,4020.5
"Post scheduled trip end time",-2,1568,1570,4020.5
"Post scheduled trip end time",-2,4350,4352,4020.5
"Post scheduled trip end time",-2,13006,13008,4020.5
"Post scheduled trip end time",-2,27664,27666,4020.5
"Post scheduled trip end time",-2,30584,30586,4020.5
"Post scheduled trip end time",-2,31964,31966,4020.5
"Post scheduled trip end time",-2,1245,1247,4020.5
"Post scheduled trip end time",-2,10238,10240,4020.5
"Post scheduled trip end time",-2,197,199,4020.5
"Post scheduled trip end time",-2,18992,18994,4020.5
"Post scheduled trip end time",-2,19472,19474,4020.5
"Post scheduled trip end time",-2,19972,19974,4020.5
"Post scheduled trip end time",-2,5277,5279,4020.5
"Post scheduled trip end time",-2,14655,14657,4020.5
"Post scheduled trip end time",-2,525388,525390,4020.5
"Post scheduled trip end time",-2,528468,528470,4020.5
"Post scheduled trip end time",-2,4348,4350,4020.5
"Post scheduled trip end time",-2,530388,530390,4020.5
"Post scheduled trip end time",-2,2599,2601,4020.5
"Post scheduled trip end time",-2,27,29,4020.5
"Post scheduled trip end time",-2,75,77,4020.5
"Post scheduled trip end time",-2,1381,1383,4020.5
"Post scheduled trip end time",-2,1522,1524,4020.5
"Post scheduled trip end time",-2,662,664,4020.5
"Post scheduled trip end time",-2,182,184,4020.5
"Post scheduled trip end time",-2,2776,2778,4020.5
"Post scheduled trip end time",-2,5510,5512,4020.5
"Post scheduled trip end time",-2,11446,11448,4020.5
"Post scheduled trip end time",-2,806,808,4020.5
"Post scheduled trip end time",-2,21098,21100,4020.5
"Post scheduled trip end time",-2,387,389,4020.5
"Post scheduled trip end time",-2,27070,27072,4020.5
"Post scheduled trip end time",-2,22670,22672,4020.5
"Post scheduled trip end time",-2,4620,4622,4020.5
"Post scheduled trip end time",-2,5280,5282,4020.5
"Post scheduled trip end time",-2,937,939,4020.5
"Post scheduled trip end time",-2,14337,14339,4020.5
"Post scheduled trip end time",-2,15377,15379,4020.5
"Post scheduled trip end time",-2,4669,4671,4020.5
"Post scheduled trip end time",-2,4888,4890,4020.5
"Post scheduled trip end time",-2,13088,13090,4020.5
"Post scheduled trip end time",-2,10652,10654,4020.5
"Post scheduled trip end time",-2,795,797,4020.5
"Post scheduled trip end time",-2,364,366,4020.5
"Post scheduled trip end time",-2,553,555,4020.5
"Post scheduled trip end time",-2,20538,20540,4020.5
"Post scheduled trip end time",-2,12254,12256,4020.5
"Post scheduled trip end time",-2,4375,4377,4020.5
"Post scheduled trip end time",-2,2351,2353,4020.5
"Post scheduled trip end time",-2,7980,7982,4020.5
"Post scheduled trip end time",-2,16912,16914,4020.5
"Post scheduled trip end time",-2,1144,1146,4020.5
"Post scheduled trip end time",-2,4777,4779,4020.5
"Post scheduled trip end time",-2,1624,1626,4020.5
"Post scheduled trip end time",-2,376,378,4020.5
"Post scheduled trip end time",-2,2277,2279,4020.5
"Post scheduled trip end time",-2,19992,19994,4020.5
"Post scheduled trip end time",-2,10192,10194,4020.5
"Post scheduled trip end time",-2,18028,18030,4020.5
"Post scheduled trip end time",-2,7852,7854,4020.5
"Post scheduled trip end time",-2,16272,16274,4020.5
"Post scheduled trip end time",-2,9968,9970,4020.5
"Post scheduled trip end time",-2,10630,10632,4020.5
"Post scheduled trip end time",-2,498,500,4020.5
"Post scheduled trip end time",-2,1507,1509,4020.5
"Post scheduled trip end time",-2,17154,17156,4020.5
"Post scheduled trip end time",-2,5435,5437,4020.5
"Post scheduled trip end time",-2,12514,12516,4020.5
"Post scheduled trip end time",-2,13154,13156,4020.5
"Post scheduled trip end time",-2,24304,24306,4020.5
"Post scheduled trip end time",-2,23530,23532,4020.5
"Post scheduled trip end time",-2,13931,13933,4020.5
"Post scheduled trip end time",-2,7530,7532,4020.5
"Post scheduled trip end time",-2,7888,7890,4020.5
"Post scheduled trip end time",-2,809,811,4020.5
"Post scheduled trip end time",-2,940,942,4020.5
"Post scheduled trip end time",-2,6314,6316,4020.5
"Post scheduled trip end time",-2,20254,20256,4020.5
"Post scheduled trip end time",-2,16434,16436,4020.5
"Post scheduled trip end time",-2,5249,5251,4020.5
"Post scheduled trip end time",-2,16638,16640,4020.5
"Post scheduled trip end time",-2,15701,15703,4020.5
"Post scheduled trip end time",-2,8934,8936,4020.5
"Post scheduled trip end time",-2,24632,24634,4020.5
"Post scheduled trip end time",-2,12201,12203,4020.5
"Post scheduled trip end time",-2,402,404,4020.5
"Post scheduled trip end time",-2,5199,5201,4020.5
"Post scheduled trip end time",-2,7418,7420,4020.5
"Post scheduled trip end time",-2,8506,8508,4020.5
"Post scheduled trip end time",-2,19,21,4020.5
"Post scheduled trip end time",-2,4740,4742,4020.5
"Post scheduled trip end time",-2,145,147,4020.5
"Post scheduled trip end time",-2,32604,32606,4020.5
"Post scheduled trip end time",-2,19558,19560,4020.5
"Post scheduled trip end time",-2,4235,4237,4020.5
"Post scheduled trip end time",-2,9480,9482,4020.5
"Post scheduled trip end time",-2,17592,17594,4020.5
"Post scheduled trip end time",-2,11978,11980,4020.5
"Post scheduled trip end time",-2,18632,18634,4020.5
"Post scheduled trip end time",-2,26172,26174,4020.5
"Post scheduled trip end time",-2,1197,1199,4020.5
"Post scheduled trip end time",-2,13871,13873,4020.5
"Post scheduled trip end time",-2,1869,1871,4020.5
"Post scheduled trip end time",-2,20612,20614,4020.5
"Post scheduled trip end time",-2,527828,527830,4020.5
"Post scheduled trip end time",-2,523308,523310,4020.5
"Post scheduled trip end time",-2,532188,532190,4020.5
"Post scheduled trip end time",-2,2032,2034,4020.5
"Post scheduled trip end time",-2,5045,5047,4020.5
"Post scheduled trip end time",-2,7992,7994,4020.5
"Post scheduled trip end time",-2,1872,1874,4020.5
"Post scheduled trip end time",-2,2190,2192,4020.5
"Post scheduled trip end time",-2,11130,11132,4020.5
"Post scheduled trip end time",-2,598,600,4020.5
"Post scheduled trip end time",-2,944,946,4020.5
"Post scheduled trip end time",-2,29370,29372,4020.5
"Post scheduled trip end time",-2,606,608,4020.5
"Post scheduled trip end time",-2,200,202,4020.5
"Post scheduled trip end time",-2,33610,33612,4020.5
"Post scheduled trip end time",-2,22638,22640,4020.5
"Post scheduled trip end time",-2,5649,5651,4020.5
"Post scheduled trip end time",-2,16738,16740,4020.5
"Post scheduled trip end time",-2,6031,6033,4020.5
"Post scheduled trip end time",-2,6421,6423,4020.5
"Post scheduled trip end time",-2,17968,17970,4020.5
"Post scheduled trip end time",-2,10408,10410,4020.5
"Post scheduled trip end time",-2,701,703,4020.5
"Post scheduled trip end time",-2,98789,98791,4020.5
"Post scheduled trip end time",-2,148,150,4020.5
"Post scheduled trip end time",-2,219,221,4020.5
"Post scheduled trip end time",-2,259,261,4020.5
"Post scheduled trip end time",-2,545,547,4020.5
"Post scheduled trip end time",-2,5560,5562,4020.5
"Post scheduled trip end time",-2,8670,8672,4020.5
"Post scheduled trip end time",-2,5795,5797,4020.5
"Post scheduled trip end time",-2,17417,17419,4020.5
"Post scheduled trip end time",-2,12781,12783,4020.5
"Post scheduled trip end time",-2,14998,15000,4020.5
"Post scheduled trip end time",-2,15178,15180,4020.5
"Post scheduled trip end time",-2,526048,526050,4020.5
"Post scheduled trip end time",-2,2719,2721,4020.5
"Post scheduled trip end time",-2,15071,15073,4020.5
"Post scheduled trip end time",-2,17111,17113,4020.5
"Post scheduled trip end time",-2,9471,9473,4020.5
"Post scheduled trip end time",-2,1185,1187,4020.5
"Post scheduled trip end time",-2,11345,11347,4020.5
"Post scheduled trip end time",-2,1722,1724,4020.5
"Post scheduled trip end time",-2,140,142,4020.5
"Post scheduled trip end time",-2,4290,4292,4020.5
"Post scheduled trip end time",-2,34132,34134,4020.5
"Post scheduled trip end time",-2,26570,26572,4020.5
"Post scheduled trip end time",-2,31692,31694,4020.5
"Post scheduled trip end time",-2,14032,14034,4020.5
"Post scheduled trip end time",-2,26112,26114,4020.5
"Post scheduled trip end time",-2,12917,12919,4020.5
"Post scheduled trip end time",-2,4869,4871,4020.5
"Post scheduled trip end time",-2,663,665,4020.5
"Post scheduled trip end time",-2,9012,9014,4020.5
"Post scheduled trip end time",-2,7105,7107,4020.5
"Post scheduled trip end time",-2,5134,5136,4020.5
"Post scheduled trip end time",-2,763,765,4020.5
"Post scheduled trip end time",-2,2969,2971,4020.5
"Post scheduled trip end time",-2,2056,2058,4020.5
"Post scheduled trip end time",-2,4690,4692,4020.5
"Post scheduled trip end time",-2,14346,14348,4020.5
"Post scheduled trip end time",-2,4540,4542,4020.5
"Post scheduled trip end time",-2,5240,5242,4020.5
"Post scheduled trip end time",-2,30364,30366,4020.5
"Post scheduled trip end time",-2,20178,20180,4020.5
"Post scheduled trip end time",-2,21018,21020,4020.5
"Post scheduled trip end time",-2,565,567,4020.5
"Post scheduled trip end time",-2,6770,6772,4020.5
"Post scheduled trip end time",-2,9021,9023,4020.5
"Post scheduled trip end time",-2,5811,5813,4020.5
"Post scheduled trip end time",-2,4771,4773,4020.5
"Post scheduled trip end time",-2,14577,14579,4020.5
"Post scheduled trip end time",-2,16137,16139,4020.5
"Post scheduled trip end time",-2,7918,7920,4020.5
"Post scheduled trip end time",-2,2553,2555,4020.5
"Post scheduled trip end time",-2,3386,3388,4020.5
"Post scheduled trip end time",-2,612,614,4020.5
"Post scheduled trip end time",-2,14625,14627,4020.5
"Post scheduled trip end time",-2,6732,6734,4020.5
"Post scheduled trip end time",-2,1243,1245,4020.5
"Post scheduled trip end time",-2,2914,2916,4020.5
"Post scheduled trip end time",-2,288,290,4020.5
"Post scheduled trip end time",-2,19670,19672,4020.5
"Post scheduled trip end time",-2,93,95,4020.5
"Post scheduled trip end time",-2,5466,5468,4020.5
"Post scheduled trip end time",-2,26064,26066,4020.5
"Post scheduled trip end time",-2,27504,27506,4020.5
"Post scheduled trip end time",-2,20358,20360,4020.5
"Post scheduled trip end time",-2,4489,4491,4020.5
"Post scheduled trip end time",-2,30952,30954,4020.5
"Post scheduled trip end time",-2,7561,7563,4020.5
"Post scheduled trip end time",-2,14971,14973,4020.5
"Post scheduled trip end time",-2,533488,533490,4020.5
"Post scheduled trip end time",-2,534088,534090,4020.5
"Post scheduled trip end time",-2,3492,3494,4020.5
"Post scheduled trip end time",-2,1135,1137,4020.5
"Post scheduled trip end time",-2,1919,1921,4020.5
"Post scheduled trip end time",-2,19051,19053,4020.5
"Post scheduled trip end time",-2,7732,7734,4020.5
"Post scheduled trip end time",-2,4770,4772,4020.5
"Post scheduled trip end time",-2,9270,9272,4020.5
"Post scheduled trip end time",-2,2123,2125,4020.5
"Post scheduled trip end time",-2,714,716,4020.5
"Post scheduled trip end time",-2,3546,3548,4020.5
"Post scheduled trip end time",-2,6140,6142,4020.5
"Post scheduled trip end time",-2,7931,7933,4020.5
"Post scheduled trip end time",-2,16212,16214,4020.5
"Post scheduled trip end time",-2,12711,12713,4020.5
"Post scheduled trip end time",-2,16631,16633,4020.5
"Post scheduled trip end time",-2,7252,7254,4020.5
"Post scheduled trip end time",-2,170,172,4020.5
"Post scheduled trip end time",-2,13650,13652,4020.5
"Post scheduled trip end time",-2,15970,15972,4020.5
"Post scheduled trip end time",-2,594,596,4020.5
"Post scheduled trip end time",-2,7360,7362,4020.5
"Post scheduled trip end time",-2,5033,5035,4020.5
"Post scheduled trip end time",-2,7651,7653,4020.5
"Post scheduled trip end time",-2,11860,11862,4020.5
"Post scheduled trip end time",-2,25692,25694,4020.5
"Post scheduled trip end time",-2,22098,22100,4020.5
"Post scheduled trip end time",-2,22378,22380,4020.5
"Post scheduled trip end time",-2,18037,18039,4020.5
"Post scheduled trip end time",-2,18938,18940,4020.5
"Post scheduled trip end time",-2,16192,16194,4020.5
"Post scheduled trip end time",-2,1608,1610,4020.5
"Post scheduled trip end time",-2,2501,2503,4020.5
"Post scheduled trip end time",-2,2672,2674,4020.5
"Post scheduled trip end time",-2,16670,16672,4020.5
"Post scheduled trip end time",-2,11530,11532,4020.5
"Post scheduled trip end time",-2,2514,2516,4020.5
"Post scheduled trip end time",-2,15130,15132,4020.5
"Post scheduled trip end time",-2,16466,16468,4020.5
"Post scheduled trip end time",-2,15810,15812,4020.5
"Post scheduled trip end time",-2,30244,30246,4020.5
"Post scheduled trip end time",-2,16714,16716,4020.5
"Post scheduled trip end time",-2,8560,8562,4020.5
"Post scheduled trip end time",-2,24432,24434,4020.5
"Post scheduled trip end time",-2,7901,7903,4020.5
"Post scheduled trip end time",-2,23412,23414,4020.5
"Post scheduled trip end time",-2,2074,2076,4020.5
"Post scheduled trip end time",-2,2714,2716,4020.5
"Post scheduled trip end time",-2,5740,5742,4020.5
"Post scheduled trip end time",-2,7120,7122,4020.5
"Post scheduled trip end time",-2,10874,10876,4020.5
"Post scheduled trip end time",-2,3549,3551,4020.5
"Post scheduled trip end time",-2,2126,2128,4020.5
"Post scheduled trip end time",-2,920,922,4020.5
"Post scheduled trip end time",-2,6508,6510,4020.5
"Post scheduled trip end time",-2,17552,17554,4020.5
"Post scheduled trip end time",-2,538168,538170,4020.5
"Post scheduled trip end time",-2,5801,5803,4020.5
"Post scheduled trip end time",-2,723,725,4020.5
"Post scheduled trip end time",-2,14690,14692,4020.5
"Post scheduled trip end time",-2,15530,15532,4020.5
"Post scheduled trip end time",-2,6290,6292,4020.5
"Post scheduled trip end time",-2,6430,6432,4020.5
"Post scheduled trip end time",-2,4880,4882,4020.5
"Post scheduled trip end time",-2,220,222,4020.5
"Post scheduled trip end time",-2,31204,31206,4020.5
"Post scheduled trip end time",-2,13334,13336,4020.5
"Post scheduled trip end time",-2,22050,22052,4020.5
"Post scheduled trip end time",-2,16778,16780,4020.5
"Post scheduled trip end time",-2,10838,10840,4020.5
"Post scheduled trip end time",-2,10858,10860,4020.5
"Post scheduled trip end time",-2,18952,18954,4020.5
"Post scheduled trip end time",-2,13221,13223,4020.5
"Post scheduled trip end time",-2,5071,5073,4020.5
"Post scheduled trip end time",-2,14857,14859,4020.5
"Post scheduled trip end time",-2,1178,1180,4020.5
"Post scheduled trip end time",-2,1114,1116,4020.5
"Post scheduled trip end time",-2,1514,1516,4020.5
"Post scheduled trip end time",-2,4070,4072,4020.5
"Post scheduled trip end time",-2,2680,2682,4020.5
"Post scheduled trip end time",-2,13310,13312,4020.5
"Post scheduled trip end time",-2,34052,34054,4020.5
"Post scheduled trip end time",-2,21972,21974,4020.5
"Post scheduled trip end time",-2,16418,16420,4020.5
"Post scheduled trip end time",-2,14152,14154,4020.5
"Post scheduled trip end time",-2,24352,24354,4020.5
"Post scheduled trip end time",-2,3977,3979,4020.5
"Post scheduled trip end time",-2,2669,2671,4020.5
"Post scheduled trip end time",-2,11068,11070,4020.5
"Post scheduled trip end time",-2,20457,20459,4020.5
"Post scheduled trip end time",-2,21917,21919,4020.5
"Post scheduled trip end time",-2,16068,16070,4020.5
"Post scheduled trip end time",-2,675,677,4020.5
"Post scheduled trip end time",-2,2048,2050,4020.5
"Post scheduled trip end time",-2,2158,2160,4020.5
"Post scheduled trip end time",-2,12081,12083,4020.5
"Post scheduled trip end time",-2,14301,14303,4020.5
"Post scheduled trip end time",-2,1910,1912,4020.5
"Post scheduled trip end time",-2,2043,2045,4020.5
"Post scheduled trip end time",-2,640,642,4020.5
"Post scheduled trip end time",-2,13950,13952,4020.5
"Post scheduled trip end time",-2,11300,11302,4020.5
"Post scheduled trip end time",-2,33772,33774,4020.5
"Post scheduled trip end time",-2,34392,34394,4020.5
"Post scheduled trip end time",-2,14894,14896,4020.5
"Post scheduled trip end time",-2,22570,22572,4020.5
"Post scheduled trip end time",-2,8930,8932,4020.5
"Post scheduled trip end time",-2,16518,16520,4020.5
"Post scheduled trip end time",-2,8294,8296,4020.5
"Post scheduled trip end time",-2,9854,9856,4020.5
"Post scheduled trip end time",-2,16972,16974,4020.5
"Post scheduled trip end time",-2,9571,9573,4020.5
"Post scheduled trip end time",-2,11511,11513,4020.5
"Post scheduled trip end time",-2,4719,4721,4020.5
"Post scheduled trip end time",-2,3469,3471,4020.5
"Post scheduled trip end time",-2,534108,534110,4020.5
"Post scheduled trip end time",-2,8594,8596,4020.5
"Post scheduled trip end time",-2,6112,6114,4020.5
"Post scheduled trip end time",-2,8717,8719,4020.5
"Post scheduled trip end time",-2,10251,10253,4020.5
"Post scheduled trip end time",-2,1419,1421,4020.5
"Post scheduled trip end time",-2,103521,103523,4020.5
"Post scheduled trip end time",-2,36,38,4020.5
"Post scheduled trip end time",-2,368,370,4020.5
"Post scheduled trip end time",-2,1615,1617,4020.5
"Post scheduled trip end time",-2,205,207,4020.5
"Post scheduled trip end time",-2,26844,26846,4020.5
"Post scheduled trip end time",-2,3274,3276,4020.5
"Post scheduled trip end time",-2,4171,4173,4020.5
"Post scheduled trip end time",-2,14695,14697,4020.5
"Post scheduled trip end time",-2,6108,6110,4020.5
"Post scheduled trip end time",-2,2154,2156,4020.5
"Post scheduled trip end time",-2,2410,2412,4020.5
"Post scheduled trip end time",-2,10430,10432,4020.5
"Post scheduled trip end time",-2,123,125,4020.5
"Post scheduled trip end time",-2,19990,19992,4020.5
"Post scheduled trip end time",-2,4193,4195,4020.5
"Post scheduled trip end time",-2,8731,8733,4020.5
"Post scheduled trip end time",-2,18994,18996,4020.5
"Post scheduled trip end time",-2,32412,32414,4020.5
"Post scheduled trip end time",-2,34712,34714,4020.5
"Post scheduled trip end time",-2,1951,1953,4020.5
"Post scheduled trip end time",-2,22692,22694,4020.5
"Post scheduled trip end time",-2,23832,23834,4020.5
"Post scheduled trip end time",-2,9241,9243,4020.5
"Post scheduled trip end time",-2,2294,2296,4020.5
"Post scheduled trip end time",-2,12421,12423,4020.5
"Post scheduled trip end time",-2,12581,12583,4020.5
"Post scheduled trip end time",-2,1223,1225,4020.5
"Post scheduled trip end time",-2,467,469,4020.5
"Post scheduled trip end time",-2,17728,17730,4020.5
"Post scheduled trip end time",-2,7448,7450,4020.5
"Post scheduled trip end time",-2,6341,6343,4020.5
"Post scheduled trip end time",-2,11710,11712,4020.5
"Post scheduled trip end time",-2,770,772,4020.5
"Post scheduled trip end time",-2,60,62,4020.5
"Post scheduled trip end time",-2,894,896,4020.5
"Post scheduled trip end time",-2,2429,2431,4020.5
"Post scheduled trip end time",-2,7534,7536,4020.5
"Post scheduled trip end time",-2,29550,29552,4020.5
"Post scheduled trip end time",-2,15786,15788,4020.5
"Post scheduled trip end time",-2,10454,10456,4020.5
"Post scheduled trip end time",-2,20258,20260,4020.5
"Post scheduled trip end time",-2,1006,1008,4020.5
"Post scheduled trip end time",-2,24464,24466,4020.5
"Post scheduled trip end time",-2,21870,21872,4020.5
"Post scheduled trip end time",-2,23250,23252,4020.5
"Post scheduled trip end time",-2,16877,16879,4020.5
"Post scheduled trip end time",-2,1791,1793,4020.5
"Post scheduled trip end time",-2,15992,15994,4020.5
"Post scheduled trip end time",-2,1774,1776,4020.5
"Post scheduled trip end time",-2,11421,11423,4020.5
"Post scheduled trip end time",-2,14161,14163,4020.5
"Post scheduled trip end time",-2,4337,4339,4020.5
"Post scheduled trip end time",-2,14795,14797,4020.5
"Post scheduled trip end time",-2,1353,1355,4020.5
"Post scheduled trip end time",-2,2366,2368,4020.5
"Post scheduled trip end time",-2,4200,4202,4020.5
"Post scheduled trip end time",-2,1905,1907,4020.5
"Post scheduled trip end time",-2,12305,12307,4020.5
"Post scheduled trip end time",-2,2901,2903,4020.5
"Post scheduled trip end time",-2,158,160,4020.5
"Post scheduled trip end time",-2,6666,6668,4020.5
"Post scheduled trip end time",-2,30110,30112,4020.5
"Post scheduled trip end time",-2,29044,29046,4020.5
"Post scheduled trip end time",-2,4050,4052,4020.5
"Post scheduled trip end time",-2,596,598,4020.5
"Post scheduled trip end time",-2,16238,16240,4020.5
"Post scheduled trip end time",-2,22552,22554,4020.5
"Post scheduled trip end time",-2,3557,3559,4020.5
"Post scheduled trip end time",-2,13037,13039,4020.5
"Post scheduled trip end time",-2,1829,1831,4020.5
"Post scheduled trip end time",-2,529788,529790,4020.5
"Post scheduled trip end time",-2,17348,17350,4020.5
"Post scheduled trip end time",-2,755,757,4020.5
"Post scheduled trip end time",-2,592,594,4020.5
"Post scheduled trip end time",-2,10848,10850,4020.5
"Post scheduled trip end time",-2,7997,7999,4020.5
"Post scheduled trip end time",-2,12,14,4020.5
"Post scheduled trip end time",-2,7154,7156,4020.5
"Post scheduled trip end time",-2,33890,33892,4020.5
"Post scheduled trip end time",-2,16394,16396,4020.5
"Post scheduled trip end time",-2,17978,17980,4020.5
"Post scheduled trip end time",-2,1100,1102,4020.5
"Post scheduled trip end time",-2,9317,9319,4020.5
"Post scheduled trip end time",-2,10712,10714,4020.5
"Post scheduled trip end time",-2,6397,6399,4020.5
"Post scheduled trip end time",-2,523648,523650,4020.5
"Post scheduled trip end time",-2,518,520,4020.5
"Post scheduled trip end time",-2,5974,5976,4020.5
"Post scheduled trip end time",-2,505,507,4020.5
"Post scheduled trip end time",-2,6391,6393,4020.5
"Post scheduled trip end time",-2,12670,12672,4020.5
"Post scheduled trip end time",-2,32504,32506,4020.5
"Post scheduled trip end time",-2,11780,11782,4020.5
"Post scheduled trip end time",-2,8470,8472,4020.5
"Post scheduled trip end time",-2,778,780,4020.5
"Post scheduled trip end time",-2,521968,521970,4020.5
"Post scheduled trip end time",-2,3870,3872,4020.5
"Post scheduled trip end time",-2,2638,2640,4020.5
"Post scheduled trip end time",-2,2352,2354,4020.5
"Post scheduled trip end time",-2,11268,11270,4020.5
"Post scheduled trip end time",-2,1745,1747,4020.5
"Post scheduled trip end time",-2,94,96,4020.5
"Post scheduled trip end time",-2,9670,9672,4020.5
"Post scheduled trip end time",-2,11770,11772,4020.5
"Post scheduled trip end time",-2,4334,4336,4020.5
"Post scheduled trip end time",-2,4973,4975,4020.5
"Post scheduled trip end time",-2,3539,3541,4020.5
"Post scheduled trip end time",-2,32230,32232,4020.5
"Post scheduled trip end time",-2,33032,33034,4020.5
"Post scheduled trip end time",-2,13554,13556,4020.5
"Post scheduled trip end time",-2,13794,13796,4020.5
"Post scheduled trip end time",-2,520488,520490,4020.5
"Post scheduled trip end time",-2,15697,15699,4020.5
"Post scheduled trip end time",-2,12614,12616,4020.5
"Post scheduled trip end time",-2,4672,4674,4020.5
"Post scheduled trip end time",-2,5988,5990,4020.5
"Post scheduled trip end time",-2,530768,530770,4020.5
"Post scheduled trip end time",-2,1661,1663,4020.5
"Post scheduled trip end time",-2,15641,15643,4020.5
"Post scheduled trip end time",-2,50,52,4020.5
"Post scheduled trip end time",-2,1041,1043,4020.5
"Post scheduled trip end time",-2,65,67,4020.5
"Post scheduled trip end time",-2,1438,1440,4020.5
"Post scheduled trip end time",-2,4086,4088,4020.5
"Post scheduled trip end time",-2,7951,7953,4020.5
"Post scheduled trip end time",-2,8631,8633,4020.5
"Post scheduled trip end time",-2,20886,20888,4020.5
"Post scheduled trip end time",-2,9310,9312,4020.5
"Post scheduled trip end time",-2,14610,14612,4020.5
"Post scheduled trip end time",-2,21198,21200,4020.5
"Post scheduled trip end time",-2,1326,1328,4020.5
"Post scheduled trip end time",-2,15474,15476,4020.5
"Post scheduled trip end time",-2,15854,15856,4020.5
"Post scheduled trip end time",-2,29052,29054,4020.5
"Post scheduled trip end time",-2,23032,23034,4020.5
"Post scheduled trip end time",-2,8574,8576,4020.5
"Post scheduled trip end time",-2,18518,18520,4020.5
"Post scheduled trip end time",-2,25052,25054,4020.5
"Post scheduled trip end time",-2,12698,12700,4020.5
"Post scheduled trip end time",-2,622,624,4020.5
"Post scheduled trip end time",-2,5791,5793,4020.5
"Post scheduled trip end time",-2,526528,526530,4020.5
"Post scheduled trip end time",-2,2259,2261,4020.5
"Post scheduled trip end time",-2,16011,16013,4020.5
"Post scheduled trip end time",-2,5606,5608,4020.5
"Post scheduled trip end time",-2,1086,1088,4020.5
"Post scheduled trip end time",-2,3963,3965,4020.5
"Post scheduled trip end time",-2,19690,19692,4020.5
"Post scheduled trip end time",-2,4886,4888,4020.5
"Post scheduled trip end time",-2,7351,7353,4020.5
"Post scheduled trip end time",-2,32530,32532,4020.5
"Post scheduled trip end time",-2,11894,11896,4020.5
"Post scheduled trip end time",-2,26790,26792,4020.5
"Post scheduled trip end time",-2,31972,31974,4020.5
"Post scheduled trip end time",-2,6591,6593,4020.5
"Post scheduled trip end time",-2,1235,1237,4020.5
"Post scheduled trip end time",-2,11412,11414,4020.5
"Post scheduled trip end time",-2,535008,535010,4020.5
"Post scheduled trip end time",-2,5472,5474,4020.5
"Post scheduled trip end time",-2,7934,7936,4020.5
"Post scheduled trip end time",-2,8492,8494,4020.5
"Post scheduled trip end time",-2,7121,7123,4020.5
"Post scheduled trip end time",-2,12245,12247,4020.5
"Post scheduled trip end time",-2,4501,4503,4020.5
"Post scheduled trip end time",-2,1234,1236,4020.5
"Post scheduled trip end time",-2,8020,8022,4020.5
"Post scheduled trip end time",-2,6851,6853,4020.5
"Post scheduled trip end time",-2,30150,30152,4020.5
"Post scheduled trip end time",-2,12770,12772,4020.5
"Post scheduled trip end time",-2,3090,3092,4020.5
"Post scheduled trip end time",-2,12080,12082,4020.5
"Post scheduled trip end time",-2,992,994,4020.5
"Post scheduled trip end time",-2,822,824,4020.5
"Post scheduled trip end time",-2,15618,15620,4020.5
"Post scheduled trip end time",-2,7654,7656,4020.5
"Post scheduled trip end time",-2,7734,7736,4020.5
"Post scheduled trip end time",-2,8354,8356,4020.5
"Post scheduled trip end time",-2,31852,31854,4020.5
"Post scheduled trip end time",-2,8357,8359,4020.5
"Post scheduled trip end time",-2,611,613,4020.5
"Post scheduled trip end time",-2,6321,6323,4020.5
"Post scheduled trip end time",-2,525688,525690,4020.5
"Post scheduled trip end time",-2,527228,527230,4020.5
"Post scheduled trip end time",-2,530648,530650,4020.5
"Post scheduled trip end time",-2,542028,542030,4020.5
"Post scheduled trip end time",-2,14572,14574,4020.5
"Post scheduled trip end time",-2,10401,10403,4020.5
"Post scheduled trip end time",-2,2159,2161,4020.5
"Post scheduled trip end time",-2,2299,2301,4020.5
"Post scheduled trip end time",-2,2419,2421,4020.5
"Post scheduled trip end time",-2,6172,6174,4020.5
"Post scheduled trip end time",-2,10392,10394,4020.5
"Post scheduled trip end time",-2,2492,2494,4020.5
"Post scheduled trip end time",-2,4410,4412,4020.5
"Post scheduled trip end time",-2,12766,12768,4020.5
"Post scheduled trip end time",-2,694,696,4020.5
"Post scheduled trip end time",-2,17814,17816,4020.5
"Post scheduled trip end time",-2,32252,32254,4020.5
"Post scheduled trip end time",-2,17057,17059,4020.5
"Post scheduled trip end time",-2,14632,14634,4020.5
"Post scheduled trip end time",-2,1257,1259,4020.5
"Post scheduled trip end time",-2,2513,2515,4020.5
"Post scheduled trip end time",-2,525868,525870,4020.5
"Post scheduled trip end time",-2,19031,19033,4020.5
"Post scheduled trip end time",-2,4732,4734,4020.5
"Post scheduled trip end time",-2,11371,11373,4020.5
"Post scheduled trip end time",-2,11141,11143,4020.5
"Post scheduled trip end time",-2,27224,27226,4020.5
"Post scheduled trip end time",-2,19046,19048,4020.5
"Post scheduled trip end time",-2,20234,20236,4020.5
"Post scheduled trip end time",-2,11874,11876,4020.5
"Post scheduled trip end time",-2,21358,21360,4020.5
"Post scheduled trip end time",-2,167,169,4020.5
"Post scheduled trip end time",-2,15292,15294,4020.5
"Post scheduled trip end time",-2,2060,2062,4020.5
"Post scheduled trip end time",-2,20912,20914,4020.5
"Post scheduled trip end time",-2,3431,3433,4020.5
"Post scheduled trip end time",-2,12157,12159,4020.5
"Post scheduled trip end time",-2,1769,1771,4020.5
"Post scheduled trip end time",-2,8801,8803,4020.5
"Post scheduled trip end time",-2,535288,535290,4020.5
"Post scheduled trip end time",-2,19547,19549,4020.5
"Post scheduled trip end time",-2,4648,4650,4020.5
"Post scheduled trip end time",-2,5408,5410,4020.5
"Post scheduled trip end time",-2,524428,524430,4020.5
"Post scheduled trip end time",-2,952,954,4020.5
"Post scheduled trip end time",-2,4518,4520,4020.5
"Post scheduled trip end time",-2,11928,11930,4020.5
"Post scheduled trip end time",-2,7165,7167,4020.5
"Post scheduled trip end time",-2,10072,10074,4020.5
"Post scheduled trip end time",-2,2881,2883,4020.5
"Post scheduled trip end time",-2,3101,3103,4020.5
"Post scheduled trip end time",-2,151,153,4020.5
"Post scheduled trip end time",-2,4790,4792,4020.5
"Post scheduled trip end time",-2,874,876,4020.5
"Post scheduled trip end time",-2,2529,2531,4020.5
"Post scheduled trip end time",-2,1782,1784,4020.5
"Post scheduled trip end time",-2,2527,2529,4020.5
"Post scheduled trip end time",-2,6534,6536,4020.5
"Post scheduled trip end time",-2,3270,3272,4020.5
"Post scheduled trip end time",-2,7210,7212,4020.5
"Post scheduled trip end time",-2,504,506,4020.5
"Post scheduled trip end time",-2,15014,15016,4020.5
"Post scheduled trip end time",-2,2331,2333,4020.5
"Post scheduled trip end time",-2,257,259,4020.5
"Post scheduled trip end time",-2,8457,8459,4020.5
"Post scheduled trip end time",-2,4249,4251,4020.5
"Post scheduled trip end time",-2,3949,3951,4020.5
"Post scheduled trip end time",-2,533248,533250,4020.5
"Post scheduled trip end time",-2,22497,22499,4020.5
"Post scheduled trip end time",-2,13911,13913,4020.5
"Post scheduled trip end time",-2,4178,4180,4020.5
"Post scheduled trip end time",-2,12608,12610,4020.5
"Post scheduled trip end time",-2,538388,538390,4020.5
"Post scheduled trip end time",-2,367,369,4020.5
"Post scheduled trip end time",-2,18,20,4020.5
"Post scheduled trip end time",-2,450,452,4020.5
"Post scheduled trip end time",-2,1472,1474,4020.5
"Post scheduled trip end time",-2,17738,17740,4020.5
"Post scheduled trip end time",-2,7321,7323,4020.5
"Post scheduled trip end time",-2,10178,10180,4020.5
"Post scheduled trip end time",-2,10761,10763,4020.5
"Post scheduled trip end time",-2,4814,4816,4020.5
"Post scheduled trip end time",-2,7208,7210,4020.5
"Post scheduled trip end time",-2,5314,5316,4020.5
"Post scheduled trip end time",-2,3541,3543,4020.5
"Post scheduled trip end time",-2,16945,16947,4020.5
"Post scheduled trip end time",-2,942,944,4020.5
"Post scheduled trip end time",-2,3654,3656,4020.5
"Post scheduled trip end time",-2,30490,30492,4020.5
"Post scheduled trip end time",-2,15230,15232,4020.5
"Post scheduled trip end time",-2,18314,18316,4020.5
"Post scheduled trip end time",-2,26452,26454,4020.5
"Post scheduled trip end time",-2,21950,21952,4020.5
"Post scheduled trip end time",-2,840,842,4020.5
"Post scheduled trip end time",-2,13597,13599,4020.5
"Post scheduled trip end time",-2,1058,1060,4020.5
"Post scheduled trip end time",-2,4528,4530,4020.5
"Post scheduled trip end time",-2,2208,2210,4020.5
"Post scheduled trip end time",-2,13926,13928,4020.5
"Post scheduled trip end time",-2,9552,9554,4020.5
"Post scheduled trip end time",-2,1099,1101,4020.5
"Post scheduled trip end time",-2,1175,1177,4020.5
"Post scheduled trip end time",-2,17790,17792,4020.5
"Post scheduled trip end time",-2,5626,5628,4020.5
"Post scheduled trip end time",-2,25952,25954,4020.5
"Post scheduled trip end time",-2,8974,8976,4020.5
"Post scheduled trip end time",-2,10060,10062,4020.5
"Post scheduled trip end time",-2,24172,24174,4020.5
"Post scheduled trip end time",-2,22412,22414,4020.5
"Post scheduled trip end time",-2,10421,10423,4020.5
"Post scheduled trip end time",-2,10091,10093,4020.5
"Post scheduled trip end time",-2,10751,10753,4020.5
"Post scheduled trip end time",-2,9397,9399,4020.5
"Post scheduled trip end time",-2,483,485,4020.5
"Post scheduled trip end time",-2,255,257,4020.5
"Post scheduled trip end time",-2,9986,9988,4020.5
"Post scheduled trip end time",-2,4650,4652,4020.5
"Post scheduled trip end time",-2,635,637,4020.5
"Post scheduled trip end time",-2,12925,12927,4020.5
"Post scheduled trip end time",-2,258,260,4020.5
"Post scheduled trip end time",-2,537,539,4020.5
"Post scheduled trip end time",-2,31844,31846,4020.5
"Post scheduled trip end time",-2,11374,11376,4020.5
"Post scheduled trip end time",-2,459,461,4020.5
"Post scheduled trip end time",-2,520288,520290,4020.5
"Post scheduled trip end time",-2,6318,6320,4020.5
"Post scheduled trip end time",-2,7141,7143,4020.5
"Post scheduled trip end time",-2,534348,534350,4020.5
"Post scheduled trip end time",-2,10048,10050,4020.5
"Post scheduled trip end time",-2,540748,540750,4020.5
"Post scheduled trip end time",-2,3280,3282,4020.5
"Post scheduled trip end time",-2,1881,1883,4020.5
"Post scheduled trip end time",-2,3401,3403,4020.5
"Post scheduled trip end time",-2,2483,2485,4020.5
"Post scheduled trip end time",-2,1830,1832,4020.5
"Post scheduled trip end time",-2,17990,17992,4020.5
"Post scheduled trip end time",-2,385,387,4020.5
"Post scheduled trip end time",-2,6866,6868,4020.5
"Post scheduled trip end time",-2,17626,17628,4020.5
"Post scheduled trip end time",-2,646,648,4020.5
"Post scheduled trip end time",-2,4830,4832,4020.5
"Post scheduled trip end time",-2,501,503,4020.5
"Post scheduled trip end time",-2,32444,32446,4020.5
"Post scheduled trip end time",-2,35132,35134,4020.5
"Post scheduled trip end time",-2,25184,25186,4020.5
"Post scheduled trip end time",-2,2474,2476,4020.5
"Post scheduled trip end time",-2,5172,5174,4020.5
"Post scheduled trip end time",-2,538988,538990,4020.5
"Post scheduled trip end time",-2,10005,10007,4020.5
"Post scheduled trip end time",-2,16890,16892,4020.5
"Post scheduled trip end time",-2,2390,2392,4020.5
"Post scheduled trip end time",-2,294,296,4020.5
"Post scheduled trip end time",-2,929,931,4020.5
"Post scheduled trip end time",-2,2929,2931,4020.5
"Post scheduled trip end time",-2,28744,28746,4020.5
"Post scheduled trip end time",-2,5055,5057,4020.5
"Post scheduled trip end time",-2,62273,62275,4020.5
"Post scheduled trip end time",-2,33092,33094,4020.5
"Post scheduled trip end time",-2,1380,1382,4020.5
"Post scheduled trip end time",-2,11898,11900,4020.5
"Post scheduled trip end time",-2,20192,20194,4020.5
"Post scheduled trip end time",-2,20452,20454,4020.5
"Post scheduled trip end time",-2,7320,7322,4020.5
"Post scheduled trip end time",-2,21092,21094,4020.5
"Post scheduled trip end time",-2,14457,14459,4020.5
"Post scheduled trip end time",-2,8088,8090,4020.5
"Post scheduled trip end time",-2,3592,3594,4020.5
"Post scheduled trip end time",-2,7152,7154,4020.5
"Post scheduled trip end time",-2,910,912,4020.5
"Post scheduled trip end time",-2,55,57,4020.5
"Post scheduled trip end time",-2,883,885,4020.5
"Post scheduled trip end time",-2,111,113,4020.5
"Post scheduled trip end time",-2,1555,1557,4020.5
"Post scheduled trip end time",-2,10170,10172,4020.5
"Post scheduled trip end time",-2,6301,6303,4020.5
"Post scheduled trip end time",-2,1360,1362,4020.5
"Post scheduled trip end time",-2,1262,1264,4020.5
"Post scheduled trip end time",-2,14650,14652,4020.5
"Post scheduled trip end time",-2,7190,7192,4020.5
"Post scheduled trip end time",-2,14290,14292,4020.5
"Post scheduled trip end time",-2,188911,188913,4020.5
"Post scheduled trip end time",-2,27612,27614,4020.5
"Post scheduled trip end time",-2,946,948,4020.5
"Post scheduled trip end time",-2,15961,15963,4020.5
"Post scheduled trip end time",-2,17058,17060,4020.5
"Post scheduled trip end time",-2,11140,11142,4020.5
"Post scheduled trip end time",-2,10441,10443,4020.5
"Post scheduled trip end time",-2,5934,5936,4020.5
"Post scheduled trip end time",-2,5671,5673,4020.5
"Post scheduled trip end time",-2,340,342,4020.5
"Post scheduled trip end time",-2,566,568,4020.5
"Post scheduled trip end time",-2,826,828,4020.5
"Post scheduled trip end time",-2,7832,7834,4020.5
"Post scheduled trip end time",-2,2088,2090,4020.5
"Post scheduled trip end time",-2,15711,15713,4020.5
"Post scheduled trip end time",-2,2258,2260,4020.5
"Post scheduled trip end time",-2,8912,8914,4020.5
"Post scheduled trip end time",-2,16292,16294,4020.5
"Post scheduled trip end time",-2,539048,539050,4020.5
"Post scheduled trip end time",-2,27430,27432,4020.5
"Post scheduled trip end time",-2,10150,10152,4020.5
"Post scheduled trip end time",-2,18434,18436,4020.5
"Post scheduled trip end time",-2,229,231,4020.5
"Post scheduled trip end time",-2,32472,32474,4020.5
"Post scheduled trip end time",-2,11390,11392,4020.5
"Post scheduled trip end time",-2,23590,23592,4020.5
"Post scheduled trip end time",-2,16557,16559,4020.5
"Post scheduled trip end time",-2,1931,1933,4020.5
"Post scheduled trip end time",-2,16538,16540,4020.5
"Post scheduled trip end time",-2,8680,8682,4020.5
"Post scheduled trip end time",-2,7861,7863,4020.5
"Post scheduled trip end time",-2,5140,5142,4020.5
"Post scheduled trip end time",-2,7897,7899,4020.5
"Post scheduled trip end time",-2,7138,7140,4020.5
"Post scheduled trip end time",-2,523168,523170,4020.5
"Post scheduled trip end time",-2,531848,531850,4020.5
"Post scheduled trip end time",-2,6450,6452,4020.5
"Post scheduled trip end time",-2,8548,8550,4020.5
"Post scheduled trip end time",-2,2985,2987,4020.5
"Post scheduled trip end time",-2,14461,14463,4020.5
"Post scheduled trip end time",-2,17201,17203,4020.5
"Post scheduled trip end time",-2,1414,1416,4020.5
"Post scheduled trip end time",-2,9246,9248,4020.5
"Post scheduled trip end time",-2,18086,18088,4020.5
"Post scheduled trip end time",-2,9271,9273,4020.5
"Post scheduled trip end time",-2,2813,2815,4020.5
"Post scheduled trip end time",-2,2260,2262,4020.5
"Post scheduled trip end time",-2,13197,13199,4020.5
"Post scheduled trip end time",-2,6277,6279,4020.5
"Post scheduled trip end time",-2,9328,9330,4020.5
"Post scheduled trip end time",-2,16171,16173,4020.5
"Post scheduled trip end time",-2,5210,5212,4020.5
"Post scheduled trip end time",-2,7470,7472,4020.5
"Post scheduled trip end time",-2,1394,1396,4020.5
"Post scheduled trip end time",-2,2096,2098,4020.5
"Post scheduled trip end time",-2,5640,5642,4020.5
"Post scheduled trip end time",-2,11340,11342,4020.5
"Post scheduled trip end time",-2,9954,9956,4020.5
"Post scheduled trip end time",-2,17132,17134,4020.5
"Post scheduled trip end time",-2,10737,10739,4020.5
"Post scheduled trip end time",-2,749,751,4020.5
"Post scheduled trip end time",-2,3489,3491,4020.5
"Post scheduled trip end time",-2,4439,4441,4020.5
"Post scheduled trip end time",-2,532548,532550,4020.5
"Post scheduled trip end time",-2,21397,21399,4020.5
"Post scheduled trip end time",-2,17352,17354,4020.5
"Post scheduled trip end time",-2,8112,8114,4020.5
"Post scheduled trip end time",-2,3818,3820,4020.5
"Post scheduled trip end time",-2,9701,9703,4020.5
"Post scheduled trip end time",-2,512,514,4020.5
"Post scheduled trip end time",-2,5106,5108,4020.5
"Post scheduled trip end time",-2,12390,12392,4020.5
"Post scheduled trip end time",-2,586,588,4020.5
"Post scheduled trip end time",-2,16457,16459,4020.5
"Post scheduled trip end time",-2,499,501,4020.5
"Post scheduled trip end time",-2,15421,15423,4020.5
"Post scheduled trip end time",-2,10921,10923,4020.5
"Post scheduled trip end time",-2,11768,11770,4020.5
"Post scheduled trip end time",-2,11672,11674,4020.5
"Post scheduled trip end time",-2,533888,533890,4020.5
"Post scheduled trip end time",-2,535328,535330,4020.5
"Post scheduled trip end time",-2,5132,5134,4020.5
"Post scheduled trip end time",-2,3890,3892,4020.5
"Post scheduled trip end time",-2,17852,17854,4020.5
"Post scheduled trip end time",-2,19752,19754,4020.5
"Post scheduled trip end time",-2,17432,17434,4020.5
"Post scheduled trip end time",-2,6121,6123,4020.5
"Post scheduled trip end time",-2,1994,1996,4020.5
"Post scheduled trip end time",-2,10885,10887,4020.5
"Post scheduled trip end time",-2,254,256,4020.5
"Post scheduled trip end time",-2,7507,7509,4020.5
"Post scheduled trip end time",-2,278,280,4020.5
"Post scheduled trip end time",-2,17250,17252,4020.5
"Post scheduled trip end time",-2,28144,28146,4020.5
"Post scheduled trip end time",-2,17674,17676,4020.5
"Post scheduled trip end time",-2,31884,31886,4020.5
"Post scheduled trip end time",-2,33272,33274,4020.5
"Post scheduled trip end time",-2,24084,24086,4020.5
"Post scheduled trip end time",-2,11270,11272,4020.5
"Post scheduled trip end time",-2,19997,19999,4020.5
"Post scheduled trip end time",-2,9934,9936,4020.5
"Post scheduled trip end time",-2,24992,24994,4020.5
"Post scheduled trip end time",-2,1217,1219,4020.5
"Post scheduled trip end time",-2,8737,8739,4020.5
"Post scheduled trip end time",-2,4106,4108,4020.5
"Post scheduled trip end time",-2,14708,14710,4020.5
"Post scheduled trip end time",-2,352,354,4020.5
"Post scheduled trip end time",-2,995,997,4020.5
"Post scheduled trip end time",-2,3227,3229,4020.5
"Post scheduled trip end time",-2,7860,7862,4020.5
"Post scheduled trip end time",-2,3130,3132,4020.5
"Post scheduled trip end time",-2,528,530,4020.5
"Post scheduled trip end time",-2,4560,4562,4020.5
"Post scheduled trip end time",-2,27304,27306,4020.5
"Post scheduled trip end time",-2,28524,28526,4020.5
"Post scheduled trip end time",-2,13590,13592,4020.5
"Post scheduled trip end time",-2,15570,15572,4020.5
"Post scheduled trip end time",-2,2810,2812,4020.5
"Post scheduled trip end time",-2,22390,22392,4020.5
"Post scheduled trip end time",-2,26292,26294,4020.5
"Post scheduled trip end time",-2,20212,20214,4020.5
"Post scheduled trip end time",-2,6511,6513,4020.5
"Post scheduled trip end time",-2,691,693,4020.5
"Post scheduled trip end time",-2,11408,11410,4020.5
"Post scheduled trip end time",-2,535208,535210,4020.5
"Post scheduled trip end time",-2,530708,530710,4020.5
"Post scheduled trip end time",-2,9912,9914,4020.5
"Post scheduled trip end time",-2,1306,1308,4020.5
"Post scheduled trip end time",-2,1351,1353,4020.5
"Post scheduled trip end time",-2,643,645,4020.5
"Post scheduled trip end time",-2,12150,12152,4020.5
"Post scheduled trip end time",-2,1598,1600,4020.5
"Post scheduled trip end time",-2,7900,7902,4020.5
"Post scheduled trip end time",-2,4894,4896,4020.5
"Post scheduled trip end time",-2,6133,6135,4020.5
"Post scheduled trip end time",-2,5770,5772,4020.5
"Post scheduled trip end time",-2,8291,8293,4020.5
"Post scheduled trip end time",-2,7010,7012,4020.5
"Post scheduled trip end time",-2,5535,5537,4020.5
"Post scheduled trip end time",-2,4411,4413,4020.5
"Post scheduled trip end time",-2,10710,10712,4020.5
"Post scheduled trip end time",-2,8001,8003,4020.5
"Post scheduled trip end time",-2,377,379,4020.5
"Post scheduled trip end time",-2,9157,9159,4020.5
"Post scheduled trip end time",-2,2857,2859,4020.5
"Post scheduled trip end time",-2,14615,14617,4020.5
"Post scheduled trip end time",-2,5111,5113,4020.5
"Post scheduled trip end time",-2,722,724,4020.5
"Post scheduled trip end time",-2,13412,13414,4020.5
"Post scheduled trip end time",-2,524068,524070,4020.5
"Post scheduled trip end time",-2,532008,532010,4020.5
"Post scheduled trip end time",-2,541588,541590,4020.5
"Post scheduled trip end time",-2,9992,9994,4020.5
"Post scheduled trip end time",-2,13966,13968,4020.5
"Post scheduled trip end time",-2,538848,538850,4020.5
"Post scheduled trip end time",-2,5414,5416,4020.5
"Post scheduled trip end time",-2,10952,10954,4020.5
"Post scheduled trip end time",-2,42,44,4020.5
"Post scheduled trip end time",-2,134,136,4020.5
"Post scheduled trip end time",-2,2394,2396,4020.5
"Post scheduled trip end time",-2,3923,3925,4020.5
"Post scheduled trip end time",-2,16046,16048,4020.5
"Post scheduled trip end time",-2,17526,17528,4020.5
"Post scheduled trip end time",-2,25212,25214,4020.5
"Post scheduled trip end time",-2,24970,24972,4020.5
"Post scheduled trip end time",-2,24204,24206,4020.5
"Post scheduled trip end time",-2,21532,21534,4020.5
"Post scheduled trip end time",-2,29432,29434,4020.5
"Post scheduled trip end time",-2,15941,15943,4020.5
"Post scheduled trip end time",-2,520008,520010,4020.5
"Post scheduled trip end time",-2,520648,520650,4020.5
"Post scheduled trip end time",-2,5451,5453,4020.5
"Post scheduled trip end time",-2,8511,8513,4020.5
"Post scheduled trip end time",-2,12274,12276,4020.5
"Post scheduled trip end time",-2,10752,10754,4020.5
"Post scheduled trip end time",-2,1457,1459,4020.5
"Post scheduled trip end time",-2,7411,7413,4020.5
"Post scheduled trip end time",-2,4781,4783,4020.5
"Post scheduled trip end time",-2,11171,11173,4020.5
"Post scheduled trip end time",-2,17212,17214,4020.5
"Post scheduled trip end time",-2,16905,16907,4020.5
"Post scheduled trip end time",-2,8870,8872,4020.5
"Post scheduled trip end time",-2,11086,11088,4020.5
"Post scheduled trip end time",-2,16806,16808,4020.5
"Post scheduled trip end time",-2,19194,19196,4020.5
"Post scheduled trip end time",-2,11600,11602,4020.5
"Post scheduled trip end time",-2,21538,21540,4020.5
"Post scheduled trip end time",-2,20052,20054,4020.5
"Post scheduled trip end time",-2,5931,5933,4020.5
"Post scheduled trip end time",-2,15457,15459,4020.5
"Post scheduled trip end time",-2,5561,5563,4020.5
"Post scheduled trip end time",-2,11332,11334,4020.5
"Post scheduled trip end time",-2,9026,9028,4020.5
"Post scheduled trip end time",-2,17828,17830,4020.5
"Post scheduled trip end time",-2,2192,2194,4020.5
"Post scheduled trip end time",-2,706,708,4020.5
"Post scheduled trip end time",-2,4392,4394,4020.5
"Post scheduled trip end time",-2,6470,6472,4020.5
"Post scheduled trip end time",-2,7450,7452,4020.5
"Post scheduled trip end time",-2,1990,1992,4020.5
"Post scheduled trip end time",-2,1020,1022,4020.5
"Post scheduled trip end time",-2,4346,4348,4020.5
"Post scheduled trip end time",-2,8311,8313,4020.5
"Post scheduled trip end time",-2,17454,17456,4020.5
"Post scheduled trip end time",-2,6255,6257,4020.5
"Post scheduled trip end time",-2,25092,25094,4020.5
"Post scheduled trip end time",-2,33172,33174,4020.5
"Post scheduled trip end time",-2,13634,13636,4020.5
"Post scheduled trip end time",-2,1315,1317,4020.5
"Post scheduled trip end time",-2,3969,3971,4020.5
"Post scheduled trip end time",-2,9190,9192,4020.5
"Post scheduled trip end time",-2,22752,22754,4020.5
"Post scheduled trip end time",-2,14878,14880,4020.5
"Post scheduled trip end time",-2,6414,6416,4020.5
"Post scheduled trip end time",-2,12791,12793,4020.5
"Post scheduled trip end time",-2,14248,14250,4020.5
"Post scheduled trip end time",-2,9906,9908,4020.5
"Post scheduled trip end time",-2,420,422,4020.5
"Post scheduled trip end time",-2,1137,1139,4020.5
"Post scheduled trip end time",-2,4532,4534,4020.5
"Post scheduled trip end time",-2,1132,1134,4020.5
"Post scheduled trip end time",-2,3860,3862,4020.5
"Post scheduled trip end time",-2,2221,2223,4020.5
"Post scheduled trip end time",-2,12445,12447,4020.5
"Post scheduled trip end time",-2,18485,18487,4020.5
"Post scheduled trip end time",-2,1179,1181,4020.5
"Post scheduled trip end time",-2,28870,28872,4020.5
"Post scheduled trip end time",-2,15030,15032,4020.5
"Post scheduled trip end time",-2,6295,6297,4020.5
"Post scheduled trip end time",-2,33190,33192,4020.5
"Post scheduled trip end time",-2,27432,27434,4020.5
"Post scheduled trip end time",-2,573,575,4020.5
"Post scheduled trip end time",-2,12430,12432,4020.5
"Post scheduled trip end time",-2,14841,14843,4020.5
"Post scheduled trip end time",-2,15352,15354,4020.5
"Post scheduled trip end time",-2,2005,2007,4020.5
"Post scheduled trip end time",-2,10317,10319,4020.5
"Post scheduled trip end time",-2,534208,534210,4020.5
"Post scheduled trip end time",-2,529868,529870,4020.5
"Post scheduled trip end time",-2,4848,4850,4020.5
"Post scheduled trip end time",-2,531968,531970,4020.5
"Post scheduled trip end time",-2,6412,6414,4020.5
"Post scheduled trip end time",-2,319,321,4020.5
"Post scheduled trip end time",-2,1209,1211,4020.5
"Post scheduled trip end time",-2,8686,8688,4020.5
"Post scheduled trip end time",-2,13026,13028,4020.5
"Post scheduled trip end time",-2,3853,3855,4020.5
"Post scheduled trip end time",-2,32244,32246,4020.5
"Post scheduled trip end time",-2,20218,20220,4020.5
"Post scheduled trip end time",-2,12334,12336,4020.5
"Post scheduled trip end time",-2,10314,10316,4020.5
"Post scheduled trip end time",-2,1974,1976,4020.5
"Post scheduled trip end time",-2,477,479,4020.5
"Post scheduled trip end time",-2,12037,12039,4020.5
"Post scheduled trip end time",-2,14297,14299,4020.5
"Post scheduled trip end time",-2,4046,4048,4020.5
"Post scheduled trip end time",-2,21077,21079,4020.5
"Post scheduled trip end time",-2,4541,4543,4020.5
"Post scheduled trip end time",-2,17312,17314,4020.5
"Post scheduled trip end time",-2,679,681,4020.5
"Post scheduled trip end time",-2,8510,8512,4020.5
"Post scheduled trip end time",-2,3301,3303,4020.5
"Post scheduled trip end time",-2,5121,5123,4020.5
"Post scheduled trip end time",-2,791,793,4020.5
"Post scheduled trip end time",-2,10646,10648,4020.5
"Post scheduled trip end time",-2,7811,7813,4020.5
"Post scheduled trip end time",-2,14430,14432,4020.5
"Post scheduled trip end time",-2,19894,19896,4020.5
"Post scheduled trip end time",-2,32344,32346,4020.5
"Post scheduled trip end time",-2,11494,11496,4020.5
"Post scheduled trip end time",-2,469,471,4020.5
"Post scheduled trip end time",-2,24310,24312,4020.5
"Post scheduled trip end time",-2,24644,24646,4020.5
"Post scheduled trip end time",-2,14874,14876,4020.5
"Post scheduled trip end time",-2,10450,10452,4020.5
"Post scheduled trip end time",-2,13718,13720,4020.5
"Post scheduled trip end time",-2,9657,9659,4020.5
"Post scheduled trip end time",-2,2238,2240,4020.5
"Post scheduled trip end time",-2,529548,529550,4020.5
"Post scheduled trip end time",-2,427,429,4020.5
"Post scheduled trip end time",-2,3728,3730,4020.5
"Post scheduled trip end time",-2,17648,17650,4020.5
"Post scheduled trip end time",-2,16570,16572,4020.5
"Post scheduled trip end time",-2,54,56,4020.5
"Post scheduled trip end time",-2,19890,19892,4020.5
"Post scheduled trip end time",-2,20286,20288,4020.5
"Post scheduled trip end time",-2,196330,196332,4020.5
"Post scheduled trip end time",-2,23890,23892,4020.5
"Post scheduled trip end time",-2,25290,25292,4020.5
"Post scheduled trip end time",-2,25544,25546,4020.5
"Post scheduled trip end time",-2,590,592,4020.5
"Post scheduled trip end time",-2,24332,24334,4020.5
"Post scheduled trip end time",-2,521208,521210,4020.5
"Post scheduled trip end time",-2,797,799,4020.5
"Post scheduled trip end time",-2,14335,14337,4020.5
"Post scheduled trip end time",-2,9451,9453,4020.5
"Post scheduled trip end time",-2,533788,533790,4020.5
"Post scheduled trip end time",-2,12632,12634,4020.5
"Post scheduled trip end time",-2,540688,540690,4020.5
"Post scheduled trip end time",-2,17168,17170,4020.5
"Post scheduled trip end time",-2,1548,1550,4020.5
"Post scheduled trip end time",-2,1212,1214,4020.5
"Post scheduled trip end time",-2,17791,17793,4020.5
"Post scheduled trip end time",-2,2761,2763,4020.5
"Post scheduled trip end time",-2,9117,9119,4020.5
"Post scheduled trip end time",-2,7166,7168,4020.5
"Post scheduled trip end time",-2,13388,13390,4020.5
"Post scheduled trip end time",-2,2036,2038,4020.5
"Post scheduled trip end time",-2,2710,2712,4020.5
"Post scheduled trip end time",-2,314,316,4020.5
"Post scheduled trip end time",-2,10530,10532,4020.5
"Post scheduled trip end time",-2,12090,12092,4020.5
"Post scheduled trip end time",-2,3307,3309,4020.5
"Post scheduled trip end time",-2,1762,1764,4020.5
"Post scheduled trip end time",-2,1043,1045,4020.5
"Post scheduled trip end time",-2,20334,20336,4020.5
"Post scheduled trip end time",-2,897,899,4020.5
"Post scheduled trip end time",-2,6597,6599,4020.5
"Post scheduled trip end time",-2,14137,14139,4020.5
"Post scheduled trip end time",-2,6661,6663,4020.5
"Post scheduled trip end time",-2,13932,13934,4020.5
"Post scheduled trip end time",-2,6251,6253,4020.5
"Post scheduled trip end time",-2,22337,22339,4020.5
"Post scheduled trip end time",-2,3712,3714,4020.5
"Post scheduled trip end time",-2,4708,4710,4020.5
"Post scheduled trip end time",-2,5108,5110,4020.5
"Post scheduled trip end time",-2,526708,526710,4020.5
"Post scheduled trip end time",-2,7292,7294,4020.5
"Post scheduled trip end time",-2,2101,2103,4020.5
"Post scheduled trip end time",-2,16841,16843,4020.5
"Post scheduled trip end time",-2,4,6,4020.5
"Post scheduled trip end time",-2,138,140,4020.5
"Post scheduled trip end time",-2,396,398,4020.5
"Post scheduled trip end time",-2,16030,16032,4020.5
"Post scheduled trip end time",-2,20978,20980,4020.5
"Post scheduled trip end time",-2,28212,28214,4020.5
"Post scheduled trip end time",-2,15394,15396,4020.5
"Post scheduled trip end time",-2,4015,4017,4020.5
"Post scheduled trip end time",-2,22112,22114,4020.5
"Post scheduled trip end time",-2,29912,29914,4020.5
"Post scheduled trip end time",-2,3811,3813,4020.5
"Post scheduled trip end time",-2,768,770,4020.5
"Post scheduled trip end time",-2,280,282,4020.5
"Post scheduled trip end time",-2,667,669,4020.5
"Post scheduled trip end time",-2,18768,18770,4020.5
"Post scheduled trip end time",-2,1638,1640,4020.5
"Post scheduled trip end time",-2,9185,9187,4020.5
"Post scheduled trip end time",-2,5905,5907,4020.5
"Post scheduled trip end time",-2,16470,16472,4020.5
"Post scheduled trip end time",-2,1529,1531,4020.5
"Post scheduled trip end time",-2,1531,1533,4020.5
"Post scheduled trip end time",-2,15886,15888,4020.5
"Post scheduled trip end time",-2,20686,20688,4020.5
"Post scheduled trip end time",-2,580,582,4020.5
"Post scheduled trip end time",-2,5895,5897,4020.5
"Post scheduled trip end time",-2,33750,33752,4020.5
"Post scheduled trip end time",-2,16454,16456,4020.5
"Post scheduled trip end time",-2,21610,21612,4020.5
"Post scheduled trip end time",-2,519,521,4020.5
"Post scheduled trip end time",-2,9080,9082,4020.5
"Post scheduled trip end time",-2,18578,18580,4020.5
"Post scheduled trip end time",-2,8998,9000,4020.5
"Post scheduled trip end time",-2,11638,11640,4020.5
"Post scheduled trip end time",-2,1265,1267,4020.5
"Post scheduled trip end time",-2,307,309,4020.5
"Post scheduled trip end time",-2,13257,13259,4020.5
"Post scheduled trip end time",-2,4149,4151,4020.5
"Post scheduled trip end time",-2,7588,7590,4020.5
"Post scheduled trip end time",-2,521588,521590,4020.5
"Post scheduled trip end time",-2,15328,15330,4020.5
"Post scheduled trip end time",-2,11526,11528,4020.5
"Post scheduled trip end time",-2,2292,2294,4020.5
"Post scheduled trip end time",-2,6252,6254,4020.5
"Post scheduled trip end time",-2,15171,15173,4020.5
"Post scheduled trip end time",-2,16612,16614,4020.5
"Post scheduled trip end time",-2,14885,14887,4020.5
"Post scheduled trip end time",-2,16421,16423,4020.5
"Post scheduled trip end time",-2,146,148,4020.5
"Post scheduled trip end time",-2,125,127,4020.5
"Post scheduled trip end time",-2,587,589,4020.5
"Post scheduled trip end time",-2,3053,3055,4020.5
"Post scheduled trip end time",-2,15346,15348,4020.5
"Post scheduled trip end time",-2,729,731,4020.5
"Post scheduled trip end time",-2,15634,15636,4020.5
"Post scheduled trip end time",-2,8234,8236,4020.5
"Post scheduled trip end time",-2,760,762,4020.5
"Post scheduled trip end time",-2,17832,17834,4020.5
"Post scheduled trip end time",-2,777,779,4020.5
"Post scheduled trip end time",-2,10451,10453,4020.5
"Post scheduled trip end time",-2,4617,4619,4020.5
"Post scheduled trip end time",-2,482,484,4020.5
"Post scheduled trip end time",-2,1626,1628,4020.5
"Post scheduled trip end time",-2,4792,4794,4020.5
"Post scheduled trip end time",-2,6948,6950,4020.5
"Post scheduled trip end time",-2,542508,542510,4020.5
"Post scheduled trip end time",-2,543168,543170,4020.5
"Post scheduled trip end time",-2,7305,7307,4020.5
"Post scheduled trip end time",-2,3154,3156,4020.5
"Post scheduled trip end time",-2,6801,6803,4020.5
"Post scheduled trip end time",-2,184,186,4020.5
"Post scheduled trip end time",-2,3026,3028,4020.5
"Post scheduled trip end time",-2,6230,6232,4020.5
"Post scheduled trip end time",-2,4040,4042,4020.5
"Post scheduled trip end time",-2,10070,10072,4020.5
"Post scheduled trip end time",-2,34192,34194,4020.5
"Post scheduled trip end time",-2,34472,34474,4020.5
"Post scheduled trip end time",-2,15341,15343,4020.5
"Post scheduled trip end time",-2,16001,16003,4020.5
"Post scheduled trip end time",-2,30672,30674,4020.5
"Post scheduled trip end time",-2,9261,9263,4020.5
"Post scheduled trip end time",-2,7560,7562,4020.5
"Post scheduled trip end time",-2,14537,14539,4020.5
"Post scheduled trip end time",-2,11592,11594,4020.5
"Post scheduled trip end time",-2,20477,20479,4020.5
"Post scheduled trip end time",-2,523688,523690,4020.5
"Post scheduled trip end time",-2,892,894,4020.5
"Post scheduled trip end time",-2,8212,8214,4020.5
"Post scheduled trip end time",-2,13168,13170,4020.5
"Post scheduled trip end time",-2,7946,7948,4020.5
"Post scheduled trip end time",-2,13521,13523,4020.5
"Post scheduled trip end time",-2,12125,12127,4020.5
"Post scheduled trip end time",-2,12165,12167,4020.5
"Post scheduled trip end time",-2,303,305,4020.5
"Post scheduled trip end time",-2,9726,9728,4020.5
"Post scheduled trip end time",-2,3600,3602,4020.5
"Post scheduled trip end time",-2,28844,28846,4020.5
"Post scheduled trip end time",-2,17726,17728,4020.5
"Post scheduled trip end time",-2,5335,5337,4020.5
"Post scheduled trip end time",-2,11260,11262,4020.5
"Post scheduled trip end time",-2,19137,19139,4020.5
"Post scheduled trip end time",-2,3609,3611,4020.5
"Post scheduled trip end time",-2,522668,522670,4020.5
"Post scheduled trip end time",-2,6192,6194,4020.5
"Post scheduled trip end time",-2,19048,19050,4020.5
"Post scheduled trip end time",-2,3358,3360,4020.5
"Post scheduled trip end time",-2,8486,8488,4020.5
"Post scheduled trip end time",-2,757,759,4020.5
"Post scheduled trip end time",-2,3801,3803,4020.5
"Post scheduled trip end time",-2,49,51,4020.5
"Post scheduled trip end time",-2,8146,8148,4020.5
"Post scheduled trip end time",-2,12206,12208,4020.5
"Post scheduled trip end time",-2,3740,3742,4020.5
"Post scheduled trip end time",-2,18986,18988,4020.5
"Post scheduled trip end time",-2,20406,20408,4020.5
"Post scheduled trip end time",-2,129,131,4020.5
"Post scheduled trip end time",-2,15561,15563,4020.5
"Post scheduled trip end time",-2,15721,15723,4020.5
"Post scheduled trip end time",-2,6714,6716,4020.5
"Post scheduled trip end time",-2,3339,3341,4020.5
"Post scheduled trip end time",-2,5109,5111,4020.5
"Post scheduled trip end time",-2,3966,3968,4020.5
"Post scheduled trip end time",-2,4568,4570,4020.5
"Post scheduled trip end time",-2,15908,15910,4020.5
"Post scheduled trip end time",-2,2039,2041,4020.5
"Post scheduled trip end time",-2,16311,16313,4020.5
"Post scheduled trip end time",-2,1672,1674,4020.5
"Post scheduled trip end time",-2,9648,9650,4020.5
"Post scheduled trip end time",-2,1941,1943,4020.5
"Post scheduled trip end time",-2,4332,4334,4020.5
"Post scheduled trip end time",-2,6170,6172,4020.5
"Post scheduled trip end time",-2,1121,1123,4020.5
"Post scheduled trip end time",-2,698,700,4020.5
"Post scheduled trip end time",-2,1397,1399,4020.5
"Post scheduled trip end time",-2,69,71,4020.5
"Post scheduled trip end time",-2,4920,4922,4020.5
"Post scheduled trip end time",-2,10010,10012,4020.5
"Post scheduled trip end time",-2,16070,16072,4020.5
"Post scheduled trip end time",-2,32724,32726,4020.5
"Post scheduled trip end time",-2,4609,4611,4020.5
"Post scheduled trip end time",-2,14501,14503,4020.5
"Post scheduled trip end time",-2,8540,8542,4020.5
"Post scheduled trip end time",-2,8171,8173,4020.5
"Post scheduled trip end time",-2,8411,8413,4020.5
"Post scheduled trip end time",-2,529048,529050,4020.5
"Post scheduled trip end time",-2,11906,11908,4020.5
"Post scheduled trip end time",-2,18908,18910,4020.5
"Post scheduled trip end time",-2,8852,8854,4020.5
"Post scheduled trip end time",-2,16730,16732,4020.5
"Post scheduled trip end time",-2,6946,6948,4020.5
"Post scheduled trip end time",-2,3033,3035,4020.5
"Post scheduled trip end time",-2,260,262,4020.5
"Post scheduled trip end time",-2,15590,15592,4020.5
"Post scheduled trip end time",-2,8210,8212,4020.5
"Post scheduled trip end time",-2,686,688,4020.5
"Post scheduled trip end time",-2,22250,22252,4020.5
"Post scheduled trip end time",-2,18892,18894,4020.5
"Post scheduled trip end time",-2,13801,13803,4020.5
"Post scheduled trip end time",-2,10197,10199,4020.5
"Post scheduled trip end time",-2,10814,10816,4020.5
"Post scheduled trip end time",-2,19552,19554,4020.5
"Post scheduled trip end time",-2,5057,5059,4020.5
"Post scheduled trip end time",-2,10008,10010,4020.5
"Post scheduled trip end time",-2,525888,525890,4020.5
"Post scheduled trip end time",-2,524388,524390,4020.5
"Post scheduled trip end time",-2,9212,9214,4020.5
"Post scheduled trip end time",-2,620,622,4020.5
"Post scheduled trip end time",-2,12306,12308,4020.5
"Post scheduled trip end time",-2,848,850,4020.5
"Post scheduled trip end time",-2,1321,1323,4020.5
"Post scheduled trip end time",-2,1655,1657,4020.5
"Post scheduled trip end time",-2,546,548,4020.5
"Post scheduled trip end time",-2,8378,8380,4020.5
"Post scheduled trip end time",-2,7701,7703,4020.5
"Post scheduled trip end time",-2,14038,14040,4020.5
"Post scheduled trip end time",-2,5231,5233,4020.5
"Post scheduled trip end time",-2,13134,13136,4020.5
"Post scheduled trip end time",-2,534848,534850,4020.5
"Post scheduled trip end time",-2,14371,14373,4020.5
"Post scheduled trip end time",-2,543028,543030,4020.5
"Post scheduled trip end time",-2,6050,6052,4020.5
"Post scheduled trip end time",-2,796,798,4020.5
"Post scheduled trip end time",-2,10701,10703,4020.5
"Post scheduled trip end time",-2,16301,16303,4020.5
"Post scheduled trip end time",-2,1261,1263,4020.5
"Post scheduled trip end time",-2,292,294,4020.5
"Post scheduled trip end time",-2,12426,12428,4020.5
"Post scheduled trip end time",-2,13506,13508,4020.5
"Post scheduled trip end time",-2,5531,5533,4020.5
"Post scheduled trip end time",-2,27044,27046,4020.5
"Post scheduled trip end time",-2,17646,17648,4020.5
"Post scheduled trip end time",-2,30544,30546,4020.5
"Post scheduled trip end time",-2,33130,33132,4020.5
"Post scheduled trip end time",-2,26572,26574,4020.5
"Post scheduled trip end time",-2,21758,21760,4020.5
"Post scheduled trip end time",-2,13694,13696,4020.5
"Post scheduled trip end time",-2,725,727,4020.5
"Post scheduled trip end time",-2,2900,2902,4020.5
"Post scheduled trip end time",-2,7697,7699,4020.5
"Post scheduled trip end time",-2,4929,4931,4020.5
"Post scheduled trip end time",-2,2648,2650,4020.5
"Post scheduled trip end time",-2,3372,3374,4020.5
"Post scheduled trip end time",-2,1959,1961,4020.5
"Post scheduled trip end time",-2,1609,1611,4020.5
"Post scheduled trip end time",-2,6640,6642,4020.5
"Post scheduled trip end time",-2,3698,3700,4020.5
"Post scheduled trip end time",-2,26384,26386,4020.5
"Post scheduled trip end time",-2,14210,14212,4020.5
"Post scheduled trip end time",-2,31784,31786,4020.5
"Post scheduled trip end time",-2,32912,32914,4020.5
"Post scheduled trip end time",-2,26832,26834,4020.5
"Post scheduled trip end time",-2,21218,21220,4020.5
"Post scheduled trip end time",-2,23870,23872,4020.5
"Post scheduled trip end time",-2,1891,1893,4020.5
"Post scheduled trip end time",-2,28612,28614,4020.5
"Post scheduled trip end time",-2,29092,29094,4020.5
"Post scheduled trip end time",-2,21932,21934,4020.5
"Post scheduled trip end time",-2,10181,10183,4020.5
"Post scheduled trip end time",-2,7301,7303,4020.5
"Post scheduled trip end time",-2,11851,11853,4020.5
"Post scheduled trip end time",-2,11146,11148,4020.5
"Post scheduled trip end time",-2,17811,17813,4020.5
"Post scheduled trip end time",-2,3858,3860,4020.5
"Post scheduled trip end time",-2,247,249,4020.5
"Post scheduled trip end time",-2,10465,10467,4020.5
"Post scheduled trip end time",-2,2530,2532,4020.5
"Post scheduled trip end time",-2,5481,5483,4020.5
"Post scheduled trip end time",-2,887,889,4020.5
"Post scheduled trip end time",-2,3466,3468,4020.5
"Post scheduled trip end time",-2,4433,4435,4020.5
"Post scheduled trip end time",-2,25190,25192,4020.5
"Post scheduled trip end time",-2,21790,21792,4020.5
"Post scheduled trip end time",-2,7514,7516,4020.5
"Post scheduled trip end time",-2,8678,8680,4020.5
"Post scheduled trip end time",-2,2654,2656,4020.5
"Post scheduled trip end time",-2,11381,11383,4020.5
"Post scheduled trip end time",-2,12981,12983,4020.5
"Post scheduled trip end time",-2,4961,4963,4020.5
"Post scheduled trip end time",-2,13492,13494,4020.5
"Post scheduled trip end time",-2,2466,2468,4020.5
"Post scheduled trip end time",-2,8648,8650,4020.5
"Post scheduled trip end time",-2,5932,5934,4020.5
"Post scheduled trip end time",-2,8614,8616,4020.5
"Post scheduled trip end time",-2,16312,16314,4020.5
"Post scheduled trip end time",-2,610,612,4020.5
"Post scheduled trip end time",-2,1010,1012,4020.5
"Post scheduled trip end time",-2,10561,10563,4020.5
"Post scheduled trip end time",-2,14041,14043,4020.5
"Post scheduled trip end time",-2,301,303,4020.5
"Post scheduled trip end time",-2,6066,6068,4020.5
"Post scheduled trip end time",-2,29870,29872,4020.5
"Post scheduled trip end time",-2,11954,11956,4020.5
"Post scheduled trip end time",-2,26050,26052,4020.5
"Post scheduled trip end time",-2,7940,7942,4020.5
"Post scheduled trip end time",-2,16041,16043,4020.5
"Post scheduled trip end time",-2,23272,23274,4020.5
"Post scheduled trip end time",-2,11120,11122,4020.5
"Post scheduled trip end time",-2,9681,9683,4020.5
"Post scheduled trip end time",-2,19532,19534,4020.5
"Post scheduled trip end time",-2,20332,20334,4020.5
"Post scheduled trip end time",-2,9417,9419,4020.5
"Post scheduled trip end time",-2,1969,1971,4020.5
"Post scheduled trip end time",-2,20292,20294,4020.5
"Post scheduled trip end time",-2,7028,7030,4020.5
"Post scheduled trip end time",-2,13928,13930,4020.5
"Post scheduled trip end time",-2,11505,11507,4020.5
"Post scheduled trip end time",-2,341,343,4020.5
"Post scheduled trip end time",-2,11910,11912,4020.5
"Post scheduled trip end time",-2,1909,1911,4020.5
"Post scheduled trip end time",-2,3027,3029,4020.5
"Post scheduled trip end time",-2,7380,7382,4020.5
"Post scheduled trip end time",-2,3774,3776,4020.5
"Post scheduled trip end time",-2,15246,15248,4020.5
"Post scheduled trip end time",-2,18754,18756,4020.5
"Post scheduled trip end time",-2,27672,27674,4020.5
"Post scheduled trip end time",-2,23724,23726,4020.5
"Post scheduled trip end time",-2,21750,21752,4020.5
"Post scheduled trip end time",-2,4049,4051,4020.5
"Post scheduled trip end time",-2,30252,30254,4020.5
"Post scheduled trip end time",-2,10780,10782,4020.5
"Post scheduled trip end time",-2,24492,24494,4020.5
"Post scheduled trip end time",-2,6657,6659,4020.5
"Post scheduled trip end time",-2,263,265,4020.5
"Post scheduled trip end time",-2,4619,4621,4020.5
"Post scheduled trip end time",-2,19572,19574,4020.5
"Post scheduled trip end time",-2,3789,3791,4020.5
"Post scheduled trip end time",-2,2348,2350,4020.5
"Post scheduled trip end time",-2,2235,2237,4020.5
"Post scheduled trip end time",-2,5710,5712,4020.5
"Post scheduled trip end time",-2,3063,3065,4020.5
"Post scheduled trip end time",-2,576,578,4020.5
"Post scheduled trip end time",-2,1558,1560,4020.5
"Post scheduled trip end time",-2,12690,12692,4020.5
"Post scheduled trip end time",-2,7740,7742,4020.5
"Post scheduled trip end time",-2,27052,27054,4020.5
"Post scheduled trip end time",-2,13614,13616,4020.5
"Post scheduled trip end time",-2,1396,1398,4020.5
"Post scheduled trip end time",-2,299,301,4020.5
"Post scheduled trip end time",-2,2953,2955,4020.5
"Post scheduled trip end time",-2,15712,15714,4020.5
"Post scheduled trip end time",-2,14435,14437,4020.5
"Post scheduled trip end time",-2,12397,12399,4020.5
"Post scheduled trip end time",-2,1329,1331,4020.5
"Post scheduled trip end time",-2,528668,528670,4020.5
"Post scheduled trip end time",-2,6514,6516,4020.5
"Post scheduled trip end time",-2,1278,1280,4020.5
"Post scheduled trip end time",-2,3032,3034,4020.5
"Post scheduled trip end time",-2,5990,5992,4020.5
"Post scheduled trip end time",-2,1154,1156,4020.5
"Post scheduled trip end time",-2,274,276,4020.5
"Post scheduled trip end time",-2,70,72,4020.5
"Post scheduled trip end time",-2,233,235,4020.5
"Post scheduled trip end time",-2,30064,30066,4020.5
"Post scheduled trip end time",-2,12020,12022,4020.5
"Post scheduled trip end time",-2,23324,23326,4020.5
"Post scheduled trip end time",-2,6790,6792,4020.5
"Post scheduled trip end time",-2,520348,520350,4020.5
"Post scheduled trip end time",-2,6638,6640,4020.5
"Post scheduled trip end time",-2,2066,2068,4020.5
"Post scheduled trip end time",-2,6841,6843,4020.5
"Post scheduled trip end time",-2,534468,534470,4020.5
"Post scheduled trip end time",-2,4088,4090,4020.5
"Post scheduled trip end time",-2,543088,543090,4020.5
"Post scheduled trip end time",-2,13106,13108,4020.5
"Post scheduled trip end time",-2,16691,16693,4020.5
"Post scheduled trip end time",-2,16911,16913,4020.5
"Post scheduled trip end time",-2,12841,12843,4020.5
"Post scheduled trip end time",-2,4881,4883,4020.5
"Post scheduled trip end time",-2,2565,2567,4020.5
"Post scheduled trip end time",-2,1981,1983,4020.5
"Post scheduled trip end time",-2,3510,3512,4020.5
"Post scheduled trip end time",-2,14226,14228,4020.5
"Post scheduled trip end time",-2,4953,4955,4020.5
"Post scheduled trip end time",-2,2318,2320,4020.5
"Post scheduled trip end time",-2,5571,5573,4020.5
"Post scheduled trip end time",-2,7831,7833,4020.5
"Post scheduled trip end time",-2,4331,4333,4020.5
"Post scheduled trip end time",-2,462,464,4020.5
"Post scheduled trip end time",-2,2800,2802,4020.5
"Post scheduled trip end time",-2,26252,26254,4020.5
"Post scheduled trip end time",-2,5401,5403,4020.5
"Post scheduled trip end time",-2,21117,21119,4020.5
"Post scheduled trip end time",-2,4512,4514,4020.5
"Post scheduled trip end time",-2,15531,15533,4020.5
"Post scheduled trip end time",-2,3598,3600,4020.5
"Post scheduled trip end time",-2,10368,10370,4020.5
"Post scheduled trip end time",-2,3381,3383,4020.5
"Post scheduled trip end time",-2,15652,15654,4020.5
"Post scheduled trip end time",-2,14045,14047,4020.5
"Post scheduled trip end time",-2,7970,7972,4020.5
"Post scheduled trip end time",-2,1894,1896,4020.5
"Post scheduled trip end time",-2,758,760,4020.5
"Post scheduled trip end time",-2,1122,1124,4020.5
"Post scheduled trip end time",-2,9306,9308,4020.5
"Post scheduled trip end time",-2,4773,4775,4020.5
"Post scheduled trip end time",-2,481,483,4020.5
"Post scheduled trip end time",-2,25584,25586,4020.5
"Post scheduled trip end time",-2,2620,2622,4020.5
"Post scheduled trip end time",-2,23632,23634,4020.5
"Post scheduled trip end time",-2,14071,14073,4020.5
"Post scheduled trip end time",-2,12912,12914,4020.5
"Post scheduled trip end time",-2,440,442,4020.5
"Post scheduled trip end time",-2,4352,4354,4020.5
"Post scheduled trip end time",-2,528488,528490,4020.5
"Post scheduled trip end time",-2,4201,4203,4020.5
"Post scheduled trip end time",-2,2618,2620,4020.5
"Post scheduled trip end time",-2,9591,9593,4020.5
"Post scheduled trip end time",-2,13228,13230,4020.5
"Post scheduled trip end time",-2,4985,4987,4020.5
"Post scheduled trip end time",-2,18265,18267,4020.5
"Post scheduled trip end time",-2,16210,16212,4020.5
"Post scheduled trip end time",-2,1241,1243,4020.5
"Post scheduled trip end time",-2,7467,7469,4020.5
"Post scheduled trip end time",-2,447,449,4020.5
"Post scheduled trip end time",-2,991,993,4020.5
"Post scheduled trip end time",-2,12246,12248,4020.5
"Post scheduled trip end time",-2,13726,13728,4020.5
"Post scheduled trip end time",-2,27232,27234,4020.5
"Post scheduled trip end time",-2,14992,14994,4020.5
"Post scheduled trip end time",-2,1057,1059,4020.5
"Post scheduled trip end time",-2,4871,4873,4020.5
"Post scheduled trip end time",-2,10512,10514,4020.5
"Post scheduled trip end time",-2,10832,10834,4020.5
"Post scheduled trip end time",-2,4948,4950,4020.5
"Post scheduled trip end time",-2,1908,1910,4020.5
"Post scheduled trip end time",-2,14468,14470,4020.5
"Post scheduled trip end time",-2,14768,14770,4020.5
"Post scheduled trip end time",-2,2186,2188,4020.5
"Post scheduled trip end time",-2,16472,16474,4020.5
"Post scheduled trip end time",-2,9272,9274,4020.5
"Post scheduled trip end time",-2,4474,4476,4020.5
"Post scheduled trip end time",-2,3419,3421,4020.5
"Post scheduled trip end time",-2,101,103,4020.5
"Post scheduled trip end time",-2,4110,4112,4020.5
"Post scheduled trip end time",-2,31544,31546,4020.5
"Post scheduled trip end time",-2,4075,4077,4020.5
"Post scheduled trip end time",-2,4295,4297,4020.5
"Post scheduled trip end time",-2,10498,10500,4020.5
"Post scheduled trip end time",-2,10161,10163,4020.5
"Post scheduled trip end time",-2,3797,3799,4020.5
"Post scheduled trip end time",-2,85,87,4020.5
"Post scheduled trip end time",-2,3679,3681,4020.5
"Post scheduled trip end time",-2,5358,5360,4020.5
"Post scheduled trip end time",-2,873,875,4020.5
"Post scheduled trip end time",-2,4141,4143,4020.5
"Post scheduled trip end time",-2,17051,17053,4020.5
"Post scheduled trip end time",-2,1721,1723,4020.5
"Post scheduled trip end time",-2,9465,9467,4020.5
"Post scheduled trip end time",-2,1281,1283,4020.5
"Post scheduled trip end time",-2,1574,1576,4020.5
"Post scheduled trip end time",-2,7667,7669,4020.5
"Post scheduled trip end time",-2,2240,2242,4020.5
"Post scheduled trip end time",-2,12890,12892,4020.5
"Post scheduled trip end time",-2,1431,1433,4020.5
"Post scheduled trip end time",-2,11126,11128,4020.5
"Post scheduled trip end time",-2,3213,3215,4020.5
"Post scheduled trip end time",-2,3433,3435,4020.5
"Post scheduled trip end time",-2,4253,4255,4020.5
"Post scheduled trip end time",-2,5680,5682,4020.5
"Post scheduled trip end time",-2,4610,4612,4020.5
"Post scheduled trip end time",-2,17554,17556,4020.5
"Post scheduled trip end time",-2,34170,34172,4020.5
"Post scheduled trip end time",-2,820,822,4020.5
"Post scheduled trip end time",-2,520628,520630,4020.5
"Post scheduled trip end time",-2,5552,5554,4020.5
"Post scheduled trip end time",-2,8454,8456,4020.5
"Post scheduled trip end time",-2,20431,20433,4020.5
"Post scheduled trip end time",-2,18091,18093,4020.5
"Post scheduled trip end time",-2,9097,9099,4020.5
"Post scheduled trip end time",-2,10117,10119,4020.5
"Post scheduled trip end time",-2,3765,3767,4020.5
"Post scheduled trip end time",-2,2434,2436,4020.5
"Post scheduled trip end time",-2,5601,5603,4020.5
"Post scheduled trip end time",-2,29230,29232,4020.5
"Post scheduled trip end time",-2,23950,23952,4020.5
"Post scheduled trip end time",-2,1435,1437,4020.5
"Post scheduled trip end time",-2,15832,15834,4020.5
"Post scheduled trip end time",-2,10878,10880,4020.5
"Post scheduled trip end time",-2,10894,10896,4020.5
"Post scheduled trip end time",-2,9008,9010,4020.5
"Post scheduled trip end time",-2,8701,8703,4020.5
"Post scheduled trip end time",-2,2098,2100,4020.5
"Post scheduled trip end time",-2,525848,525850,4020.5
"Post scheduled trip end time",-2,3201,3203,4020.5
"Post scheduled trip end time",-2,1899,1901,4020.5
"Post scheduled trip end time",-2,5612,5614,4020.5
"Post scheduled trip end time",-2,16231,16233,4020.5
"Post scheduled trip end time",-2,3794,3796,4020.5
"Post scheduled trip end time",-2,13685,13687,4020.5
"Post scheduled trip end time",-2,3881,3883,4020.5
"Post scheduled trip end time",-2,2450,2452,4020.5
"Post scheduled trip end time",-2,73,75,4020.5
"Post scheduled trip end time",-2,6781,6783,4020.5
"Post scheduled trip end time",-2,13350,13352,4020.5
"Post scheduled trip end time",-2,6426,6428,4020.5
"Post scheduled trip end time",-2,4853,4855,4020.5
"Post scheduled trip end time",-2,27910,27912,4020.5
"Post scheduled trip end time",-2,7611,7613,4020.5
"Post scheduled trip end time",-2,8351,8353,4020.5
"Post scheduled trip end time",-2,7550,7552,4020.5
"Post scheduled trip end time",-2,11670,11672,4020.5
"Post scheduled trip end time",-2,14334,14336,4020.5
"Post scheduled trip end time",-2,8260,8262,4020.5
"Post scheduled trip end time",-2,23792,23794,4020.5
"Post scheduled trip end time",-2,3257,3259,4020.5
"Post scheduled trip end time",-2,10517,10519,4020.5
"Post scheduled trip end time",-2,14437,14439,4020.5
"Post scheduled trip end time",-2,3886,3888,4020.5
"Post scheduled trip end time",-2,1383,1385,4020.5
"Post scheduled trip end time",-2,17652,17654,4020.5
"Post scheduled trip end time",-2,18891,18893,4020.5
"Post scheduled trip end time",-2,18608,18610,4020.5
"Post scheduled trip end time",-2,1292,1294,4020.5
"Post scheduled trip end time",-2,2652,2654,4020.5
"Post scheduled trip end time",-2,4412,4414,4020.5
"Post scheduled trip end time",-2,16385,16387,4020.5
"Post scheduled trip end time",-2,16625,16627,4020.5
"Post scheduled trip end time",-2,756,758,4020.5
"Post scheduled trip end time",-2,276,278,4020.5
"Post scheduled trip end time",-2,105,107,4020.5
"Post scheduled trip end time",-2,1159,1161,4020.5
"Post scheduled trip end time",-2,234,236,4020.5
"Post scheduled trip end time",-2,391,393,4020.5
"Post scheduled trip end time",-2,1676,1678,4020.5
"Post scheduled trip end time",-2,671,673,4020.5
"Post scheduled trip end time",-2,6493,6495,4020.5
"Post scheduled trip end time",-2,11346,11348,4020.5
"Post scheduled trip end time",-2,11806,11808,4020.5
"Post scheduled trip end time",-2,3400,3402,4020.5
"Post scheduled trip end time",-2,18214,18216,4020.5
"Post scheduled trip end time",-2,685,687,4020.5
"Post scheduled trip end time",-2,8938,8940,4020.5
"Post scheduled trip end time",-2,1425,1427,4020.5
"Post scheduled trip end time",-2,18272,18274,4020.5
"Post scheduled trip end time",-2,1498,1500,4020.5
"Post scheduled trip end time",-2,6658,6660,4020.5
"Post scheduled trip end time",-2,12452,12454,4020.5
"Post scheduled trip end time",-2,4712,4714,4020.5
"Post scheduled trip end time",-2,10477,10479,4020.5
"Post scheduled trip end time",-2,17265,17267,4020.5
"Post scheduled trip end time",-2,222,224,4020.5
"Post scheduled trip end time",-2,3110,3112,4020.5
"Post scheduled trip end time",-2,4450,4452,4020.5
"Post scheduled trip end time",-2,1404,1406,4020.5
"Post scheduled trip end time",-2,782,784,4020.5
"Post scheduled trip end time",-2,6200,6202,4020.5
"Post scheduled trip end time",-2,532868,532870,4020.5
"Post scheduled trip end time",-2,4368,4370,4020.5
"Post scheduled trip end time",-2,2828,2830,4020.5
"Post scheduled trip end time",-2,3488,3490,4020.5
"Post scheduled trip end time",-2,741,743,4020.5
"Post scheduled trip end time",-2,6541,6543,4020.5
"Post scheduled trip end time",-2,16985,16987,4020.5
"Post scheduled trip end time",-2,241,243,4020.5
"Post scheduled trip end time",-2,95,97,4020.5
"Post scheduled trip end time",-2,4966,4968,4020.5
"Post scheduled trip end time",-2,2518,2520,4020.5
"Post scheduled trip end time",-2,20566,20568,4020.5
"Post scheduled trip end time",-2,34070,34072,4020.5
"Post scheduled trip end time",-2,32484,32486,4020.5
"Post scheduled trip end time",-2,15061,15063,4020.5
"Post scheduled trip end time",-2,24152,24154,4020.5
"Post scheduled trip end time",-2,19372,19374,4020.5
"Post scheduled trip end time",-2,20377,20379,4020.5
"Post scheduled trip end time",-2,4268,4270,4020.5
"Post scheduled trip end time",-2,5300,5302,4020.5
"Post scheduled trip end time",-2,2412,2414,4020.5
"Post scheduled trip end time",-2,10068,10070,4020.5
"Post scheduled trip end time",-2,16645,16647,4020.5
"Post scheduled trip end time",-2,18085,18087,4020.5
"Post scheduled trip end time",-2,2141,2143,4020.5
"Post scheduled trip end time",-2,5434,5436,4020.5
"Post scheduled trip end time",-2,30824,30826,4020.5
"Post scheduled trip end time",-2,18297,18299,4020.5
"Post scheduled trip end time",-2,16201,16203,4020.5
"Post scheduled trip end time",-2,9880,9882,4020.5
"Post scheduled trip end time",-2,9998,10000,4020.5
"Post scheduled trip end time",-2,24812,24814,4020.5
"Post scheduled trip end time",-2,5860,5862,4020.5
"Post scheduled trip end time",-2,7731,7733,4020.5
"Post scheduled trip end time",-2,18332,18334,4020.5
"Post scheduled trip end time",-2,12812,12814,4020.5
"Post scheduled trip end time",-2,7638,7640,4020.5
"Post scheduled trip end time",-2,1473,1475,4020.5
"Post scheduled trip end time",-2,527268,527270,4020.5
"Post scheduled trip end time",-2,15008,15010,4020.5
"Post scheduled trip end time",-2,8392,8394,4020.5
"Post scheduled trip end time",-2,536068,536070,4020.5
"Post scheduled trip end time",-2,11181,11183,4020.5
"Post scheduled trip end time",-2,4841,4843,4020.5
"Post scheduled trip end time",-2,4380,4382,4020.5
"Post scheduled trip end time",-2,8051,8053,4020.5
"Post scheduled trip end time",-2,24910,24912,4020.5
"Post scheduled trip end time",-2,6114,6116,4020.5
"Post scheduled trip end time",-2,11232,11234,4020.5
"Post scheduled trip end time",-2,6258,6260,4020.5
"Post scheduled trip end time",-2,9301,9303,4020.5
"Post scheduled trip end time",-2,22017,22019,4020.5
"Post scheduled trip end time",-2,13431,13433,4020.5
"Post scheduled trip end time",-2,536108,536110,4020.5
"Post scheduled trip end time",-2,11628,11630,4020.5
"Post scheduled trip end time",-2,3234,3236,4020.5
"Post scheduled trip end time",-2,478,480,4020.5
"Post scheduled trip end time",-2,13210,13212,4020.5
"Post scheduled trip end time",-2,13410,13412,4020.5
"Post scheduled trip end time",-2,15830,15832,4020.5
"Post scheduled trip end time",-2,1870,1872,4020.5
"Post scheduled trip end time",-2,19966,19968,4020.5
"Post scheduled trip end time",-2,15870,15872,4020.5
"Post scheduled trip end time",-2,30804,30806,4020.5
"Post scheduled trip end time",-2,14332,14334,4020.5
"Post scheduled trip end time",-2,7300,7302,4020.5
"Post scheduled trip end time",-2,2065,2067,4020.5
"Post scheduled trip end time",-2,13277,13279,4020.5
"Post scheduled trip end time",-2,6878,6880,4020.5
"Post scheduled trip end time",-2,3906,3908,4020.5
"Post scheduled trip end time",-2,13212,13214,4020.5
"Post scheduled trip end time",-2,526148,526150,4020.5
"Post scheduled trip end time",-2,18051,18053,4020.5
"Post scheduled trip end time",-2,15112,15114,4020.5
"Post scheduled trip end time",-2,537448,537450,4020.5
"Post scheduled trip end time",-2,321,323,4020.5
"Post scheduled trip end time",-2,5733,5735,4020.5
"Post scheduled trip end time",-2,5520,5522,4020.5
"Post scheduled trip end time",-2,9071,9073,4020.5
"Post scheduled trip end time",-2,30950,30952,4020.5
"Post scheduled trip end time",-2,34452,34454,4020.5
"Post scheduled trip end time",-2,21310,21312,4020.5
"Post scheduled trip end time",-2,15781,15783,4020.5
"Post scheduled trip end time",-2,10521,10523,4020.5
"Post scheduled trip end time",-2,4574,4576,4020.5
"Post scheduled trip end time",-2,1937,1939,4020.5
"Post scheduled trip end time",-2,6072,6074,4020.5
"Post scheduled trip end time",-2,15488,15490,4020.5
"Post scheduled trip end time",-2,541608,541610,4020.5
"Post scheduled trip end time",-2,1371,1373,4020.5
"Post scheduled trip end time",-2,223,225,4020.5
"Post scheduled trip end time",-2,4601,4603,4020.5
"Post scheduled trip end time",-2,4821,4823,4020.5
"Post scheduled trip end time",-2,428,430,4020.5
"Post scheduled trip end time",-2,28064,28066,4020.5
"Post scheduled trip end time",-2,13450,13452,4020.5
"Post scheduled trip end time",-2,15650,15652,4020.5
"Post scheduled trip end time",-2,400,402,4020.5
"Post scheduled trip end time",-2,17958,17960,4020.5
"Post scheduled trip end time",-2,176,178,4020.5
"Post scheduled trip end time",-2,13661,13663,4020.5
"Post scheduled trip end time",-2,13251,13253,4020.5
"Post scheduled trip end time",-2,15357,15359,4020.5
"Post scheduled trip end time",-2,2506,2508,4020.5
"Post scheduled trip end time",-2,8668,8670,4020.5
"Post scheduled trip end time",-2,6817,6819,4020.5
"Post scheduled trip end time",-2,20517,20519,4020.5
"Post scheduled trip end time",-2,22257,22259,4020.5
"Post scheduled trip end time",-2,3605,3607,4020.5
"Post scheduled trip end time",-2,3861,3863,4020.5
"Post scheduled trip end time",-2,1570,1572,4020.5
"Post scheduled trip end time",-2,3281,3283,4020.5
"Post scheduled trip end time",-2,5030,5032,4020.5
"Post scheduled trip end time",-2,11070,11072,4020.5
"Post scheduled trip end time",-2,5214,5216,4020.5
"Post scheduled trip end time",-2,108,110,4020.5
"Post scheduled trip end time",-2,1613,1615,4020.5
"Post scheduled trip end time",-2,20278,20280,4020.5
"Post scheduled trip end time",-2,8190,8192,4020.5
"Post scheduled trip end time",-2,8820,8822,4020.5
"Post scheduled trip end time",-2,1434,1436,4020.5
"Post scheduled trip end time",-2,5611,5613,4020.5
"Post scheduled trip end time",-2,1077,1079,4020.5
"Post scheduled trip end time",-2,19165,19167,4020.5
"Post scheduled trip end time",-2,529668,529670,4020.5
"Post scheduled trip end time",-2,15128,15130,4020.5
"Post scheduled trip end time",-2,7932,7934,4020.5
"Post scheduled trip end time",-2,794,796,4020.5
"Post scheduled trip end time",-2,18188,18190,4020.5
"Post scheduled trip end time",-2,12728,12730,4020.5
"Post scheduled trip end time",-2,2365,2367,4020.5
"Post scheduled trip end time",-2,10585,10587,4020.5
"Post scheduled trip end time",-2,1674,1676,4020.5
"Post scheduled trip end time",-2,15190,15192,4020.5
"Post scheduled trip end time",-2,2567,2569,4020.5
"Post scheduled trip end time",-2,14566,14568,4020.5
"Post scheduled trip end time",-2,25984,25986,4020.5
"Post scheduled trip end time",-2,6370,6372,4020.5
"Post scheduled trip end time",-2,19272,19274,4020.5
"Post scheduled trip end time",-2,4811,4813,4020.5
"Post scheduled trip end time",-2,5351,5353,4020.5
"Post scheduled trip end time",-2,889,891,4020.5
"Post scheduled trip end time",-2,16017,16019,4020.5
"Post scheduled trip end time",-2,12152,12154,4020.5
"Post scheduled trip end time",-2,5252,5254,4020.5
"Post scheduled trip end time",-2,521608,521610,4020.5
"Post scheduled trip end time",-2,542548,542550,4020.5
"Post scheduled trip end time",-2,7232,7234,4020.5
"Post scheduled trip end time",-2,4952,4954,4020.5
"Post scheduled trip end time",-2,6272,6274,4020.5
"Post scheduled trip end time",-2,15506,15508,4020.5
"Post scheduled trip end time",-2,10252,10254,4020.5
"Post scheduled trip end time",-2,11748,11750,4020.5
"Post scheduled trip end time",-2,6306,6308,4020.5
"Post scheduled trip end time",-2,324,326,4020.5
"Post scheduled trip end time",-2,320,322,4020.5
"Post scheduled trip end time",-2,1913,1915,4020.5
"Post scheduled trip end time",-2,19354,19356,4020.5
"Post scheduled trip end time",-2,1665,1667,4020.5
"Post scheduled trip end time",-2,29412,29414,4020.5
"Post scheduled trip end time",-2,24012,24014,4020.5
"Post scheduled trip end time",-2,11311,11313,4020.5
"Post scheduled trip end time",-2,14835,14837,4020.5
"Post scheduled trip end time",-2,1369,1371,4020.5
"Post scheduled trip end time",-2,14217,14219,4020.5
"Post scheduled trip end time",-2,5059,5061,4020.5
"Post scheduled trip end time",-2,7508,7510,4020.5
"Post scheduled trip end time",-2,4128,4130,4020.5
"Post scheduled trip end time",-2,578,580,4020.5
"Post scheduled trip end time",-2,14388,14390,4020.5
"Post scheduled trip end time",-2,11911,11913,4020.5
"Post scheduled trip end time",-2,15332,15334,4020.5
"Post scheduled trip end time",-2,695,697,4020.5
"Post scheduled trip end time",-2,16781,16783,4020.5
"Post scheduled trip end time",-2,3470,3472,4020.5
"Post scheduled trip end time",-2,3134,3136,4020.5
"Post scheduled trip end time",-2,12550,12552,4020.5
"Post scheduled trip end time",-2,3113,3115,4020.5
"Post scheduled trip end time",-2,5380,5382,4020.5
"Post scheduled trip end time",-2,28344,28346,4020.5
"Post scheduled trip end time",-2,16630,16632,4020.5
"Post scheduled trip end time",-2,23984,23986,4020.5
"Post scheduled trip end time",-2,22210,22212,4020.5
"Post scheduled trip end time",-2,29392,29394,4020.5
"Post scheduled trip end time",-2,15681,15683,4020.5
"Post scheduled trip end time",-2,11160,11162,4020.5
"Post scheduled trip end time",-2,12011,12013,4020.5
"Post scheduled trip end time",-2,15077,15079,4020.5
"Post scheduled trip end time",-2,7168,7170,4020.5
"Post scheduled trip end time",-2,5037,5039,4020.5
"Post scheduled trip end time",-2,4606,4608,4020.5
"Post scheduled trip end time",-2,19312,19314,4020.5
"Post scheduled trip end time",-2,7764,7766,4020.5
"Post scheduled trip end time",-2,2359,2361,4020.5
"Post scheduled trip end time",-2,14025,14027,4020.5
"Post scheduled trip end time",-2,16721,16723,4020.5
"Post scheduled trip end time",-2,290,292,4020.5
"Post scheduled trip end time",-2,730,732,4020.5
"Post scheduled trip end time",-2,4190,4192,4020.5
"Post scheduled trip end time",-2,708,710,4020.5
"Post scheduled trip end time",-2,7626,7628,4020.5
"Post scheduled trip end time",-2,15370,15372,4020.5
"Post scheduled trip end time",-2,15678,15680,4020.5
"Post scheduled trip end time",-2,13598,13600,4020.5
"Post scheduled trip end time",-2,6331,6333,4020.5
"Post scheduled trip end time",-2,9977,9979,4020.5
"Post scheduled trip end time",-2,318,320,4020.5
"Post scheduled trip end time",-2,2829,2831,4020.5
"Post scheduled trip end time",-2,20957,20959,4020.5
"Post scheduled trip end time",-2,524048,524050,4020.5
"Post scheduled trip end time",-2,13326,13328,4020.5
"Post scheduled trip end time",-2,16531,16533,4020.5
"Post scheduled trip end time",-2,6972,6974,4020.5
"Post scheduled trip end time",-2,3112,3114,4020.5
"Post scheduled trip end time",-2,4441,4443,4020.5
"Post scheduled trip end time",-2,141,143,4020.5
"Post scheduled trip end time",-2,19390,19392,4020.5
"Post scheduled trip end time",-2,12806,12808,4020.5
"Post scheduled trip end time",-2,2760,2762,4020.5
"Post scheduled trip end time",-2,366,368,4020.5
"Post scheduled trip end time",-2,25784,25786,4020.5
"Post scheduled trip end time",-2,26704,26706,4020.5
"Post scheduled trip end time",-2,34832,34834,4020.5
"Post scheduled trip end time",-2,15241,15243,4020.5
"Post scheduled trip end time",-2,8618,8620,4020.5
"Post scheduled trip end time",-2,11578,11580,4020.5
"Post scheduled trip end time",-2,13838,13840,4020.5
"Post scheduled trip end time",-2,14818,14820,4020.5
"Post scheduled trip end time",-2,4301,4303,4020.5
"Post scheduled trip end time",-2,5832,5834,4020.5
"Post scheduled trip end time",-2,1508,1510,4020.5
"Post scheduled trip end time",-2,2241,2243,4020.5
"Post scheduled trip end time",-2,28,30,4020.5
"Post scheduled trip end time",-2,6280,6282,4020.5
"Post scheduled trip end time",-2,2867,2869,4020.5
"Post scheduled trip end time",-2,15466,15468,4020.5
"Post scheduled trip end time",-2,8951,8953,4020.5
"Post scheduled trip end time",-2,552,554,4020.5
"Post scheduled trip end time",-2,309,311,4020.5
"Post scheduled trip end time",-2,19297,19299,4020.5
"Post scheduled trip end time",-2,21872,21874,4020.5
"Post scheduled trip end time",-2,31672,31674,4020.5
"Post scheduled trip end time",-2,9461,9463,4020.5
"Post scheduled trip end time",-2,11754,11756,4020.5
"Post scheduled trip end time",-2,5089,5091,4020.5
"Post scheduled trip end time",-2,524308,524310,4020.5
"Post scheduled trip end time",-2,9106,9108,4020.5
"Post scheduled trip end time",-2,7441,7443,4020.5
"Post scheduled trip end time",-2,7290,7292,4020.5
"Post scheduled trip end time",-2,16750,16752,4020.5
"Post scheduled trip end time",-2,18126,18128,4020.5
"Post scheduled trip end time",-2,5609,5611,4020.5
"Post scheduled trip end time",-2,654,656,4020.5
"Post scheduled trip end time",-2,5790,5792,4020.5
"Post scheduled trip end time",-2,16838,16840,4020.5
"Post scheduled trip end time",-2,10221,10223,4020.5
"Post scheduled trip end time",-2,24252,24254,4020.5
"Post scheduled trip end time",-2,4980,4982,4020.5
"Post scheduled trip end time",-2,7337,7339,4020.5
"Post scheduled trip end time",-2,3841,3843,4020.5
"Post scheduled trip end time",-2,5428,5430,4020.5
"Post scheduled trip end time",-2,9508,9510,4020.5
"Post scheduled trip end time",-2,10628,10630,4020.5
"Post scheduled trip end time",-2,264,266,4020.5
"Post scheduled trip end time",-2,13812,13814,4020.5
"Post scheduled trip end time",-2,15861,15863,4020.5
"Post scheduled trip end time",-2,13345,13347,4020.5
"Post scheduled trip end time",-2,5950,5952,4020.5
"Post scheduled trip end time",-2,136,138,4020.5
"Post scheduled trip end time",-2,216,218,4020.5
"Post scheduled trip end time",-2,35,37,4020.5
"Post scheduled trip end time",-2,6021,6023,4020.5
"Post scheduled trip end time",-2,8766,8768,4020.5
"Post scheduled trip end time",-2,4386,4388,4020.5
"Post scheduled trip end time",-2,2720,2722,4020.5
"Post scheduled trip end time",-2,5651,5653,4020.5
"Post scheduled trip end time",-2,28812,28814,4020.5
"Post scheduled trip end time",-2,16458,16460,4020.5
"Post scheduled trip end time",-2,10538,10540,4020.5
"Post scheduled trip end time",-2,520968,520970,4020.5
"Post scheduled trip end time",-2,3951,3953,4020.5
"Post scheduled trip end time",-2,1127,1129,4020.5
"Post scheduled trip end time",-2,12251,12253,4020.5
"Post scheduled trip end time",-2,8537,8539,4020.5
"Post scheduled trip end time",-2,12517,12519,4020.5
"Post scheduled trip end time",-2,5821,5823,4020.5
"Post scheduled trip end time",-2,2278,2280,4020.5
"Post scheduled trip end time",-2,6088,6090,4020.5
"Post scheduled trip end time",-2,647,649,4020.5
"Post scheduled trip end time",-2,2699,2701,4020.5
"Post scheduled trip end time",-2,7412,7414,4020.5
"Post scheduled trip end time",-2,10152,10154,4020.5
"Post scheduled trip end time",-2,49611,49613,4020.5
"Post scheduled trip end time",-2,5390,5392,4020.5
"Post scheduled trip end time",-2,1761,1763,4020.5
"Post scheduled trip end time",-2,2961,2963,4020.5
"Post scheduled trip end time",-2,1489,1491,4020.5
"Post scheduled trip end time",-2,1298,1300,4020.5
"Post scheduled trip end time",-2,15930,15932,4020.5
"Post scheduled trip end time",-2,7386,7388,4020.5
"Post scheduled trip end time",-2,3633,3635,4020.5
"Post scheduled trip end time",-2,29530,29532,4020.5
"Post scheduled trip end time",-2,180,182,4020.5
"Post scheduled trip end time",-2,786,788,4020.5
"Post scheduled trip end time",-2,4029,4031,4020.5
"Post scheduled trip end time",-2,6137,6139,4020.5
"Post scheduled trip end time",-2,7130,7132,4020.5
"Post scheduled trip end time",-2,9600,9602,4020.5
"Post scheduled trip end time",-2,9091,9093,4020.5
"Post scheduled trip end time",-2,12354,12356,4020.5
"Post scheduled trip end time",-2,540288,540290,4020.5
"Post scheduled trip end time",-2,9886,9888,4020.5
"Post scheduled trip end time",-2,14526,14528,4020.5
"Post scheduled trip end time",-2,2421,2423,4020.5
"Post scheduled trip end time",-2,16592,16594,4020.5
"Post scheduled trip end time",-2,6,8,4020.5
"Post scheduled trip end time",-2,16090,16092,4020.5
"Post scheduled trip end time",-2,20326,20328,4020.5
"Post scheduled trip end time",-2,19874,19876,4020.5
"Post scheduled trip end time",-2,33752,33754,4020.5
"Post scheduled trip end time",-2,28072,28074,4020.5
"Post scheduled trip end time",-2,22398,22400,4020.5
"Post scheduled trip end time",-2,2095,2097,4020.5
"Post scheduled trip end time",-2,21230,21232,4020.5
"Post scheduled trip end time",-2,21592,21594,4020.5
"Post scheduled trip end time",-2,13478,13480,4020.5
"Post scheduled trip end time",-2,19332,19334,4020.5
"Post scheduled trip end time",-2,20412,20414,4020.5
"Post scheduled trip end time",-2,4019,4021,4020.5
"Post scheduled trip end time",-2,10288,10290,4020.5
"Post scheduled trip end time",-2,190,192,4020.5
"Post scheduled trip end time",-2,30,32,4020.5
"Post scheduled trip end time",-2,6273,6275,4020.5
"Post scheduled trip end time",-2,4473,4475,4020.5
"Post scheduled trip end time",-2,3410,3412,4020.5
"Post scheduled trip end time",-2,13234,13236,4020.5
"Post scheduled trip end time",-2,1335,1337,4020.5
"Post scheduled trip end time",-2,19017,19019,4020.5
"Post scheduled trip end time",-2,14932,14934,4020.5
"Post scheduled trip end time",-2,28392,28394,4020.5
"Post scheduled trip end time",-2,14011,14013,4020.5
"Post scheduled trip end time",-2,1709,1711,4020.5
"Post scheduled trip end time",-2,12332,12334,4020.5
"Post scheduled trip end time",-2,9268,9270,4020.5
"Post scheduled trip end time",-2,5392,5394,4020.5
"Post scheduled trip end time",-2,529288,529290,4020.5
"Post scheduled trip end time",-2,5828,5830,4020.5
"Post scheduled trip end time",-2,9812,9814,4020.5
"Post scheduled trip end time",-2,816,818,4020.5
"Post scheduled trip end time",-2,7112,7114,4020.5
"Post scheduled trip end time",-2,9128,9130,4020.5
"Post scheduled trip end time",-2,10808,10810,4020.5
"Post scheduled trip end time",-2,3921,3923,4020.5
"Post scheduled trip end time",-2,12030,12032,4020.5
"Post scheduled trip end time",-2,18330,18332,4020.5
"Post scheduled trip end time",-2,14146,14148,4020.5
"Post scheduled trip end time",-2,15126,15128,4020.5
"Post scheduled trip end time",-2,393,395,4020.5
"Post scheduled trip end time",-2,9210,9212,4020.5
"Post scheduled trip end time",-2,19734,19736,4020.5
"Post scheduled trip end time",-2,27132,27134,4020.5
"Post scheduled trip end time",-2,23372,23374,4020.5
"Post scheduled trip end time",-2,21292,21294,4020.5
"Post scheduled trip end time",-2,10318,10320,4020.5
"Post scheduled trip end time",-2,11398,11400,4020.5
"Post scheduled trip end time",-2,12538,12540,4020.5
"Post scheduled trip end time",-2,12891,12893,4020.5
"Post scheduled trip end time",-2,2166,2168,4020.5
"Post scheduled trip end time",-2,6612,6614,4020.5
"Post scheduled trip end time",-2,528148,528150,4020.5
"Post scheduled trip end time",-2,521788,521790,4020.5
"Post scheduled trip end time",-2,4092,4094,4020.5
"Post scheduled trip end time",-2,5114,5116,4020.5
"Post scheduled trip end time",-2,1454,1456,4020.5
"Post scheduled trip end time",-2,12330,12332,4020.5
"Post scheduled trip end time",-2,338,340,4020.5
"Post scheduled trip end time",-2,14250,14252,4020.5
"Post scheduled trip end time",-2,10606,10608,4020.5
"Post scheduled trip end time",-2,15510,15512,4020.5
"Post scheduled trip end time",-2,18574,18576,4020.5
"Post scheduled trip end time",-2,33530,33532,4020.5
"Post scheduled trip end time",-2,813,815,4020.5
"Post scheduled trip end time",-2,13574,13576,4020.5
"Post scheduled trip end time",-2,20390,20392,4020.5
"Post scheduled trip end time",-2,3371,3373,4020.5
"Post scheduled trip end time",-2,5054,5056,4020.5
"Post scheduled trip end time",-2,497,499,4020.5
"Post scheduled trip end time",-2,8597,8599,4020.5
"Post scheduled trip end time",-2,3909,3911,4020.5
"Post scheduled trip end time",-2,531348,531350,4020.5
"Post scheduled trip end time",-2,12531,12533,4020.5
"Post scheduled trip end time",-2,7352,7354,4020.5
"Post scheduled trip end time",-2,10352,10354,4020.5
"Post scheduled trip end time",-2,3059,3061,4020.5
"Post scheduled trip end time",-2,74,76,4020.5
"Post scheduled trip end time",-2,2461,2463,4020.5
"Post scheduled trip end time",-2,1742,1744,4020.5
"Post scheduled trip end time",-2,87,89,4020.5
"Post scheduled trip end time",-2,19310,19312,4020.5
"Post scheduled trip end time",-2,10470,10472,4020.5
"Post scheduled trip end time",-2,560,562,4020.5
"Post scheduled trip end time",-2,33550,33552,4020.5
"Post scheduled trip end time",-2,32172,32174,4020.5
"Post scheduled trip end time",-2,311,313,4020.5
"Post scheduled trip end time",-2,25524,25526,4020.5
"Post scheduled trip end time",-2,5489,5491,4020.5
"Post scheduled trip end time",-2,2955,2957,4020.5
"Post scheduled trip end time",-2,18537,18539,4020.5
"Post scheduled trip end time",-2,21852,21854,4020.5
"Post scheduled trip end time",-2,14951,14953,4020.5
"Post scheduled trip end time",-2,10237,10239,4020.5
"Post scheduled trip end time",-2,4991,4993,4020.5
"Post scheduled trip end time",-2,523588,523590,4020.5
"Post scheduled trip end time",-2,14848,14850,4020.5
"Post scheduled trip end time",-2,12511,12513,4020.5
"Post scheduled trip end time",-2,15508,15510,4020.5
"Post scheduled trip end time",-2,3188,3190,4020.5
"Post scheduled trip end time",-2,1581,1583,4020.5
"Post scheduled trip end time",-2,2030,2032,4020.5
"Post scheduled trip end time",-2,195,197,4020.5
"Post scheduled trip end time",-2,2463,2465,4020.5
"Post scheduled trip end time",-2,2918,2920,4020.5
"Post scheduled trip end time",-2,17586,17588,4020.5
"Post scheduled trip end time",-2,2873,2875,4020.5
"Post scheduled trip end time",-2,3815,3817,4020.5
"Post scheduled trip end time",-2,16478,16480,4020.5
"Post scheduled trip end time",-2,7581,7583,4020.5
"Post scheduled trip end time",-2,1140,1142,4020.5
"Post scheduled trip end time",-2,1580,1582,4020.5
"Post scheduled trip end time",-2,26212,26214,4020.5
"Post scheduled trip end time",-2,12671,12673,4020.5
"Post scheduled trip end time",-2,20177,20179,4020.5
"Post scheduled trip end time",-2,15448,15450,4020.5
"Post scheduled trip end time",-2,17328,17330,4020.5
"Post scheduled trip end time",-2,2226,2228,4020.5
"Post scheduled trip end time",-2,5692,5694,4020.5
"Post scheduled trip end time",-2,9625,9627,4020.5
"Post scheduled trip end time",-2,10,12,4020.5
"Post scheduled trip end time",-2,1391,1393,4020.5
"Post scheduled trip end time",-2,19526,19528,4020.5
"Post scheduled trip end time",-2,613,615,4020.5
"Post scheduled trip end time",-2,32684,32686,4020.5
"Post scheduled trip end time",-2,10494,10496,4020.5
"Post scheduled trip end time",-2,11774,11776,4020.5
"Post scheduled trip end time",-2,35372,35374,4020.5
"Post scheduled trip end time",-2,11850,11852,4020.5
"Post scheduled trip end time",-2,3989,3991,4020.5
"Post scheduled trip end time",-2,8918,8920,4020.5
"Post scheduled trip end time",-2,2085,2087,4020.5
"Post scheduled trip end time",-2,9557,9559,4020.5
"Post scheduled trip end time",-2,10514,10516,4020.5
"Post scheduled trip end time",-2,18152,18154,4020.5
"Post scheduled trip end time",-2,19492,19494,4020.5
"Post scheduled trip end time",-2,11852,11854,4020.5
"Post scheduled trip end time",-2,5868,5870,4020.5
"Post scheduled trip end time",-2,2641,2643,4020.5
"Post scheduled trip end time",-2,13752,13754,4020.5
"Post scheduled trip end time",-2,14212,14214,4020.5
"Post scheduled trip end time",-2,15145,15147,4020.5
"Post scheduled trip end time",-2,12072,12074,4020.5
"Post scheduled trip end time",-2,12865,12867,4020.5
"Post scheduled trip end time",-2,1370,1372,4020.5
"Post scheduled trip end time",-2,13406,13408,4020.5
"Post scheduled trip end time",-2,3920,3922,4020.5
"Post scheduled trip end time",-2,17326,17328,4020.5
"Post scheduled trip end time",-2,7430,7432,4020.5
"Post scheduled trip end time",-2,14790,14792,4020.5
"Post scheduled trip end time",-2,33430,33432,4020.5
"Post scheduled trip end time",-2,10934,10936,4020.5
"Post scheduled trip end time",-2,11310,11312,4020.5
"Post scheduled trip end time",-2,14014,14016,4020.5
"Post scheduled trip end time",-2,4229,4231,4020.5
"Post scheduled trip end time",-2,14821,14823,4020.5
"Post scheduled trip end time",-2,7754,7756,4020.5
"Post scheduled trip end time",-2,10138,10140,4020.5
"Post scheduled trip end time",-2,1205,1207,4020.5
"Post scheduled trip end time",-2,9671,9673,4020.5
"Post scheduled trip end time",-2,10637,10639,4020.5
"Post scheduled trip end time",-2,7221,7223,4020.5
"Post scheduled trip end time",-2,533568,533570,4020.5
"Post scheduled trip end time",-2,20157,20159,4020.5
"Post scheduled trip end time",-2,10992,10994,4020.5
"Post scheduled trip end time",-2,5348,5350,4020.5
"Post scheduled trip end time",-2,12092,12094,4020.5
"Post scheduled trip end time",-2,523888,523890,4020.5
"Post scheduled trip end time",-2,15228,15230,4020.5
"Post scheduled trip end time",-2,15032,15034,4020.5
"Post scheduled trip end time",-2,12968,12970,4020.5
"Post scheduled trip end time",-2,7545,7547,4020.5
"Post scheduled trip end time",-2,2349,2351,4020.5
"Post scheduled trip end time",-2,2283,2285,4020.5
"Post scheduled trip end time",-2,2250,2252,4020.5
"Post scheduled trip end time",-2,29130,29132,4020.5
"Post scheduled trip end time",-2,12374,12376,4020.5
"Post scheduled trip end time",-2,4091,4093,4020.5
"Post scheduled trip end time",-2,26450,26452,4020.5
"Post scheduled trip end time",-2,14294,14296,4020.5
"Post scheduled trip end time",-2,15174,15176,4020.5
"Post scheduled trip end time",-2,4549,4551,4020.5
"Post scheduled trip end time",-2,4129,4131,4020.5
"Post scheduled trip end time",-2,527048,527050,4020.5
"Post scheduled trip end time",-2,524108,524110,4020.5
"Post scheduled trip end time",-2,1055,1057,4020.5
"Post scheduled trip end time",-2,8708,8710,4020.5
"Post scheduled trip end time",-2,4130,4132,4020.5
"Post scheduled trip end time",-2,7420,7422,4020.5
"Post scheduled trip end time",-2,707,709,4020.5
"Post scheduled trip end time",-2,2947,2949,4020.5
"Post scheduled trip end time",-2,4714,4716,4020.5
"Post scheduled trip end time",-2,7146,7148,4020.5
"Post scheduled trip end time",-2,25472,25474,4020.5
"Post scheduled trip end time",-2,13914,13916,4020.5
"Post scheduled trip end time",-2,7830,7832,4020.5
"Post scheduled trip end time",-2,9214,9216,4020.5
"Post scheduled trip end time",-2,12241,12243,4020.5
"Post scheduled trip end time",-2,13051,13053,4020.5
"Post scheduled trip end time",-2,1678,1680,4020.5
"Post scheduled trip end time",-2,832,834,4020.5
"Post scheduled trip end time",-2,7708,7710,4020.5
"Post scheduled trip end time",-2,12028,12030,4020.5
"Post scheduled trip end time",-2,7746,7748,4020.5
"Post scheduled trip end time",-2,2090,2092,4020.5
"Post scheduled trip end time",-2,3170,3172,4020.5
"Post scheduled trip end time",-2,5840,5842,4020.5
"Post scheduled trip end time",-2,2938,2940,4020.5
"Post scheduled trip end time",-2,5309,5311,4020.5
"Post scheduled trip end time",-2,9234,9236,4020.5
"Post scheduled trip end time",-2,12761,12763,4020.5
"Post scheduled trip end time",-2,357,359,4020.5
"Post scheduled trip end time",-2,21192,21194,4020.5
"Post scheduled trip end time",-2,532688,532690,4020.5
"Post scheduled trip end time",-2,7161,7163,4020.5
"Post scheduled trip end time",-2,7108,7110,4020.5
"Post scheduled trip end time",-2,11351,11353,4020.5
"Post scheduled trip end time",-2,14272,14274,4020.5
"Post scheduled trip end time",-2,11621,11623,4020.5
"Post scheduled trip end time",-2,923,925,4020.5
"Post scheduled trip end time",-2,6186,6188,4020.5
"Post scheduled trip end time",-2,29544,29546,4020.5
"Post scheduled trip end time",-2,26930,26932,4020.5
"Post scheduled trip end time",-2,11338,11340,4020.5
"Post scheduled trip end time",-2,558,560,4020.5
"Post scheduled trip end time",-2,3566,3568,4020.5
"Post scheduled trip end time",-2,22417,22419,4020.5
"Post scheduled trip end time",-2,4592,4594,4020.5
"Post scheduled trip end time",-2,527148,527150,4020.5
"Post scheduled trip end time",-2,528908,528910,4020.5
"Post scheduled trip end time",-2,540868,540870,4020.5
"Post scheduled trip end time",-2,12188,12190,4020.5
"Post scheduled trip end time",-2,11681,11683,4020.5
"Post scheduled trip end time",-2,4074,4076,4020.5
"Post scheduled trip end time",-2,1939,1941,4020.5
"Post scheduled trip end time",-2,16230,16232,4020.5
"Post scheduled trip end time",-2,2723,2725,4020.5
"Post scheduled trip end time",-2,15910,15912,4020.5
"Post scheduled trip end time",-2,19350,19352,4020.5
"Post scheduled trip end time",-2,5720,5722,4020.5
"Post scheduled trip end time",-2,994,996,4020.5
"Post scheduled trip end time",-2,34552,34554,4020.5
"Post scheduled trip end time",-2,11810,11812,4020.5
"Post scheduled trip end time",-2,23510,23512,4020.5
"Post scheduled trip end time",-2,15558,15560,4020.5
"Post scheduled trip end time",-2,18612,18614,4020.5
"Post scheduled trip end time",-2,20992,20994,4020.5
"Post scheduled trip end time",-2,3971,3973,4020.5
"Post scheduled trip end time",-2,13917,13919,4020.5
"Post scheduled trip end time",-2,534708,534710,4020.5
"Post scheduled trip end time",-2,527548,527550,4020.5
"Post scheduled trip end time",-2,521688,521690,4020.5
"Post scheduled trip end time",-2,9006,9008,4020.5
"Post scheduled trip end time",-2,7052,7054,4020.5
"Post scheduled trip end time",-2,2012,2014,4020.5
"Post scheduled trip end time",-2,12186,12188,4020.5
"Post scheduled trip end time",-2,4538,4540,4020.5
"Post scheduled trip end time",-2,8417,8419,4020.5
"Post scheduled trip end time",-2,8230,8232,4020.5
"Post scheduled trip end time",-2,1503,1505,4020.5
"Post scheduled trip end time",-2,715,717,4020.5
"Post scheduled trip end time",-2,564,566,4020.5
"Post scheduled trip end time",-2,8906,8908,4020.5
"Post scheduled trip end time",-2,20266,20268,4020.5
"Post scheduled trip end time",-2,25032,25034,4020.5
"Post scheduled trip end time",-2,22090,22092,4020.5
"Post scheduled trip end time",-2,1354,1356,4020.5
"Post scheduled trip end time",-2,11757,11759,4020.5
"Post scheduled trip end time",-2,4379,4381,4020.5
"Post scheduled trip end time",-2,5998,6000,4020.5
"Post scheduled trip end time",-2,7877,7879,4020.5
"Post scheduled trip end time",-2,2994,2996,4020.5
"Post scheduled trip end time",-2,9981,9983,4020.5
"Post scheduled trip end time",-2,5541,5543,4020.5
"Post scheduled trip end time",-2,186,188,4020.5
"Post scheduled trip end time",-2,2156,2158,4020.5
"Post scheduled trip end time",-2,5540,5542,4020.5
"Post scheduled trip end time",-2,853,855,4020.5
"Post scheduled trip end time",-2,801,803,4020.5
"Post scheduled trip end time",-2,9754,9756,4020.5
"Post scheduled trip end time",-2,13778,13780,4020.5
"Post scheduled trip end time",-2,13112,13114,4020.5
"Post scheduled trip end time",-2,2613,2615,4020.5
"Post scheduled trip end time",-2,4571,4573,4020.5
"Post scheduled trip end time",-2,524328,524330,4020.5
"Post scheduled trip end time",-2,524528,524530,4020.5
"Post scheduled trip end time",-2,17452,17454,4020.5
"Post scheduled trip end time",-2,6860,6862,4020.5
"Post scheduled trip end time",-2,8148,8150,4020.5
"Post scheduled trip end time",-2,9392,9394,4020.5
"Post scheduled trip end time",-2,539428,539430,4020.5
"Post scheduled trip end time",-2,6921,6923,4020.5
"Post scheduled trip end time",-2,10452,10454,4020.5
"Post scheduled trip end time",-2,9910,9912,4020.5
"Post scheduled trip end time",-2,1110,1112,4020.5
"Post scheduled trip end time",-2,9330,9332,4020.5
"Post scheduled trip end time",-2,10050,10052,4020.5
"Post scheduled trip end time",-2,32330,32332,4020.5
"Post scheduled trip end time",-2,12200,12202,4020.5
"Post scheduled trip end time",-2,12974,12976,4020.5
"Post scheduled trip end time",-2,35532,35534,4020.5
"Post scheduled trip end time",-2,26010,26012,4020.5
"Post scheduled trip end time",-2,1355,1357,4020.5
"Post scheduled trip end time",-2,162,164,4020.5
"Post scheduled trip end time",-2,22652,22654,4020.5
"Post scheduled trip end time",-2,1954,1956,4020.5
"Post scheduled trip end time",-2,16792,16794,4020.5
"Post scheduled trip end time",-2,14418,14420,4020.5
"Post scheduled trip end time",-2,14438,14440,4020.5
"Post scheduled trip end time",-2,7080,7082,4020.5
"Post scheduled trip end time",-2,534888,534890,4020.5
"Post scheduled trip end time",-2,14095,14097,4020.5
"Post scheduled trip end time",-2,526268,526270,4020.5
"Post scheduled trip end time",-2,4700,4702,4020.5
"Post scheduled trip end time",-2,18488,18490,4020.5
"Post scheduled trip end time",-2,821,823,4020.5
"Post scheduled trip end time",-2,2340,2342,4020.5
"Post scheduled trip end time",-2,4101,4103,4020.5
"Post scheduled trip end time",-2,104,106,4020.5
"Post scheduled trip end time",-2,2809,2811,4020.5
"Post scheduled trip end time",-2,980,982,4020.5
"Post scheduled trip end time",-2,6760,6762,4020.5
"Post scheduled trip end time",-2,1007,1009,4020.5
"Post scheduled trip end time",-2,29064,29066,4020.5
"Post scheduled trip end time",-2,426,428,4020.5
"Post scheduled trip end time",-2,27452,27454,4020.5
"Post scheduled trip end time",-2,172,174,4020.5
"Post scheduled trip end time",-2,23764,23766,4020.5
"Post scheduled trip end time",-2,1045,1047,4020.5
"Post scheduled trip end time",-2,15614,15616,4020.5
"Post scheduled trip end time",-2,4355,4357,4020.5
"Post scheduled trip end time",-2,9331,9333,4020.5
"Post scheduled trip end time",-2,3759,3761,4020.5
"Post scheduled trip end time",-2,14225,14227,4020.5
"Post scheduled trip end time",-2,8652,8654,4020.5
"Post scheduled trip end time",-2,1191,1193,4020.5
"Post scheduled trip end time",-2,9050,9052,4020.5
"Post scheduled trip end time",-2,1749,1751,4020.5
"Post scheduled trip end time",-2,4600,4602,4020.5
"Post scheduled trip end time",-2,18814,18816,4020.5
"Post scheduled trip end time",-2,20134,20136,4020.5
"Post scheduled trip end time",-2,4231,4233,4020.5
"Post scheduled trip end time",-2,16278,16280,4020.5
"Post scheduled trip end time",-2,8600,8602,4020.5
"Post scheduled trip end time",-2,10658,10660,4020.5
"Post scheduled trip end time",-2,177,179,4020.5
"Post scheduled trip end time",-2,3471,3473,4020.5
"Post scheduled trip end time",-2,10034,10036,4020.5
"Post scheduled trip end time",-2,5061,5063,4020.5
"Post scheduled trip end time",-2,12312,12314,4020.5
"Post scheduled trip end time",-2,7698,7700,4020.5
"Post scheduled trip end time",-2,13692,13694,4020.5
"Post scheduled trip end time",-2,4228,4230,4020.5
"Post scheduled trip end time",-2,10826,10828,4020.5
"Post scheduled trip end time",-2,8452,8454,4020.5
"Post scheduled trip end time",-2,3478,3480,4020.5
"Post scheduled trip end time",-2,8897,8899,4020.5
"Post scheduled trip end time",-2,10271,10273,4020.5
"Post scheduled trip end time",-2,12681,12683,4020.5
"Post scheduled trip end time",-2,14832,14834,4020.5
"Post scheduled trip end time",-2,16545,16547,4020.5
"Post scheduled trip end time",-2,1623,1625,4020.5
"Post scheduled trip end time",-2,1920,1922,4020.5
"Post scheduled trip end time",-2,14830,14832,4020.5
"Post scheduled trip end time",-2,32610,32612,4020.5
"Post scheduled trip end time",-2,34892,34894,4020.5
"Post scheduled trip end time",-2,25510,25512,4020.5
"Post scheduled trip end time",-2,24884,24886,4020.5
"Post scheduled trip end time",-2,7417,7419,4020.5
"Post scheduled trip end time",-2,8837,8839,4020.5
"Post scheduled trip end time",-2,8630,8632,4020.5
"Post scheduled trip end time",-2,6438,6440,4020.5
"Post scheduled trip end time",-2,7037,7039,4020.5
"Post scheduled trip end time",-2,4032,4034,4020.5
"Post scheduled trip end time",-2,1232,1234,4020.5
"Post scheduled trip end time",-2,11101,11103,4020.5
"Post scheduled trip end time",-2,2194,2196,4020.5
"Post scheduled trip end time",-2,1738,1740,4020.5
"Post scheduled trip end time",-2,584,586,4020.5
"Post scheduled trip end time",-2,851,853,4020.5
"Post scheduled trip end time",-2,17970,17972,4020.5
"Post scheduled trip end time",-2,3250,3252,4020.5
"Post scheduled trip end time",-2,6811,6813,4020.5
"Post scheduled trip end time",-2,374,376,4020.5
"Post scheduled trip end time",-2,14170,14172,4020.5
"Post scheduled trip end time",-2,30344,30346,4020.5
"Post scheduled trip end time",-2,21832,21834,4020.5
"Post scheduled trip end time",-2,23392,23394,4020.5
"Post scheduled trip end time",-2,10520,10522,4020.5
"Post scheduled trip end time",-2,7608,7610,4020.5
"Post scheduled trip end time",-2,10608,10610,4020.5
"Post scheduled trip end time",-2,10708,10710,4020.5
"Post scheduled trip end time",-2,16125,16127,4020.5
"Post scheduled trip end time",-2,18545,18547,4020.5
"Post scheduled trip end time",-2,2103,2105,4020.5
"Post scheduled trip end time",-2,7547,7549,4020.5
"Post scheduled trip end time",-2,16970,16972,4020.5
"Post scheduled trip end time",-2,11326,11328,4020.5
"Post scheduled trip end time",-2,3713,3715,4020.5
"Post scheduled trip end time",-2,12078,12080,4020.5
"Post scheduled trip end time",-2,7617,7619,4020.5
"Post scheduled trip end time",-2,173,175,4020.5
"Post scheduled trip end time",-2,1992,1994,4020.5
"Post scheduled trip end time",-2,6210,6212,4020.5
"Post scheduled trip end time",-2,690,692,4020.5
"Post scheduled trip end time",-2,1569,1571,4020.5
"Post scheduled trip end time",-2,1700,1702,4020.5
"Post scheduled trip end time",-2,13930,13932,4020.5
"Post scheduled trip end time",-2,1790,1792,4020.5
"Post scheduled trip end time",-2,7806,7808,4020.5
"Post scheduled trip end time",-2,14110,14112,4020.5
"Post scheduled trip end time",-2,2270,2272,4020.5
"Post scheduled trip end time",-2,14030,14032,4020.5
"Post scheduled trip end time",-2,26052,26054,4020.5
"Post scheduled trip end time",-2,885,887,4020.5
"Post scheduled trip end time",-2,3375,3377,4020.5
"Post scheduled trip end time",-2,22792,22794,4020.5
"Post scheduled trip end time",-2,31992,31994,4020.5
"Post scheduled trip end time",-2,470,472,4020.5
"Post scheduled trip end time",-2,21652,21654,4020.5
"Post scheduled trip end time",-2,15692,15694,4020.5
"Post scheduled trip end time",-2,16532,16534,4020.5
"Post scheduled trip end time",-2,3597,3599,4020.5
"Post scheduled trip end time",-2,15535,15537,4020.5
"Post scheduled trip end time",-2,19392,19394,4020.5
"Post scheduled trip end time",-2,6512,6514,4020.5
"Post scheduled trip end time",-2,2219,2221,4020.5
"Post scheduled trip end time",-2,7132,7134,4020.5
"Post scheduled trip end time",-2,9881,9883,4020.5
"Post scheduled trip end time",-2,386,388,4020.5
"Post scheduled trip end time",-2,1789,1791,4020.5
"Post scheduled trip end time",-2,3603,3605,4020.5
"Post scheduled trip end time",-2,5593,5595,4020.5
"Post scheduled trip end time",-2,11686,11688,4020.5
"Post scheduled trip end time",-2,2940,2942,4020.5
"Post scheduled trip end time",-2,4000,4002,4020.5
"Post scheduled trip end time",-2,1893,1895,4020.5
"Post scheduled trip end time",-2,15950,15952,4020.5
"Post scheduled trip end time",-2,3931,3933,4020.5
"Post scheduled trip end time",-2,4309,4311,4020.5
"Post scheduled trip end time",-2,9620,9622,4020.5
"Post scheduled trip end time",-2,8814,8816,4020.5
"Post scheduled trip end time",-2,9374,9376,4020.5
"Post scheduled trip end time",-2,3614,3616,4020.5
"Post scheduled trip end time",-2,12297,12299,4020.5
"Post scheduled trip end time",-2,15137,15139,4020.5
"Post scheduled trip end time",-2,8568,8570,4020.5
"Post scheduled trip end time",-2,528248,528250,4020.5
"Post scheduled trip end time",-2,542868,542870,4020.5
"Post scheduled trip end time",-2,9068,9070,4020.5
"Post scheduled trip end time",-2,16992,16994,4020.5
"Post scheduled trip end time",-2,1061,1063,4020.5
"Post scheduled trip end time",-2,8810,8812,4020.5
"Post scheduled trip end time",-2,3283,3285,4020.5
"Post scheduled trip end time",-2,974,976,4020.5
"Post scheduled trip end time",-2,3266,3268,4020.5
"Post scheduled trip end time",-2,5175,5177,4020.5
"Post scheduled trip end time",-2,25270,25272,4020.5
"Post scheduled trip end time",-2,107,109,4020.5
"Post scheduled trip end time",-2,14758,14760,4020.5
"Post scheduled trip end time",-2,11557,11559,4020.5
"Post scheduled trip end time",-2,2509,2511,4020.5
"Post scheduled trip end time",-2,540368,540370,4020.5
"Post scheduled trip end time",-2,7637,7639,4020.5
"Post scheduled trip end time",-2,380,382,4020.5
"Post scheduled trip end time",-2,18650,18652,4020.5
"Post scheduled trip end time",-2,3300,3302,4020.5
"Post scheduled trip end time",-2,2298,2300,4020.5
"Post scheduled trip end time",-2,14274,14276,4020.5
"Post scheduled trip end time",-2,2711,2713,4020.5
"Post scheduled trip end time",-2,2014,2016,4020.5
"Post scheduled trip end time",-2,6471,6473,4020.5
"Post scheduled trip end time",-2,2078,2080,4020.5
"Post scheduled trip end time",-2,532348,532350,4020.5
"Post scheduled trip end time",-2,535568,535570,4020.5
"Post scheduled trip end time",-2,4632,4634,4020.5
"Post scheduled trip end time",-2,527348,527350,4020.5
"Post scheduled trip end time",-2,521948,521950,4020.5
"Post scheduled trip end time",-2,6388,6390,4020.5
"Post scheduled trip end time",-2,19611,19613,4020.5
"Post scheduled trip end time",-2,7026,7028,4020.5
"Post scheduled trip end time",-2,8625,8627,4020.5
"Post scheduled trip end time",-2,14965,14967,4020.5
"Post scheduled trip end time",-2,188,190,4020.5
"Post scheduled trip end time",-2,1541,1543,4020.5
"Post scheduled trip end time",-2,1082,1084,4020.5
"Post scheduled trip end time",-2,18206,18208,4020.5
"Post scheduled trip end time",-2,16937,16939,4020.5
"Post scheduled trip end time",-2,9978,9980,4020.5
"Post scheduled trip end time",-2,6098,6100,4020.5
"Post scheduled trip end time",-2,522528,522530,4020.5
"Post scheduled trip end time",-2,15051,15053,4020.5
"Post scheduled trip end time",-2,3072,3074,4020.5
"Post scheduled trip end time",-2,15005,15007,4020.5
"Post scheduled trip end time",-2,15045,15047,4020.5
"Post scheduled trip end time",-2,1752,1754,4020.5
"Post scheduled trip end time",-2,388,390,4020.5
"Post scheduled trip end time",-2,875,877,4020.5
"Post scheduled trip end time",-2,1669,1671,4020.5
"Post scheduled trip end time",-2,19070,19072,4020.5
"Post scheduled trip end time",-2,1194,1196,4020.5
"Post scheduled trip end time",-2,895,897,4020.5
"Post scheduled trip end time",-2,525288,525290,4020.5
"Post scheduled trip end time",-2,1483,1485,4020.5
"Post scheduled trip end time",-2,4152,4154,4020.5
"Post scheduled trip end time",-2,8328,8330,4020.5
"Post scheduled trip end time",-2,10491,10493,4020.5
"Post scheduled trip end time",-2,8026,8028,4020.5
"Post scheduled trip end time",-2,779,781,4020.5
"Post scheduled trip end time",-2,819,821,4020.5
"Post scheduled trip end time",-2,4021,4023,4020.5
"Post scheduled trip end time",-2,5292,5294,4020.5
"Post scheduled trip end time",-2,1164,1166,4020.5
"Post scheduled trip end time",-2,4833,4835,4020.5
"Post scheduled trip end time",-2,28784,28786,4020.5
"Post scheduled trip end time",-2,30424,30426,4020.5
"Post scheduled trip end time",-2,30964,30966,4020.5
"Post scheduled trip end time",-2,26352,26354,4020.5
"Post scheduled trip end time",-2,25750,25752,4020.5
"Post scheduled trip end time",-2,802,804,4020.5
"Post scheduled trip end time",-2,9860,9862,4020.5
"Post scheduled trip end time",-2,4874,4876,4020.5
"Post scheduled trip end time",-2,5617,5619,4020.5
"Post scheduled trip end time",-2,9101,9103,4020.5
"Post scheduled trip end time",-2,21457,21459,4020.5
"Post scheduled trip end time",-2,3508,3510,4020.5
"Post scheduled trip end time",-2,9172,9174,4020.5
"Post scheduled trip end time",-2,8546,8548,4020.5
"Post scheduled trip end time",-2,8505,8507,4020.5
"Post scheduled trip end time",-2,9112,9114,4020.5
"Post scheduled trip end time",-2,9430,9432,4020.5
"Post scheduled trip end time",-2,217,219,4020.5
"Post scheduled trip end time",-2,5886,5888,4020.5
"Post scheduled trip end time",-2,15666,15668,4020.5
"Post scheduled trip end time",-2,33412,33414,4020.5
"Post scheduled trip end time",-2,6810,6812,4020.5
"Post scheduled trip end time",-2,10341,10343,4020.5
"Post scheduled trip end time",-2,378,380,4020.5
"Post scheduled trip end time",-2,528588,528590,4020.5
"Post scheduled trip end time",-2,567,569,4020.5
"Post scheduled trip end time",-2,513,515,4020.5
"Post scheduled trip end time",-2,10586,10588,4020.5
"Post scheduled trip end time",-2,19872,19874,4020.5
"Post scheduled trip end time",-2,10172,10174,4020.5
"Post scheduled trip end time",-2,10208,10210,4020.5
"Post scheduled trip end time",-2,13781,13783,4020.5
"Post scheduled trip end time",-2,13005,13007,4020.5
"Post scheduled trip end time",-2,6632,6634,4020.5
"Post scheduled trip end time",-2,2321,2323,4020.5
"Post scheduled trip end time",-2,1198,1200,4020.5
"Post scheduled trip end time",-2,7040,7042,4020.5
"Post scheduled trip end time",-2,8086,8088,4020.5
"Post scheduled trip end time",-2,5400,5402,4020.5
"Post scheduled trip end time",-2,28650,28652,4020.5
"Post scheduled trip end time",-2,433,435,4020.5
"Post scheduled trip end time",-2,30704,30706,4020.5
"Post scheduled trip end time",-2,8494,8496,4020.5
"Post scheduled trip end time",-2,22572,22574,4020.5
"Post scheduled trip end time",-2,372,374,4020.5
"Post scheduled trip end time",-2,11692,11694,4020.5
"Post scheduled trip end time",-2,9201,9203,4020.5
"Post scheduled trip end time",-2,1448,1450,4020.5
"Post scheduled trip end time",-2,2001,2003,4020.5
"Post scheduled trip end time",-2,1603,1605,4020.5
"Post scheduled trip end time",-2,1635,1637,4020.5
"Post scheduled trip end time",-2,6281,6283,4020.5
"Post scheduled trip end time",-2,464,466,4020.5
"Post scheduled trip end time",-2,8240,8242,4020.5
"Post scheduled trip end time",-2,3518,3520,4020.5
"Post scheduled trip end time",-2,6806,6808,4020.5
"Post scheduled trip end time",-2,6691,6693,4020.5
"Post scheduled trip end time",-2,29450,29452,4020.5
"Post scheduled trip end time",-2,12490,12492,4020.5
"Post scheduled trip end time",-2,3015,3017,4020.5
"Post scheduled trip end time",-2,8221,8223,4020.5
"Post scheduled trip end time",-2,14571,14573,4020.5
"Post scheduled trip end time",-2,11977,11979,4020.5
"Post scheduled trip end time",-2,5528,5530,4020.5
"Post scheduled trip end time",-2,5672,5674,4020.5
"Post scheduled trip end time",-2,528568,528570,4020.5
"Post scheduled trip end time",-2,540268,540270,4020.5
"Post scheduled trip end time",-2,3132,3134,4020.5
"Post scheduled trip end time",-2,5346,5348,4020.5
"Post scheduled trip end time",-2,21026,21028,4020.5
"Post scheduled trip end time",-2,19338,19340,4020.5
"Post scheduled trip end time",-2,19758,19760,4020.5
"Post scheduled trip end time",-2,5730,5732,4020.5
"Post scheduled trip end time",-2,29712,29714,4020.5
"Post scheduled trip end time",-2,1820,1822,4020.5
"Post scheduled trip end time",-2,18232,18234,4020.5
"Post scheduled trip end time",-2,7480,7482,4020.5
"Post scheduled trip end time",-2,5848,5850,4020.5
"Post scheduled trip end time",-2,12751,12753,4020.5
"Post scheduled trip end time",-2,2006,2008,4020.5
"Post scheduled trip end time",-2,15492,15494,4020.5
"Post scheduled trip end time",-2,7745,7747,4020.5
"Post scheduled trip end time",-2,12005,12007,4020.5
"Post scheduled trip end time",-2,19754,19756,4020.5
"Post scheduled trip end time",-2,23330,23332,4020.5
"Post scheduled trip end time",-2,17258,17260,4020.5
"Post scheduled trip end time",-2,17778,17780,4020.5
"Post scheduled trip end time",-2,11438,11440,4020.5
"Post scheduled trip end time",-2,10711,10713,4020.5
"Post scheduled trip end time",-2,11274,11276,4020.5
"Post scheduled trip end time",-2,11528,11530,4020.5
"Post scheduled trip end time",-2,4589,4591,4020.5
"Post scheduled trip end time",-2,5912,5914,4020.5
"Post scheduled trip end time",-2,526168,526170,4020.5
"Post scheduled trip end time",-2,523188,523190,4020.5
"Post scheduled trip end time",-2,9666,9668,4020.5
"Post scheduled trip end time",-2,1146,1148,4020.5
"Post scheduled trip end time",-2,4232,4234,4020.5
"Post scheduled trip end time",-2,10728,10730,4020.5
"Post scheduled trip end time",-2,6326,6328,4020.5
"Post scheduled trip end time",-2,2640,2642,4020.5
"Post scheduled trip end time",-2,2189,2191,4020.5
"Post scheduled trip end time",-2,1534,1536,4020.5
"Post scheduled trip end time",-2,6740,6742,4020.5
"Post scheduled trip end time",-2,10506,10508,4020.5
"Post scheduled trip end time",-2,17230,17232,4020.5
"Post scheduled trip end time",-2,336,338,4020.5
"Post scheduled trip end time",-2,16178,16180,4020.5
"Post scheduled trip end time",-2,16521,16523,4020.5
"Post scheduled trip end time",-2,5340,5342,4020.5
"Post scheduled trip end time",-2,13658,13660,4020.5
"Post scheduled trip end time",-2,4361,4363,4020.5
"Post scheduled trip end time",-2,4969,4971,4020.5
"Post scheduled trip end time",-2,3986,3988,4020.5
"Post scheduled trip end time",-2,11512,11514,4020.5
"Post scheduled trip end time",-2,522328,522330,4020.5
"Post scheduled trip end time",-2,13671,13673,4020.5
"Post scheduled trip end time",-2,2840,2842,4020.5
"Post scheduled trip end time",-2,14892,14894,4020.5
"Post scheduled trip end time",-2,9688,9690,4020.5
"Post scheduled trip end time",-2,10448,10450,4020.5
"Post scheduled trip end time",-2,1042,1044,4020.5
"Post scheduled trip end time",-2,18610,18612,4020.5
"Post scheduled trip end time",-2,5546,5548,4020.5
"Post scheduled trip end time",-2,29384,29386,4020.5
"Post scheduled trip end time",-2,21738,21740,4020.5
"Post scheduled trip end time",-2,22518,22520,4020.5
"Post scheduled trip end time",-2,2255,2257,4020.5
"Post scheduled trip end time",-2,20150,20152,4020.5
"Post scheduled trip end time",-2,8268,8270,4020.5
"Post scheduled trip end time",-2,14328,14330,4020.5
"Post scheduled trip end time",-2,16712,16714,4020.5
"Post scheduled trip end time",-2,536188,536190,4020.5
"Post scheduled trip end time",-2,536568,536570,4020.5
"Post scheduled trip end time",-2,14565,14567,4020.5
"Post scheduled trip end time",-2,18151,18153,4020.5
"Post scheduled trip end time",-2,1361,1363,4020.5
"Post scheduled trip end time",-2,4661,4663,4020.5
"Post scheduled trip end time",-2,6134,6136,4020.5
"Post scheduled trip end time",-2,1710,1712,4020.5
"Post scheduled trip end time",-2,351,353,4020.5
"Post scheduled trip end time",-2,651,653,4020.5
"Post scheduled trip end time",-2,96,98,4020.5
"Post scheduled trip end time",-2,28830,28832,4020.5
"Post scheduled trip end time",-2,32730,32732,4020.5
"Post scheduled trip end time",-2,34912,34914,4020.5
"Post scheduled trip end time",-2,14934,14936,4020.5
"Post scheduled trip end time",-2,9778,9780,4020.5
"Post scheduled trip end time",-2,16952,16954,4020.5
"Post scheduled trip end time",-2,2674,2676,4020.5
"Post scheduled trip end time",-2,11611,11613,4020.5
"Post scheduled trip end time",-2,10997,10999,4020.5
"Post scheduled trip end time",-2,15131,15133,4020.5
"Post scheduled trip end time",-2,13046,13048,4020.5
"Post scheduled trip end time",-2,1388,1390,4020.5
"Post scheduled trip end time",-2,1890,1892,4020.5
"Post scheduled trip end time",-2,632,634,4020.5
"Post scheduled trip end time",-2,1294,1296,4020.5
"Post scheduled trip end time",-2,231,233,4020.5
"Post scheduled trip end time",-2,1411,1413,4020.5
"Post scheduled trip end time",-2,19770,19772,4020.5
"Post scheduled trip end time",-2,7426,7428,4020.5
"Post scheduled trip end time",-2,17354,17356,4020.5
"Post scheduled trip end time",-2,681,683,4020.5
"Post scheduled trip end time",-2,10794,10796,4020.5
"Post scheduled trip end time",-2,32812,32814,4020.5
"Post scheduled trip end time",-2,13814,13816,4020.5
"Post scheduled trip end time",-2,3155,3157,4020.5
"Post scheduled trip end time",-2,3515,3517,4020.5
"Post scheduled trip end time",-2,22690,22692,4020.5
"Post scheduled trip end time",-2,2731,2733,4020.5
"Post scheduled trip end time",-2,7890,7892,4020.5
"Post scheduled trip end time",-2,15121,15123,4020.5
"Post scheduled trip end time",-2,15521,15523,4020.5
"Post scheduled trip end time",-2,30172,30174,4020.5
"Post scheduled trip end time",-2,8061,8063,4020.5
"Post scheduled trip end time",-2,3846,3848,4020.5
"Post scheduled trip end time",-2,12692,12694,4020.5
"Post scheduled trip end time",-2,8132,8134,4020.5
"Post scheduled trip end time",-2,2630,2632,4020.5
"Post scheduled trip end time",-2,13165,13167,4020.5
"Post scheduled trip end time",-2,17145,17147,4020.5
"Post scheduled trip end time",-2,17885,17887,4020.5
"Post scheduled trip end time",-2,5970,5972,4020.5
"Post scheduled trip end time",-2,143,145,4020.5
"Post scheduled trip end time",-2,3601,3603,4020.5
"Post scheduled trip end time",-2,1163,1165,4020.5
"Post scheduled trip end time",-2,1527,1529,4020.5
"Post scheduled trip end time",-2,32852,32854,4020.5
"Post scheduled trip end time",-2,11854,11856,4020.5
"Post scheduled trip end time",-2,3173,3175,4020.5
"Post scheduled trip end time",-2,22730,22732,4020.5
"Post scheduled trip end time",-2,8958,8960,4020.5
"Post scheduled trip end time",-2,13791,13793,4020.5
"Post scheduled trip end time",-2,2281,2283,4020.5
"Post scheduled trip end time",-2,524888,524890,4020.5
"Post scheduled trip end time",-2,4861,4863,4020.5
"Post scheduled trip end time",-2,8177,8179,4020.5
"Post scheduled trip end time",-2,537588,537590,4020.5
"Post scheduled trip end time",-2,6041,6043,4020.5
"Post scheduled trip end time",-2,2265,2267,4020.5
"Post scheduled trip end time",-2,9267,9269,4020.5
"Post scheduled trip end time",-2,399,401,4020.5
"Post scheduled trip end time",-2,242,244,4020.5
"Post scheduled trip end time",-2,7387,7389,4020.5
"Post scheduled trip end time",-2,8380,8382,4020.5
"Post scheduled trip end time",-2,3440,3442,4020.5
"Post scheduled trip end time",-2,5060,5062,4020.5
"Post scheduled trip end time",-2,30170,30172,4020.5
"Post scheduled trip end time",-2,520,522,4020.5
"Post scheduled trip end time",-2,20118,20120,4020.5
"Post scheduled trip end time",-2,27332,27334,4020.5
"Post scheduled trip end time",-2,29892,29894,4020.5
"Post scheduled trip end time",-2,12138,12140,4020.5
"Post scheduled trip end time",-2,3831,3833,4020.5
"Post scheduled trip end time",-2,2977,2979,4020.5
"Post scheduled trip end time",-2,526448,526450,4020.5
"Post scheduled trip end time",-2,5234,5236,4020.5
"Post scheduled trip end time",-2,58,60,4020.5
"Post scheduled trip end time",-2,11730,11732,4020.5
"Post scheduled trip end time",-2,4941,4943,4020.5
"Post scheduled trip end time",-2,39,41,4020.5
"Post scheduled trip end time",-2,14926,14928,4020.5
"Post scheduled trip end time",-2,8251,8253,4020.5
"Post scheduled trip end time",-2,893,895,4020.5
"Post scheduled trip end time",-2,18854,18856,4020.5
"Post scheduled trip end time",-2,32104,32106,4020.5
"Post scheduled trip end time",-2,11354,11356,4020.5
"Post scheduled trip end time",-2,1586,1588,4020.5
"Post scheduled trip end time",-2,30452,30454,4020.5
"Post scheduled trip end time",-2,12178,12180,4020.5
"Post scheduled trip end time",-2,12811,12813,4020.5
"Post scheduled trip end time",-2,454,456,4020.5
"Post scheduled trip end time",-2,3038,3040,4020.5
"Post scheduled trip end time",-2,3865,3867,4020.5
"Post scheduled trip end time",-2,555,557,4020.5
"Post scheduled trip end time",-2,1471,1473,4020.5
"Post scheduled trip end time",-2,13526,13528,4020.5
"Post scheduled trip end time",-2,3360,3362,4020.5
"Post scheduled trip end time",-2,10970,10972,4020.5
"Post scheduled trip end time",-2,5470,5472,4020.5
"Post scheduled trip end time",-2,5955,5957,4020.5
"Post scheduled trip end time",-2,6135,6137,4020.5
"Post scheduled trip end time",-2,19294,19296,4020.5
"Post scheduled trip end time",-2,12474,12476,4020.5
"Post scheduled trip end time",-2,8390,8392,4020.5
"Post scheduled trip end time",-2,17678,17680,4020.5
"Post scheduled trip end time",-2,14092,14094,4020.5
"Post scheduled trip end time",-2,1637,1639,4020.5
"Post scheduled trip end time",-2,8517,8519,4020.5
"Post scheduled trip end time",-2,1258,1260,4020.5
"Post scheduled trip end time",-2,21437,21439,4020.5
"Post scheduled trip end time",-2,526648,526650,4020.5
"Post scheduled trip end time",-2,3768,3770,4020.5
"Post scheduled trip end time",-2,8626,8628,4020.5
"Post scheduled trip end time",-2,19772,19774,4020.5
"Post scheduled trip end time",-2,8188,8190,4020.5
"Post scheduled trip end time",-2,11048,11050,4020.5
"Post scheduled trip end time",-2,10621,10623,4020.5
"Post scheduled trip end time",-2,7461,7463,4020.5
"Post scheduled trip end time",-2,8252,8254,4020.5
"Post scheduled trip end time",-2,6990,6992,4020.5
"Post scheduled trip end time",-2,282,284,4020.5
"Post scheduled trip end time",-2,3303,3305,4020.5
"Post scheduled trip end time",-2,2320,2322,4020.5
"Post scheduled trip end time",-2,1510,1512,4020.5
"Post scheduled trip end time",-2,11846,11848,4020.5
"Post scheduled trip end time",-2,33892,33894,4020.5
"Post scheduled trip end time",-2,9698,9700,4020.5
"Post scheduled trip end time",-2,6940,6942,4020.5
"Post scheduled trip end time",-2,16297,16299,4020.5
"Post scheduled trip end time",-2,918,920,4020.5
"Post scheduled trip end time",-2,817,819,4020.5
"Post scheduled trip end time",-2,7948,7950,4020.5
"Post scheduled trip end time",-2,9828,9830,4020.5
"Post scheduled trip end time",-2,13272,13274,4020.5
"Post scheduled trip end time",-2,4218,4220,4020.5
"Post scheduled trip end time",-2,11328,11330,4020.5
"Post scheduled trip end time",-2,8490,8492,4020.5
"Post scheduled trip end time",-2,403,405,4020.5
"Post scheduled trip end time",-2,3450,3452,4020.5
"Post scheduled trip end time",-2,17450,17452,4020.5
"Post scheduled trip end time",-2,28604,28606,4020.5
"Post scheduled trip end time",-2,30830,30832,4020.5
"Post scheduled trip end time",-2,9211,9213,4020.5
"Post scheduled trip end time",-2,32190,32192,4020.5
"Post scheduled trip end time",-2,11470,11472,4020.5
"Post scheduled trip end time",-2,28572,28574,4020.5
"Post scheduled trip end time",-2,7961,7963,4020.5
"Post scheduled trip end time",-2,11081,11083,4020.5
"Post scheduled trip end time",-2,1367,1369,4020.5
"Post scheduled trip end time",-2,7677,7679,4020.5
"Post scheduled trip end time",-2,15315,15317,4020.5
"Post scheduled trip end time",-2,10094,10096,4020.5
"Post scheduled trip end time",-2,1469,1471,4020.5
"Post scheduled trip end time",-2,8168,8170,4020.5
"Post scheduled trip end time",-2,2838,2840,4020.5
"Post scheduled trip end time",-2,20271,20273,4020.5
"Post scheduled trip end time",-2,841,843,4020.5
"Post scheduled trip end time",-2,8301,8303,4020.5
"Post scheduled trip end time",-2,4850,4852,4020.5
"Post scheduled trip end time",-2,732,734,4020.5
"Post scheduled trip end time",-2,130,132,4020.5
"Post scheduled trip end time",-2,3014,3016,4020.5
"Post scheduled trip end time",-2,13330,13332,4020.5
"Post scheduled trip end time",-2,3414,3416,4020.5
"Post scheduled trip end time",-2,3653,3655,4020.5
"Post scheduled trip end time",-2,15726,15728,4020.5
"Post scheduled trip end time",-2,11750,11752,4020.5
"Post scheduled trip end time",-2,14194,14196,4020.5
"Post scheduled trip end time",-2,24372,24374,4020.5
"Post scheduled trip end time",-2,10281,10283,4020.5
"Post scheduled trip end time",-2,14955,14957,4020.5
"Post scheduled trip end time",-2,15817,15819,4020.5
"Post scheduled trip end time",-2,11892,11894,4020.5
"Post scheduled trip end time",-2,22097,22099,4020.5
"Post scheduled trip end time",-2,14508,14510,4020.5
"Post scheduled trip end time",-2,19612,19614,4020.5
"Post scheduled trip end time",-2,19991,19993,4020.5
"Post scheduled trip end time",-2,3361,3363,4020.5
"Post scheduled trip end time",-2,13188,13190,4020.5
"Post scheduled trip end time",-2,532,534,4020.5
"Post scheduled trip end time",-2,487,489,4020.5
"Post scheduled trip end time",-2,1596,1598,4020.5
"Post scheduled trip end time",-2,3013,3015,4020.5
"Post scheduled trip end time",-2,15966,15968,4020.5
"Post scheduled trip end time",-2,16126,16128,4020.5
"Post scheduled trip end time",-2,33132,33134,4020.5
"Post scheduled trip end time",-2,33652,33654,4020.5
"Post scheduled trip end time",-2,26830,26832,4020.5
"Post scheduled trip end time",-2,27210,27212,4020.5
"Post scheduled trip end time",-2,4289,4291,4020.5
"Post scheduled trip end time",-2,14701,14703,4020.5
"Post scheduled trip end time",-2,16758,16760,4020.5
"Post scheduled trip end time",-2,2647,2649,4020.5
"Post scheduled trip end time",-2,6551,6553,4020.5
"Post scheduled trip end time",-2,14815,14817,4020.5
"Post scheduled trip end time",-2,3149,3151,4020.5
"Post scheduled trip end time",-2,3048,3050,4020.5
"Post scheduled trip end time",-2,16028,16030,4020.5
"Post scheduled trip end time",-2,18848,18850,4020.5
"Post scheduled trip end time",-2,16571,16573,4020.5
"Post scheduled trip end time",-2,3334,3336,4020.5
"Post scheduled trip end time",-2,4321,4323,4020.5
"Post scheduled trip end time",-2,154,156,4020.5
"Post scheduled trip end time",-2,2747,2749,4020.5
"Post scheduled trip end time",-2,9466,9468,4020.5
"Post scheduled trip end time",-2,6486,6488,4020.5
"Post scheduled trip end time",-2,717,719,4020.5
"Post scheduled trip end time",-2,12930,12932,4020.5
"Post scheduled trip end time",-2,10754,10756,4020.5
"Post scheduled trip end time",-2,9890,9892,4020.5
"Post scheduled trip end time",-2,1934,1936,4020.5
"Post scheduled trip end time",-2,12661,12663,4020.5
"Post scheduled trip end time",-2,6560,6562,4020.5
"Post scheduled trip end time",-2,1017,1019,4020.5
"Post scheduled trip end time",-2,11951,11953,4020.5
"Post scheduled trip end time",-2,10937,10939,4020.5
"Post scheduled trip end time",-2,11837,11839,4020.5
"Post scheduled trip end time",-2,11712,11714,4020.5
"Post scheduled trip end time",-2,18932,18934,4020.5
"Post scheduled trip end time",-2,9368,9370,4020.5
"Post scheduled trip end time",-2,3697,3699,4020.5
"Post scheduled trip end time",-2,1932,1934,4020.5
"Post scheduled trip end time",-2,4521,4523,4020.5
"Post scheduled trip end time",-2,14861,14863,4020.5
"Post scheduled trip end time",-2,11885,11887,4020.5
"Post scheduled trip end time",-2,57,59,4020.5
"Post scheduled trip end time",-2,8270,8272,4020.5
"Post scheduled trip end time",-2,1343,1345,4020.5
"Post scheduled trip end time",-2,4801,4803,4020.5
"Post scheduled trip end time",-2,2469,2471,4020.5
"Post scheduled trip end time",-2,-6,-4,4020.5
"Post scheduled trip end time",-2,3950,3952,4020.5
"Post scheduled trip end time",-2,13734,13736,4020.5
"Post scheduled trip end time",-2,31092,31094,4020.5
"Post scheduled trip end time",-2,5497,5499,4020.5
"Post scheduled trip end time",-2,1029,1031,4020.5
"Post scheduled trip end time",-2,6481,6483,4020.5
"Post scheduled trip end time",-2,7558,7560,4020.5
"Post scheduled trip end time",-2,6988,6990,4020.5
"Post scheduled trip end time",-2,526228,526230,4020.5
"Post scheduled trip end time",-2,3318,3320,4020.5
"Post scheduled trip end time",-2,537788,537790,4020.5
"Post scheduled trip end time",-2,9785,9787,4020.5
"Post scheduled trip end time",-2,11501,11503,4020.5
"Post scheduled trip end time",-2,672,674,4020.5
"Post scheduled trip end time",-2,1145,1147,4020.5
"Post scheduled trip end time",-2,1923,1925,4020.5
"Post scheduled trip end time",-2,6771,6773,4020.5
"Post scheduled trip end time",-2,26392,26394,4020.5
"Post scheduled trip end time",-2,3651,3653,4020.5
"Post scheduled trip end time",-2,507,509,4020.5
"Post scheduled trip end time",-2,15495,15497,4020.5
"Post scheduled trip end time",-2,4979,4981,4020.5
"Post scheduled trip end time",-2,541788,541790,4020.5
"Post scheduled trip end time",-2,9921,9923,4020.5
"Post scheduled trip end time",-2,66,68,4020.5
"Post scheduled trip end time",-2,872,874,4020.5
"Post scheduled trip end time",-2,120,122,4020.5
"Post scheduled trip end time",-2,1929,1931,4020.5
"Post scheduled trip end time",-2,6834,6836,4020.5
"Post scheduled trip end time",-2,3850,3852,4020.5
"Post scheduled trip end time",-2,5191,5193,4020.5
"Post scheduled trip end time",-2,14875,14877,4020.5
"Post scheduled trip end time",-2,683,685,4020.5
"Post scheduled trip end time",-2,115,117,4020.5
"Post scheduled trip end time",-2,502,504,4020.5
"Post scheduled trip end time",-2,20197,20199,4020.5
"Post scheduled trip end time",-2,4901,4903,4020.5
"Post scheduled trip end time",-2,541128,541130,4020.5
"Post scheduled trip end time",-2,16508,16510,4020.5
"Post scheduled trip end time",-2,8554,8556,4020.5
"Post scheduled trip end time",-2,538488,538490,4020.5
"Post scheduled trip end time",-2,10951,10953,4020.5
"Post scheduled trip end time",-2,2974,2976,4020.5
"Post scheduled trip end time",-2,7447,7449,4020.5
"Post scheduled trip end time",-2,2707,2709,4020.5
"Post scheduled trip end time",-2,20546,20548,4020.5
"Post scheduled trip end time",-2,25424,25426,4020.5
"Post scheduled trip end time",-2,24672,24674,4020.5
"Post scheduled trip end time",-2,313,315,4020.5
"Post scheduled trip end time",-2,533028,533030,4020.5
"Post scheduled trip end time",-2,9548,9550,4020.5
"Post scheduled trip end time",-2,535368,535370,4020.5
"Post scheduled trip end time",-2,22277,22279,4020.5
"Post scheduled trip end time",-2,525428,525430,4020.5
"Post scheduled trip end time",-2,1768,1770,4020.5
"Post scheduled trip end time",-2,2937,2939,4020.5
"Post scheduled trip end time",-2,15526,15528,4020.5
"Post scheduled trip end time",-2,4925,4927,4020.5
"Post scheduled trip end time",-2,46,48,4020.5
"Post scheduled trip end time",-2,10950,10952,4020.5
"Post scheduled trip end time",-2,13170,13172,4020.5
"Post scheduled trip end time",-2,19210,19212,4020.5
"Post scheduled trip end time",-2,10626,10628,4020.5
"Post scheduled trip end time",-2,4210,4212,4020.5
"Post scheduled trip end time",-2,2438,2440,4020.5
"Post scheduled trip end time",-2,27590,27592,4020.5
"Post scheduled trip end time",-2,20426,20428,4020.5
"Post scheduled trip end time",-2,17917,17919,4020.5
"Post scheduled trip end time",-2,18032,18034,4020.5
"Post scheduled trip end time",-2,4037,4039,4020.5
"Post scheduled trip end time",-2,1889,1891,4020.5
"Post scheduled trip end time",-2,476,478,4020.5
"Post scheduled trip end time",-2,10990,10992,4020.5
"Post scheduled trip end time",-2,4481,4483,4020.5
"Post scheduled trip end time",-2,12931,12933,4020.5
"Post scheduled trip end time",-2,2432,2434,4020.5
"Post scheduled trip end time",-2,537028,537030,4020.5
"Post scheduled trip end time",-2,3505,3507,4020.5
"Post scheduled trip end time",-2,421,423,4020.5
"Post scheduled trip end time",-2,2556,2558,4020.5
"Post scheduled trip end time",-2,19174,19176,4020.5
"Post scheduled trip end time",-2,25392,25394,4020.5
"Post scheduled trip end time",-2,21698,21700,4020.5
"Post scheduled trip end time",-2,7294,7296,4020.5
"Post scheduled trip end time",-2,10120,10122,4020.5
"Post scheduled trip end time",-2,12601,12603,4020.5
"Post scheduled trip end time",-2,14118,14120,4020.5
"Post scheduled trip end time",-2,13141,13143,4020.5
"Post scheduled trip end time",-2,15017,15019,4020.5
"Post scheduled trip end time",-2,5017,5019,4020.5
"Post scheduled trip end time",-2,15528,15530,4020.5
"Post scheduled trip end time",-2,3268,3270,4020.5
"Post scheduled trip end time",-2,15151,15153,4020.5
"Post scheduled trip end time",-2,10568,10570,4020.5
"Post scheduled trip end time",-2,808,810,4020.5
"Post scheduled trip end time",-2,15965,15967,4020.5
"Post scheduled trip end time",-2,1395,1397,4020.5
"Post scheduled trip end time",-2,171,173,4020.5
"Post scheduled trip end time",-2,3087,3089,4020.5
"Post scheduled trip end time",-2,30390,30392,4020.5
"Post scheduled trip end time",-2,2310,2312,4020.5
"Post scheduled trip end time",-2,9150,9152,4020.5
"Post scheduled trip end time",-2,21558,21560,4020.5
"Post scheduled trip end time",-2,24390,24392,4020.5
"Post scheduled trip end time",-2,23124,23126,4020.5
"Post scheduled trip end time",-2,765,767,4020.5
"Post scheduled trip end time",-2,3935,3937,4020.5
"Post scheduled trip end time",-2,8050,8052,4020.5
"Post scheduled trip end time",-2,15838,15840,4020.5
"Post scheduled trip end time",-2,8700,8702,4020.5
"Post scheduled trip end time",-2,21672,21674,4020.5
"Post scheduled trip end time",-2,5674,5676,4020.5
"Post scheduled trip end time",-2,11172,11174,4020.5
"Post scheduled trip end time",-2,13452,13454,4020.5
"Post scheduled trip end time",-2,539688,539690,4020.5
"Post scheduled trip end time",-2,539448,539450,4020.5
"Post scheduled trip end time",-2,10721,10723,4020.5
"Post scheduled trip end time",-2,3705,3707,4020.5
"Post scheduled trip end time",-2,12765,12767,4020.5
"Post scheduled trip end time",-2,1680,1682,4020.5
"Post scheduled trip end time",-2,13150,13152,4020.5
"Post scheduled trip end time",-2,11690,11692,4020.5
"Post scheduled trip end time",-2,10840,10842,4020.5
"Post scheduled trip end time",-2,14751,14753,4020.5
"Post scheduled trip end time",-2,6377,6379,4020.5
"Post scheduled trip end time",-2,960,962,4020.5
"Post scheduled trip end time",-2,531708,531710,4020.5
"Post scheduled trip end time",-2,20491,20493,4020.5
"Post scheduled trip end time",-2,8892,8894,4020.5
"Post scheduled trip end time",-2,10668,10670,4020.5
"Post scheduled trip end time",-2,10901,10903,4020.5
"Post scheduled trip end time",-2,291,293,4020.5
"Post scheduled trip end time",-2,317,319,4020.5
"Post scheduled trip end time",-2,4673,4675,4020.5
"Post scheduled trip end time",-2,7490,7492,4020.5
"Post scheduled trip end time",-2,661,663,4020.5
"Post scheduled trip end time",-2,34090,34092,4020.5
"Post scheduled trip end time",-2,34350,34352,4020.5
"Post scheduled trip end time",-2,35432,35434,4020.5
"Post scheduled trip end time",-2,1366,1368,4020.5
"Post scheduled trip end time",-2,24044,24046,4020.5
"Post scheduled trip end time",-2,1775,1777,4020.5
"Post scheduled trip end time",-2,2415,2417,4020.5
"Post scheduled trip end time",-2,7250,7252,4020.5
"Post scheduled trip end time",-2,262,264,4020.5
"Post scheduled trip end time",-2,9428,9430,4020.5
"Post scheduled trip end time",-2,332,334,4020.5
"Post scheduled trip end time",-2,3157,3159,4020.5
"Post scheduled trip end time",-2,16088,16090,4020.5
"Post scheduled trip end time",-2,2392,2394,4020.5
"Post scheduled trip end time",-2,7790,7792,4020.5
"Post scheduled trip end time",-2,1238,1240,4020.5
"Post scheduled trip end time",-2,14066,14068,4020.5
"Post scheduled trip end time",-2,25950,25952,4020.5
"Post scheduled trip end time",-2,26330,26332,4020.5
"Post scheduled trip end time",-2,5149,5151,4020.5
"Post scheduled trip end time",-2,18777,18779,4020.5
"Post scheduled trip end time",-2,9194,9196,4020.5
"Post scheduled trip end time",-2,3574,3576,4020.5
"Post scheduled trip end time",-2,2689,2691,4020.5
"Post scheduled trip end time",-2,20637,20639,4020.5
"Post scheduled trip end time",-2,12386,12388,4020.5
"Post scheduled trip end time",-2,8768,8770,4020.5
"Post scheduled trip end time",-2,10205,10207,4020.5
"Post scheduled trip end time",-2,1340,1342,4020.5
"Post scheduled trip end time",-2,9610,9612,4020.5
"Post scheduled trip end time",-2,32310,32312,4020.5
"Post scheduled trip end time",-2,32692,32694,4020.5
"Post scheduled trip end time",-2,35232,35234,4020.5
"Post scheduled trip end time",-2,5709,5711,4020.5
"Post scheduled trip end time",-2,1385,1387,4020.5
"Post scheduled trip end time",-2,2995,2997,4020.5
"Post scheduled trip end time",-2,1911,1913,4020.5
"Post scheduled trip end time",-2,16058,16060,4020.5
"Post scheduled trip end time",-2,10700,10702,4020.5
"Post scheduled trip end time",-2,18758,18760,4020.5
"Post scheduled trip end time",-2,164,166,4020.5
"Post scheduled trip end time",-2,1828,1830,4020.5
"Post scheduled trip end time",-2,20411,20413,4020.5
"Post scheduled trip end time",-2,1332,1334,4020.5
"Post scheduled trip end time",-2,6885,6887,4020.5
"Post scheduled trip end time",-2,8105,8107,4020.5
"Post scheduled trip end time",-2,16652,16654,4020.5
"Post scheduled trip end time",-2,921,923,4020.5
"Post scheduled trip end time",-2,8610,8612,4020.5
"Post scheduled trip end time",-2,1378,1380,4020.5
"Post scheduled trip end time",-2,1334,1336,4020.5
"Post scheduled trip end time",-2,13086,13088,4020.5
"Post scheduled trip end time",-2,16566,16568,4020.5
"Post scheduled trip end time",-2,13690,13692,4020.5
"Post scheduled trip end time",-2,248,250,4020.5
"Post scheduled trip end time",-2,9994,9996,4020.5
"Post scheduled trip end time",-2,10298,10300,4020.5
"Post scheduled trip end time",-2,11258,11260,4020.5
"Post scheduled trip end time",-2,13252,13254,4020.5
"Post scheduled trip end time",-2,2413,2415,4020.5
"Post scheduled trip end time",-2,536648,536650,4020.5
"Post scheduled trip end time",-2,6106,6108,4020.5
"Post scheduled trip end time",-2,5492,5494,4020.5
"Post scheduled trip end time",-2,16506,16508,4020.5
"Post scheduled trip end time",-2,17614,17616,4020.5
"Post scheduled trip end time",-2,31004,31006,4020.5
"Post scheduled trip end time",-2,32312,32314,4020.5
"Post scheduled trip end time",-2,2875,2877,4020.5
"Post scheduled trip end time",-2,16461,16463,4020.5
"Post scheduled trip end time",-2,13532,13534,4020.5
"Post scheduled trip end time",-2,5341,5343,4020.5
"Post scheduled trip end time",-2,8434,8436,4020.5
"Post scheduled trip end time",-2,5572,5574,4020.5
"Post scheduled trip end time",-2,12845,12847,4020.5
"Post scheduled trip end time",-2,3941,3943,4020.5
"Post scheduled trip end time",-2,7846,7848,4020.5
"Post scheduled trip end time",-2,26264,26266,4020.5
"Post scheduled trip end time",-2,7311,7313,4020.5
"Post scheduled trip end time",-2,32070,32072,4020.5
"Post scheduled trip end time",-2,25464,25466,4020.5
"Post scheduled trip end time",-2,31952,31954,4020.5
"Post scheduled trip end time",-2,277,279,4020.5
"Post scheduled trip end time",-2,6614,6616,4020.5
"Post scheduled trip end time",-2,511,513,4020.5
"Post scheduled trip end time",-2,2188,2190,4020.5
"Post scheduled trip end time",-2,2728,2730,4020.5
"Post scheduled trip end time",-2,14231,14233,4020.5
"Post scheduled trip end time",-2,17071,17073,4020.5
"Post scheduled trip end time",-2,3481,3483,4020.5
"Post scheduled trip end time",-2,8341,8343,4020.5
"Post scheduled trip end time",-2,8501,8503,4020.5
"Post scheduled trip end time",-2,2140,2142,4020.5
"Post scheduled trip end time",-2,2927,2929,4020.5
"Post scheduled trip end time",-2,5695,5697,4020.5
"Post scheduled trip end time",-2,32432,32434,4020.5
"Post scheduled trip end time",-2,26472,26474,4020.5
"Post scheduled trip end time",-2,306,308,4020.5
"Post scheduled trip end time",-2,168,170,4020.5
"Post scheduled trip end time",-2,6451,6453,4020.5
"Post scheduled trip end time",-2,6337,6339,4020.5
"Post scheduled trip end time",-2,9448,9450,4020.5
"Post scheduled trip end time",-2,525548,525550,4020.5
"Post scheduled trip end time",-2,18311,18313,4020.5
"Post scheduled trip end time",-2,5461,5463,4020.5
"Post scheduled trip end time",-2,3643,3645,4020.5
"Post scheduled trip end time",-2,10966,10968,4020.5
"Post scheduled trip end time",-2,3680,3682,4020.5
"Post scheduled trip end time",-2,16426,16428,4020.5
"Post scheduled trip end time",-2,18614,18616,4020.5
"Post scheduled trip end time",-2,19218,19220,4020.5
"Post scheduled trip end time",-2,23812,23814,4020.5
"Post scheduled trip end time",-2,4400,4402,4020.5
"Post scheduled trip end time",-2,3691,3693,4020.5
"Post scheduled trip end time",-2,3769,3771,4020.5
"Post scheduled trip end time",-2,1429,1431,4020.5
"Post scheduled trip end time",-2,8198,8200,4020.5
"Post scheduled trip end time",-2,753,755,4020.5
"Post scheduled trip end time",-2,20634,20636,4020.5
"Post scheduled trip end time",-2,2401,2403,4020.5
"Post scheduled trip end time",-2,6154,6156,4020.5
"Post scheduled trip end time",-2,2758,2760,4020.5
"Post scheduled trip end time",-2,4138,4140,4020.5
"Post scheduled trip end time",-2,13092,13094,4020.5
"Post scheduled trip end time",-2,3192,3194,4020.5
"Post scheduled trip end time",-2,-2,0,4020.5
"Post scheduled trip end time",-2,198,200,4020.5
"Post scheduled trip end time",-2,2263,2265,4020.5
"Post scheduled trip end time",-2,17390,17392,4020.5
"Post scheduled trip end time",-2,7366,7368,4020.5
"Post scheduled trip end time",-2,1336,1338,4020.5
"Post scheduled trip end time",-2,1516,1518,4020.5
"Post scheduled trip end time",-2,4834,4836,4020.5
"Post scheduled trip end time",-2,13301,13303,4020.5
"Post scheduled trip end time",-2,16177,16179,4020.5
"Post scheduled trip end time",-2,3519,3521,4020.5
"Post scheduled trip end time",-2,2089,2091,4020.5
"Post scheduled trip end time",-2,2926,2928,4020.5
"Post scheduled trip end time",-2,11166,11168,4020.5
"Post scheduled trip end time",-2,542768,542770,4020.5
"Post scheduled trip end time",-2,10301,10303,4020.5
"Post scheduled trip end time",-2,10057,10059,4020.5
"Post scheduled trip end time",-2,6645,6647,4020.5
"Post scheduled trip end time",-2,5261,5263,4020.5
"Post scheduled trip end time",-2,2603,2605,4020.5
"Post scheduled trip end time",-2,331,333,4020.5
"Post scheduled trip end time",-2,6933,6935,4020.5
"Post scheduled trip end time",-2,3520,3522,4020.5
"Post scheduled trip end time",-2,18786,18788,4020.5
"Post scheduled trip end time",-2,764,766,4020.5
"Post scheduled trip end time",-2,33510,33512,4020.5
"Post scheduled trip end time",-2,23864,23866,4020.5
"Post scheduled trip end time",-2,25024,25026,4020.5
"Post scheduled trip end time",-2,15234,15236,4020.5
"Post scheduled trip end time",-2,99,101,4020.5
"Post scheduled trip end time",-2,17117,17119,4020.5
"Post scheduled trip end time",-2,9840,9842,4020.5
"Post scheduled trip end time",-2,24472,24474,4020.5
"Post scheduled trip end time",-2,12521,12523,4020.5
"Post scheduled trip end time",-2,637,639,4020.5
"Post scheduled trip end time",-2,10871,10873,4020.5
"Post scheduled trip end time",-2,595,597,4020.5
"Post scheduled trip end time",-2,12352,12354,4020.5
"Post scheduled trip end time",-2,6818,6820,4020.5
"Post scheduled trip end time",-2,2286,2288,4020.5
"Post scheduled trip end time",-2,4506,4508,4020.5
"Post scheduled trip end time",-2,1840,1842,4020.5
"Post scheduled trip end time",-2,17128,17130,4020.5
"Post scheduled trip end time",-2,10548,10550,4020.5
"Post scheduled trip end time",-2,10788,10790,4020.5
"Post scheduled trip end time",-2,10411,10413,4020.5
"Post scheduled trip end time",-2,1421,1423,4020.5
"Post scheduled trip end time",-2,16601,16603,4020.5
"Post scheduled trip end time",-2,1509,1511,4020.5
"Post scheduled trip end time",-2,2029,2031,4020.5
"Post scheduled trip end time",-2,30710,30712,4020.5
"Post scheduled trip end time",-2,243,245,4020.5
"Post scheduled trip end time",-2,32350,32352,4020.5
"Post scheduled trip end time",-2,21392,21394,4020.5
"Post scheduled trip end time",-2,16172,16174,4020.5
"Post scheduled trip end time",-2,1407,1409,4020.5
"Post scheduled trip end time",-2,9928,9930,4020.5
"Post scheduled trip end time",-2,11808,11810,4020.5
"Post scheduled trip end time",-2,11061,11063,4020.5
"Post scheduled trip end time",-2,5460,5462,4020.5
"Post scheduled trip end time",-2,6670,6672,4020.5
"Post scheduled trip end time",-2,14278,14280,4020.5
"Post scheduled trip end time",-2,12451,12453,4020.5
"Post scheduled trip end time",-2,648,650,4020.5
"Post scheduled trip end time",-2,9794,9796,4020.5
"Post scheduled trip end time",-2,4939,4941,4020.5
"Post scheduled trip end time",-2,10122,10124,4020.5
"Post scheduled trip end time",-2,525728,525730,4020.5
"Post scheduled trip end time",-2,11811,11813,4020.5
"Post scheduled trip end time",-2,541248,541250,4020.5
"Post scheduled trip end time",-2,4652,4654,4020.5
"Post scheduled trip end time",-2,18011,18013,4020.5
"Post scheduled trip end time",-2,494,496,4020.5
"Post scheduled trip end time",-2,2789,2791,4020.5
"Post scheduled trip end time",-2,1803,1805,4020.5
"Post scheduled trip end time",-2,2727,2729,4020.5
"Post scheduled trip end time",-2,8946,8948,4020.5
"Post scheduled trip end time",-2,17206,17208,4020.5
"Post scheduled trip end time",-2,13270,13272,4020.5
"Post scheduled trip end time",-2,316,318,4020.5
"Post scheduled trip end time",-2,6610,6612,4020.5
"Post scheduled trip end time",-2,20138,20140,4020.5
"Post scheduled trip end time",-2,1485,1487,4020.5
"Post scheduled trip end time",-2,22470,22472,4020.5
"Post scheduled trip end time",-2,1000,1002,4020.5
"Post scheduled trip end time",-2,10557,10559,4020.5
"Post scheduled trip end time",-2,4911,4913,4020.5
"Post scheduled trip end time",-2,533608,533610,4020.5
"Post scheduled trip end time",-2,524848,524850,4020.5
"Post scheduled trip end time",-2,5081,5083,4020.5
"Post scheduled trip end time",-2,1846,1848,4020.5
"Post scheduled trip end time",-2,8491,8493,4020.5
"Post scheduled trip end time",-2,15245,15247,4020.5
"Post scheduled trip end time",-2,3432,3434,4020.5
"Post scheduled trip end time",-2,16850,16852,4020.5
"Post scheduled trip end time",-2,84,86,4020.5
"Post scheduled trip end time",-2,2130,2132,4020.5
"Post scheduled trip end time",-2,4786,4788,4020.5
"Post scheduled trip end time",-2,13390,13392,4020.5
"Post scheduled trip end time",-2,12774,12776,4020.5
"Post scheduled trip end time",-2,689,691,4020.5
"Post scheduled trip end time",-2,7350,7352,4020.5
"Post scheduled trip end time",-2,9030,9032,4020.5
"Post scheduled trip end time",-2,11641,11643,4020.5
"Post scheduled trip end time",-2,520148,520150,4020.5
"Post scheduled trip end time",-2,1084,1086,4020.5
"Post scheduled trip end time",-2,13392,13394,4020.5
"Post scheduled trip end time",-2,9728,9730,4020.5
"Post scheduled trip end time",-2,14666,14668,4020.5
"Post scheduled trip end time",-2,10597,10599,4020.5
"Post scheduled trip end time",-2,14505,14507,4020.5
"Post scheduled trip end time",-2,2663,2665,4020.5
"Post scheduled trip end time",-2,27804,27806,4020.5
"Post scheduled trip end time",-2,256,258,4020.5
"Post scheduled trip end time",-2,14230,14232,4020.5
"Post scheduled trip end time",-2,12214,12216,4020.5
"Post scheduled trip end time",-2,8971,8973,4020.5
"Post scheduled trip end time",-2,2835,2837,4020.5
"Post scheduled trip end time",-2,31112,31114,4020.5
"Post scheduled trip end time",-2,24592,24594,4020.5
"Post scheduled trip end time",-2,14597,14599,4020.5
"Post scheduled trip end time",-2,12932,12934,4020.5
"Post scheduled trip end time",-2,2526,2528,4020.5
"Post scheduled trip end time",-2,1158,1160,4020.5
"Post scheduled trip end time",-2,12151,12153,4020.5
"Post scheduled trip end time",-2,12291,12293,4020.5
"Post scheduled trip end time",-2,12831,12833,4020.5
"Post scheduled trip end time",-2,19851,19853,4020.5
"Post scheduled trip end time",-2,12326,12328,4020.5
"Post scheduled trip end time",-2,5285,5287,4020.5
"Post scheduled trip end time",-2,11705,11707,4020.5
"Post scheduled trip end time",-2,17221,17223,4020.5
"Post scheduled trip end time",-2,1918,1920,4020.5
"Post scheduled trip end time",-2,12570,12572,4020.5
"Post scheduled trip end time",-2,31590,31592,4020.5
"Post scheduled trip end time",-2,6914,6916,4020.5
"Post scheduled trip end time",-2,6994,6996,4020.5
"Post scheduled trip end time",-2,7414,7416,4020.5
"Post scheduled trip end time",-2,30492,30494,4020.5
"Post scheduled trip end time",-2,9434,9436,4020.5
"Post scheduled trip end time",-2,2054,2056,4020.5
"Post scheduled trip end time",-2,12771,12773,4020.5
"Post scheduled trip end time",-2,10151,10153,4020.5
"Post scheduled trip end time",-2,11112,11114,4020.5
"Post scheduled trip end time",-2,533448,533450,4020.5
"Post scheduled trip end time",-2,1538,1540,4020.5
"Post scheduled trip end time",-2,15988,15990,4020.5
"Post scheduled trip end time",-2,6901,6903,4020.5
"Post scheduled trip end time",-2,14441,14443,4020.5
"Post scheduled trip end time",-2,18486,18488,4020.5
"Post scheduled trip end time",-2,35312,35314,4020.5
"Post scheduled trip end time",-2,28312,28314,4020.5
"Post scheduled trip end time",-2,21710,21712,4020.5
"Post scheduled trip end time",-2,19957,19959,4020.5
"Post scheduled trip end time",-2,9914,9916,4020.5
"Post scheduled trip end time",-2,10837,10839,4020.5
"Post scheduled trip end time",-2,1044,1046,4020.5
"Post scheduled trip end time",-2,4121,4123,4020.5
"Post scheduled trip end time",-2,4701,4703,4020.5
"Post scheduled trip end time",-2,5201,5203,4020.5
"Post scheduled trip end time",-2,4389,4391,4020.5
"Post scheduled trip end time",-2,2493,2495,4020.5
"Post scheduled trip end time",-2,16692,16694,4020.5
"Post scheduled trip end time",-2,9901,9903,4020.5
"Post scheduled trip end time",-2,759,761,4020.5
"Post scheduled trip end time",-2,11,13,4020.5
"Post scheduled trip end time",-2,5150,5152,4020.5
"Post scheduled trip end time",-2,15350,15352,4020.5
"Post scheduled trip end time",-2,5026,5028,4020.5
"Post scheduled trip end time",-2,23264,23266,4020.5
"Post scheduled trip end time",-2,404,406,4020.5
"Post scheduled trip end time",-2,16541,16543,4020.5
"Post scheduled trip end time",-2,31652,31654,4020.5
"Post scheduled trip end time",-2,4731,4733,4020.5
"Post scheduled trip end time",-2,2899,2901,4020.5
"Post scheduled trip end time",-2,3359,3361,4020.5
"Post scheduled trip end time",-2,7538,7540,4020.5
"Post scheduled trip end time",-2,7288,7290,4020.5
"Post scheduled trip end time",-2,3845,3847,4020.5
"Post scheduled trip end time",-2,4172,4174,4020.5
"Post scheduled trip end time",-2,82,84,4020.5
"Post scheduled trip end time",-2,11230,11232,4020.5
"Post scheduled trip end time",-2,166,168,4020.5
"Post scheduled trip end time",-2,1187,1189,4020.5
"Post scheduled trip end time",-2,19410,19412,4020.5
"Post scheduled trip end time",-2,10466,10468,4020.5
"Post scheduled trip end time",-2,5410,5412,4020.5
"Post scheduled trip end time",-2,8350,8352,4020.5
"Post scheduled trip end time",-2,17357,17359,4020.5
"Post scheduled trip end time",-2,23452,23454,4020.5
"Post scheduled trip end time",-2,9334,9336,4020.5
"Post scheduled trip end time",-2,8638,8640,4020.5
"Post scheduled trip end time",-2,27272,27274,4020.5
"Post scheduled trip end time",-2,10957,10959,4020.5
"Post scheduled trip end time",-2,4641,4643,4020.5
"Post scheduled trip end time",-2,21012,21014,4020.5
"Post scheduled trip end time",-2,18548,18550,4020.5
"Post scheduled trip end time",-2,7566,7568,4020.5
"Post scheduled trip end time",-2,2841,2843,4020.5
"Post scheduled trip end time",-2,40,42,4020.5
"Post scheduled trip end time",-2,4090,4092,4020.5
"Post scheduled trip end time",-2,954,956,4020.5
"Post scheduled trip end time",-2,15750,15752,4020.5
"Post scheduled trip end time",-2,1491,1493,4020.5
"Post scheduled trip end time",-2,5146,5148,4020.5
"Post scheduled trip end time",-2,29290,29292,4020.5
"Post scheduled trip end time",-2,20014,20016,4020.5
"Post scheduled trip end time",-2,226,228,4020.5
"Post scheduled trip end time",-2,24530,24532,4020.5
"Post scheduled trip end time",-2,23404,23406,4020.5
"Post scheduled trip end time",-2,23664,23666,4020.5
"Post scheduled trip end time",-2,22510,22512,4020.5
"Post scheduled trip end time",-2,17697,17699,4020.5
"Post scheduled trip end time",-2,7854,7856,4020.5
"Post scheduled trip end time",-2,15472,15474,4020.5
"Post scheduled trip end time",-2,4131,4133,4020.5
"Post scheduled trip end time",-2,7817,7819,4020.5
"Post scheduled trip end time",-2,1462,1464,4020.5
"Post scheduled trip end time",-2,7058,7060,4020.5
"Post scheduled trip end time",-2,527468,527470,4020.5
"Post scheduled trip end time",-2,2128,2130,4020.5
"Post scheduled trip end time",-2,3752,3754,4020.5
"Post scheduled trip end time",-2,2801,2803,4020.5
"Post scheduled trip end time",-2,3394,3396,4020.5
"Post scheduled trip end time",-2,1312,1314,4020.5
"Post scheduled trip end time",-2,1440,1442,4020.5
"Post scheduled trip end time",-2,5374,5376,4020.5
"Post scheduled trip end time",-2,5226,5228,4020.5
"Post scheduled trip end time",-2,3835,3837,4020.5
"Post scheduled trip end time",-2,3511,3513,4020.5
"Post scheduled trip end time",-2,12131,12133,4020.5
"Post scheduled trip end time",-2,8297,8299,4020.5
"Post scheduled trip end time",-2,9531,9533,4020.5
"Post scheduled trip end time",-2,15297,15299,4020.5
"Post scheduled trip end time",-2,522348,522350,4020.5
"Post scheduled trip end time",-2,524448,524450,4020.5
"Post scheduled trip end time",-2,14531,14533,4020.5
"Post scheduled trip end time",-2,10911,10913,4020.5
"Post scheduled trip end time",-2,3052,3054,4020.5
"Post scheduled trip end time",-2,14481,14483,4020.5
"Post scheduled trip end time",-2,746,748,4020.5
"Post scheduled trip end time",-2,2210,2212,4020.5
"Post scheduled trip end time",-2,4510,4512,4020.5
"Post scheduled trip end time",-2,2849,2851,4020.5
"Post scheduled trip end time",-2,18750,18752,4020.5
"Post scheduled trip end time",-2,31984,31986,4020.5
"Post scheduled trip end time",-2,34872,34874,4020.5
"Post scheduled trip end time",-2,31492,31494,4020.5
"Post scheduled trip end time",-2,4529,4531,4020.5
"Post scheduled trip end time",-2,534688,534690,4020.5
"Post scheduled trip end time",-2,19531,19533,4020.5
"Post scheduled trip end time",-2,3218,3220,4020.5
"Post scheduled trip end time",-2,9608,9610,4020.5
"Post scheduled trip end time",-2,9957,9959,4020.5
"Post scheduled trip end time",-2,2945,2947,4020.5
"Post scheduled trip end time",-2,18205,18207,4020.5
"Post scheduled trip end time",-2,8872,8874,4020.5
"Post scheduled trip end time",-2,12130,12132,4020.5
"Post scheduled trip end time",-2,4681,4683,4020.5
"Post scheduled trip end time",-2,14106,14108,4020.5
"Post scheduled trip end time",-2,27144,27146,4020.5
"Post scheduled trip end time",-2,11994,11996,4020.5
"Post scheduled trip end time",-2,1605,1607,4020.5
"Post scheduled trip end time",-2,3795,3797,4020.5
"Post scheduled trip end time",-2,479,481,4020.5
"Post scheduled trip end time",-2,30612,30614,4020.5
"Post scheduled trip end time",-2,9058,9060,4020.5
"Post scheduled trip end time",-2,17872,17874,4020.5
"Post scheduled trip end time",-2,13361,13363,4020.5
"Post scheduled trip end time",-2,20732,20734,4020.5
"Post scheduled trip end time",-2,6071,6073,4020.5
"Post scheduled trip end time",-2,2606,2608,4020.5
"Post scheduled trip end time",-2,11272,11274,4020.5
"Post scheduled trip end time",-2,4468,4470,4020.5
"Post scheduled trip end time",-2,19651,19653,4020.5
"Post scheduled trip end time",-2,17931,17933,4020.5
"Post scheduled trip end time",-2,4438,4440,4020.5
"Post scheduled trip end time",-2,13992,13994,4020.5
"Post scheduled trip end time",-2,14292,14294,4020.5
"Post scheduled trip end time",-2,2725,2727,4020.5
"Post scheduled trip end time",-2,10725,10727,4020.5
"Post scheduled trip end time",-2,8032,8034,4020.5
"Post scheduled trip end time",-2,1417,1419,4020.5
"Post scheduled trip end time",-2,1731,1733,4020.5
"Post scheduled trip end time",-2,155,157,4020.5
"Post scheduled trip end time",-2,7826,7828,4020.5
"Post scheduled trip end time",-2,6366,6368,4020.5
"Post scheduled trip end time",-2,4593,4595,4020.5
"Post scheduled trip end time",-2,3840,3842,4020.5
"Post scheduled trip end time",-2,460,462,4020.5
"Post scheduled trip end time",-2,20374,20376,4020.5
"Post scheduled trip end time",-2,28092,28094,4020.5
"Post scheduled trip end time",-2,526,528,4020.5
"Post scheduled trip end time",-2,14834,14836,4020.5
"Post scheduled trip end time",-2,4755,4757,4020.5
"Post scheduled trip end time",-2,349,351,4020.5
"Post scheduled trip end time",-2,16932,16934,4020.5
"Post scheduled trip end time",-2,4174,4176,4020.5
"Post scheduled trip end time",-2,6091,6093,4020.5
"Post scheduled trip end time",-2,3739,3741,4020.5
"Post scheduled trip end time",-2,878,880,4020.5
"Post scheduled trip end time",-2,7798,7800,4020.5
"Post scheduled trip end time",-2,21737,21739,4020.5
"Post scheduled trip end time",-2,11625,11627,4020.5
"Post scheduled trip end time",-2,3350,3352,4020.5
"Post scheduled trip end time",-2,2038,2040,4020.5
"Post scheduled trip end time",-2,771,773,4020.5
"Post scheduled trip end time",-2,4366,4368,4020.5
"Post scheduled trip end time",-2,7054,7056,4020.5
"Post scheduled trip end time",-2,8651,8653,4020.5
"Post scheduled trip end time",-2,133,135,4020.5
"Post scheduled trip end time",-2,34352,34354,4020.5
"Post scheduled trip end time",-2,7341,7343,4020.5
"Post scheduled trip end time",-2,14121,14123,4020.5
"Post scheduled trip end time",-2,21152,21154,4020.5
"Post scheduled trip end time",-2,5139,5141,4020.5
"Post scheduled trip end time",-2,8261,8263,4020.5
"Post scheduled trip end time",-2,539848,539850,4020.5
"Post scheduled trip end time",-2,540408,540410,4020.5
"Post scheduled trip end time",-2,4430,4432,4020.5
"Post scheduled trip end time",-2,13468,13470,4020.5
"Post scheduled trip end time",-2,1410,1412,4020.5
"Post scheduled trip end time",-2,38,40,4020.5
"Post scheduled trip end time",-2,37,39,4020.5
"Post scheduled trip end time",-2,7850,7852,4020.5
"Post scheduled trip end time",-2,8130,8132,4020.5
"Post scheduled trip end time",-2,32,34,4020.5
"Post scheduled trip end time",-2,1449,1451,4020.5
"Post scheduled trip end time",-2,2423,2425,4020.5
"Post scheduled trip end time",-2,285,287,4020.5
"Post scheduled trip end time",-2,6520,6522,4020.5
"Post scheduled trip end time",-2,6113,6115,4020.5
"Post scheduled trip end time",-2,19830,19832,4020.5
"Post scheduled trip end time",-2,3898,3900,4020.5
"Post scheduled trip end time",-2,27544,27546,4020.5
"Post scheduled trip end time",-2,11974,11976,4020.5
"Post scheduled trip end time",-2,13754,13756,4020.5
"Post scheduled trip end time",-2,21450,21452,4020.5
"Post scheduled trip end time",-2,27292,27294,4020.5
"Post scheduled trip end time",-2,10651,10653,4020.5
"Post scheduled trip end time",-2,3608,3610,4020.5
"Post scheduled trip end time",-2,530228,530230,4020.5
"Post scheduled trip end time",-2,8612,8614,4020.5
"Post scheduled trip end time",-2,15972,15974,4020.5
"Post scheduled trip end time",-2,550,552,4020.5
"Post scheduled trip end time",-2,28290,28292,4020.5
"Post scheduled trip end time",-2,906,908,4020.5
"Post scheduled trip end time",-2,14434,14436,4020.5
"Post scheduled trip end time",-2,5614,5616,4020.5
"Post scheduled trip end time",-2,5291,5293,4020.5
"Post scheduled trip end time",-2,8017,8019,4020.5
"Post scheduled trip end time",-2,4299,4301,4020.5
"Post scheduled trip end time",-2,11052,11054,4020.5
"Post scheduled trip end time",-2,7278,7280,4020.5
"Post scheduled trip end time",-2,527588,527590,4020.5
"Post scheduled trip end time",-2,1706,1708,4020.5
"Post scheduled trip end time",-2,2218,2220,4020.5
"Post scheduled trip end time",-2,4185,4187,4020.5
"Post scheduled trip end time",-2,7030,7032,4020.5
"Post scheduled trip end time",-2,1849,1851,4020.5
"Post scheduled trip end time",-2,76,78,4020.5
"Post scheduled trip end time",-2,922,924,4020.5
"Post scheduled trip end time",-2,7280,7282,4020.5
"Post scheduled trip end time",-2,5514,5516,4020.5
"Post scheduled trip end time",-2,6971,6973,4020.5
"Post scheduled trip end time",-2,446,448,4020.5
"Post scheduled trip end time",-2,21238,21240,4020.5
"Post scheduled trip end time",-2,27632,27634,4020.5
"Post scheduled trip end time",-2,23544,23546,4020.5
"Post scheduled trip end time",-2,10418,10420,4020.5
"Post scheduled trip end time",-2,17672,17674,4020.5
"Post scheduled trip end time",-2,6234,6236,4020.5
"Post scheduled trip end time",-2,8377,8379,4020.5
"Post scheduled trip end time",-2,4079,4081,4020.5
"Post scheduled trip end time",-2,5137,5139,4020.5
"Post scheduled trip end time",-2,524968,524970,4020.5
"Post scheduled trip end time",-2,2617,2619,4020.5
"Post scheduled trip end time",-2,5370,5372,4020.5
"Post scheduled trip end time",-2,2539,2541,4020.5
"Post scheduled trip end time",-2,11161,11163,4020.5
"Post scheduled trip end time",-2,1556,1558,4020.5
"Post scheduled trip end time",-2,8432,8434,4020.5
"Post scheduled trip end time",-2,199,201,4020.5
"Post scheduled trip end time",-2,17070,17072,4020.5
"Post scheduled trip end time",-2,28204,28206,4020.5
"Post scheduled trip end time",-2,15586,15588,4020.5
"Post scheduled trip end time",-2,17426,17428,4020.5
"Post scheduled trip end time",-2,31044,31046,4020.5
"Post scheduled trip end time",-2,409,411,4020.5
"Post scheduled trip end time",-2,14694,14696,4020.5
"Post scheduled trip end time",-2,589,591,4020.5
"Post scheduled trip end time",-2,12798,12800,4020.5
"Post scheduled trip end time",-2,20552,20554,4020.5
"Post scheduled trip end time",-2,7750,7752,4020.5
"Post scheduled trip end time",-2,6458,6460,4020.5
"Post scheduled trip end time",-2,6001,6003,4020.5
"Post scheduled trip end time",-2,14168,14170,4020.5
"Post scheduled trip end time",-2,12066,12068,4020.5
"Post scheduled trip end time",-2,14606,14608,4020.5
"Post scheduled trip end time",-2,3378,3380,4020.5
"Post scheduled trip end time",-2,11508,11510,4020.5
"Post scheduled trip end time",-2,538188,538190,4020.5
"Post scheduled trip end time",-2,538368,538370,4020.5
"Post scheduled trip end time",-2,17005,17007,4020.5
"Post scheduled trip end time",-2,958,960,4020.5
"Post scheduled trip end time",-2,886,888,4020.5
"Post scheduled trip end time",-2,16798,16800,4020.5
"Post scheduled trip end time",-2,31432,31434,4020.5
"Post scheduled trip end time",-2,1780,1782,4020.5
"Post scheduled trip end time",-2,240,242,4020.5
"Post scheduled trip end time",-2,9948,9950,4020.5
"Post scheduled trip end time",-2,528368,528370,4020.5
"Post scheduled trip end time",-2,530168,530170,4020.5
"Post scheduled trip end time",-2,2700,2702,4020.5
"Post scheduled trip end time",-2,3114,3116,4020.5
"Post scheduled trip end time",-2,619,621,4020.5
"Post scheduled trip end time",-2,2254,2256,4020.5
"Post scheduled trip end time",-2,1634,1636,4020.5
"Post scheduled trip end time",-2,3578,3580,4020.5
"Post scheduled trip end time",-2,7586,7588,4020.5
"Post scheduled trip end time",-2,5211,5213,4020.5
"Post scheduled trip end time",-2,25724,25726,4020.5
"Post scheduled trip end time",-2,9450,9452,4020.5
"Post scheduled trip end time",-2,2431,2433,4020.5
"Post scheduled trip end time",-2,28852,28854,4020.5
"Post scheduled trip end time",-2,8634,8636,4020.5
"Post scheduled trip end time",-2,23292,23294,4020.5
"Post scheduled trip end time",-2,8421,8423,4020.5
"Post scheduled trip end time",-2,21057,21059,4020.5
"Post scheduled trip end time",-2,9926,9928,4020.5
"Post scheduled trip end time",-2,3000,3002,4020.5
"Post scheduled trip end time",-2,3348,3350,4020.5
"Post scheduled trip end time",-2,2721,2723,4020.5
"Post scheduled trip end time",-2,581,583,4020.5
"Post scheduled trip end time",-2,13510,13512,4020.5
"Post scheduled trip end time",-2,4274,4276,4020.5
"Post scheduled trip end time",-2,27584,27586,4020.5
"Post scheduled trip end time",-2,21226,21228,4020.5
"Post scheduled trip end time",-2,15778,15780,4020.5
"Post scheduled trip end time",-2,16352,16354,4020.5
"Post scheduled trip end time",-2,4160,4162,4020.5
"Post scheduled trip end time",-2,27072,27074,4020.5
"Post scheduled trip end time",-2,14341,14343,4020.5
"Post scheduled trip end time",-2,519968,519970,4020.5
"Post scheduled trip end time",-2,4637,4639,4020.5
"Post scheduled trip end time",-2,4677,4679,4020.5
"Post scheduled trip end time",-2,540328,540330,4020.5
"Post scheduled trip end time",-2,1500,1502,4020.5
"Post scheduled trip end time",-2,18792,18794,4020.5
"Post scheduled trip end time",-2,12606,12608,4020.5
"Post scheduled trip end time",-2,13865,13867,4020.5
"Post scheduled trip end time",-2,14581,14583,4020.5
"Post scheduled trip end time",-2,124,126,4020.5
"Post scheduled trip end time",-2,6433,6435,4020.5
"Post scheduled trip end time",-2,30370,30372,4020.5
"Post scheduled trip end time",-2,20638,20640,4020.5
"Post scheduled trip end time",-2,26992,26994,4020.5
"Post scheduled trip end time",-2,394,396,4020.5
"Post scheduled trip end time",-2,18137,18139,4020.5
"Post scheduled trip end time",-2,22272,22274,4020.5
"Post scheduled trip end time",-2,18978,18980,4020.5
"Post scheduled trip end time",-2,5391,5393,4020.5
"Post scheduled trip end time",-2,13352,13354,4020.5
"Post scheduled trip end time",-2,12612,12614,4020.5
"Post scheduled trip end time",-2,9771,9773,4020.5
"Post scheduled trip end time",-2,15505,15507,4020.5
"Post scheduled trip end time",-2,11606,11608,4020.5
"Post scheduled trip end time",-2,10890,10892,4020.5
"Post scheduled trip end time",-2,9230,9232,4020.5
"Post scheduled trip end time",-2,29492,29494,4020.5
"Post scheduled trip end time",-2,15615,15617,4020.5
"Post scheduled trip end time",-2,12797,12799,4020.5
"Post scheduled trip end time",-2,4139,4141,4020.5
"Post scheduled trip end time",-2,3661,3663,4020.5
"Post scheduled trip end time",-2,5981,5983,4020.5
"Post scheduled trip end time",-2,1948,1950,4020.5
"Post scheduled trip end time",-2,7552,7554,4020.5
"Post scheduled trip end time",-2,1021,1023,4020.5
"Post scheduled trip end time",-2,692,694,4020.5
"Post scheduled trip end time",-2,7170,7172,4020.5
"Post scheduled trip end time",-2,664,666,4020.5
"Post scheduled trip end time",-2,179,181,4020.5
"Post scheduled trip end time",-2,1978,1980,4020.5
"Post scheduled trip end time",-2,3554,3556,4020.5
"Post scheduled trip end time",-2,27064,27066,4020.5
"Post scheduled trip end time",-2,15286,15288,4020.5
"Post scheduled trip end time",-2,210,212,4020.5
"Post scheduled trip end time",-2,6854,6856,4020.5
"Post scheduled trip end time",-2,29532,29534,4020.5
"Post scheduled trip end time",-2,17492,17494,4020.5
"Post scheduled trip end time",-2,18472,18474,4020.5
"Post scheduled trip end time",-2,13378,13380,4020.5
"Post scheduled trip end time",-2,6017,6019,4020.5
"Post scheduled trip end time",-2,14131,14133,4020.5
"Post scheduled trip end time",-2,14551,14553,4020.5
"Post scheduled trip end time",-2,4421,4423,4020.5
"Post scheduled trip end time",-2,1612,1614,4020.5
"Post scheduled trip end time",-2,3198,3200,4020.5
"Post scheduled trip end time",-2,4338,4340,4020.5
"Post scheduled trip end time",-2,5985,5987,4020.5
"Post scheduled trip end time",-2,597,599,4020.5
"Post scheduled trip end time",-2,495,497,4020.5
"Post scheduled trip end time",-2,1422,1424,4020.5
"Post scheduled trip end time",-2,6906,6908,4020.5
"Post scheduled trip end time",-2,29270,29272,4020.5
"Post scheduled trip end time",-2,17046,17048,4020.5
"Post scheduled trip end time",-2,27492,27494,4020.5
"Post scheduled trip end time",-2,35032,35034,4020.5
"Post scheduled trip end time",-2,13654,13656,4020.5
"Post scheduled trip end time",-2,24752,24754,4020.5
"Post scheduled trip end time",-2,11058,11060,4020.5
"Post scheduled trip end time",-2,17032,17034,4020.5
"Post scheduled trip end time",-2,14401,14403,4020.5
"Post scheduled trip end time",-2,1525,1527,4020.5
"Post scheduled trip end time",-2,521148,521150,4020.5
"Post scheduled trip end time",-2,737,739,4020.5
"Post scheduled trip end time",-2,525108,525110,4020.5
"Post scheduled trip end time",-2,541268,541270,4020.5
"Post scheduled trip end time",-2,1699,1701,4020.5
"Post scheduled trip end time",-2,2145,2147,4020.5
"Post scheduled trip end time",-2,11325,11327,4020.5
"Post scheduled trip end time",-2,12325,12327,4020.5
"Post scheduled trip end time",-2,16803,16805,4020.5
"Post scheduled trip end time",-2,261,263,4020.5
"Post scheduled trip end time",-2,12050,12052,4020.5
"Post scheduled trip end time",-2,8340,8342,4020.5
"Post scheduled trip end time",-2,3446,3448,4020.5
"Post scheduled trip end time",-2,6453,6455,4020.5
"Post scheduled trip end time",-2,824,826,4020.5
"Post scheduled trip end time",-2,23184,23186,4020.5
"Post scheduled trip end time",-2,521468,521470,4020.5
"Post scheduled trip end time",-2,5512,5514,4020.5
"Post scheduled trip end time",-2,8154,8156,4020.5
"Post scheduled trip end time",-2,7212,7214,4020.5
"Post scheduled trip end time",-2,1468,1470,4020.5
"Post scheduled trip end time",-2,8332,8334,4020.5
"Post scheduled trip end time",-2,2568,2570,4020.5
"Post scheduled trip end time",-2,1825,1827,4020.5
"Post scheduled trip end time",-2,3619,3621,4020.5
"Post scheduled trip end time",-2,677,679,4020.5
"Post scheduled trip end time",-2,1050,1052,4020.5
"Post scheduled trip end time",-2,2163,2165,4020.5
"Post scheduled trip end time",-2,98,100,4020.5
"Post scheduled trip end time",-2,7950,7952,4020.5
"Post scheduled trip end time",-2,30164,30166,4020.5
"Post scheduled trip end time",-2,926,928,4020.5
"Post scheduled trip end time",-2,15898,15900,4020.5
"Post scheduled trip end time",-2,3217,3219,4020.5
"Post scheduled trip end time",-2,18912,18914,4020.5
"Post scheduled trip end time",-2,534788,534790,4020.5
"Post scheduled trip end time",-2,6092,6094,4020.5
"Post scheduled trip end time",-2,522128,522130,4020.5
"Post scheduled trip end time",-2,541428,541430,4020.5
"Post scheduled trip end time",-2,541448,541450,4020.5
"Post scheduled trip end time",-2,8008,8010,4020.5
"Post scheduled trip end time",-2,8137,8139,4020.5
"Post scheduled trip end time",-2,13948,13950,4020.5
"Post scheduled trip end time",-2,6285,6287,4020.5
"Post scheduled trip end time",-2,442,444,4020.5
"Post scheduled trip end time",-2,602,604,4020.5
"Post scheduled trip end time",-2,16537,16539,4020.5
"Post scheduled trip end time",-2,4949,4951,4020.5
"Post scheduled trip end time",-2,15221,15223,4020.5
"Post scheduled trip end time",-2,10260,10262,4020.5
"Post scheduled trip end time",-2,857,859,4020.5
"Post scheduled trip end time",-2,8637,8639,4020.5
"Post scheduled trip end time",-2,14455,14457,4020.5
"Post scheduled trip end time",-2,10714,10716,4020.5
"Post scheduled trip end time",-2,7641,7643,4020.5
"Post scheduled trip end time",-2,10672,10674,4020.5
"Post scheduled trip end time",-2,4308,4310,4020.5
"Post scheduled trip end time",-2,4832,4834,4020.5
"Post scheduled trip end time",-2,2888,2890,4020.5
"Post scheduled trip end time",-2,539568,539570,4020.5
"Post scheduled trip end time",-2,539968,539970,4020.5
"Post scheduled trip end time",-2,541508,541510,4020.5
"Post scheduled trip end time",-2,656,658,4020.5
"Post scheduled trip end time",-2,3186,3188,4020.5
"Post scheduled trip end time",-2,551,553,4020.5
"Post scheduled trip end time",-2,5253,5255,4020.5
"Post scheduled trip end time",-2,12290,12292,4020.5
"Post scheduled trip end time",-2,28012,28014,4020.5
"Post scheduled trip end time",-2,23444,23446,4020.5
"Post scheduled trip end time",-2,22370,22372,4020.5
"Post scheduled trip end time",-2,8500,8502,4020.5
"Post scheduled trip end time",-2,31352,31354,4020.5
"Post scheduled trip end time",-2,14472,14474,4020.5
"Post scheduled trip end time",-2,9781,9783,4020.5
"Post scheduled trip end time",-2,3674,3676,4020.5
"Post scheduled trip end time",-2,11097,11099,4020.5
"Post scheduled trip end time",-2,6417,6419,4020.5
"Post scheduled trip end time",-2,1266,1268,4020.5
"Post scheduled trip end time",-2,9446,9448,4020.5
"Post scheduled trip end time",-2,7432,7434,4020.5
"Post scheduled trip end time",-2,2148,2150,4020.5
"Post scheduled trip end time",-2,13606,13608,4020.5
"Post scheduled trip end time",-2,14906,14908,4020.5
"Post scheduled trip end time",-2,9228,9230,4020.5
"Post scheduled trip end time",-2,537768,537770,4020.5
"Post scheduled trip end time",-2,11241,11243,4020.5
"Post scheduled trip end time",-2,1130,1132,4020.5
"Post scheduled trip end time",-2,14672,14674,4020.5
"Post scheduled trip end time",-2,6261,6263,4020.5
"Post scheduled trip end time",-2,2594,2596,4020.5
"Post scheduled trip end time",-2,27944,27946,4020.5
"Post scheduled trip end time",-2,28724,28726,4020.5
"Post scheduled trip end time",-2,20926,20928,4020.5
"Post scheduled trip end time",-2,31124,31126,4020.5
"Post scheduled trip end time",-2,4429,4431,4020.5
"Post scheduled trip end time",-2,8660,8662,4020.5
"Post scheduled trip end time",-2,15621,15623,4020.5
"Post scheduled trip end time",-2,10600,10602,4020.5
"Post scheduled trip end time",-2,468,470,4020.5
"Post scheduled trip end time",-2,10932,10934,4020.5
"Post scheduled trip end time",-2,5457,5459,4020.5
"Post scheduled trip end time",-2,540968,540970,4020.5
"Post scheduled trip end time",-2,7092,7094,4020.5
"Post scheduled trip end time",-2,17451,17453,4020.5
"Post scheduled trip end time",-2,14686,14688,4020.5
"Post scheduled trip end time",-2,12008,12010,4020.5
"Post scheduled trip end time",-2,6125,6127,4020.5
"Post scheduled trip end time",-2,16045,16047,4020.5
"Post scheduled trip end time",-2,414,416,4020.5
"Post scheduled trip end time",-2,670,672,4020.5
"Post scheduled trip end time",-2,16870,16872,4020.5
"Post scheduled trip end time",-2,3453,3455,4020.5
"Post scheduled trip end time",-2,5871,5873,4020.5
"Post scheduled trip end time",-2,13290,13292,4020.5
"Post scheduled trip end time",-2,29304,29306,4020.5
"Post scheduled trip end time",-2,25210,25212,4020.5
"Post scheduled trip end time",-2,15794,15796,4020.5
"Post scheduled trip end time",-2,21850,21852,4020.5
"Post scheduled trip end time",-2,8320,8322,4020.5
"Post scheduled trip end time",-2,8754,8756,4020.5
"Post scheduled trip end time",-2,24392,24394,4020.5
"Post scheduled trip end time",-2,9158,9160,4020.5
"Post scheduled trip end time",-2,26072,26074,4020.5
"Post scheduled trip end time",-2,2061,2063,4020.5
"Post scheduled trip end time",-2,9348,9350,4020.5
"Post scheduled trip end time",-2,13132,13134,4020.5
"Post scheduled trip end time",-2,12848,12850,4020.5
"Post scheduled trip end time",-2,4265,4267,4020.5
"Post scheduled trip end time",-2,8901,8903,4020.5
"Post scheduled trip end time",-2,15345,15347,4020.5
"Post scheduled trip end time",-2,1466,1468,4020.5
"Post scheduled trip end time",-2,10066,10068,4020.5
"Post scheduled trip end time",-2,6874,6876,4020.5
"Post scheduled trip end time",-2,25944,25946,4020.5
"Post scheduled trip end time",-2,31310,31312,4020.5
"Post scheduled trip end time",-2,27230,27232,4020.5
"Post scheduled trip end time",-2,23210,23212,4020.5
"Post scheduled trip end time",-2,9660,9662,4020.5
"Post scheduled trip end time",-2,20672,20674,4020.5
"Post scheduled trip end time",-2,523048,523050,4020.5
"Post scheduled trip end time",-2,3757,3759,4020.5
"Post scheduled trip end time",-2,14148,14150,4020.5
"Post scheduled trip end time",-2,541008,541010,4020.5
"Post scheduled trip end time",-2,10431,10433,4020.5
"Post scheduled trip end time",-2,8361,8363,4020.5
"Post scheduled trip end time",-2,2930,2932,4020.5
"Post scheduled trip end time",-2,898,900,4020.5
"Post scheduled trip end time",-2,444,446,4020.5
"Post scheduled trip end time",-2,147,149,4020.5
"Post scheduled trip end time",-2,26944,26946,4020.5
"Post scheduled trip end time",-2,15226,15228,4020.5
"Post scheduled trip end time",-2,19146,19148,4020.5
"Post scheduled trip end time",-2,864,866,4020.5
"Post scheduled trip end time",-2,30664,30666,4020.5
"Post scheduled trip end time",-2,23190,23192,4020.5
"Post scheduled trip end time",-2,12610,12612,4020.5
"Post scheduled trip end time",-2,16617,16619,4020.5
"Post scheduled trip end time",-2,24972,24974,4020.5
"Post scheduled trip end time",-2,6474,6476,4020.5
"Post scheduled trip end time",-2,1465,1467,4020.5
"Post scheduled trip end time",-2,8777,8779,4020.5
"Post scheduled trip end time",-2,7248,7250,4020.5
"Post scheduled trip end time",-2,2808,2810,4020.5
"Post scheduled trip end time",-2,10468,10470,4020.5
"Post scheduled trip end time",-2,734,736,4020.5
"Post scheduled trip end time",-2,161,163,4020.5
"Post scheduled trip end time",-2,1247,1249,4020.5
"Post scheduled trip end time",-2,557,559,4020.5
"Post scheduled trip end time",-2,11014,11016,4020.5
"Post scheduled trip end time",-2,11060,11062,4020.5
"Post scheduled trip end time",-2,10698,10700,4020.5
"Post scheduled trip end time",-2,2374,2376,4020.5
"Post scheduled trip end time",-2,19512,19514,4020.5
"Post scheduled trip end time",-2,14498,14500,4020.5
"Post scheduled trip end time",-2,14308,14310,4020.5
"Post scheduled trip end time",-2,2839,2841,4020.5
"Post scheduled trip end time",-2,17668,17670,4020.5
"Post scheduled trip end time",-2,7605,7607,4020.5
"Post scheduled trip end time",-2,1639,1641,4020.5
"Post scheduled trip end time",-2,15321,15323,4020.5
"Post scheduled trip end time",-2,6630,6632,4020.5
"Post scheduled trip end time",-2,1921,1923,4020.5
"Post scheduled trip end time",-2,575,577,4020.5
"Post scheduled trip end time",-2,1115,1117,4020.5
"Post scheduled trip end time",-2,14010,14012,4020.5
"Post scheduled trip end time",-2,9658,9660,4020.5
"Post scheduled trip end time",-2,14181,14183,4020.5
"Post scheduled trip end time",-2,2999,3001,4020.5
"Post scheduled trip end time",-2,5558,5560,4020.5
"Post scheduled trip end time",-2,533428,533430,4020.5
"Post scheduled trip end time",-2,20257,20259,4020.5
"Post scheduled trip end time",-2,22217,22219,4020.5
"Post scheduled trip end time",-2,5480,5482,4020.5
"Post scheduled trip end time",-2,3292,3294,4020.5
"Post scheduled trip end time",-2,10245,10247,4020.5
"Post scheduled trip end time",-2,10305,10307,4020.5
"Post scheduled trip end time",-2,121,123,4020.5
"Post scheduled trip end time",-2,375,377,4020.5
"Post scheduled trip end time",-2,7871,7873,4020.5
"Post scheduled trip end time",-2,25850,25852,4020.5
"Post scheduled trip end time",-2,13538,13540,4020.5
"Post scheduled trip end time",-2,7577,7579,4020.5
"Post scheduled trip end time",-2,11731,11733,4020.5
"Post scheduled trip end time",-2,10474,10476,4020.5
"Post scheduled trip end time",-2,11952,11954,4020.5
"Post scheduled trip end time",-2,4769,4771,4020.5
"Post scheduled trip end time",-2,535468,535470,4020.5
"Post scheduled trip end time",-2,4408,4410,4020.5
"Post scheduled trip end time",-2,11572,11574,4020.5
"Post scheduled trip end time",-2,526088,526090,4020.5
"Post scheduled trip end time",-2,3068,3070,4020.5
"Post scheduled trip end time",-2,13686,13688,4020.5
"Post scheduled trip end time",-2,10571,10573,4020.5
"Post scheduled trip end time",-2,4401,4403,4020.5
"Post scheduled trip end time",-2,14585,14587,4020.5
"Post scheduled trip end time",-2,2500,2502,4020.5
"Post scheduled trip end time",-2,13806,13808,4020.5
"Post scheduled trip end time",-2,5526,5528,4020.5
"Post scheduled trip end time",-2,27870,27872,4020.5
"Post scheduled trip end time",-2,12370,12372,4020.5
"Post scheduled trip end time",-2,20110,20112,4020.5
"Post scheduled trip end time",-2,19397,19399,4020.5
"Post scheduled trip end time",-2,9238,9240,4020.5
"Post scheduled trip end time",-2,17192,17194,4020.5
"Post scheduled trip end time",-2,17412,17414,4020.5
"Post scheduled trip end time",-2,13731,13733,4020.5
"Post scheduled trip end time",-2,1192,1194,4020.5
"Post scheduled trip end time",-2,8401,8403,4020.5
"Post scheduled trip end time",-2,2081,2083,4020.5
"Post scheduled trip end time",-2,1165,1167,4020.5
"Post scheduled trip end time",-2,3145,3147,4020.5
"Post scheduled trip end time",-2,3165,3167,4020.5
"Post scheduled trip end time",-2,14365,14367,4020.5
"Post scheduled trip end time",-2,152,154,4020.5
"Post scheduled trip end time",-2,12970,12972,4020.5
"Post scheduled trip end time",-2,1677,1679,4020.5
"Post scheduled trip end time",-2,8786,8788,4020.5
"Post scheduled trip end time",-2,9426,9428,4020.5
"Post scheduled trip end time",-2,4860,4862,4020.5
"Post scheduled trip end time",-2,30764,30766,4020.5
"Post scheduled trip end time",-2,25470,25472,4020.5
"Post scheduled trip end time",-2,23270,23272,4020.5
"Post scheduled trip end time",-2,29972,29974,4020.5
"Post scheduled trip end time",-2,16381,16383,4020.5
"Post scheduled trip end time",-2,5620,5622,4020.5
"Post scheduled trip end time",-2,20572,20574,4020.5
"Post scheduled trip end time",-2,1109,1111,4020.5
"Post scheduled trip end time",-2,12512,12514,4020.5
"Post scheduled trip end time",-2,10306,10308,4020.5
"Post scheduled trip end time",-2,2112,2114,4020.5
"Post scheduled trip end time",-2,15325,15327,4020.5
"Post scheduled trip end time",-2,8512,8514,4020.5
"Post scheduled trip end time",-2,1195,1197,4020.5
"Post scheduled trip end time",-2,43,45,4020.5
"Post scheduled trip end time",-2,4970,4972,4020.5
"Post scheduled trip end time",-2,1652,1654,4020.5
"Post scheduled trip end time",-2,5080,5082,4020.5
"Post scheduled trip end time",-2,18426,18428,4020.5
"Post scheduled trip end time",-2,7291,7293,4020.5
"Post scheduled trip end time",-2,7971,7973,4020.5
"Post scheduled trip end time",-2,1873,1875,4020.5
"Post scheduled trip end time",-2,4810,4812,4020.5
"Post scheduled trip end time",-2,22138,22140,4020.5
"Post scheduled trip end time",-2,25344,25346,4020.5
"Post scheduled trip end time",-2,18277,18279,4020.5
"Post scheduled trip end time",-2,29332,29334,4020.5
"Post scheduled trip end time",-2,15872,15874,4020.5
"Post scheduled trip end time",-2,16572,16574,4020.5
"Post scheduled trip end time",-2,11718,11720,4020.5
"Post scheduled trip end time",-2,18352,18354,4020.5
"Post scheduled trip end time",-2,4494,4496,4020.5
"Post scheduled trip end time",-2,26952,26954,4020.5
"Post scheduled trip end time",-2,4391,4393,4020.5
"Post scheduled trip end time",-2,4737,4739,4020.5
"Post scheduled trip end time",-2,8730,8732,4020.5
"Post scheduled trip end time",-2,3749,3751,4020.5
"Post scheduled trip end time",-2,4457,4459,4020.5
"Post scheduled trip end time",-2,3577,3579,4020.5
"Post scheduled trip end time",-2,540068,540070,4020.5
"Post scheduled trip end time",-2,542688,542690,4020.5
"Post scheduled trip end time",-2,4080,4082,4020.5
"Post scheduled trip end time",-2,3172,3174,4020.5
"Post scheduled trip end time",-2,8348,8350,4020.5
"Post scheduled trip end time",-2,12668,12670,4020.5
"Post scheduled trip end time",-2,10591,10593,4020.5
"Post scheduled trip end time",-2,8445,8447,4020.5
"Post scheduled trip end time",-2,3905,3907,4020.5
"Post scheduled trip end time",-2,699,701,4020.5
"Post scheduled trip end time",-2,34,36,4020.5
"Post scheduled trip end time",-2,2454,2456,4020.5
"Post scheduled trip end time",-2,718,720,4020.5
"Post scheduled trip end time",-2,687,689,4020.5
"Post scheduled trip end time",-2,8726,8728,4020.5
"Post scheduled trip end time",-2,3298,3300,4020.5
"Post scheduled trip end time",-2,7086,7088,4020.5
"Post scheduled trip end time",-2,29184,29186,4020.5
"Post scheduled trip end time",-2,20690,20692,4020.5
"Post scheduled trip end time",-2,11078,11080,4020.5
"Post scheduled trip end time",-2,1409,1411,4020.5
"Post scheduled trip end time",-2,8310,8312,4020.5
"Post scheduled trip end time",-2,13832,13834,4020.5
"Post scheduled trip end time",-2,1203,1205,4020.5
"Post scheduled trip end time",-2,1303,1305,4020.5
"Post scheduled trip end time",-2,2737,2739,4020.5
"Post scheduled trip end time",-2,6250,6252,4020.5
"Post scheduled trip end time",-2,2770,2772,4020.5
"Post scheduled trip end time",-2,1059,1061,4020.5
"Post scheduled trip end time",-2,15625,15627,4020.5
"Post scheduled trip end time",-2,743,745,4020.5
"Post scheduled trip end time",-2,4061,4063,4020.5
"Post scheduled trip end time",-2,7607,7609,4020.5
"Post scheduled trip end time",-2,1938,1940,4020.5
"Post scheduled trip end time",-2,1204,1206,4020.5
"Post scheduled trip end time",-2,880,882,4020.5
"Post scheduled trip end time",-2,2280,2282,4020.5
"Post scheduled trip end time",-2,1018,1020,4020.5
"Post scheduled trip end time",-2,1031,1033,4020.5
"Post scheduled trip end time",-2,27890,27892,4020.5
"Post scheduled trip end time",-2,12590,12592,4020.5
"Post scheduled trip end time",-2,20114,20116,4020.5
"Post scheduled trip end time",-2,21958,21960,4020.5
"Post scheduled trip end time",-2,16597,16599,4020.5
"Post scheduled trip end time",-2,19117,19119,4020.5
"Post scheduled trip end time",-2,13158,13160,4020.5
"Post scheduled trip end time",-2,8217,8219,4020.5
"Post scheduled trip end time",-2,14491,14493,4020.5
"Post scheduled trip end time",-2,9017,9019,4020.5
"Post scheduled trip end time",-2,252,254,4020.5
"Post scheduled trip end time",-2,15337,15339,4020.5
"Post scheduled trip end time",-2,7018,7020,4020.5
"Post scheduled trip end time",-2,527388,527390,4020.5
"Post scheduled trip end time",-2,14068,14070,4020.5
"Post scheduled trip end time",-2,17392,17394,4020.5
"Post scheduled trip end time",-2,9394,9396,4020.5
"Post scheduled trip end time",-2,3441,3443,4020.5
"Post scheduled trip end time",-2,10325,10327,4020.5
"Post scheduled trip end time",-2,17705,17707,4020.5
"Post scheduled trip end time",-2,888,890,4020.5
"Post scheduled trip end time",-2,1484,1486,4020.5
"Post scheduled trip end time",-2,1589,1591,4020.5
"Post scheduled trip end time",-2,29390,29392,4020.5
"Post scheduled trip end time",-2,5549,5551,4020.5
"Post scheduled trip end time",-2,5569,5571,4020.5
"Post scheduled trip end time",-2,28472,28474,4020.5
"Post scheduled trip end time",-2,4831,4833,4020.5
"Post scheduled trip end time",-2,4279,4281,4020.5
"Post scheduled trip end time",-2,4999,5001,4020.5
"Post scheduled trip end time",-2,3452,3454,4020.5
"Post scheduled trip end time",-2,525208,525210,4020.5
"Post scheduled trip end time",-2,815,817,4020.5
"Post scheduled trip end time",-2,9152,9154,4020.5
"Post scheduled trip end time",-2,14206,14208,4020.5
"Post scheduled trip end time",-2,4214,4216,4020.5
"Post scheduled trip end time",-2,16689,16691,4020.5
"Post scheduled trip end time",-2,6950,6952,4020.5
"Post scheduled trip end time",-2,3030,3032,4020.5
"Post scheduled trip end time",-2,650,652,4020.5
"Post scheduled trip end time",-2,1478,1480,4020.5
"Post scheduled trip end time",-2,8120,8122,4020.5
"Post scheduled trip end time",-2,11726,11728,4020.5
"Post scheduled trip end time",-2,27670,27672,4020.5
"Post scheduled trip end time",-2,15361,15363,4020.5
"Post scheduled trip end time",-2,17398,17400,4020.5
"Post scheduled trip end time",-2,9414,9416,4020.5
"Post scheduled trip end time",-2,19038,19040,4020.5
"Post scheduled trip end time",-2,4220,4222,4020.5
"Post scheduled trip end time",-2,8211,8213,4020.5
"Post scheduled trip end time",-2,4239,4241,4020.5
"Post scheduled trip end time",-2,11192,11194,4020.5
"Post scheduled trip end time",-2,5452,5454,4020.5
"Post scheduled trip end time",-2,530748,530750,4020.5
"Post scheduled trip end time",-2,4730,4732,4020.5
"Post scheduled trip end time",-2,8152,8154,4020.5
"Post scheduled trip end time",-2,10312,10314,4020.5
"Post scheduled trip end time",-2,12328,12330,4020.5
"Post scheduled trip end time",-2,1950,1952,4020.5
"Post scheduled trip end time",-2,16741,16743,4020.5
"Post scheduled trip end time",-2,3370,3372,4020.5
"Post scheduled trip end time",-2,8586,8588,4020.5
"Post scheduled trip end time",-2,2598,2600,4020.5
"Post scheduled trip end time",-2,16854,16856,4020.5
"Post scheduled trip end time",-2,15001,15003,4020.5
"Post scheduled trip end time",-2,10738,10740,4020.5
"Post scheduled trip end time",-2,10381,10383,4020.5
"Post scheduled trip end time",-2,3800,3802,4020.5
"Post scheduled trip end time",-2,11841,11843,4020.5
"Post scheduled trip end time",-2,3637,3639,4020.5
"Post scheduled trip end time",-2,11331,11333,4020.5
"Post scheduled trip end time",-2,738,740,4020.5
"Post scheduled trip end time",-2,20712,20714,4020.5
"Post scheduled trip end time",-2,6037,6039,4020.5
"Post scheduled trip end time",-2,522028,522030,4020.5
"Post scheduled trip end time",-2,8806,8808,4020.5
"Post scheduled trip end time",-2,16248,16250,4020.5
"Post scheduled trip end time",-2,2779,2781,4020.5
"Post scheduled trip end time",-2,19491,19493,4020.5
"Post scheduled trip end time",-2,12846,12848,4020.5
"Post scheduled trip end time",-2,11521,11523,4020.5
"Post scheduled trip end time",-2,268,270,4020.5
"Post scheduled trip end time",-2,3330,3332,4020.5
"Post scheduled trip end time",-2,4066,4068,4020.5
"Post scheduled trip end time",-2,30050,30052,4020.5
"Post scheduled trip end time",-2,8890,8892,4020.5
"Post scheduled trip end time",-2,32524,32526,4020.5
"Post scheduled trip end time",-2,15454,15456,4020.5
"Post scheduled trip end time",-2,20830,20832,4020.5
"Post scheduled trip end time",-2,18117,18119,4020.5
"Post scheduled trip end time",-2,15772,15774,4020.5
"Post scheduled trip end time",-2,11881,11883,4020.5
"Post scheduled trip end time",-2,322,324,4020.5
"Post scheduled trip end time",-2,6751,6753,4020.5
"Post scheduled trip end time",-2,8661,8663,4020.5
"Post scheduled trip end time",-2,20777,20779,4020.5
"Post scheduled trip end time",-2,8712,8714,4020.5
"Post scheduled trip end time",-2,18448,18450,4020.5
"Post scheduled trip end time",-2,7988,7990,4020.5
"Post scheduled trip end time",-2,9752,9754,4020.5
"Post scheduled trip end time",-2,970,972,4020.5
"Post scheduled trip end time",-2,7661,7663,4020.5
"Post scheduled trip end time",-2,1807,1809,4020.5
"Post scheduled trip end time",-2,10726,10728,4020.5
"Post scheduled trip end time",-2,11486,11488,4020.5
"Post scheduled trip end time",-2,7630,7632,4020.5
"Post scheduled trip end time",-2,5595,5597,4020.5
"Post scheduled trip end time",-2,28272,28274,4020.5
"Post scheduled trip end time",-2,15541,15543,4020.5
"Post scheduled trip end time",-2,2160,2162,4020.5
"Post scheduled trip end time",-2,13638,13640,4020.5
"Post scheduled trip end time",-2,3649,3651,4020.5
"Post scheduled trip end time",-2,4326,4328,4020.5
"Post scheduled trip end time",-2,523548,523550,4020.5
"Post scheduled trip end time",-2,6530,6532,4020.5
"Post scheduled trip end time",-2,500,502,4020.5
"Post scheduled trip end time",-2,14270,14272,4020.5
"Post scheduled trip end time",-2,15330,15332,4020.5
"Post scheduled trip end time",-2,1437,1439,4020.5
"Post scheduled trip end time",-2,4734,4736,4020.5
"Post scheduled trip end time",-2,1996,1998,4020.5
"Post scheduled trip end time",-2,11006,11008,4020.5
"Post scheduled trip end time",-2,5331,5333,4020.5
"Post scheduled trip end time",-2,29410,29412,4020.5
"Post scheduled trip end time",-2,16874,16876,4020.5
"Post scheduled trip end time",-2,569,571,4020.5
"Post scheduled trip end time",-2,32470,32472,4020.5
"Post scheduled trip end time",-2,509,511,4020.5
"Post scheduled trip end time",-2,15892,15894,4020.5
"Post scheduled trip end time",-2,11221,11223,4020.5
"Post scheduled trip end time",-2,2165,2167,4020.5
"Post scheduled trip end time",-2,12657,12659,4020.5
"Post scheduled trip end time",-2,3239,3241,4020.5
"Post scheduled trip end time",-2,12012,12014,4020.5
"Post scheduled trip end time",-2,5209,5211,4020.5
"Post scheduled trip end time",-2,2308,2310,4020.5
"Post scheduled trip end time",-2,14808,14810,4020.5
"Post scheduled trip end time",-2,4670,4672,4020.5
"Post scheduled trip end time",-2,3568,3570,4020.5
"Post scheduled trip end time",-2,1098,1100,4020.5
"Post scheduled trip end time",-2,14772,14774,4020.5
"Post scheduled trip end time",-2,296,298,4020.5
"Post scheduled trip end time",-2,227,229,4020.5
"Post scheduled trip end time",-2,3683,3685,4020.5
"Post scheduled trip end time",-2,1078,1080,4020.5
"Post scheduled trip end time",-2,1390,1392,4020.5
"Post scheduled trip end time",-2,3538,3540,4020.5
"Post scheduled trip end time",-2,9131,9133,4020.5
"Post scheduled trip end time",-2,4230,4232,4020.5
"Post scheduled trip end time",-2,11640,11642,4020.5
"Post scheduled trip end time",-2,23644,23646,4020.5
"Post scheduled trip end time",-2,20490,20492,4020.5
"Post scheduled trip end time",-2,10361,10363,4020.5
"Post scheduled trip end time",-2,6411,6413,4020.5
"Post scheduled trip end time",-2,530468,530470,4020.5
"Post scheduled trip end time",-2,3477,3479,4020.5
"Post scheduled trip end time",-2,16451,16453,4020.5
"Post scheduled trip end time",-2,15852,15854,4020.5
"Post scheduled trip end time",-2,536348,536350,4020.5
"Post scheduled trip end time",-2,537668,537670,4020.5
"Post scheduled trip end time",-2,77,79,4020.5
"Post scheduled trip end time",-2,638,640,4020.5
"Post scheduled trip end time",-2,1628,1630,4020.5
"Post scheduled trip end time",-2,-13,-11,4020.5
"Post scheduled trip end time",-2,842,844,4020.5
"Post scheduled trip end time",-2,1793,1795,4020.5
"Post scheduled trip end time",-2,17754,17756,4020.5
"Post scheduled trip end time",-2,11734,11736,4020.5
"Post scheduled trip end time",-2,21978,21980,4020.5
"Post scheduled trip end time",-2,35012,35014,4020.5
"Post scheduled trip end time",-2,5769,5771,4020.5
"Post scheduled trip end time",-2,805,807,4020.5
"Post scheduled trip end time",-2,18897,18899,4020.5
"Post scheduled trip end time",-2,16858,16860,4020.5
"Post scheduled trip end time",-2,11020,11022,4020.5
"Post scheduled trip end time",-2,21517,21519,4020.5
"Post scheduled trip end time",-2,17768,17770,4020.5
"Post scheduled trip end time",-2,15025,15027,4020.5
"Post scheduled trip end time",-2,3430,3432,4020.5
"Post scheduled trip end time",-2,225,227,4020.5
"Post scheduled trip end time",-2,6313,6315,4020.5
"Post scheduled trip end time",-2,9786,9788,4020.5
"Post scheduled trip end time",-2,13466,13468,4020.5
"Post scheduled trip end time",-2,18774,18776,4020.5
"Post scheduled trip end time",-2,29152,29154,4020.5
"Post scheduled trip end time",-2,10760,10762,4020.5
"Post scheduled trip end time",-2,10134,10136,4020.5
"Post scheduled trip end time",-2,22992,22994,4020.5
"Post scheduled trip end time",-2,13381,13383,4020.5
"Post scheduled trip end time",-2,5874,5876,4020.5
"Post scheduled trip end time",-2,7260,7262,4020.5
"Post scheduled trip end time",-2,2045,2047,4020.5
"Post scheduled trip end time",-2,1427,1429,4020.5
"Post scheduled trip end time",-2,1518,1520,4020.5
"Post scheduled trip end time",-2,15108,15110,4020.5
"Post scheduled trip end time",-2,455,457,4020.5
"Post scheduled trip end time",-2,6350,6352,4020.5
"Post scheduled trip end time",-2,7245,7247,4020.5
"Post scheduled trip end time",-2,1734,1736,4020.5
"Post scheduled trip end time",-2,3374,3376,4020.5
"Post scheduled trip end time",-2,10426,10428,4020.5
"Post scheduled trip end time",-2,3780,3782,4020.5
"Post scheduled trip end time",-2,28030,28032,4020.5
"Post scheduled trip end time",-2,15990,15992,4020.5
"Post scheduled trip end time",-2,561,563,4020.5
"Post scheduled trip end time",-2,33270,33272,4020.5
"Post scheduled trip end time",-2,9550,9552,4020.5
"Post scheduled trip end time",-2,18138,18140,4020.5
"Post scheduled trip end time",-2,9774,9776,4020.5
"Post scheduled trip end time",-2,15497,15499,4020.5
"Post scheduled trip end time",-2,3119,3121,4020.5
"Post scheduled trip end time",-2,11072,11074,4020.5
"Post scheduled trip end time",-2,6257,6259,4020.5
"Post scheduled trip end time",-2,528528,528530,4020.5
"Post scheduled trip end time",-2,541048,541050,4020.5
"Post scheduled trip end time",-2,7952,7954,4020.5
"Post scheduled trip end time",-2,8097,8099,4020.5
"Post scheduled trip end time",-2,15012,15014,4020.5
"Post scheduled trip end time",-2,10045,10047,4020.5
"Post scheduled trip end time",-2,267,269,4020.5
"Post scheduled trip end time",-2,811,813,4020.5
"Post scheduled trip end time",-2,16810,16812,4020.5
"Post scheduled trip end time",-2,8526,8528,4020.5
"Post scheduled trip end time",-2,7186,7188,4020.5
"Post scheduled trip end time",-2,21390,21392,4020.5
"Post scheduled trip end time",-2,8880,8882,4020.5
"Post scheduled trip end time",-2,23992,23994,4020.5
"Post scheduled trip end time",-2,3249,3251,4020.5
"Post scheduled trip end time",-2,22597,22599,4020.5
"Post scheduled trip end time",-2,1479,1481,4020.5
"Post scheduled trip end time",-2,4192,4194,4020.5
"Post scheduled trip end time",-2,1308,1310,4020.5
"Post scheduled trip end time",-2,2261,2263,4020.5
"Post scheduled trip end time",-2,914,916,4020.5
"Post scheduled trip end time",-2,17950,17952,4020.5
"Post scheduled trip end time",-2,17714,17716,4020.5
"Post scheduled trip end time",-2,36659,36661,4020.5
"Post scheduled trip end time",-2,11990,11992,4020.5
"Post scheduled trip end time",-2,16412,16414,4020.5
"Post scheduled trip end time",-2,20997,20999,4020.5
"Post scheduled trip end time",-2,4968,4970,4020.5
"Post scheduled trip end time",-2,528548,528550,4020.5
"Post scheduled trip end time",-2,530488,530490,4020.5
"Post scheduled trip end time",-2,2872,2874,4020.5
"Post scheduled trip end time",-2,7505,7507,4020.5
"Post scheduled trip end time",-2,16025,16027,4020.5
"Post scheduled trip end time",-2,554,556,4020.5
"Post scheduled trip end time",-2,5041,5043,4020.5
"Post scheduled trip end time",-2,5161,5163,4020.5
"Post scheduled trip end time",-2,1591,1593,4020.5
"Post scheduled trip end time",-2,3866,3868,4020.5
"Post scheduled trip end time",-2,15026,15028,4020.5
"Post scheduled trip end time",-2,17026,17028,4020.5
"Post scheduled trip end time",-2,18766,18768,4020.5
"Post scheduled trip end time",-2,19986,19988,4020.5
"Post scheduled trip end time",-2,21246,21248,4020.5
"Post scheduled trip end time",-2,5715,5717,4020.5
"Post scheduled trip end time",-2,31084,31086,4020.5
"Post scheduled trip end time",-2,11174,11176,4020.5
"Post scheduled trip end time",-2,28332,28334,4020.5
"Post scheduled trip end time",-2,5449,5451,4020.5
"Post scheduled trip end time",-2,20410,20412,4020.5
"Post scheduled trip end time",-2,5278,5280,4020.5
"Post scheduled trip end time",-2,13770,13772,4020.5
"Post scheduled trip end time",-2,29850,29852,4020.5
"Post scheduled trip end time",-2,20058,20060,4020.5
"Post scheduled trip end time",-2,21278,21280,4020.5
"Post scheduled trip end time",-2,16138,16140,4020.5
"Post scheduled trip end time",-2,11238,11240,4020.5
"Post scheduled trip end time",-2,3560,3562,4020.5
"Post scheduled trip end time",-2,10211,10213,4020.5
"Post scheduled trip end time",-2,955,957,4020.5
"Post scheduled trip end time",-2,2409,2411,4020.5
"Post scheduled trip end time",-2,4812,4814,4020.5
"Post scheduled trip end time",-2,525648,525650,4020.5
"Post scheduled trip end time",-2,529468,529470,4020.5
"Post scheduled trip end time",-2,11571,11573,4020.5
"Post scheduled trip end time",-2,6752,6754,4020.5
"Post scheduled trip end time",-2,18588,18590,4020.5
"Post scheduled trip end time",-2,235,237,4020.5
"Post scheduled trip end time",-2,9731,9733,4020.5
"Post scheduled trip end time",-2,7705,7707,4020.5
"Post scheduled trip end time",-2,7381,7383,4020.5
"Post scheduled trip end time",-2,3221,3223,4020.5
"Post scheduled trip end time",-2,2058,2060,4020.5
"Post scheduled trip end time",-2,604,606,4020.5
"Post scheduled trip end time",-2,7074,7076,4020.5
"Post scheduled trip end time",-2,28710,28712,4020.5
"Post scheduled trip end time",-2,17597,17599,4020.5
"Post scheduled trip end time",-2,6490,6492,4020.5
"Post scheduled trip end time",-2,22232,22234,4020.5
"Post scheduled trip end time",-2,13058,13060,4020.5
"Post scheduled trip end time",-2,15458,15460,4020.5
"Post scheduled trip end time",-2,3849,3851,4020.5
"Post scheduled trip end time",-2,19112,19114,4020.5
"Post scheduled trip end time",-2,2628,2630,4020.5
"Post scheduled trip end time",-2,11546,11548,4020.5
"Post scheduled trip end time",-2,3092,3094,4020.5
"Post scheduled trip end time",-2,17831,17833,4020.5
"Post scheduled trip end time",-2,10601,10603,4020.5
"Post scheduled trip end time",-2,4945,4947,4020.5
"Post scheduled trip end time",-2,17045,17047,4020.5
"Post scheduled trip end time",-2,8330,8332,4020.5
"Post scheduled trip end time",-2,106,108,4020.5
"Post scheduled trip end time",-2,5050,5052,4020.5
"Post scheduled trip end time",-2,1149,1151,4020.5
"Post scheduled trip end time",-2,6641,6643,4020.5
"Post scheduled trip end time",-2,13126,13128,4020.5
"Post scheduled trip end time",-2,7434,7436,4020.5
"Post scheduled trip end time",-2,31624,31626,4020.5
"Post scheduled trip end time",-2,22458,22460,4020.5
"Post scheduled trip end time",-2,16074,16076,4020.5
"Post scheduled trip end time",-2,4395,4397,4020.5
"Post scheduled trip end time",-2,8437,8439,4020.5
"Post scheduled trip end time",-2,2481,2483,4020.5
"Post scheduled trip end time",-2,540228,540230,4020.5
"Post scheduled trip end time",-2,3012,3014,4020.5
"Post scheduled trip end time",-2,18131,18133,4020.5
"Post scheduled trip end time",-2,15172,15174,4020.5
"Post scheduled trip end time",-2,5725,5727,4020.5
"Post scheduled trip end time",-2,14705,14707,4020.5
"Post scheduled trip end time",-2,10490,10492,4020.5
"Post scheduled trip end time",-2,15110,15112,4020.5
"Post scheduled trip end time",-2,192,194,4020.5
"Post scheduled trip end time",-2,6926,6928,4020.5
"Post scheduled trip end time",-2,823,825,4020.5
"Post scheduled trip end time",-2,4031,4033,4020.5
"Post scheduled trip end time",-2,5890,5892,4020.5
"Post scheduled trip end time",-2,10560,10562,4020.5
"Post scheduled trip end time",-2,6454,6456,4020.5
"Post scheduled trip end time",-2,12257,12259,4020.5
"Post scheduled trip end time",-2,4679,4681,4020.5
"Post scheduled trip end time",-2,12052,12054,4020.5
"Post scheduled trip end time",-2,7348,7350,4020.5
"Post scheduled trip end time",-2,8688,8690,4020.5
"Post scheduled trip end time",-2,6097,6099,4020.5
"Post scheduled trip end time",-2,15911,15913,4020.5
"Post scheduled trip end time",-2,12268,12270,4020.5
"Post scheduled trip end time",-2,13988,13990,4020.5
"Post scheduled trip end time",-2,6961,6963,4020.5
"Post scheduled trip end time",-2,4761,4763,4020.5
"Post scheduled trip end time",-2,12852,12854,4020.5
"Post scheduled trip end time",-2,10065,10067,4020.5
"Post scheduled trip end time",-2,2850,2852,4020.5
"Post scheduled trip end time",-2,3143,3145,4020.5
"Post scheduled trip end time",-2,1530,1532,4020.5
"Post scheduled trip end time",-2,26444,26446,4020.5
"Post scheduled trip end time",-2,19794,19796,4020.5
"Post scheduled trip end time",-2,31184,31186,4020.5
"Post scheduled trip end time",-2,11134,11136,4020.5
"Post scheduled trip end time",-2,35112,35114,4020.5
"Post scheduled trip end time",-2,3233,3235,4020.5
"Post scheduled trip end time",-2,3915,3917,4020.5
"Post scheduled trip end time",-2,14858,14860,4020.5
"Post scheduled trip end time",-2,11117,11119,4020.5
"Post scheduled trip end time",-2,5339,5341,4020.5
"Post scheduled trip end time",-2,18971,18973,4020.5
"Post scheduled trip end time",-2,18128,18130,4020.5
"Post scheduled trip end time",-2,15752,15754,4020.5
"Post scheduled trip end time",-2,9072,9074,4020.5
"Post scheduled trip end time",-2,537848,537850,4020.5
"Post scheduled trip end time",-2,1636,1638,4020.5
"Post scheduled trip end time",-2,14525,14527,4020.5
"Post scheduled trip end time",-2,684,686,4020.5
"Post scheduled trip end time",-2,16990,16992,4020.5
"Post scheduled trip end time",-2,83,85,4020.5
"Post scheduled trip end time",-2,2954,2956,4020.5
"Post scheduled trip end time",-2,310,312,4020.5
"Post scheduled trip end time",-2,4890,4892,4020.5
"Post scheduled trip end time",-2,6146,6148,4020.5
"Post scheduled trip end time",-2,27930,27932,4020.5
"Post scheduled trip end time",-2,30750,30752,4020.5
"Post scheduled trip end time",-2,29204,29206,4020.5
"Post scheduled trip end time",-2,21910,21912,4020.5
"Post scheduled trip end time",-2,2151,2153,4020.5
"Post scheduled trip end time",-2,8774,8776,4020.5
"Post scheduled trip end time",-2,18478,18480,4020.5
"Post scheduled trip end time",-2,14518,14520,4020.5
"Post scheduled trip end time",-2,15038,15040,4020.5
"Post scheduled trip end time",-2,11391,11393,4020.5
"Post scheduled trip end time",-2,1302,1304,4020.5
"Post scheduled trip end time",-2,5737,5739,4020.5
"Post scheduled trip end time",-2,3632,3634,4020.5
"Post scheduled trip end time",-2,1060,1062,4020.5
"Post scheduled trip end time",-2,2448,2450,4020.5
"Post scheduled trip end time",-2,3148,3150,4020.5
"Post scheduled trip end time",-2,20451,20453,4020.5
"Post scheduled trip end time",-2,8365,8367,4020.5
"Post scheduled trip end time",-2,4272,4274,4020.5
"Post scheduled trip end time",-2,8250,8252,4020.5
"Post scheduled trip end time",-2,2490,2492,4020.5
"Post scheduled trip end time",-2,4030,4032,4020.5
"Post scheduled trip end time",-2,1104,1106,4020.5
"Post scheduled trip end time",-2,5020,5022,4020.5
"Post scheduled trip end time",-2,15450,15452,4020.5
"Post scheduled trip end time",-2,3735,3737,4020.5
"Post scheduled trip end time",-2,7974,7976,4020.5
"Post scheduled trip end time",-2,29772,29774,4020.5
"Post scheduled trip end time",-2,30912,30914,4020.5
"Post scheduled trip end time",-2,6274,6276,4020.5
"Post scheduled trip end time",-2,1317,1319,4020.5
"Post scheduled trip end time",-2,12537,12539,4020.5
"Post scheduled trip end time",-2,5018,5020,4020.5
"Post scheduled trip end time",-2,12132,12134,4020.5
"Post scheduled trip end time",-2,7048,7050,4020.5
"Post scheduled trip end time",-2,6708,6710,4020.5
"Post scheduled trip end time",-2,14448,14450,4020.5
"Post scheduled trip end time",-2,5212,5214,4020.5
"Post scheduled trip end time",-2,14912,14914,4020.5
"Post scheduled trip end time",-2,86,88,4020.5
"Post scheduled trip end time",-2,11490,11492,4020.5
"Post scheduled trip end time",-2,2369,2371,4020.5
"Post scheduled trip end time",-2,6601,6603,4020.5
"Post scheduled trip end time",-2,2480,2482,4020.5
"Post scheduled trip end time",-2,4520,4522,4020.5
"Post scheduled trip end time",-2,2878,2880,4020.5
"Post scheduled trip end time",-2,27984,27986,4020.5
"Post scheduled trip end time",-2,32850,32852,4020.5
"Post scheduled trip end time",-2,22190,22192,4020.5
"Post scheduled trip end time",-2,14801,14803,4020.5
"Post scheduled trip end time",-2,10180,10182,4020.5
"Post scheduled trip end time",-2,23892,23894,4020.5
"Post scheduled trip end time",-2,2614,2616,4020.5
"Post scheduled trip end time",-2,19032,19034,4020.5
"Post scheduled trip end time",-2,10412,10414,4020.5
"Post scheduled trip end time",-2,4640,4642,4020.5
"Post scheduled trip end time",-2,13728,13730,4020.5
"Post scheduled trip end time",-2,4010,4012,4020.5
"Post scheduled trip end time",-2,443,445,4020.5
"Post scheduled trip end time",-2,1374,1376,4020.5
"Post scheduled trip end time",-2,2174,2176,4020.5
"Post scheduled trip end time",-2,12510,12512,4020.5
"Post scheduled trip end time",-2,559,561,4020.5
"Post scheduled trip end time",-2,16946,16948,4020.5
"Post scheduled trip end time",-2,9031,9033,4020.5
"Post scheduled trip end time",-2,14870,14872,4020.5
"Post scheduled trip end time",-2,1005,1007,4020.5
"Post scheduled trip end time",-2,8900,8902,4020.5
"Post scheduled trip end time",-2,9761,9763,4020.5
"Post scheduled trip end time",-2,12898,12900,4020.5
"Post scheduled trip end time",-2,19152,19154,4020.5
"Post scheduled trip end time",-2,6214,6216,4020.5
"Post scheduled trip end time",-2,12111,12113,4020.5
"Post scheduled trip end time",-2,13617,13619,4020.5
"Post scheduled trip end time",-2,6898,6900,4020.5
"Post scheduled trip end time",-2,5491,5493,4020.5
"Post scheduled trip end time",-2,2781,2783,4020.5
"Post scheduled trip end time",-2,480,482,4020.5
"Post scheduled trip end time",-2,8832,8834,4020.5
"Post scheduled trip end time",-2,6826,6828,4020.5
"Post scheduled trip end time",-2,7425,7427,4020.5
"Post scheduled trip end time",-2,10545,10547,4020.5
"Post scheduled trip end time",-2,6270,6272,4020.5
"Post scheduled trip end time",-2,61,63,4020.5
"Post scheduled trip end time",-2,9750,9752,4020.5
"Post scheduled trip end time",-2,6151,6153,4020.5
"Post scheduled trip end time",-2,20966,20968,4020.5
"Post scheduled trip end time",-2,253,255,4020.5
"Post scheduled trip end time",-2,6035,6037,4020.5
"Post scheduled trip end time",-2,986,988,4020.5
"Post scheduled trip end time",-2,17977,17979,4020.5
"Post scheduled trip end time",-2,3211,3213,4020.5
"Post scheduled trip end time",-2,24312,24314,4020.5
"Post scheduled trip end time",-2,2285,2287,4020.5
"Post scheduled trip end time",-2,5837,5839,4020.5
"Post scheduled trip end time",-2,5841,5843,4020.5
"Post scheduled trip end time",-2,5961,5963,4020.5
"Post scheduled trip end time",-2,373,375,4020.5
"Post scheduled trip end time",-2,531608,531610,4020.5
"Post scheduled trip end time",-2,6354,6356,4020.5
"Post scheduled trip end time",-2,4590,4592,4020.5
"Post scheduled trip end time",-2,8968,8970,4020.5
"Post scheduled trip end time",-2,4325,4327,4020.5
"Post scheduled trip end time",-2,15630,15632,4020.5
"Post scheduled trip end time",-2,174,176,4020.5
"Post scheduled trip end time",-2,6174,6176,4020.5
"Post scheduled trip end time",-2,8011,8013,4020.5
"Post scheduled trip end time",-2,14470,14472,4020.5
"Post scheduled trip end time",-2,32450,32452,4020.5
"Post scheduled trip end time",-2,10574,10576,4020.5
"Post scheduled trip end time",-2,20550,20552,4020.5
"Post scheduled trip end time",-2,15441,15443,4020.5
"Post scheduled trip end time",-2,8840,8842,4020.5
"Post scheduled trip end time",-2,14972,14974,4020.5
"Post scheduled trip end time",-2,8241,8243,4020.5
"Post scheduled trip end time",-2,20512,20514,4020.5
"Post scheduled trip end time",-2,530408,530410,4020.5
"Post scheduled trip end time",-2,9572,9574,4020.5
"Post scheduled trip end time",-2,1014,1016,4020.5
"Post scheduled trip end time",-2,458,460,4020.5
"Post scheduled trip end time",-2,12710,12712,4020.5
"Post scheduled trip end time",-2,25884,25886,4020.5
"Post scheduled trip end time",-2,17194,17196,4020.5
"Post scheduled trip end time",-2,199614,199616,4020.5
"Post scheduled trip end time",-2,20354,20356,4020.5
"Post scheduled trip end time",-2,35552,35554,4020.5
"Post scheduled trip end time",-2,7421,7423,4020.5
"Post scheduled trip end time",-2,21692,21694,4020.5
"Post scheduled trip end time",-2,15272,15274,4020.5
"Post scheduled trip end time",-2,5274,5276,4020.5
"Post scheduled trip end time",-2,9432,9434,4020.5
"Post scheduled trip end time",-2,2338,2340,4020.5
"Post scheduled trip end time",-2,18308,18310,4020.5
"Post scheduled trip end time",-2,3954,3956,4020.5
"Post scheduled trip end time",-2,9521,9523,4020.5
"Post scheduled trip end time",-2,12425,12427,4020.5
"Post scheduled trip end time",-2,17365,17367,4020.5
"Post scheduled trip end time",-2,652,654,4020.5
"Post scheduled trip end time",-2,7792,7794,4020.5
"Post scheduled trip end time",-2,379,381,4020.5
"Post scheduled trip end time",-2,762,764,4020.5
"Post scheduled trip end time",-2,10046,10048,4020.5
"Post scheduled trip end time",-2,13266,13268,4020.5
"Post scheduled trip end time",-2,15210,15212,4020.5
"Post scheduled trip end time",-2,11980,11982,4020.5
"Post scheduled trip end time",-2,26312,26314,4020.5
"Post scheduled trip end time",-2,28372,28374,4020.5
"Post scheduled trip end time",-2,31212,31214,4020.5
"Post scheduled trip end time",-2,13818,13820,4020.5
"Post scheduled trip end time",-2,5731,5733,4020.5
"Post scheduled trip end time",-2,7691,7693,4020.5
"Post scheduled trip end time",-2,7172,7174,4020.5
"Post scheduled trip end time",-2,18871,18873,4020.5
"Post scheduled trip end time",-2,19511,19513,4020.5
"Post scheduled trip end time",-2,856,858,4020.5
"Post scheduled trip end time",-2,3525,3527,4020.5
"Post scheduled trip end time",-2,5165,5167,4020.5
"Post scheduled trip end time",-2,1412,1414,4020.5
"Post scheduled trip end time",-2,9170,9172,4020.5
"Post scheduled trip end time",-2,1180,1182,4020.5
"Post scheduled trip end time",-2,9146,9148,4020.5
"Post scheduled trip end time",-2,18666,18668,4020.5
"Post scheduled trip end time",-2,25192,25194,4020.5
"Post scheduled trip end time",-2,19852,19854,4020.5
"Post scheduled trip end time",-2,488,490,4020.5
"Post scheduled trip end time",-2,4891,4893,4020.5
"Post scheduled trip end time",-2,3337,3339,4020.5
"Post scheduled trip end time",-2,15435,15437,4020.5
"Post scheduled trip end time",-2,13912,13914,4020.5
"Post scheduled trip end time",-2,411,413,4020.5
"Post scheduled trip end time",-2,1026,1028,4020.5
"Post scheduled trip end time",-2,15132,15134,4020.5
"Post scheduled trip end time",-2,3732,3734,4020.5
"Post scheduled trip end time",-2,15485,15487,4020.5
"Post scheduled trip end time",-2,4390,4392,4020.5
"Post scheduled trip end time",-2,870,872,4020.5
"Post scheduled trip end time",-2,5433,5435,4020.5
"Post scheduled trip end time",-2,473,475,4020.5
"Post scheduled trip end time",-2,861,863,4020.5
"Post scheduled trip end time",-2,32672,32674,4020.5
"Post scheduled trip end time",-2,13854,13856,4020.5
"Post scheduled trip end time",-2,15934,15936,4020.5
"Post scheduled trip end time",-2,20350,20352,4020.5
"Post scheduled trip end time",-2,21252,21254,4020.5
"Post scheduled trip end time",-2,7760,7762,4020.5
"Post scheduled trip end time",-2,23692,23694,4020.5
"Post scheduled trip end time",-2,17172,17174,4020.5
"Post scheduled trip end time",-2,327,329,4020.5
"Post scheduled trip end time",-2,2173,2175,4020.5
"Post scheduled trip end time",-2,535,537,4020.5
"Post scheduled trip end time",-2,2028,2030,4020.5
"Post scheduled trip end time",-2,528748,528750,4020.5
"Post scheduled trip end time",-2,539988,539990,4020.5
"Post scheduled trip end time",-2,16732,16734,4020.5
"Post scheduled trip end time",-2,8106,8108,4020.5
"Post scheduled trip end time",-2,1443,1445,4020.5
"Post scheduled trip end time",-2,12810,12812,4020.5
"Post scheduled trip end time",-2,3346,3348,4020.5
"Post scheduled trip end time",-2,3773,3775,4020.5
"Post scheduled trip end time",-2,12874,12876,4020.5
"Post scheduled trip end time",-2,13374,13376,4020.5
"Post scheduled trip end time",-2,29932,29934,4020.5
"Post scheduled trip end time",-2,8681,8683,4020.5
"Post scheduled trip end time",-2,11498,11500,4020.5
"Post scheduled trip end time",-2,5397,5399,4020.5
"Post scheduled trip end time",-2,5118,5120,4020.5
"Post scheduled trip end time",-2,3246,3248,4020.5
"Post scheduled trip end time",-2,5877,5879,4020.5
"Post scheduled trip end time",-2,5772,5774,4020.5
"Post scheduled trip end time",-2,16888,16890,4020.5
"Post scheduled trip end time",-2,3001,3003,4020.5
"Post scheduled trip end time",-2,5066,5068,4020.5
"Post scheduled trip end time",-2,4905,4907,4020.5
"Post scheduled trip end time",-2,1069,1071,4020.5
"Post scheduled trip end time",-2,1249,1251,4020.5
"Post scheduled trip end time",-2,5870,5872,4020.5
"Post scheduled trip end time",-2,5566,5568,4020.5
"Post scheduled trip end time",-2,30250,30252,4020.5
"Post scheduled trip end time",-2,18718,18720,4020.5
"Post scheduled trip end time",-2,8338,8340,4020.5
"Post scheduled trip end time",-2,7721,7723,4020.5
"Post scheduled trip end time",-2,5920,5922,4020.5
"Post scheduled trip end time",-2,27192,27194,4020.5
"Post scheduled trip end time",-2,5091,5093,4020.5
"Post scheduled trip end time",-2,5337,5339,4020.5
"Post scheduled trip end time",-2,492,494,4020.5
"Post scheduled trip end time",-2,20717,20719,4020.5
"Post scheduled trip end time",-2,2457,2459,4020.5
"Post scheduled trip end time",-2,17792,17794,4020.5
"Post scheduled trip end time",-2,8192,8194,4020.5
"Post scheduled trip end time",-2,941,943,4020.5
"Post scheduled trip end time",-2,8861,8863,4020.5
"Post scheduled trip end time",-2,5305,5307,4020.5
"Post scheduled trip end time",-2,752,754,4020.5
"Post scheduled trip end time",-2,NA,NA,4020.5
"Post scheduled trip end time",-2,5350,5352,4020.5
"Post scheduled trip end time",-2,5941,5943,4020.5
"Post scheduled trip end time",-2,6253,6255,4020.5
"Post scheduled trip end time",-2,12950,12952,4020.5
"Post scheduled trip end time",-2,28772,28774,4020.5
"Post scheduled trip end time",-2,22712,22714,4020.5
"Post scheduled trip end time",-2,16281,16283,4020.5
"Post scheduled trip end time",-2,10078,10080,4020.5
"Post scheduled trip end time",-2,12721,12723,4020.5
"Post scheduled trip end time",-2,12754,12756,4020.5
"Post scheduled trip end time",-2,8278,8280,4020.5
"Post scheduled trip end time",-2,542848,542850,4020.5
"Post scheduled trip end time",-2,9852,9854,4020.5
"Post scheduled trip end time",-2,10052,10054,4020.5
"Post scheduled trip end time",-2,16325,16327,4020.5
"Post scheduled trip end time",-2,2507,2509,4020.5
"Post scheduled trip end time",-2,4514,4516,4020.5
"Post scheduled trip end time",-2,14406,14408,4020.5
"Post scheduled trip end time",-2,2458,2460,4020.5
"Post scheduled trip end time",-2,22618,22620,4020.5
"Post scheduled trip end time",-2,26990,26992,4020.5
"Post scheduled trip end time",-2,2713,2715,4020.5
"Post scheduled trip end time",-2,16374,16376,4020.5
"Post scheduled trip end time",-2,21130,21132,4020.5
"Post scheduled trip end time",-2,19337,19339,4020.5
"Post scheduled trip end time",-2,14781,14783,4020.5
"Post scheduled trip end time",-2,11121,11123,4020.5
"Post scheduled trip end time",-2,527,529,4020.5
"Post scheduled trip end time",-2,3369,3371,4020.5
"Post scheduled trip end time",-2,5248,5250,4020.5
"Post scheduled trip end time",-2,17028,17030,4020.5
"Post scheduled trip end time",-2,15952,15954,4020.5
"Post scheduled trip end time",-2,15552,15554,4020.5
"Post scheduled trip end time",-2,719,721,4020.5
"Post scheduled trip end time",-2,15881,15883,4020.5
"Post scheduled trip end time",-2,90,92,4020.5
"Post scheduled trip end time",-2,3021,3023,4020.5
"Post scheduled trip end time",-2,434,436,4020.5
"Post scheduled trip end time",-2,11226,11228,4020.5
"Post scheduled trip end time",-2,5046,5048,4020.5
"Post scheduled trip end time",-2,34092,34094,4020.5
"Post scheduled trip end time",-2,26892,26894,4020.5
"Post scheduled trip end time",-2,724,726,4020.5
"Post scheduled trip end time",-2,25670,25672,4020.5
"Post scheduled trip end time",-2,9181,9183,4020.5
"Post scheduled trip end time",-2,3140,3142,4020.5
"Post scheduled trip end time",-2,10061,10063,4020.5
"Post scheduled trip end time",-2,25572,25574,4020.5
"Post scheduled trip end time",-2,1505,1507,4020.5
"Post scheduled trip end time",-2,5911,5913,4020.5
"Post scheduled trip end time",-2,13072,13074,4020.5
"Post scheduled trip end time",-2,6621,6623,4020.5
"Post scheduled trip end time",-2,8808,8810,4020.5
"Post scheduled trip end time",-2,527628,527630,4020.5
"Post scheduled trip end time",-2,522148,522150,4020.5
"Post scheduled trip end time",-2,2908,2910,4020.5
"Post scheduled trip end time",-2,3945,3947,4020.5
"Post scheduled trip end time",-2,4065,4067,4020.5
"Post scheduled trip end time",-2,26,28,4020.5
"Post scheduled trip end time",-2,7580,7582,4020.5
"Post scheduled trip end time",-2,3434,3436,4020.5
"Post scheduled trip end time",-2,4634,4636,4020.5
"Post scheduled trip end time",-2,27644,27646,4020.5
"Post scheduled trip end time",-2,28104,28106,4020.5
"Post scheduled trip end time",-2,8711,8713,4020.5
"Post scheduled trip end time",-2,15270,15272,4020.5
"Post scheduled trip end time",-2,185,187,4020.5
"Post scheduled trip end time",-2,5875,5877,4020.5
"Post scheduled trip end time",-2,24770,24772,4020.5
"Post scheduled trip end time",-2,20252,20254,4020.5
"Post scheduled trip end time",-2,520208,520210,4020.5
"Post scheduled trip end time",-2,4431,4433,4020.5
"Post scheduled trip end time",-2,5937,5939,4020.5
"Post scheduled trip end time",-2,10851,10853,4020.5
"Post scheduled trip end time",-2,10897,10899,4020.5
"Post scheduled trip end time",-2,7151,7153,4020.5
"Post scheduled trip end time",-2,5381,5383,4020.5
"Post scheduled trip end time",-2,535848,535850,4020.5
"Post scheduled trip end time",-2,10492,10494,4020.5
"Post scheduled trip end time",-2,1008,1010,4020.5
"Post scheduled trip end time",-2,4118,4120,4020.5
"Post scheduled trip end time",-2,11548,11550,4020.5
"Post scheduled trip end time",-2,8705,8707,4020.5
"Post scheduled trip end time",-2,10266,10268,4020.5
"Post scheduled trip end time",-2,5193,5195,4020.5
"Post scheduled trip end time",-2,17174,17176,4020.5
"Post scheduled trip end time",-2,20054,20056,4020.5
"Post scheduled trip end time",-2,19178,19180,4020.5
"Post scheduled trip end time",-2,1585,1587,4020.5
"Post scheduled trip end time",-2,21510,21512,4020.5
"Post scheduled trip end time",-2,8181,8183,4020.5
"Post scheduled trip end time",-2,5957,5959,4020.5
"Post scheduled trip end time",-2,9517,9519,4020.5
"Post scheduled trip end time",-2,4898,4900,4020.5
"Post scheduled trip end time",-2,1357,1359,4020.5
"Post scheduled trip end time",-2,533468,533470,4020.5
"Post scheduled trip end time",-2,658,660,4020.5
"Post scheduled trip end time",-2,523328,523330,4020.5
"Post scheduled trip end time",-2,2217,2219,4020.5
"Post scheduled trip end time",-2,3061,3063,4020.5
"Post scheduled trip end time",-2,10908,10910,4020.5
"Post scheduled trip end time",-2,537328,537330,4020.5
"Post scheduled trip end time",-2,2010,2012,4020.5
"Post scheduled trip end time",-2,6085,6087,4020.5
"Post scheduled trip end time",-2,534,536,4020.5
"Post scheduled trip end time",-2,1560,1562,4020.5
"Post scheduled trip end time",-2,3086,3088,4020.5
"Post scheduled trip end time",-2,5290,5292,4020.5
"Post scheduled trip end time",-2,29104,29106,4020.5
"Post scheduled trip end time",-2,16170,16172,4020.5
"Post scheduled trip end time",-2,21638,21640,4020.5
"Post scheduled trip end time",-2,169,171,4020.5
"Post scheduled trip end time",-2,14621,14623,4020.5
"Post scheduled trip end time",-2,22332,22334,4020.5
"Post scheduled trip end time",-2,16481,16483,4020.5
"Post scheduled trip end time",-2,8721,8723,4020.5
"Post scheduled trip end time",-2,1565,1567,4020.5
"Post scheduled trip end time",-2,10731,10733,4020.5
"Post scheduled trip end time",-2,4897,4899,4020.5
"Post scheduled trip end time",-2,6578,6580,4020.5
"Post scheduled trip end time",-2,993,995,4020.5
"Post scheduled trip end time",-2,539588,539590,4020.5
"Post scheduled trip end time",-2,12851,12853,4020.5
"Post scheduled trip end time",-2,16471,16473,4020.5
"Post scheduled trip end time",-2,7286,7288,4020.5
"Post scheduled trip end time",-2,7741,7743,4020.5
"Post scheduled trip end time",-2,4241,4243,4020.5
"Post scheduled trip end time",-2,850,852,4020.5
"Post scheduled trip end time",-2,6034,6036,4020.5
"Post scheduled trip end time",-2,5893,5895,4020.5
"Post scheduled trip end time",-2,5133,5135,4020.5
"Post scheduled trip end time",-2,269,271,4020.5
"Post scheduled trip end time",-2,465,467,4020.5
"Post scheduled trip end time",-2,10620,10622,4020.5
"Post scheduled trip end time",-2,11818,11820,4020.5
"Post scheduled trip end time",-2,10137,10139,4020.5
"Post scheduled trip end time",-2,6731,6733,4020.5
"Post scheduled trip end time",-2,5805,5807,4020.5
"Post scheduled trip end time",-2,5721,5723,4020.5
"Post scheduled trip end time",-2,618,620,4020.5
"Post scheduled trip end time",-2,18910,18912,4020.5
"Post scheduled trip end time",-2,13766,13768,4020.5
"Post scheduled trip end time",-2,5846,5848,4020.5
"Post scheduled trip end time",-2,4100,4102,4020.5
"Post scheduled trip end time",-2,1773,1775,4020.5
"Post scheduled trip end time",-2,21418,21420,4020.5
"Post scheduled trip end time",-2,1515,1517,4020.5
"Post scheduled trip end time",-2,8461,8463,4020.5
"Post scheduled trip end time",-2,24712,24714,4020.5
"Post scheduled trip end time",-2,27412,27414,4020.5
"Post scheduled trip end time",-2,520788,520790,4020.5
"Post scheduled trip end time",-2,13697,13699,4020.5
"Post scheduled trip end time",-2,5758,5760,4020.5
"Post scheduled trip end time",-2,627,629,4020.5
"Post scheduled trip end time",-2,2017,2019,4020.5
"Post scheduled trip end time",-2,8408,8410,4020.5
"Post scheduled trip end time",-2,2239,2241,4020.5
"Post scheduled trip end time",-2,7081,7083,4020.5
"Post scheduled trip end time",-2,6032,6034,4020.5
"Post scheduled trip end time",-2,3852,3854,4020.5
"Post scheduled trip end time",-2,1009,1011,4020.5
"Post scheduled trip end time",-2,-9,-7,4020.5
"Post scheduled trip end time",-2,7791,7793,4020.5
"Post scheduled trip end time",-2,31910,31912,4020.5
"Post scheduled trip end time",-2,744,746,4020.5
"Post scheduled trip end time",-2,16057,16059,4020.5
"Post scheduled trip end time",-2,1337,1339,4020.5
"Post scheduled trip end time",-2,6352,6354,4020.5
"Post scheduled trip end time",-2,7865,7867,4020.5
"Post scheduled trip end time",-2,8865,8867,4020.5
"Post scheduled trip end time",-2,10641,10643,4020.5
"Post scheduled trip end time",-2,7501,7503,4020.5
"Post scheduled trip end time",-2,1860,1862,4020.5
"Post scheduled trip end time",-2,1517,1519,4020.5
"Post scheduled trip end time",-2,6973,6975,4020.5
"Post scheduled trip end time",-2,27184,27186,4020.5
"Post scheduled trip end time",-2,16606,16608,4020.5
"Post scheduled trip end time",-2,29784,29786,4020.5
"Post scheduled trip end time",-2,346,348,4020.5
"Post scheduled trip end time",-2,10021,10023,4020.5
"Post scheduled trip end time",-2,19172,19174,4020.5
"Post scheduled trip end time",-2,20692,20694,4020.5
"Post scheduled trip end time",-2,827,829,4020.5
"Post scheduled trip end time",-2,4437,4439,4020.5
"Post scheduled trip end time",-2,2589,2591,4020.5
"Post scheduled trip end time",-2,1038,1040,4020.5
"Post scheduled trip end time",-2,6758,6760,4020.5
"Post scheduled trip end time",-2,2986,2988,4020.5
"Post scheduled trip end time",-2,10112,10114,4020.5
"Post scheduled trip end time",-2,12686,12688,4020.5
"Post scheduled trip end time",-2,2532,2534,4020.5
"Post scheduled trip end time",-2,7765,7767,4020.5
"Post scheduled trip end time",-2,86015,86017,4020.5
"Post scheduled trip end time",-2,14825,14827,4020.5
"Post scheduled trip end time",-2,102,104,4020.5
"Post scheduled trip end time",-2,614,616,4020.5
"Post scheduled trip end time",-2,6893,6895,4020.5
"Post scheduled trip end time",-2,5190,5192,4020.5
"Post scheduled trip end time",-2,3838,3840,4020.5
"Post scheduled trip end time",-2,34370,34372,4020.5
"Post scheduled trip end time",-2,26932,26934,4020.5
"Post scheduled trip end time",-2,9171,9173,4020.5
"Post scheduled trip end time",-2,208,210,4020.5
"Post scheduled trip end time",-2,7410,7412,4020.5
"Post scheduled trip end time",-2,18098,18100,4020.5
"Post scheduled trip end time",-2,8458,8460,4020.5
"Post scheduled trip end time",-2,2100,2102,4020.5
"Post scheduled trip end time",-2,14638,14640,4020.5
"Post scheduled trip end time",-2,14698,14700,4020.5
"Post scheduled trip end time",-2,526188,526190,4020.5
"Post scheduled trip end time",-2,524168,524170,4020.5
"Post scheduled trip end time",-2,4868,4870,4020.5
"Post scheduled trip end time",-2,6390,6392,4020.5
"Post scheduled trip end time",-2,2510,2512,4020.5
"Post scheduled trip end time",-2,572,574,4020.5
"Post scheduled trip end time",-2,11110,11112,4020.5
"Post scheduled trip end time",-2,5281,5283,4020.5
"Post scheduled trip end time",-2,12646,12648,4020.5
"Post scheduled trip end time",-2,14426,14428,4020.5
"Post scheduled trip end time",-2,29024,29026,4020.5
"Post scheduled trip end time",-2,12434,12436,4020.5
"Post scheduled trip end time",-2,165,167,4020.5
"Post scheduled trip end time",-2,4371,4373,4020.5
"Post scheduled trip end time",-2,23930,23932,4020.5
"Post scheduled trip end time",-2,9780,9782,4020.5
"Post scheduled trip end time",-2,22852,22854,4020.5
"Post scheduled trip end time",-2,25292,25294,4020.5
"Post scheduled trip end time",-2,5014,5016,4020.5
"Post scheduled trip end time",-2,9431,9433,4020.5
"Post scheduled trip end time",-2,1124,1126,4020.5
"Post scheduled trip end time",-2,13317,13319,4020.5
"Post scheduled trip end time",-2,11574,11576,4020.5
"Post scheduled trip end time",-2,526408,526410,4020.5
"Post scheduled trip end time",-2,9332,9334,4020.5
"Post scheduled trip end time",-2,2621,2623,4020.5
"Post scheduled trip end time",-2,13705,13707,4020.5
"Post scheduled trip end time",-2,270,272,4020.5
"Post scheduled trip end time",-2,12379,12381,4020.5
"Post scheduled trip end time",-2,1463,1465,4020.5
"Post scheduled trip end time",-2,406,408,4020.5
"Post scheduled trip end time",-2,927,929,4020.5
"Post scheduled trip end time",-2,4374,4376,4020.5
"Post scheduled trip end time",-2,11626,11628,4020.5
"Post scheduled trip end time",-2,14006,14008,4020.5
"Post scheduled trip end time",-2,814,816,4020.5
"Post scheduled trip end time",-2,32010,32012,4020.5
"Post scheduled trip end time",-2,13674,13676,4020.5
"Post scheduled trip end time",-2,20070,20072,4020.5
"Post scheduled trip end time",-2,2771,2773,4020.5
"Post scheduled trip end time",-2,18038,18040,4020.5
"Post scheduled trip end time",-2,15212,15214,4020.5
"Post scheduled trip end time",-2,18172,18174,4020.5
"Post scheduled trip end time",-2,12478,12480,4020.5
"Post scheduled trip end time",-2,20872,20874,4020.5
"Post scheduled trip end time",-2,1777,1779,4020.5
"Post scheduled trip end time",-2,4597,4599,4020.5
"Post scheduled trip end time",-2,11691,11693,4020.5
"Post scheduled trip end time",-2,16417,16419,4020.5
"Post scheduled trip end time",-2,11732,11734,4020.5
"Post scheduled trip end time",-2,527308,527310,4020.5
"Post scheduled trip end time",-2,11386,11388,4020.5
"Post scheduled trip end time",-2,8474,8476,4020.5
"Post scheduled trip end time",-2,9232,9234,4020.5
"Post scheduled trip end time",-2,12905,12907,4020.5
"Post scheduled trip end time",-2,1028,1030,4020.5
"Post scheduled trip end time",-2,344,346,4020.5
"Post scheduled trip end time",-2,1597,1599,4020.5
"Post scheduled trip end time",-2,1102,1104,4020.5
"Post scheduled trip end time",-2,122,124,4020.5
"Post scheduled trip end time",-2,13146,13148,4020.5
"Post scheduled trip end time",-2,5591,5593,4020.5
"Post scheduled trip end time",-2,6431,6433,4020.5
"Post scheduled trip end time",-2,669,671,4020.5
"Post scheduled trip end time",-2,266,268,4020.5
"Post scheduled trip end time",-2,10820,10822,4020.5
"Post scheduled trip end time",-2,16772,16774,4020.5
"Post scheduled trip end time",-2,18392,18394,4020.5
"Post scheduled trip end time",-2,20392,20394,4020.5
"Post scheduled trip end time",-2,11091,11093,4020.5
"Post scheduled trip end time",-2,4569,4571,4020.5
"Post scheduled trip end time",-2,5257,5259,4020.5
"Post scheduled trip end time",-2,4992,4994,4020.5
"Post scheduled trip end time",-2,9492,9494,4020.5
"Post scheduled trip end time",-2,10108,10110,4020.5
"Post scheduled trip end time",-2,13528,13530,4020.5
"Post scheduled trip end time",-2,9805,9807,4020.5
"Post scheduled trip end time",-2,2004,2006,4020.5
"Post scheduled trip end time",-2,5230,5232,4020.5
"Post scheduled trip end time",-2,1015,1017,4020.5
"Post scheduled trip end time",-2,1074,1076,4020.5
"Post scheduled trip end time",-2,3983,3985,4020.5
"Post scheduled trip end time",-2,3327,3329,4020.5
"Post scheduled trip end time",-2,4774,4776,4020.5
"Post scheduled trip end time",-2,19630,19632,4020.5
"Post scheduled trip end time",-2,308,310,4020.5
"Post scheduled trip end time",-2,16266,16268,4020.5
"Post scheduled trip end time",-2,7231,7233,4020.5
"Post scheduled trip end time",-2,3570,3572,4020.5
"Post scheduled trip end time",-2,23564,23566,4020.5
"Post scheduled trip end time",-2,9354,9356,4020.5
"Post scheduled trip end time",-2,2334,2336,4020.5
"Post scheduled trip end time",-2,18512,18514,4020.5
"Post scheduled trip end time",-2,10097,10099,4020.5
"Post scheduled trip end time",-2,7201,7203,4020.5
"Post scheduled trip end time",-2,21417,21419,4020.5
"Post scheduled trip end time",-2,19451,19453,4020.5
"Post scheduled trip end time",-2,20731,20733,4020.5
"Post scheduled trip end time",-2,1861,1863,4020.5
"Post scheduled trip end time",-2,150,152,4020.5
"Post scheduled trip end time",-2,15,17,4020.5
"Post scheduled trip end time",-2,451,453,4020.5
"Post scheduled trip end time",-2,17690,17692,4020.5
"Post scheduled trip end time",-2,15906,15908,4020.5
"Post scheduled trip end time",-2,15290,15292,4020.5
"Post scheduled trip end time",-2,31430,31432,4020.5
"Post scheduled trip end time",-2,5409,5411,4020.5
"Post scheduled trip end time",-2,12977,12979,4020.5
"Post scheduled trip end time",-2,11608,11610,4020.5
"Post scheduled trip end time",-2,1743,1745,4020.5
"Post scheduled trip end time",-2,792,794,4020.5
"Post scheduled trip end time",-2,2,4,4020.5
"Post scheduled trip end time",-2,4161,4163,4020.5
"Post scheduled trip end time",-2,244,246,4020.5
"Post scheduled trip end time",-2,5714,5716,4020.5
"Post scheduled trip end time",-2,18270,18272,4020.5
"Post scheduled trip end time",-2,605,607,4020.5
"Post scheduled trip end time",-2,6286,6288,4020.5
"Post scheduled trip end time",-2,1713,1715,4020.5
"Post scheduled trip end time",-2,17074,17076,4020.5
"Post scheduled trip end time",-2,19814,19816,4020.5
"Post scheduled trip end time",-2,19738,19740,4020.5
"Post scheduled trip end time",-2,26110,26112,4020.5
"Post scheduled trip end time",-2,17717,17719,4020.5
"Post scheduled trip end time",-2,29192,29194,4020.5
"Post scheduled trip end time",-2,8694,8696,4020.5
"Post scheduled trip end time",-2,18778,18780,4020.5
"Post scheduled trip end time",-2,7881,7883,4020.5
"Post scheduled trip end time",-2,4257,4259,4020.5
"Post scheduled trip end time",-2,693,695,4020.5
"Post scheduled trip end time",-2,8732,8734,4020.5
"Post scheduled trip end time",-2,7345,7347,4020.5
"Post scheduled trip end time",-2,3681,3683,4020.5
"Post scheduled trip end time",-2,390,392,4020.5
"Post scheduled trip end time",-2,1701,1703,4020.5
"Post scheduled trip end time",-2,2970,2972,4020.5
"Post scheduled trip end time",-2,4614,4616,4020.5
"Post scheduled trip end time",-2,18590,18592,4020.5
"Post scheduled trip end time",-2,12406,12408,4020.5
"Post scheduled trip end time",-2,6566,6568,4020.5
"Post scheduled trip end time",-2,2860,2862,4020.5
"Post scheduled trip end time",-2,536,538,4020.5
"Post scheduled trip end time",-2,26724,26726,4020.5
"Post scheduled trip end time",-2,11370,11372,4020.5
"Post scheduled trip end time",-2,2097,2099,4020.5
"Post scheduled trip end time",-2,23370,23372,4020.5
"Post scheduled trip end time",-2,10370,10372,4020.5
"Post scheduled trip end time",-2,18797,18799,4020.5
"Post scheduled trip end time",-2,30872,30874,4020.5
"Post scheduled trip end time",-2,18452,18454,4020.5
"Post scheduled trip end time",-2,1573,1575,4020.5
"Post scheduled trip end time",-2,4148,4150,4020.5
"Post scheduled trip end time",-2,539668,539670,4020.5
"Post scheduled trip end time",-2,542188,542190,4020.5
"Post scheduled trip end time",-2,2912,2914,4020.5
"Post scheduled trip end time",-2,538448,538450,4020.5
"Post scheduled trip end time",-2,538688,538690,4020.5
"Post scheduled trip end time",-2,3050,3052,4020.5
"Post scheduled trip end time",-2,5345,5347,4020.5
"Post scheduled trip end time",-2,4154,4156,4020.5
"Post scheduled trip end time",-2,354,356,4020.5
"Post scheduled trip end time",-2,5035,5037,4020.5
"Post scheduled trip end time",-2,31284,31286,4020.5
"Post scheduled trip end time",-2,35592,35594,4020.5
"Post scheduled trip end time",-2,17758,17760,4020.5
"Post scheduled trip end time",-2,15218,15220,4020.5
"Post scheduled trip end time",-2,7357,7359,4020.5
"Post scheduled trip end time",-2,12677,12679,4020.5
"Post scheduled trip end time",-2,11094,11096,4020.5
"Post scheduled trip end time",-2,4872,4874,4020.5
"Post scheduled trip end time",-2,527708,527710,4020.5
"Post scheduled trip end time",-2,16988,16990,4020.5
"Post scheduled trip end time",-2,12648,12650,4020.5
"Post scheduled trip end time",-2,2819,2821,4020.5
"Post scheduled trip end time",-2,15305,15307,4020.5
"Post scheduled trip end time",-2,448,450,4020.5
"Post scheduled trip end time",-2,283,285,4020.5
"Post scheduled trip end time",-2,11930,11932,4020.5
"Post scheduled trip end time",-2,7587,7589,4020.5
"Post scheduled trip end time",-2,1408,1410,4020.5
"Post scheduled trip end time",-2,3306,3308,4020.5
"Post scheduled trip end time",-2,6550,6552,4020.5
"Post scheduled trip end time",-2,18966,18968,4020.5
"Post scheduled trip end time",-2,2110,2112,4020.5
"Post scheduled trip end time",-2,1490,1492,4020.5
"Post scheduled trip end time",-2,25972,25974,4020.5
"Post scheduled trip end time",-2,11418,11420,4020.5
"Post scheduled trip end time",-2,13171,13173,4020.5
"Post scheduled trip end time",-2,14555,14557,4020.5
"Post scheduled trip end time",-2,6861,6863,4020.5
"Post scheduled trip end time",-2,665,667,4020.5
"Post scheduled trip end time",-2,20577,20579,4020.5
"Post scheduled trip end time",-2,5728,5730,4020.5
"Post scheduled trip end time",-2,539908,539910,4020.5
"Post scheduled trip end time",-2,10128,10130,4020.5
"Post scheduled trip end time",-2,11132,11134,4020.5
"Post scheduled trip end time",-2,29210,29212,4020.5
"Post scheduled trip end time",-2,3750,3752,4020.5
"Post scheduled trip end time",-2,33050,33052,4020.5
"Post scheduled trip end time",-2,12140,12142,4020.5
"Post scheduled trip end time",-2,13174,13176,4020.5
"Post scheduled trip end time",-2,865,867,4020.5
"Post scheduled trip end time",-2,16857,16859,4020.5
"Post scheduled trip end time",-2,29032,29034,4020.5
"Post scheduled trip end time",-2,18438,18440,4020.5
"Post scheduled trip end time",-2,12278,12280,4020.5
"Post scheduled trip end time",-2,11861,11863,4020.5
"Post scheduled trip end time",-2,6460,6462,4020.5
"Post scheduled trip end time",-2,15398,15400,4020.5
"Post scheduled trip end time",-2,10234,10236,4020.5
"Post scheduled trip end time",-2,4729,4731,4020.5
"Post scheduled trip end time",-2,1958,1960,4020.5
"Post scheduled trip end time",-2,12832,12834,4020.5
"Post scheduled trip end time",-2,531568,531570,4020.5
"Post scheduled trip end time",-2,8592,8594,4020.5
"Post scheduled trip end time",-2,4078,4080,4020.5
"Post scheduled trip end time",-2,538528,538530,4020.5
"Post scheduled trip end time",-2,11570,11572,4020.5
"Post scheduled trip end time",-2,18770,18772,4020.5
"Post scheduled trip end time",-2,2398,2400,4020.5
"Post scheduled trip end time",-2,17286,17288,4020.5
"Post scheduled trip end time",-2,8150,8152,4020.5
"Post scheduled trip end time",-2,10030,10032,4020.5
"Post scheduled trip end time",-2,34672,34674,4020.5
"Post scheduled trip end time",-2,4360,4362,4020.5
"Post scheduled trip end time",-2,3449,3451,4020.5
"Post scheduled trip end time",-2,3812,3814,4020.5
"Post scheduled trip end time",-2,529688,529690,4020.5
"Post scheduled trip end time",-2,17568,17570,4020.5
"Post scheduled trip end time",-2,8952,8954,4020.5
"Post scheduled trip end time",-2,9868,9870,4020.5
"Post scheduled trip end time",-2,12045,12047,4020.5
"Post scheduled trip end time",-2,334,336,4020.5
"Post scheduled trip end time",-2,3049,3051,4020.5
"Post scheduled trip end time",-2,6393,6395,4020.5
"Post scheduled trip end time",-2,5900,5902,4020.5
"Post scheduled trip end time",-2,17366,17368,4020.5
"Post scheduled trip end time",-2,9970,9972,4020.5
"Post scheduled trip end time",-2,31904,31906,4020.5
"Post scheduled trip end time",-2,2175,2177,4020.5
"Post scheduled trip end time",-2,16414,16416,4020.5
"Post scheduled trip end time",-2,15658,15660,4020.5
"Post scheduled trip end time",-2,6697,6699,4020.5
"Post scheduled trip end time",-2,4559,4561,4020.5
"Post scheduled trip end time",-2,3572,3574,4020.5
"Post scheduled trip end time",-2,3652,3654,4020.5
"Post scheduled trip end time",-2,15168,15170,4020.5
"Post scheduled trip end time",-2,3548,3550,4020.5
"Post scheduled trip end time",-2,13925,13927,4020.5
"Post scheduled trip end time",-2,9932,9934,4020.5
"Post scheduled trip end time",-2,4306,4308,4020.5
"Post scheduled trip end time",-2,3160,3162,4020.5
"Post scheduled trip end time",-2,17054,17056,4020.5
"Post scheduled trip end time",-2,3889,3891,4020.5
"Post scheduled trip end time",-2,14552,14554,4020.5
"Post scheduled trip end time",-2,9421,9423,4020.5
"Post scheduled trip end time",-2,6671,6673,4020.5
"Post scheduled trip end time",-2,3919,3921,4020.5
"Post scheduled trip end time",-2,5318,5320,4020.5
"Post scheduled trip end time",-2,533128,533130,4020.5
"Post scheduled trip end time",-2,8948,8950,4020.5
"Post scheduled trip end time",-2,535248,535250,4020.5
"Post scheduled trip end time",-2,631,633,4020.5
"Post scheduled trip end time",-2,527868,527870,4020.5
"Post scheduled trip end time",-2,5921,5923,4020.5
"Post scheduled trip end time",-2,542368,542370,4020.5
"Post scheduled trip end time",-2,19832,19834,4020.5
"Post scheduled trip end time",-2,18291,18293,4020.5
"Post scheduled trip end time",-2,10032,10034,4020.5
"Post scheduled trip end time",-2,11088,11090,4020.5
"Post scheduled trip end time",-2,16405,16407,4020.5
"Post scheduled trip end time",-2,1375,1377,4020.5
"Post scheduled trip end time",-2,1183,1185,4020.5
"Post scheduled trip end time",-2,9810,9812,4020.5
"Post scheduled trip end time",-2,769,771,4020.5
"Post scheduled trip end time",-2,3183,3185,4020.5
"Post scheduled trip end time",-2,135,137,4020.5
"Post scheduled trip end time",-2,28950,28952,4020.5
"Post scheduled trip end time",-2,28424,28426,4020.5
"Post scheduled trip end time",-2,4151,4153,4020.5
"Post scheduled trip end time",-2,27190,27192,4020.5
"Post scheduled trip end time",-2,14094,14096,4020.5
"Post scheduled trip end time",-2,15581,15583,4020.5
"Post scheduled trip end time",-2,8920,8922,4020.5
"Post scheduled trip end time",-2,24132,24134,4020.5
"Post scheduled trip end time",-2,24272,24274,4020.5
"Post scheduled trip end time",-2,160,162,4020.5
"Post scheduled trip end time",-2,5597,5599,4020.5
"Post scheduled trip end time",-2,3289,3291,4020.5
"Post scheduled trip end time",-2,6741,6743,4020.5
"Post scheduled trip end time",-2,2393,2395,4020.5
"Post scheduled trip end time",-2,3917,3919,4020.5
"Post scheduled trip end time",-2,3501,3503,4020.5
"Post scheduled trip end time",-2,12828,12830,4020.5
"Post scheduled trip end time",-2,3981,3983,4020.5
"Post scheduled trip end time",-2,218,220,4020.5
"Post scheduled trip end time",-2,13470,13472,4020.5
"Post scheduled trip end time",-2,17810,17812,4020.5
"Post scheduled trip end time",-2,21798,21800,4020.5
"Post scheduled trip end time",-2,25110,25112,4020.5
"Post scheduled trip end time",-2,23804,23806,4020.5
"Post scheduled trip end time",-2,12010,12012,4020.5
"Post scheduled trip end time",-2,20310,20312,4020.5
"Post scheduled trip end time",-2,23630,23632,4020.5
"Post scheduled trip end time",-2,18317,18319,4020.5
"Post scheduled trip end time",-2,14432,14434,4020.5
"Post scheduled trip end time",-2,5718,5720,4020.5
"Post scheduled trip end time",-2,517,519,4020.5
"Post scheduled trip end time",-2,1293,1295,4020.5
"Post scheduled trip end time",-2,3926,3928,4020.5
"Post scheduled trip end time",-2,4292,4294,4020.5
"Post scheduled trip end time",-2,12211,12213,4020.5
"Post scheduled trip end time",-2,17331,17333,4020.5
"Post scheduled trip end time",-2,538908,538910,4020.5
"Post scheduled trip end time",-2,1750,1752,4020.5
"Post scheduled trip end time",-2,432,434,4020.5
"Post scheduled trip end time",-2,3083,3085,4020.5
"Post scheduled trip end time",-2,1838,1840,4020.5
"Post scheduled trip end time",-2,30690,30692,4020.5
"Post scheduled trip end time",-2,18114,18116,4020.5
"Post scheduled trip end time",-2,18734,18736,4020.5
"Post scheduled trip end time",-2,12360,12362,4020.5
"Post scheduled trip end time",-2,33572,33574,4020.5
"Post scheduled trip end time",-2,24824,24826,4020.5
"Post scheduled trip end time",-2,15974,15976,4020.5
"Post scheduled trip end time",-2,7510,7512,4020.5
"Post scheduled trip end time",-2,8070,8072,4020.5
"Post scheduled trip end time",-2,6694,6696,4020.5
"Post scheduled trip end time",-2,15277,15279,4020.5
"Post scheduled trip end time",-2,8581,8583,4020.5
"Post scheduled trip end time",-2,21817,21819,4020.5
"Post scheduled trip end time",-2,524708,524710,4020.5
"Post scheduled trip end time",-2,20511,20513,4020.5
"Post scheduled trip end time",-2,16731,16733,4020.5
"Post scheduled trip end time",-2,8010,8012,4020.5
"Post scheduled trip end time",-2,7347,7349,4020.5
"Post scheduled trip end time",-2,21166,21168,4020.5
"Post scheduled trip end time",-2,5129,5131,4020.5
"Post scheduled trip end time",-2,3934,3936,4020.5
"Post scheduled trip end time",-2,27732,27734,4020.5
"Post scheduled trip end time",-2,15258,15260,4020.5
"Post scheduled trip end time",-2,7177,7179,4020.5
"Post scheduled trip end time",-2,14575,14577,4020.5
"Post scheduled trip end time",-2,472,474,4020.5
"Post scheduled trip end time",-2,335,337,4020.5
"Post scheduled trip end time",-2,16811,16813,4020.5
"Post scheduled trip end time",-2,10051,10053,4020.5
"Post scheduled trip end time",-2,1188,1190,4020.5
"Post scheduled trip end time",-2,1663,1665,4020.5
"Post scheduled trip end time",-2,5154,5156,4020.5
"Post scheduled trip end time",-2,6574,6576,4020.5
"Post scheduled trip end time",-2,20046,20048,4020.5
"Post scheduled trip end time",-2,11420,11422,4020.5
"Post scheduled trip end time",-2,13534,13536,4020.5
"Post scheduled trip end time",-2,10230,10232,4020.5
"Post scheduled trip end time",-2,18397,18399,4020.5
"Post scheduled trip end time",-2,19977,19979,4020.5
"Post scheduled trip end time",-2,8590,8592,4020.5
"Post scheduled trip end time",-2,13701,13703,4020.5
"Post scheduled trip end time",-2,1545,1547,4020.5
"Post scheduled trip end time",-2,7137,7139,4020.5
"Post scheduled trip end time",-2,5971,5973,4020.5
"Post scheduled trip end time",-2,6294,6296,4020.5
"Post scheduled trip end time",-2,19011,19013,4020.5
"Post scheduled trip end time",-2,16206,16208,4020.5
"Post scheduled trip end time",-2,20111,20113,4020.5
"Post scheduled trip end time",-2,19068,19070,4020.5
"Post scheduled trip end time",-2,6400,6402,4020.5
"Post scheduled trip end time",-2,8021,8023,4020.5
"Post scheduled trip end time",-2,10605,10607,4020.5
"Post scheduled trip end time",-2,8360,8362,4020.5
"Post scheduled trip end time",-2,1956,1958,4020.5
"Post scheduled trip end time",-2,10526,10528,4020.5
"Post scheduled trip end time",-2,5326,5328,4020.5
"Post scheduled trip end time",-2,6986,6988,4020.5
"Post scheduled trip end time",-2,4233,4235,4020.5
"Post scheduled trip end time",-2,15446,15448,4020.5
"Post scheduled trip end time",-2,33692,33694,4020.5
"Post scheduled trip end time",-2,22950,22952,4020.5
"Post scheduled trip end time",-2,245,247,4020.5
"Post scheduled trip end time",-2,29212,29214,4020.5
"Post scheduled trip end time",-2,17598,17600,4020.5
"Post scheduled trip end time",-2,10154,10156,4020.5
"Post scheduled trip end time",-2,12318,12320,4020.5
"Post scheduled trip end time",-2,13651,13653,4020.5
"Post scheduled trip end time",-2,1349,1351,4020.5
"Post scheduled trip end time",-2,4372,4374,4020.5
"Post scheduled trip end time",-2,14888,14890,4020.5
"Post scheduled trip end time",-2,1432,1434,4020.5
"Post scheduled trip end time",-2,3814,3816,4020.5
"Post scheduled trip end time",-2,2765,2767,4020.5
"Post scheduled trip end time",-2,15685,15687,4020.5
"Post scheduled trip end time",-2,6110,6112,4020.5
"Post scheduled trip end time",-2,1062,1064,4020.5
"Post scheduled trip end time",-2,27484,27486,4020.5
"Post scheduled trip end time",-2,16310,16312,4020.5
"Post scheduled trip end time",-2,13434,13436,4020.5
"Post scheduled trip end time",-2,25564,25566,4020.5
"Post scheduled trip end time",-2,3855,3857,4020.5
"Post scheduled trip end time",-2,16774,16776,4020.5
"Post scheduled trip end time",-2,9790,9792,4020.5
"Post scheduled trip end time",-2,18677,18679,4020.5
"Post scheduled trip end time",-2,16678,16680,4020.5
"Post scheduled trip end time",-2,1740,1742,4020.5
"Post scheduled trip end time",-2,26752,26754,4020.5
"Post scheduled trip end time",-2,14711,14713,4020.5
"Post scheduled trip end time",-2,11812,11814,4020.5
"Post scheduled trip end time",-2,1818,1820,4020.5
"Post scheduled trip end time",-2,6701,6703,4020.5
"Post scheduled trip end time",-2,8741,8743,4020.5
"Post scheduled trip end time",-2,22057,22059,4020.5
"Post scheduled trip end time",-2,524608,524610,4020.5
"Post scheduled trip end time",-2,3019,3021,4020.5
"Post scheduled trip end time",-2,846,848,4020.5
"Post scheduled trip end time",-2,384,386,4020.5
"Post scheduled trip end time",-2,18425,18427,4020.5
"Post scheduled trip end time",-2,5530,5532,4020.5
"Post scheduled trip end time",-2,1795,1797,4020.5
"Post scheduled trip end time",-2,858,860,4020.5
"Post scheduled trip end time",-2,12730,12732,4020.5
"Post scheduled trip end time",-2,608,610,4020.5
"Post scheduled trip end time",-2,3500,3502,4020.5
"Post scheduled trip end time",-2,24450,24452,4020.5
"Post scheduled trip end time",-2,16897,16899,4020.5
"Post scheduled trip end time",-2,449,451,4020.5
"Post scheduled trip end time",-2,21572,21574,4020.5
"Post scheduled trip end time",-2,12541,12543,4020.5
"Post scheduled trip end time",-2,676,678,4020.5
"Post scheduled trip end time",-2,530048,530050,4020.5
"Post scheduled trip end time",-2,2528,2530,4020.5
"Post scheduled trip end time",-2,10232,10234,4020.5
"Post scheduled trip end time",-2,17531,17533,4020.5
"Post scheduled trip end time",-2,8488,8490,4020.5
"Post scheduled trip end time",-2,2921,2923,4020.5
"Post scheduled trip end time",-2,2339,2341,4020.5
"Post scheduled trip end time",-2,11632,11634,4020.5
"Post scheduled trip end time",-2,3552,3554,4020.5
"Post scheduled trip end time",-2,6081,6083,4020.5
"Post scheduled trip end time",-2,6821,6823,4020.5
"Post scheduled trip end time",-2,422,424,4020.5
"Post scheduled trip end time",-2,2075,2077,4020.5
"Post scheduled trip end time",-2,14452,14454,4020.5
"Post scheduled trip end time",-2,21912,21914,4020.5
"Post scheduled trip end time",-2,13471,13473,4020.5
"Post scheduled trip end time",-2,3961,3963,4020.5
"Post scheduled trip end time",-2,5978,5980,4020.5
"Post scheduled trip end time",-2,12492,12494,4020.5
"Post scheduled trip end time",-2,529488,529490,4020.5
"Post scheduled trip end time",-2,16848,16850,4020.5
"Post scheduled trip end time",-2,9208,9210,4020.5
"Post scheduled trip end time",-2,9712,9714,4020.5
"Post scheduled trip end time",-2,14130,14132,4020.5
"Post scheduled trip end time",-2,9606,9608,4020.5
"Post scheduled trip end time",-2,6131,6133,4020.5
"Post scheduled trip end time",-2,27650,27652,4020.5
"Post scheduled trip end time",-2,18866,18868,4020.5
"Post scheduled trip end time",-2,18654,18656,4020.5
"Post scheduled trip end time",-2,33990,33992,4020.5
"Post scheduled trip end time",-2,10481,10483,4020.5
"Post scheduled trip end time",-2,13061,13063,4020.5
"Post scheduled trip end time",-2,1917,1919,4020.5
"Post scheduled trip end time",-2,12031,12033,4020.5
"Post scheduled trip end time",-2,11348,11350,4020.5
"Post scheduled trip end time",-2,7041,7043,4020.5
"Post scheduled trip end time",-2,418,420,4020.5
"Post scheduled trip end time",-2,6488,6490,4020.5
"Post scheduled trip end time",-2,13732,13734,4020.5
"Post scheduled trip end time",-2,523008,523010,4020.5
"Post scheduled trip end time",-2,2019,2021,4020.5
"Post scheduled trip end time",-2,2658,2660,4020.5
"Post scheduled trip end time",-2,17628,17630,4020.5
"Post scheduled trip end time",-2,14026,14028,4020.5
"Post scheduled trip end time",-2,539028,539030,4020.5
"Post scheduled trip end time",-2,6065,6067,4020.5
"Post scheduled trip end time",-2,15601,15603,4020.5
"Post scheduled trip end time",-2,17745,17747,4020.5
"Post scheduled trip end time",-2,7572,7574,4020.5
"Post scheduled trip end time",-2,6030,6032,4020.5
"Post scheduled trip end time",-2,1488,1490,4020.5
"Post scheduled trip end time",-2,5994,5996,4020.5
"Post scheduled trip end time",-2,20050,20052,4020.5
"Post scheduled trip end time",-2,10326,10328,4020.5
"Post scheduled trip end time",-2,5930,5932,4020.5
"Post scheduled trip end time",-2,29790,29792,4020.5
"Post scheduled trip end time",-2,9930,9932,4020.5
"Post scheduled trip end time",-2,16314,16316,4020.5
"Post scheduled trip end time",-2,12918,12920,4020.5
"Post scheduled trip end time",-2,10611,10613,4020.5
"Post scheduled trip end time",-2,14855,14857,4020.5
"Post scheduled trip end time",-2,709,711,4020.5
"Post scheduled trip end time",-2,6831,6833,4020.5
"Post scheduled trip end time",-2,3412,3414,4020.5
"Post scheduled trip end time",-2,5741,5743,4020.5
"Post scheduled trip end time",-2,19712,19714,4020.5
"Post scheduled trip end time",-2,1621,1623,4020.5
"Post scheduled trip end time",-2,14281,14283,4020.5
"Post scheduled trip end time",-2,25,27,4020.5
"Post scheduled trip end time",-2,3910,3912,4020.5
"Post scheduled trip end time",-2,2854,2856,4020.5
"Post scheduled trip end time",-2,3494,3496,4020.5
"Post scheduled trip end time",-2,10126,10128,4020.5
"Post scheduled trip end time",-2,4653,4655,4020.5
"Post scheduled trip end time",-2,19554,19556,4020.5
"Post scheduled trip end time",-2,12014,12016,4020.5
"Post scheduled trip end time",-2,127,129,4020.5
"Post scheduled trip end time",-2,21812,21814,4020.5
"Post scheduled trip end time",-2,18398,18400,4020.5
"Post scheduled trip end time",-2,1660,1662,4020.5
"Post scheduled trip end time",-2,9361,9363,4020.5
"Post scheduled trip end time",-2,3340,3342,4020.5
"Post scheduled trip end time",-2,18852,18854,4020.5
"Post scheduled trip end time",-2,26372,26374,4020.5
"Post scheduled trip end time",-2,5657,5659,4020.5
"Post scheduled trip end time",-2,6497,6499,4020.5
"Post scheduled trip end time",-2,3521,3523,4020.5
"Post scheduled trip end time",-2,7032,7034,4020.5
"Post scheduled trip end time",-2,7597,7599,4020.5
"Post scheduled trip end time",-2,2992,2994,4020.5
"Post scheduled trip end time",-2,4461,4463,4020.5
"Post scheduled trip end time",-2,11890,11892,4020.5
"Post scheduled trip end time",-2,1200,1202,4020.5
"Post scheduled trip end time",-2,1220,1222,4020.5
"Post scheduled trip end time",-2,18626,18628,4020.5
"Post scheduled trip end time",-2,14310,14312,4020.5
"Post scheduled trip end time",-2,17834,17836,4020.5
"Post scheduled trip end time",-2,1755,1757,4020.5
"Post scheduled trip end time",-2,5910,5912,4020.5
"Post scheduled trip end time",-2,30312,30314,4020.5
"Post scheduled trip end time",-2,11451,11453,4020.5
"Post scheduled trip end time",-2,13297,13299,4020.5
"Post scheduled trip end time",-2,209,211,4020.5
"Post scheduled trip end time",-2,6178,6180,4020.5
"Post scheduled trip end time",-2,2317,2319,4020.5
"Post scheduled trip end time",-2,10166,10168,4020.5
"Post scheduled trip end time",-2,19592,19594,4020.5
"Post scheduled trip end time",-2,15431,15433,4020.5
"Post scheduled trip end time",-2,5605,5607,4020.5
"Post scheduled trip end time",-2,11090,11092,4020.5
"Post scheduled trip end time",-2,144,146,4020.5
"Post scheduled trip end time",-2,7840,7842,4020.5
"Post scheduled trip end time",-2,1171,1173,4020.5
"Post scheduled trip end time",-2,10926,10928,4020.5
"Post scheduled trip end time",-2,1094,1096,4020.5
"Post scheduled trip end time",-2,23790,23792,4020.5
"Post scheduled trip end time",-2,23904,23906,4020.5
"Post scheduled trip end time",-2,19277,19279,4020.5
"Post scheduled trip end time",-2,22172,22174,4020.5
"Post scheduled trip end time",-2,10980,10982,4020.5
"Post scheduled trip end time",-2,13792,13794,4020.5
"Post scheduled trip end time",-2,534188,534190,4020.5
"Post scheduled trip end time",-2,1118,1120,4020.5
"Post scheduled trip end time",-2,1348,1350,4020.5
"Post scheduled trip end time",-2,19052,19054,4020.5
"Post scheduled trip end time",-2,2552,2554,4020.5
"Post scheduled trip end time",-2,14872,14874,4020.5
"Post scheduled trip end time",-2,10105,10107,4020.5
"Post scheduled trip end time",-2,18305,18307,4020.5
"Post scheduled trip end time",-2,381,383,4020.5
"Post scheduled trip end time",-2,2754,2756,4020.5
"Post scheduled trip end time",-2,1338,1340,4020.5
"Post scheduled trip end time",-2,1758,1760,4020.5
"Post scheduled trip end time",-2,371,373,4020.5
"Post scheduled trip end time",-2,727,729,4020.5
"Post scheduled trip end time",-2,1850,1852,4020.5
"Post scheduled trip end time",-2,8006,8008,4020.5
"Post scheduled trip end time",-2,9346,9348,4020.5
"Post scheduled trip end time",-2,3210,3212,4020.5
"Post scheduled trip end time",-2,5550,5552,4020.5
"Post scheduled trip end time",-2,3613,3615,4020.5
"Post scheduled trip end time",-2,4480,4482,4020.5
"Post scheduled trip end time",-2,3138,3140,4020.5
"Post scheduled trip end time",-2,27624,27626,4020.5
"Post scheduled trip end time",-2,17006,17008,4020.5
"Post scheduled trip end time",-2,353,355,4020.5
"Post scheduled trip end time",-2,26972,26974,4020.5
"Post scheduled trip end time",-2,3314,3316,4020.5
"Post scheduled trip end time",-2,12621,12623,4020.5
"Post scheduled trip end time",-2,13211,13213,4020.5
"Post scheduled trip end time",-2,4779,4781,4020.5
"Post scheduled trip end time",-2,12914,12916,4020.5
"Post scheduled trip end time",-2,100,102,4020.5
"Post scheduled trip end time",-2,4137,4139,4020.5
"Post scheduled trip end time",-2,1666,1668,4020.5
"Post scheduled trip end time",-2,839,841,4020.5
"Post scheduled trip end time",-2,5690,5692,4020.5
"Post scheduled trip end time",-2,7050,7052,4020.5
"Post scheduled trip end time",-2,28564,28566,4020.5
"Post scheduled trip end time",-2,18694,18696,4020.5
"Post scheduled trip end time",-2,7171,7173,4020.5
"Post scheduled trip end time",-2,15181,15183,4020.5
"Post scheduled trip end time",-2,6634,6636,4020.5
"Post scheduled trip end time",-2,3959,3961,4020.5
"Post scheduled trip end time",-2,6608,6610,4020.5
"Post scheduled trip end time",-2,13908,13910,4020.5
"Post scheduled trip end time",-2,16885,16887,4020.5
"Post scheduled trip end time",-2,15010,15012,4020.5
"Post scheduled trip end time",-2,275,277,4020.5
"Post scheduled trip end time",-2,13746,13748,4020.5
"Post scheduled trip end time",-2,2978,2980,4020.5
"Post scheduled trip end time",-2,10810,10812,4020.5
"Post scheduled trip end time",-2,4195,4197,4020.5
"Post scheduled trip end time",-2,21290,21292,4020.5
"Post scheduled trip end time",-2,19557,19559,4020.5
"Post scheduled trip end time",-2,22672,22674,4020.5
"Post scheduled trip end time",-2,8318,8320,4020.5
"Post scheduled trip end time",-2,8197,8199,4020.5
"Post scheduled trip end time",-2,3057,3059,4020.5
"Post scheduled trip end time",-2,523,525,4020.5
"Post scheduled trip end time",-2,5131,5133,4020.5
"Post scheduled trip end time",-2,1173,1175,4020.5
"Post scheduled trip end time",-2,531368,531370,4020.5
"Post scheduled trip end time",-2,540028,540030,4020.5
"Post scheduled trip end time",-2,1877,1879,4020.5
"Post scheduled trip end time",-2,538348,538350,4020.5
"Post scheduled trip end time",-2,2790,2792,4020.5
"Post scheduled trip end time",-2,8910,8912,4020.5
"Post scheduled trip end time",-2,1644,1646,4020.5
"Post scheduled trip end time",-2,5454,5456,4020.5
"Post scheduled trip end time",-2,271,273,4020.5
"Post scheduled trip end time",-2,593,595,4020.5
"Post scheduled trip end time",-2,21138,21140,4020.5
"Post scheduled trip end time",-2,286,288,4020.5
"Post scheduled trip end time",-2,201,203,4020.5
"Post scheduled trip end time",-2,17972,17974,4020.5
"Post scheduled trip end time",-2,13581,13583,4020.5
"Post scheduled trip end time",-2,12757,12759,4020.5
"Post scheduled trip end time",-2,3109,3111,4020.5
"Post scheduled trip end time",-2,19792,19794,4020.5
"Post scheduled trip end time",-2,20152,20154,4020.5
"Post scheduled trip end time",-2,533408,533410,4020.5
"Post scheduled trip end time",-2,5517,5519,4020.5
"Post scheduled trip end time",-2,7072,7074,4020.5
"Post scheduled trip end time",-2,10132,10134,4020.5
"Post scheduled trip end time",-2,7912,7914,4020.5
"Post scheduled trip end time",-2,5686,5688,4020.5
"Post scheduled trip end time",-2,11970,11972,4020.5
"Post scheduled trip end time",-2,3454,3456,4020.5
"Post scheduled trip end time",-2,3146,3148,4020.5
"Post scheduled trip end time",-2,19570,19572,4020.5
"Post scheduled trip end time",-2,7246,7248,4020.5
"Post scheduled trip end time",-2,18346,18348,4020.5
"Post scheduled trip end time",-2,18054,18056,4020.5
"Post scheduled trip end time",-2,12094,12096,4020.5
"Post scheduled trip end time",-2,17098,17100,4020.5
"Post scheduled trip end time",-2,9014,9016,4020.5
"Post scheduled trip end time",-2,8641,8643,4020.5
"Post scheduled trip end time",-2,9821,9823,4020.5
"Post scheduled trip end time",-2,697,699,4020.5
"Post scheduled trip end time",-2,13497,13499,4020.5
"Post scheduled trip end time",-2,3139,3141,4020.5
"Post scheduled trip end time",-2,3206,3208,4020.5
"Post scheduled trip end time",-2,10632,10634,4020.5
"Post scheduled trip end time",-2,7148,7150,4020.5
"Post scheduled trip end time",-2,419,421,4020.5
"Post scheduled trip end time",-2,524028,524030,4020.5
"Post scheduled trip end time",-2,14486,14488,4020.5
"Post scheduled trip end time",-2,10011,10013,4020.5
"Post scheduled trip end time",-2,845,847,4020.5
"Post scheduled trip end time",-2,13065,13067,4020.5
"Post scheduled trip end time",-2,10090,10092,4020.5
"Post scheduled trip end time",-2,29630,29632,4020.5
"Post scheduled trip end time",-2,17214,17216,4020.5
"Post scheduled trip end time",-2,25370,25372,4020.5
"Post scheduled trip end time",-2,3435,3437,4020.5
"Post scheduled trip end time",-2,3775,3777,4020.5
"Post scheduled trip end time",-2,4035,4037,4020.5
"Post scheduled trip end time",-2,4435,4437,4020.5
"Post scheduled trip end time",-2,21770,21772,4020.5
"Post scheduled trip end time",-2,3714,3716,4020.5
"Post scheduled trip end time",-2,2946,2948,4020.5
"Post scheduled trip end time",-2,4932,4934,4020.5
"Post scheduled trip end time",-2,541888,541890,4020.5
"Post scheduled trip end time",-2,9772,9774,4020.5
"Post scheduled trip end time",-2,9972,9974,4020.5
"Post scheduled trip end time",-2,538248,538250,4020.5
"Post scheduled trip end time",-2,236,238,4020.5
"Post scheduled trip end time",-2,3650,3652,4020.5
"Post scheduled trip end time",-2,10930,10932,4020.5
"Post scheduled trip end time",-2,1717,1719,4020.5
"Post scheduled trip end time",-2,16626,16628,4020.5
"Post scheduled trip end time",-2,866,868,4020.5
"Post scheduled trip end time",-2,14370,14372,4020.5
"Post scheduled trip end time",-2,1654,1656,4020.5
"Post scheduled trip end time",-2,18094,18096,4020.5
"Post scheduled trip end time",-2,19498,19500,4020.5
"Post scheduled trip end time",-2,23750,23752,4020.5
"Post scheduled trip end time",-2,23524,23526,4020.5
"Post scheduled trip end time",-2,24404,24406,4020.5
"Post scheduled trip end time",-2,17517,17519,4020.5
"Post scheduled trip end time",-2,6357,6359,4020.5
"Post scheduled trip end time",-2,8932,8934,4020.5
"Post scheduled trip end time",-2,10212,10214,4020.5
"Post scheduled trip end time",-2,539068,539070,4020.5
"Post scheduled trip end time",-2,1250,1252,4020.5
"Post scheduled trip end time",-2,91611,91613,4020.5
"Post scheduled trip end time",-2,445,447,4020.5
"Post scheduled trip end time",-2,2569,2571,4020.5
"Post scheduled trip end time",-2,924,926,4020.5
"Post scheduled trip end time",-2,13550,13552,4020.5
"Post scheduled trip end time",-2,431,433,4020.5
"Post scheduled trip end time",-2,12786,12788,4020.5
"Post scheduled trip end time",-2,5940,5942,4020.5
"Post scheduled trip end time",-2,5631,5633,4020.5
"Post scheduled trip end time",-2,435,437,4020.5
"Post scheduled trip end time",-2,21090,21092,4020.5
"Post scheduled trip end time",-2,12850,12852,4020.5
"Post scheduled trip end time",-2,15081,15083,4020.5
"Post scheduled trip end time",-2,30352,30354,4020.5
"Post scheduled trip end time",-2,519488,519490,4020.5
"Post scheduled trip end time",-2,9497,9499,4020.5
"Post scheduled trip end time",-2,11997,11999,4020.5
"Post scheduled trip end time",-2,5039,5041,4020.5
"Post scheduled trip end time",-2,935,937,4020.5
"Post scheduled trip end time",-2,6198,6200,4020.5
"Post scheduled trip end time",-2,1193,1195,4020.5
"Post scheduled trip end time",-2,3897,3899,4020.5
"Post scheduled trip end time",-2,7251,7253,4020.5
"Post scheduled trip end time",-2,1186,1188,4020.5
"Post scheduled trip end time",-2,9061,9063,4020.5
"Post scheduled trip end time",-2,10085,10087,4020.5
"Post scheduled trip end time",-2,10505,10507,4020.5
"Post scheduled trip end time",-2,2015,2017,4020.5
"Post scheduled trip end time",-2,6310,6312,4020.5
"Post scheduled trip end time",-2,3701,3703,4020.5
"Post scheduled trip end time",-2,1225,1227,4020.5
"Post scheduled trip end time",-2,8771,8773,4020.5
"Post scheduled trip end time",-2,7994,7996,4020.5
"Post scheduled trip end time",-2,29732,29734,4020.5
"Post scheduled trip end time",-2,10274,10276,4020.5
"Post scheduled trip end time",-2,521368,521370,4020.5
"Post scheduled trip end time",-2,5177,5179,4020.5
"Post scheduled trip end time",-2,4248,4250,4020.5
"Post scheduled trip end time",-2,4112,4114,4020.5
"Post scheduled trip end time",-2,13011,13013,4020.5
"Post scheduled trip end time",-2,10895,10897,4020.5
"Post scheduled trip end time",-2,16,18,4020.5
"Post scheduled trip end time",-2,1075,1077,4020.5
"Post scheduled trip end time",-2,29030,29032,4020.5
"Post scheduled trip end time",-2,30684,30686,4020.5
"Post scheduled trip end time",-2,27872,27874,4020.5
"Post scheduled trip end time",-2,24364,24366,4020.5
"Post scheduled trip end time",-2,11510,11512,4020.5
"Post scheduled trip end time",-2,2971,2973,4020.5
"Post scheduled trip end time",-2,15741,15743,4020.5
"Post scheduled trip end time",-2,23052,23054,4020.5
"Post scheduled trip end time",-2,10478,10480,4020.5
"Post scheduled trip end time",-2,4211,4213,4020.5
"Post scheduled trip end time",-2,4659,4661,4020.5
"Post scheduled trip end time",-2,533908,533910,4020.5
"Post scheduled trip end time",-2,6711,6713,4020.5
"Post scheduled trip end time",-2,12672,12674,4020.5
"Post scheduled trip end time",-2,526388,526390,4020.5
"Post scheduled trip end time",-2,16968,16970,4020.5
"Post scheduled trip end time",-2,18508,18510,4020.5
"Post scheduled trip end time",-2,13066,13068,4020.5
"Post scheduled trip end time",-2,881,883,4020.5
"Post scheduled trip end time",-2,9457,9459,4020.5
"Post scheduled trip end time",-2,4125,4127,4020.5
"Post scheduled trip end time",-2,337,339,4020.5
"Post scheduled trip end time",-2,72,74,4020.5
"Post scheduled trip end time",-2,1778,1780,4020.5
"Post scheduled trip end time",-2,1702,1704,4020.5
"Post scheduled trip end time",-2,8891,8893,4020.5
"Post scheduled trip end time",-2,1506,1508,4020.5
"Post scheduled trip end time",-2,24584,24586,4020.5
"Post scheduled trip end time",-2,3251,3253,4020.5
"Post scheduled trip end time",-2,18698,18700,4020.5
"Post scheduled trip end time",-2,7038,7040,4020.5
"Post scheduled trip end time",-2,1726,1728,4020.5
"Post scheduled trip end time",-2,533948,533950,4020.5
"Post scheduled trip end time",-2,1346,1348,4020.5
"Post scheduled trip end time",-2,5332,5334,4020.5
"Post scheduled trip end time",-2,3152,3154,4020.5
"Post scheduled trip end time",-2,1101,1103,4020.5
"Post scheduled trip end time",-2,323,325,4020.5
"Post scheduled trip end time",-2,19930,19932,4020.5
"Post scheduled trip end time",-2,8966,8968,4020.5
"Post scheduled trip end time",-2,466,468,4020.5
"Post scheduled trip end time",-2,29312,29314,4020.5
"Post scheduled trip end time",-2,10001,10003,4020.5
"Post scheduled trip end time",-2,5752,5754,4020.5
"Post scheduled trip end time",-2,6368,6370,4020.5
"Post scheduled trip end time",-2,14548,14550,4020.5
"Post scheduled trip end time",-2,18411,18413,4020.5
"Post scheduled trip end time",-2,2172,2174,4020.5
"Post scheduled trip end time",-2,5310,5312,4020.5
"Post scheduled trip end time",-2,6690,6692,4020.5
"Post scheduled trip end time",-2,10790,10792,4020.5
"Post scheduled trip end time",-2,11410,11412,4020.5
"Post scheduled trip end time",-2,6880,6882,4020.5
"Post scheduled trip end time",-2,16226,16228,4020.5
"Post scheduled trip end time",-2,18386,18388,4020.5
"Post scheduled trip end time",-2,18154,18156,4020.5
"Post scheduled trip end time",-2,529,531,4020.5
"Post scheduled trip end time",-2,25752,25754,4020.5
"Post scheduled trip end time",-2,20878,20880,4020.5
"Post scheduled trip end time",-2,7401,7403,4020.5
"Post scheduled trip end time",-2,7917,7919,4020.5
"Post scheduled trip end time",-2,1129,1131,4020.5
"Post scheduled trip end time",-2,11792,11794,4020.5
"Post scheduled trip end time",-2,6637,6639,4020.5
"Post scheduled trip end time",-2,9888,9890,4020.5
"Post scheduled trip end time",-2,542108,542110,4020.5
"Post scheduled trip end time",-2,16132,16134,4020.5
"Post scheduled trip end time",-2,2441,2443,4020.5
"Post scheduled trip end time",-2,8665,8667,4020.5
"Post scheduled trip end time",-2,44,46,4020.5
"Post scheduled trip end time",-2,18870,18872,4020.5
"Post scheduled trip end time",-2,28304,28306,4020.5
"Post scheduled trip end time",-2,16026,16028,4020.5
"Post scheduled trip end time",-2,20126,20128,4020.5
"Post scheduled trip end time",-2,1290,1292,4020.5
"Post scheduled trip end time",-2,32704,32706,4020.5
"Post scheduled trip end time",-2,25632,25634,4020.5
"Post scheduled trip end time",-2,12994,12996,4020.5
"Post scheduled trip end time",-2,22170,22172,4020.5
"Post scheduled trip end time",-2,22152,22154,4020.5
"Post scheduled trip end time",-2,30712,30714,4020.5
"Post scheduled trip end time",-2,23772,23774,4020.5
"Post scheduled trip end time",-2,10581,10583,4020.5
"Post scheduled trip end time",-2,4109,4111,4020.5
"Post scheduled trip end time",-2,1733,1735,4020.5
"Post scheduled trip end time",-2,5011,5013,4020.5
"Post scheduled trip end time",-2,4608,4610,4020.5
"Post scheduled trip end time",-2,5208,5210,4020.5
"Post scheduled trip end time",-2,9788,9790,4020.5
"Post scheduled trip end time",-2,9352,9354,4020.5
"Post scheduled trip end time",-2,10088,10090,4020.5
"Post scheduled trip end time",-2,10768,10770,4020.5
"Post scheduled trip end time",-2,961,963,4020.5
"Post scheduled trip end time",-2,10225,10227,4020.5
"Post scheduled trip end time",-2,4750,4752,4020.5
"Post scheduled trip end time",-2,1943,1945,4020.5
"Post scheduled trip end time",-2,5734,5736,4020.5
"Post scheduled trip end time",-2,25452,25454,4020.5
"Post scheduled trip end time",-2,20618,20620,4020.5
"Post scheduled trip end time",-2,21938,21940,4020.5
"Post scheduled trip end time",-2,1415,1417,4020.5
"Post scheduled trip end time",-2,12101,12103,4020.5
"Post scheduled trip end time",-2,902,904,4020.5
"Post scheduled trip end time",-2,6761,6763,4020.5
"Post scheduled trip end time",-2,18551,18553,4020.5
"Post scheduled trip end time",-2,15232,15234,4020.5
"Post scheduled trip end time",-2,4345,4347,4020.5
"Post scheduled trip end time",-2,16665,16667,4020.5
"Post scheduled trip end time",-2,14890,14892,4020.5
"Post scheduled trip end time",-2,5913,5915,4020.5
"Post scheduled trip end time",-2,14446,14448,4020.5
"Post scheduled trip end time",-2,10210,10212,4020.5
"Post scheduled trip end time",-2,23624,23626,4020.5
"Post scheduled trip end time",-2,356,358,4020.5
"Post scheduled trip end time",-2,9200,9202,4020.5
"Post scheduled trip end time",-2,4914,4916,4020.5
"Post scheduled trip end time",-2,28132,28134,4020.5
"Post scheduled trip end time",-2,11231,11233,4020.5
"Post scheduled trip end time",-2,10697,10699,4020.5
"Post scheduled trip end time",-2,4631,4633,4020.5
"Post scheduled trip end time",-2,14157,14159,4020.5
"Post scheduled trip end time",-2,342,344,4020.5
"Post scheduled trip end time",-2,11108,11110,4020.5
"Post scheduled trip end time",-2,11252,11254,4020.5
"Post scheduled trip end time",-2,4208,4210,4020.5
"Post scheduled trip end time",-2,7632,7634,4020.5
"Post scheduled trip end time",-2,8672,8674,4020.5
"Post scheduled trip end time",-2,2772,2774,4020.5
"Post scheduled trip end time",-2,5352,5354,4020.5
"Post scheduled trip end time",-2,579,581,4020.5
"Post scheduled trip end time",-2,14812,14814,4020.5
"Post scheduled trip end time",-2,7845,7847,4020.5
"Post scheduled trip end time",-2,4950,4952,4020.5
"Post scheduled trip end time",-2,2167,2169,4020.5
"Post scheduled trip end time",-2,1916,1918,4020.5
"Post scheduled trip end time",-2,5271,5273,4020.5
"Post scheduled trip end time",-2,6631,6633,4020.5
"Post scheduled trip end time",-2,28750,28752,4020.5
"Post scheduled trip end time",-2,9351,9353,4020.5
"Post scheduled trip end time",-2,19766,19768,4020.5
"Post scheduled trip end time",-2,20766,20768,4020.5
"Post scheduled trip end time",-2,6075,6077,4020.5
"Post scheduled trip end time",-2,521,523,4020.5
"Post scheduled trip end time",-2,3331,3333,4020.5
"Post scheduled trip end time",-2,17438,17440,4020.5
"Post scheduled trip end time",-2,860,862,4020.5
"Post scheduled trip end time",-2,9678,9680,4020.5
"Post scheduled trip end time",-2,20172,20174,4020.5
"Post scheduled trip end time",-2,13612,13614,4020.5
"Post scheduled trip end time",-2,530368,530370,4020.5
"Post scheduled trip end time",-2,14345,14347,4020.5
"Post scheduled trip end time",-2,355,357,4020.5
"Post scheduled trip end time",-2,17225,17227,4020.5
"Post scheduled trip end time",-2,2134,2136,4020.5
"Post scheduled trip end time",-2,710,712,4020.5
"Post scheduled trip end time",-2,7966,7968,4020.5
"Post scheduled trip end time",-2,3180,3182,4020.5
"Post scheduled trip end time",-2,5051,5053,4020.5
"Post scheduled trip end time",-2,1108,1110,4020.5
"Post scheduled trip end time",-2,281,283,4020.5
"Post scheduled trip end time",-2,11820,11822,4020.5
"Post scheduled trip end time",-2,12894,12896,4020.5
"Post scheduled trip end time",-2,34612,34614,4020.5
"Post scheduled trip end time",-2,13194,13196,4020.5
"Post scheduled trip end time",-2,13834,13836,4020.5
"Post scheduled trip end time",-2,13954,13956,4020.5
"Post scheduled trip end time",-2,12530,12532,4020.5
"Post scheduled trip end time",-2,9340,9342,4020.5
"Post scheduled trip end time",-2,31832,31834,4020.5
"Post scheduled trip end time",-2,8858,8860,4020.5
"Post scheduled trip end time",-2,20112,20114,4020.5
"Post scheduled trip end time",-2,15238,15240,4020.5
"Post scheduled trip end time",-2,3957,3959,4020.5
"Post scheduled trip end time",-2,10870,10872,4020.5
"Post scheduled trip end time",-2,6148,6150,4020.5
"Post scheduled trip end time",-2,540948,540950,4020.5
"Post scheduled trip end time",-2,542408,542410,4020.5
"Post scheduled trip end time",-2,1095,1097,4020.5
"Post scheduled trip end time",-2,8072,8074,4020.5
"Post scheduled trip end time",-2,539248,539250,4020.5
"Post scheduled trip end time",-2,1876,1878,4020.5
"Post scheduled trip end time",-2,181,183,4020.5
"Post scheduled trip end time",-2,12166,12168,4020.5
"Post scheduled trip end time",-2,4273,4275,4020.5
"Post scheduled trip end time",-2,538,540,4020.5
"Post scheduled trip end time",-2,4550,4552,4020.5
"Post scheduled trip end time",-2,34332,34334,4020.5
"Post scheduled trip end time",-2,12658,12660,4020.5
"Post scheduled trip end time",-2,27472,27474,4020.5
"Post scheduled trip end time",-2,3439,3441,4020.5
"Post scheduled trip end time",-2,1237,1239,4020.5
"Post scheduled trip end time",-2,13972,13974,4020.5
"Post scheduled trip end time",-2,2557,2559,4020.5
"Post scheduled trip end time",-2,542928,542930,4020.5
"Post scheduled trip end time",-2,8654,8656,4020.5
"Post scheduled trip end time",-2,17871,17873,4020.5
"Post scheduled trip end time",-2,1085,1087,4020.5
"Post scheduled trip end time",-2,703,705,4020.5
"Post scheduled trip end time",-2,4043,4045,4020.5
"Post scheduled trip end time",-2,11206,11208,4020.5
"Post scheduled trip end time",-2,18046,18048,4020.5
"Post scheduled trip end time",-2,31704,31706,4020.5
"Post scheduled trip end time",-2,13354,13356,4020.5
"Post scheduled trip end time",-2,20950,20952,4020.5
"Post scheduled trip end time",-2,4789,4791,4020.5
"Post scheduled trip end time",-2,11000,11002,4020.5
"Post scheduled trip end time",-2,2554,2556,4020.5
"Post scheduled trip end time",-2,14535,14537,4020.5
"Post scheduled trip end time",-2,11308,11310,4020.5
"Post scheduled trip end time",-2,18092,18094,4020.5
"Post scheduled trip end time",-2,5898,5900,4020.5
"Post scheduled trip end time",-2,535528,535530,4020.5
"Post scheduled trip end time",-2,529148,529150,4020.5
"Post scheduled trip end time",-2,3421,3423,4020.5
"Post scheduled trip end time",-2,6746,6748,4020.5
"Post scheduled trip end time",-2,915,917,4020.5
"Post scheduled trip end time",-2,674,676,4020.5
"Post scheduled trip end time",-2,6500,6502,4020.5
"Post scheduled trip end time",-2,4820,4822,4020.5
"Post scheduled trip end time",-2,6311,6313,4020.5
"Post scheduled trip end time",-2,31804,31806,4020.5
"Post scheduled trip end time",-2,15878,15880,4020.5
"Post scheduled trip end time",-2,14072,14074,4020.5
"Post scheduled trip end time",-2,2020,2022,4020.5
"Post scheduled trip end time",-2,10518,10520,4020.5
"Post scheduled trip end time",-2,4780,4782,4020.5
"Post scheduled trip end time",-2,12731,12733,4020.5
"Post scheduled trip end time",-2,16268,16270,4020.5
"Post scheduled trip end time",-2,5972,5974,4020.5
"Post scheduled trip end time",-2,10688,10690,4020.5
"Post scheduled trip end time",-2,10828,10830,4020.5
"Post scheduled trip end time",-2,539508,539510,4020.5
"Post scheduled trip end time",-2,6700,6702,4020.5
"Post scheduled trip end time",-2,7440,7442,4020.5
"Post scheduled trip end time",-2,28350,28352,4020.5
"Post scheduled trip end time",-2,10610,10612,4020.5
"Post scheduled trip end time",-2,18826,18828,4020.5
"Post scheduled trip end time",-2,4695,4697,4020.5
"Post scheduled trip end time",-2,28672,28674,4020.5
"Post scheduled trip end time",-2,28752,28754,4020.5
"Post scheduled trip end time",-2,15632,15634,4020.5
"Post scheduled trip end time",-2,12911,12913,4020.5
"Post scheduled trip end time",-2,9751,9753,4020.5
"Post scheduled trip end time",-2,9911,9913,4020.5
"Post scheduled trip end time",-2,11617,11619,4020.5
"Post scheduled trip end time",-2,10592,10594,4020.5
"Post scheduled trip end time",-2,5701,5703,4020.5
"Post scheduled trip end time",-2,8098,8100,4020.5
"Post scheduled trip end time",-2,7928,7930,4020.5
"Post scheduled trip end time",-2,2646,2648,4020.5
"Post scheduled trip end time",-2,523028,523030,4020.5
"Post scheduled trip end time",-2,15231,15233,4020.5
"Post scheduled trip end time",-2,948,950,4020.5
"Post scheduled trip end time",-2,4310,4312,4020.5
"Post scheduled trip end time",-2,9586,9588,4020.5
"Post scheduled trip end time",-2,3490,3492,4020.5
"Post scheduled trip end time",-2,3900,3902,4020.5
"Post scheduled trip end time",-2,12300,12302,4020.5
"Post scheduled trip end time",-2,25310,25312,4020.5
"Post scheduled trip end time",-2,4329,4331,4020.5
"Post scheduled trip end time",-2,15461,15463,4020.5
"Post scheduled trip end time",-2,3751,3753,4020.5
"Post scheduled trip end time",-2,4977,4979,4020.5
"Post scheduled trip end time",-2,7658,7660,4020.5
"Post scheduled trip end time",-2,8428,8430,4020.5
"Post scheduled trip end time",-2,2377,2379,4020.5
"Post scheduled trip end time",-2,15951,15953,4020.5
"Post scheduled trip end time",-2,18828,18830,4020.5
"Post scheduled trip end time",-2,1781,1783,4020.5
"Post scheduled trip end time",-2,3345,3347,4020.5
"Post scheduled trip end time",-2,10101,10103,4020.5
"Post scheduled trip end time",-2,13627,13629,4020.5
"Post scheduled trip end time",-2,1512,1514,4020.5
"Post scheduled trip end time",-2,203,205,4020.5
"Post scheduled trip end time",-2,660,662,4020.5
"Post scheduled trip end time",-2,4094,4096,4020.5
"Post scheduled trip end time",-2,2150,2152,4020.5
"Post scheduled trip end time",-2,3498,3500,4020.5
"Post scheduled trip end time",-2,25450,25452,4020.5
"Post scheduled trip end time",-2,13641,13643,4020.5
"Post scheduled trip end time",-2,9277,9279,4020.5
"Post scheduled trip end time",-2,7378,7380,4020.5
"Post scheduled trip end time",-2,4566,4568,4020.5
"Post scheduled trip end time",-2,16828,16830,4020.5
"Post scheduled trip end time",-2,13721,13723,4020.5
"Post scheduled trip end time",-2,5450,5452,4020.5
"Post scheduled trip end time",-2,9950,9952,4020.5
"Post scheduled trip end time",-2,630,632,4020.5
"Post scheduled trip end time",-2,524,526,4020.5
"Post scheduled trip end time",-2,382,384,4020.5
"Post scheduled trip end time",-2,4533,4535,4020.5
"Post scheduled trip end time",-2,28490,28492,4020.5
"Post scheduled trip end time",-2,32132,32134,4020.5
"Post scheduled trip end time",-2,27812,27814,4020.5
"Post scheduled trip end time",-2,1526,1528,4020.5
"Post scheduled trip end time",-2,26530,26532,4020.5
"Post scheduled trip end time",-2,16578,16580,4020.5
"Post scheduled trip end time",-2,24892,24894,4020.5
"Post scheduled trip end time",-2,14158,14160,4020.5
"Post scheduled trip end time",-2,13461,13463,4020.5
"Post scheduled trip end time",-2,14851,14853,4020.5
"Post scheduled trip end time",-2,9311,9313,4020.5
"Post scheduled trip end time",-2,4757,4759,4020.5
"Post scheduled trip end time",-2,15555,15557,4020.5
"Post scheduled trip end time",-2,15737,15739,4020.5
"Post scheduled trip end time",-2,16377,16379,4020.5
"Post scheduled trip end time",-2,516,518,4020.5
"Post scheduled trip end time",-2,11452,11454,4020.5
"Post scheduled trip end time",-2,2273,2275,4020.5
"Post scheduled trip end time",-2,9308,9310,4020.5
"Post scheduled trip end time",-2,4266,4268,4020.5
"Post scheduled trip end time",-2,1226,1228,4020.5
"Post scheduled trip end time",-2,11871,11873,4020.5
"Post scheduled trip end time",-2,8312,8314,4020.5
"Post scheduled trip end time",-2,2825,2827,4020.5
"Post scheduled trip end time",-2,5670,5672,4020.5
"Post scheduled trip end time",-2,16330,16332,4020.5
"Post scheduled trip end time",-2,183,185,4020.5
"Post scheduled trip end time",-2,4470,4472,4020.5
"Post scheduled trip end time",-2,4280,4282,4020.5
"Post scheduled trip end time",-2,16710,16712,4020.5
"Post scheduled trip end time",-2,32690,32692,4020.5
"Post scheduled trip end time",-2,10994,10996,4020.5
"Post scheduled trip end time",-2,33632,33634,4020.5
"Post scheduled trip end time",-2,24964,24966,4020.5
"Post scheduled trip end time",-2,23110,23112,4020.5
"Post scheduled trip end time",-2,17817,17819,4020.5
"Post scheduled trip end time",-2,16498,16500,4020.5
"Post scheduled trip end time",-2,22372,22374,4020.5
"Post scheduled trip end time",-2,18538,18540,4020.5
"Post scheduled trip end time",-2,10718,10720,4020.5
"Post scheduled trip end time",-2,5577,5579,4020.5
"Post scheduled trip end time",-2,11711,11713,4020.5
"Post scheduled trip end time",-2,10812,10814,4020.5
"Post scheduled trip end time",-2,977,979,4020.5
"Post scheduled trip end time",-2,4657,4659,4020.5
"Post scheduled trip end time",-2,525568,525570,4020.5
"Post scheduled trip end time",-2,11791,11793,4020.5
"Post scheduled trip end time",-2,19231,19233,4020.5
"Post scheduled trip end time",-2,18405,18407,4020.5
"Post scheduled trip end time",-2,7,9,4020.5
"Post scheduled trip end time",-2,3081,3083,4020.5
"Post scheduled trip end time",-2,1003,1005,4020.5
"Post scheduled trip end time",-2,12350,12352,4020.5
"Post scheduled trip end time",-2,29,31,4020.5
"Post scheduled trip end time",-2,15610,15612,4020.5
"Post scheduled trip end time",-2,3760,3762,4020.5
"Post scheduled trip end time",-2,2778,2780,4020.5
"Post scheduled trip end time",-2,15166,15168,4020.5
"Post scheduled trip end time",-2,8151,8153,4020.5
"Post scheduled trip end time",-2,3990,3992,4020.5
"Post scheduled trip end time",-2,18274,18276,4020.5
"Post scheduled trip end time",-2,27792,27794,4020.5
"Post scheduled trip end time",-2,1166,1168,4020.5
"Post scheduled trip end time",-2,2675,2677,4020.5
"Post scheduled trip end time",-2,7621,7623,4020.5
"Post scheduled trip end time",-2,14692,14694,4020.5
"Post scheduled trip end time",-2,11558,11560,4020.5
"Post scheduled trip end time",-2,520768,520770,4020.5
"Post scheduled trip end time",-2,12071,12073,4020.5
"Post scheduled trip end time",-2,11291,11293,4020.5
"Post scheduled trip end time",-2,9357,9359,4020.5
"Post scheduled trip end time",-2,626,628,4020.5
"Post scheduled trip end time",-2,5641,5643,4020.5
"Post scheduled trip end time",-2,2581,2583,4020.5
"Post scheduled trip end time",-2,10648,10650,4020.5
"Post scheduled trip end time",-2,810,812,4020.5
"Post scheduled trip end time",-2,13890,13892,4020.5
"Post scheduled trip end time",-2,194,196,4020.5
"Post scheduled trip end time",-2,4746,4748,4020.5
"Post scheduled trip end time",-2,4180,4182,4020.5
"Post scheduled trip end time",-2,26164,26166,4020.5
"Post scheduled trip end time",-2,13130,13132,4020.5
"Post scheduled trip end time",-2,27692,27694,4020.5
"Post scheduled trip end time",-2,30652,30654,4020.5
"Post scheduled trip end time",-2,3894,3896,4020.5
"Post scheduled trip end time",-2,5831,5833,4020.5
"Post scheduled trip end time",-2,2649,2651,4020.5
"Post scheduled trip end time",-2,1013,1015,4020.5
"Post scheduled trip end time",-2,533328,533330,4020.5
"Post scheduled trip end time",-2,9848,9850,4020.5
"Post scheduled trip end time",-2,4188,4190,4020.5
"Post scheduled trip end time",-2,1748,1750,4020.5
"Post scheduled trip end time",-2,524828,524830,4020.5
"Post scheduled trip end time",-2,540628,540630,4020.5
"Post scheduled trip end time",-2,10806,10808,4020.5
"Post scheduled trip end time",-2,1979,1981,4020.5
"Post scheduled trip end time",-2,6590,6592,4020.5
"Post scheduled trip end time",-2,7500,7502,4020.5
"Post scheduled trip end time",-2,202,204,4020.5
"Post scheduled trip end time",-2,963,965,4020.5
"Post scheduled trip end time",-2,14266,14268,4020.5
"Post scheduled trip end time",-2,14766,14768,4020.5
"Post scheduled trip end time",-2,25144,25146,4020.5
"Post scheduled trip end time",-2,16112,16114,4020.5
"Post scheduled trip end time",-2,17512,17514,4020.5
"Post scheduled trip end time",-2,13678,13680,4020.5
"Post scheduled trip end time",-2,13441,13443,4020.5
"Post scheduled trip end time",-2,563,565,4020.5
"Post scheduled trip end time",-2,13457,13459,4020.5
"Post scheduled trip end time",-2,2869,2871,4020.5
"Post scheduled trip end time",-2,2968,2970,4020.5
"Post scheduled trip end time",-2,12571,12573,4020.5
"Post scheduled trip end time",-2,9841,9843,4020.5
"Post scheduled trip end time",-2,7481,7483,4020.5
"Post scheduled trip end time",-2,2910,2912,4020.5
"Post scheduled trip end time",-2,19026,19028,4020.5
"Post scheduled trip end time",-2,1550,1552,4020.5
"Post scheduled trip end time",-2,33930,33932,4020.5
"Post scheduled trip end time",-2,24952,24954,4020.5
"Post scheduled trip end time",-2,25892,25894,4020.5
"Post scheduled trip end time",-2,793,795,4020.5
"Post scheduled trip end time",-2,20650,20652,4020.5
"Post scheduled trip end time",-2,21312,21314,4020.5
"Post scheduled trip end time",-2,23232,23234,4020.5
"Post scheduled trip end time",-2,18072,18074,4020.5
"Post scheduled trip end time",-2,907,909,4020.5
"Post scheduled trip end time",-2,3689,3691,4020.5
"Post scheduled trip end time",-2,2979,2981,4020.5
"Post scheduled trip end time",-2,438,440,4020.5
"Post scheduled trip end time",-2,4471,4473,4020.5
"Post scheduled trip end time",-2,21657,21659,4020.5
"Post scheduled trip end time",-2,847,849,4020.5
"Post scheduled trip end time",-2,542348,542350,4020.5
"Post scheduled trip end time",-2,1826,1828,4020.5
"Post scheduled trip end time",-2,2138,2140,4020.5
"Post scheduled trip end time",-2,18071,18073,4020.5
"Post scheduled trip end time",-2,9385,9387,4020.5
"Post scheduled trip end time",-2,6180,6182,4020.5
"Post scheduled trip end time",-2,11201,11203,4020.5
"Post scheduled trip end time",-2,14865,14867,4020.5
"Post scheduled trip end time",-2,51,53,4020.5
"Post scheduled trip end time",-2,88,90,4020.5
"Post scheduled trip end time",-2,4793,4795,4020.5
"Post scheduled trip end time",-2,628,630,4020.5
"Post scheduled trip end time",-2,24104,24106,4020.5
"Post scheduled trip end time",-2,10018,10020,4020.5
"Post scheduled trip end time",-2,16832,16834,4020.5
"Post scheduled trip end time",-2,10741,10743,4020.5
"Post scheduled trip end time",-2,1689,1691,4020.5
"Post scheduled trip end time",-2,6941,6943,4020.5
"Post scheduled trip end time",-2,2433,2435,4020.5
"Post scheduled trip end time",-2,8041,8043,4020.5
"Post scheduled trip end time",-2,3261,3263,4020.5
"Post scheduled trip end time",-2,3425,3427,4020.5
"Post scheduled trip end time",-2,4612,4614,4020.5
"Post scheduled trip end time",-2,6850,6852,4020.5
"Post scheduled trip end time",-2,3363,3365,4020.5
"Post scheduled trip end time",-2,2209,2211,4020.5
"Post scheduled trip end time",-2,2170,2172,4020.5
"Post scheduled trip end time",-2,6531,6533,4020.5
"Post scheduled trip end time",-2,26532,26534,4020.5
"Post scheduled trip end time",-2,287,289,4020.5
"Post scheduled trip end time",-2,9534,9536,4020.5
"Post scheduled trip end time",-2,1618,1620,4020.5
"Post scheduled trip end time",-2,6051,6053,4020.5
"Post scheduled trip end time",-2,527288,527290,4020.5
"Post scheduled trip end time",-2,3028,3030,4020.5
"Post scheduled trip end time",-2,529988,529990,4020.5
"Post scheduled trip end time",-2,531168,531170,4020.5
"Post scheduled trip end time",-2,18771,18773,4020.5
"Post scheduled trip end time",-2,4720,4722,4020.5
"Post scheduled trip end time",-2,12286,12288,4020.5
"Post scheduled trip end time",-2,15371,15373,4020.5
"Post scheduled trip end time",-2,7748,7750,4020.5
"Post scheduled trip end time",-2,2521,2523,4020.5
"Post scheduled trip end time",-2,537268,537270,4020.5
"Post scheduled trip end time",-2,537528,537530,4020.5
"Post scheduled trip end time",-2,14021,14023,4020.5
"Post scheduled trip end time",-2,-1,1,4020.5
"Post scheduled trip end time",-2,3190,3192,4020.5
"Post scheduled trip end time",-2,2834,2836,4020.5
"Post scheduled trip end time",-2,2380,2382,4020.5
"Post scheduled trip end time",-2,1267,1269,4020.5
"Post scheduled trip end time",-2,27764,27766,4020.5
"Post scheduled trip end time",-2,14570,14572,4020.5
"Post scheduled trip end time",-2,5195,5197,4020.5
"Post scheduled trip end time",-2,32750,32752,4020.5
"Post scheduled trip end time",-2,20838,20840,4020.5
"Post scheduled trip end time",-2,27912,27914,4020.5
"Post scheduled trip end time",-2,15761,15763,4020.5
"Post scheduled trip end time",-2,30032,30034,4020.5
"Post scheduled trip end time",-2,13881,13883,4020.5
"Post scheduled trip end time",-2,15677,15679,4020.5
"Post scheduled trip end time",-2,10852,10854,4020.5
"Post scheduled trip end time",-2,528508,528510,4020.5
"Post scheduled trip end time",-2,7612,7614,4020.5
"Post scheduled trip end time",-2,2072,2074,4020.5
"Post scheduled trip end time",-2,5112,5114,4020.5
"Post scheduled trip end time",-2,6952,6954,4020.5
"Post scheduled trip end time",-2,15981,15983,4020.5
"Post scheduled trip end time",-2,17185,17187,4020.5
"Post scheduled trip end time",-2,1231,1233,4020.5
"Post scheduled trip end time",-2,6181,6183,4020.5
"Post scheduled trip end time",-2,3203,3205,4020.5
"Post scheduled trip end time",-2,14450,14452,4020.5
"Post scheduled trip end time",-2,12070,12072,4020.5
"Post scheduled trip end time",-2,22678,22680,4020.5
"Post scheduled trip end time",-2,23350,23352,4020.5
"Post scheduled trip end time",-2,16797,16799,4020.5
"Post scheduled trip end time",-2,2817,2819,4020.5
"Post scheduled trip end time",-2,7371,7373,4020.5
"Post scheduled trip end time",-2,8848,8850,4020.5
"Post scheduled trip end time",-2,21857,21859,4020.5
"Post scheduled trip end time",-2,19151,19153,4020.5
"Post scheduled trip end time",-2,4120,4122,4020.5
"Post scheduled trip end time",-2,436,438,4020.5
"Post scheduled trip end time",-2,1325,1327,4020.5
"Post scheduled trip end time",-2,568,570,4020.5
"Post scheduled trip end time",-2,4711,4713,4020.5
"Post scheduled trip end time",-2,11468,11470,4020.5
"Post scheduled trip end time",-2,7377,7379,4020.5
"Post scheduled trip end time",-2,3892,3894,4020.5
"Post scheduled trip end time",-2,2659,2661,4020.5
"Post scheduled trip end time",-2,19411,19413,4020.5
"Post scheduled trip end time",-2,1418,1420,4020.5
"Post scheduled trip end time",-2,6706,6708,4020.5
"Post scheduled trip end time",-2,14221,14223,4020.5
"Post scheduled trip end time",-2,2934,2936,4020.5
"Post scheduled trip end time",-2,15690,15692,4020.5
"Post scheduled trip end time",-2,6195,6197,4020.5
"Post scheduled trip end time",-2,32092,32094,4020.5
"Post scheduled trip end time",-2,5689,5691,4020.5
"Post scheduled trip end time",-2,8778,8780,4020.5
"Post scheduled trip end time",-2,19932,19934,4020.5
"Post scheduled trip end time",-2,7368,7370,4020.5
"Post scheduled trip end time",-2,524868,524870,4020.5
"Post scheduled trip end time",-2,6628,6630,4020.5
"Post scheduled trip end time",-2,7517,7519,4020.5
"Post scheduled trip end time",-2,2561,2563,4020.5
"Post scheduled trip end time",-2,463,465,4020.5
"Post scheduled trip end time",-2,15390,15392,4020.5
"Post scheduled trip end time",-2,126,128,4020.5
"Post scheduled trip end time",-2,5660,5662,4020.5
"Post scheduled trip end time",-2,9111,9113,4020.5
"Post scheduled trip end time",-2,5110,5112,4020.5
"Post scheduled trip end time",-2,25432,25434,4020.5
"Post scheduled trip end time",-2,12654,12656,4020.5
"Post scheduled trip end time",-2,2315,2317,4020.5
"Post scheduled trip end time",-2,22650,22652,4020.5
"Post scheduled trip end time",-2,18057,18059,4020.5
"Post scheduled trip end time",-2,7174,7176,4020.5
"Post scheduled trip end time",-2,8994,8996,4020.5
"Post scheduled trip end time",-2,9814,9816,4020.5
"Post scheduled trip end time",-2,10818,10820,4020.5
"Post scheduled trip end time",-2,7060,7062,4020.5
"Post scheduled trip end time",-2,13291,13293,4020.5
"Post scheduled trip end time",-2,10531,10533,4020.5
"Post scheduled trip end time",-2,15857,15859,4020.5
"Post scheduled trip end time",-2,533208,533210,4020.5
"Post scheduled trip end time",-2,17748,17750,4020.5
"Post scheduled trip end time",-2,1481,1483,4020.5
"Post scheduled trip end time",-2,4912,4914,4020.5
"Post scheduled trip end time",-2,14061,14063,4020.5
"Post scheduled trip end time",-2,1125,1127,4020.5
"Post scheduled trip end time",-2,5073,5075,4020.5
"Post scheduled trip end time",-2,484,486,4020.5
"Post scheduled trip end time",-2,13458,13460,4020.5
"Post scheduled trip end time",-2,3694,3696,4020.5
"Post scheduled trip end time",-2,12897,12899,4020.5
"Post scheduled trip end time",-2,16186,16188,4020.5
"Post scheduled trip end time",-2,6492,6494,4020.5
"Post scheduled trip end time",-2,12868,12870,4020.5
"Post scheduled trip end time",-2,1499,1501,4020.5
"Post scheduled trip end time",-2,14005,14007,4020.5
"Post scheduled trip end time",-2,1090,1092,4020.5
"Post scheduled trip end time",-2,4870,4872,4020.5
"Post scheduled trip end time",-2,8950,8952,4020.5
"Post scheduled trip end time",-2,6820,6822,4020.5
"Post scheduled trip end time",-2,19510,19512,4020.5
"Post scheduled trip end time",-2,3060,3062,4020.5
"Post scheduled trip end time",-2,28590,28592,4020.5
"Post scheduled trip end time",-2,30070,30072,4020.5
"Post scheduled trip end time",-2,21372,21374,4020.5
"Post scheduled trip end time",-2,22432,22434,4020.5
"Post scheduled trip end time",-2,19912,19914,4020.5
"Post scheduled trip end time",-2,520368,520370,4020.5
"Post scheduled trip end time",-2,11457,11459,4020.5
"Post scheduled trip end time",-2,1729,1731,4020.5
"Post scheduled trip end time",-2,911,913,4020.5
"Post scheduled trip end time",-2,1269,1271,4020.5
"Post scheduled trip end time",-2,4209,4211,4020.5
"Post scheduled trip end time",-2,526128,526130,4020.5
"Post scheduled trip end time",-2,8092,8094,4020.5
"Post scheduled trip end time",-2,16066,16068,4020.5
"Post scheduled trip end time",-2,15452,15454,4020.5
"Post scheduled trip end time",-2,8272,8274,4020.5
"Post scheduled trip end time",-2,536288,536290,4020.5
"Post scheduled trip end time",-2,537548,537550,4020.5
"Post scheduled trip end time",-2,10321,10323,4020.5
"Post scheduled trip end time",-2,4710,4712,4020.5
"Post scheduled trip end time",-2,530,532,4020.5
"Post scheduled trip end time",-2,1708,1710,4020.5
"Post scheduled trip end time",-2,17914,17916,4020.5
"Post scheduled trip end time",-2,20074,20076,4020.5
"Post scheduled trip end time",-2,15401,15403,4020.5
"Post scheduled trip end time",-2,8034,8036,4020.5
"Post scheduled trip end time",-2,13937,13939,4020.5
"Post scheduled trip end time",-2,11074,11076,4020.5
"Post scheduled trip end time",-2,9010,9012,4020.5
"Post scheduled trip end time",-2,11708,11710,4020.5
"Post scheduled trip end time",-2,19632,19634,4020.5
"Post scheduled trip end time",-2,5960,5962,4020.5
"Post scheduled trip end time",-2,5330,5332,4020.5
"Post scheduled trip end time",-2,1428,1430,4020.5
"Post scheduled trip end time",-2,28464,28466,4020.5
"Post scheduled trip end time",-2,31030,31032,4020.5
"Post scheduled trip end time",-2,26872,26874,4020.5
"Post scheduled trip end time",-2,645,647,4020.5
"Post scheduled trip end time",-2,15034,15036,4020.5
"Post scheduled trip end time",-2,14881,14883,4020.5
"Post scheduled trip end time",-2,16552,16554,4020.5
"Post scheduled trip end time",-2,2574,2576,4020.5
"Post scheduled trip end time",-2,12498,12500,4020.5
"Post scheduled trip end time",-2,1097,1099,4020.5
"Post scheduled trip end time",-2,7011,7013,4020.5
"Post scheduled trip end time",-2,3229,3231,4020.5
"Post scheduled trip end time",-2,4838,4840,4020.5
"Post scheduled trip end time",-2,19931,19933,4020.5
"Post scheduled trip end time",-2,8530,8532,4020.5
"Post scheduled trip end time",-2,1255,1257,4020.5
"Post scheduled trip end time",-2,780,782,4020.5
"Post scheduled trip end time",-2,14670,14672,4020.5
"Post scheduled trip end time",-2,13386,13388,4020.5
"Post scheduled trip end time",-2,13786,13788,4020.5
"Post scheduled trip end time",-2,18898,18900,4020.5
"Post scheduled trip end time",-2,10294,10296,4020.5
"Post scheduled trip end time",-2,9578,9580,4020.5
"Post scheduled trip end time",-2,2820,2822,4020.5
"Post scheduled trip end time",-2,10397,10399,4020.5
"Post scheduled trip end time",-2,6808,6810,4020.5
"Post scheduled trip end time",-2,1083,1085,4020.5
"Post scheduled trip end time",-2,15991,15993,4020.5
"Post scheduled trip end time",-2,15072,15074,4020.5
"Post scheduled trip end time",-2,4398,4400,4020.5
"Post scheduled trip end time",-2,2932,2934,4020.5
"Post scheduled trip end time",-2,12232,12234,4020.5
"Post scheduled trip end time",-2,9945,9947,4020.5
"Post scheduled trip end time",-2,1066,1068,4020.5
"Post scheduled trip end time",-2,2376,2378,4020.5
"Post scheduled trip end time",-2,68,70,4020.5
"Post scheduled trip end time",-2,15106,15108,4020.5
"Post scheduled trip end time",-2,163,165,4020.5
"Post scheduled trip end time",-2,21438,21440,4020.5
"Post scheduled trip end time",-2,35052,35054,4020.5
"Post scheduled trip end time",-2,24024,24026,4020.5
"Post scheduled trip end time",-2,14854,14856,4020.5
"Post scheduled trip end time",-2,21190,21192,4020.5
"Post scheduled trip end time",-2,15432,15434,4020.5
"Post scheduled trip end time",-2,9121,9123,4020.5
"Post scheduled trip end time",-2,12001,12003,4020.5
"Post scheduled trip end time",-2,1965,1967,4020.5
"Post scheduled trip end time",-2,837,839,4020.5
"Post scheduled trip end time",-2,13531,13533,4020.5
"Post scheduled trip end time",-2,8238,8240,4020.5
"Post scheduled trip end time",-2,3612,3614,4020.5
"Post scheduled trip end time",-2,1883,1885,4020.5
"Post scheduled trip end time",-2,16368,16370,4020.5
"Post scheduled trip end time",-2,3825,3827,4020.5
"Post scheduled trip end time",-2,13405,13407,4020.5
"Post scheduled trip end time",-2,47,49,4020.5
"Post scheduled trip end time",-2,67,69,4020.5
"Post scheduled trip end time",-2,1834,1836,4020.5
"Post scheduled trip end time",-2,28404,28406,4020.5
"Post scheduled trip end time",-2,32210,32212,4020.5
"Post scheduled trip end time",-2,19998,20000,4020.5
"Post scheduled trip end time",-2,2893,2895,4020.5
"Post scheduled trip end time",-2,2071,2073,4020.5
"Post scheduled trip end time",-2,22952,22954,4020.5
"Post scheduled trip end time",-2,24612,24614,4020.5
"Post scheduled trip end time",-2,490,492,4020.5
"Post scheduled trip end time",-2,7281,7283,4020.5
"Post scheduled trip end time",-2,22912,22914,4020.5
"Post scheduled trip end time",-2,4134,4136,4020.5
"Post scheduled trip end time",-2,13761,13763,4020.5
"Post scheduled trip end time",-2,11011,11013,4020.5
"Post scheduled trip end time",-2,5238,5240,4020.5
"Post scheduled trip end time",-2,5677,5679,4020.5
"Post scheduled trip end time",-2,22077,22079,4020.5
"Post scheduled trip end time",-2,11972,11974,4020.5
"Post scheduled trip end time",-2,835,837,4020.5
"Post scheduled trip end time",-2,2132,2134,4020.5
"Post scheduled trip end time",-2,16321,16323,4020.5
"Post scheduled trip end time",-2,6095,6097,4020.5
"Post scheduled trip end time",-2,31244,31246,4020.5
"Post scheduled trip end time",-2,11630,11632,4020.5
"Post scheduled trip end time",-2,6570,6572,4020.5
"Post scheduled trip end time",-2,31032,31034,4020.5
"Post scheduled trip end time",-2,14358,14360,4020.5
"Post scheduled trip end time",-2,7757,7759,4020.5
"Post scheduled trip end time",-2,471,473,4020.5
"Post scheduled trip end time",-2,2057,2059,4020.5
"Post scheduled trip end time",-2,1799,1801,4020.5
"Post scheduled trip end time",-2,16291,16293,4020.5
"Post scheduled trip end time",-2,15425,15427,4020.5
"Post scheduled trip end time",-2,1690,1692,4020.5
"Post scheduled trip end time",-2,1474,1476,4020.5
"Post scheduled trip end time",-2,1814,1816,4020.5
"Post scheduled trip end time",-2,1342,1344,4020.5
"Post scheduled trip end time",-2,28690,28692,4020.5
"Post scheduled trip end time",-2,17974,17976,4020.5
"Post scheduled trip end time",-2,7991,7993,4020.5
"Post scheduled trip end time",-2,1751,1753,4020.5
"Post scheduled trip end time",-2,1871,1873,4020.5
"Post scheduled trip end time",-2,7874,7876,4020.5
"Post scheduled trip end time",-2,16232,16234,4020.5
"Post scheduled trip end time",-2,12938,12940,4020.5
"Post scheduled trip end time",-2,4394,4396,4020.5
"Post scheduled trip end time",-2,8451,8453,4020.5
"Post scheduled trip end time",-2,16337,16339,4020.5
"Post scheduled trip end time",-2,1413,1415,4020.5
"Post scheduled trip end time",-2,7761,7763,4020.5
"Post scheduled trip end time",-2,21377,21379,4020.5
"Post scheduled trip end time",-2,6052,6054,4020.5
"Post scheduled trip end time",-2,536028,536030,4020.5
"Post scheduled trip end time",-2,4725,4727,4020.5
"Post scheduled trip end time",-2,17165,17167,4020.5
"Post scheduled trip end time",-2,361,363,4020.5
"Post scheduled trip end time",-2,10650,10652,4020.5
"Post scheduled trip end time",-2,15850,15852,4020.5
"Post scheduled trip end time",-2,1711,1713,4020.5
"Post scheduled trip end time",-2,4794,4796,4020.5
"Post scheduled trip end time",-2,12706,12708,4020.5
"Post scheduled trip end time",-2,6226,6228,4020.5
"Post scheduled trip end time",-2,15366,15368,4020.5
"Post scheduled trip end time",-2,7751,7753,4020.5
"Post scheduled trip end time",-2,20446,20448,4020.5
"Post scheduled trip end time",-2,15470,15472,4020.5
"Post scheduled trip end time",-2,7270,7272,4020.5
"Post scheduled trip end time",-2,10190,10192,4020.5
"Post scheduled trip end time",-2,32164,32166,4020.5
"Post scheduled trip end time",-2,12340,12342,4020.5
"Post scheduled trip end time",-2,20718,20720,4020.5
"Post scheduled trip end time",-2,21730,21732,4020.5
"Post scheduled trip end time",-2,22492,22494,4020.5
"Post scheduled trip end time",-2,12272,12274,4020.5
"Post scheduled trip end time",-2,21697,21699,4020.5
"Post scheduled trip end time",-2,6328,6330,4020.5
"Post scheduled trip end time",-2,541028,541030,4020.5
"Post scheduled trip end time",-2,12928,12930,4020.5
"Post scheduled trip end time",-2,13508,13510,4020.5
"Post scheduled trip end time",-2,8981,8983,4020.5
"Post scheduled trip end time",-2,1239,1241,4020.5
"Post scheduled trip end time",-2,63,65,4020.5
"Post scheduled trip end time",-2,2149,2151,4020.5
"Post scheduled trip end time",-2,678,680,4020.5
"Post scheduled trip end time",-2,6960,6962,4020.5
"Post scheduled trip end time",-2,7000,7002,4020.5
"Post scheduled trip end time",-2,12190,12192,4020.5
"Post scheduled trip end time",-2,-10,-8,4020.5
"Post scheduled trip end time",-2,2750,2752,4020.5
"Post scheduled trip end time",-2,21550,21552,4020.5
"Post scheduled trip end time",-2,9650,9652,4020.5
"Post scheduled trip end time",-2,2411,2413,4020.5
"Post scheduled trip end time",-2,9498,9500,4020.5
"Post scheduled trip end time",-2,8881,8883,4020.5
"Post scheduled trip end time",-2,16392,16394,4020.5
"Post scheduled trip end time",-2,19072,19074,4020.5
"Post scheduled trip end time",-2,1698,1700,4020.5
"Post scheduled trip end time",-2,533108,533110,4020.5
"Post scheduled trip end time",-2,3621,3623,4020.5
"Post scheduled trip end time",-2,539828,539830,4020.5
"Post scheduled trip end time",-2,11406,11408,4020.5
"Post scheduled trip end time",-2,2479,2481,4020.5
"Post scheduled trip end time",-2,9372,9374,4020.5
"Post scheduled trip end time",-2,3854,3856,4020.5
"Post scheduled trip end time",-2,2439,2441,4020.5
"Post scheduled trip end time",-2,23,25,4020.5
"Post scheduled trip end time",-2,10590,10592,4020.5
"Post scheduled trip end time",-2,4921,4923,4020.5
"Post scheduled trip end time",-2,28510,28512,4020.5
"Post scheduled trip end time",-2,10290,10292,4020.5
"Post scheduled trip end time",-2,9110,9112,4020.5
"Post scheduled trip end time",-2,13430,13432,4020.5
"Post scheduled trip end time",-2,15670,15672,4020.5
"Post scheduled trip end time",-2,1025,1027,4020.5
"Post scheduled trip end time",-2,8450,8452,4020.5
"Post scheduled trip end time",-2,28792,28794,4020.5
"Post scheduled trip end time",-2,18618,18620,4020.5
"Post scheduled trip end time",-2,17092,17094,4020.5
"Post scheduled trip end time",-2,10792,10794,4020.5
"Post scheduled trip end time",-2,532228,532230,4020.5
"Post scheduled trip end time",-2,10486,10488,4020.5
"Post scheduled trip end time",-2,1719,1721,4020.5
"Post scheduled trip end time",-2,12746,12748,4020.5
"Post scheduled trip end time",-2,3398,3400,4020.5
"Post scheduled trip end time",-2,3558,3560,4020.5
"Post scheduled trip end time",-2,2541,2543,4020.5
"Post scheduled trip end time",-2,6626,6628,4020.5
"Post scheduled trip end time",-2,7226,7228,4020.5
"Post scheduled trip end time",-2,3930,3932,4020.5
"Post scheduled trip end time",-2,1695,1697,4020.5
"Post scheduled trip end time",-2,230,232,4020.5
"Post scheduled trip end time",-2,1052,1054,4020.5
"Post scheduled trip end time",-2,905,907,4020.5
"Post scheduled trip end time",-2,965,967,4020.5
"Post scheduled trip end time",-2,3437,3439,4020.5
"Post scheduled trip end time",-2,15657,15659,4020.5
"Post scheduled trip end time",-2,11154,11156,4020.5
"Post scheduled trip end time",-2,21112,21114,4020.5
"Post scheduled trip end time",-2,533688,533690,4020.5
"Post scheduled trip end time",-2,6268,6270,4020.5
"Post scheduled trip end time",-2,3228,3230,4020.5
"Post scheduled trip end time",-2,529608,529610,4020.5
"Post scheduled trip end time",-2,13151,13153,4020.5
"Post scheduled trip end time",-2,1341,1343,4020.5
"Post scheduled trip end time",-2,2181,2183,4020.5
"Post scheduled trip end time",-2,8570,8572,4020.5
"Post scheduled trip end time",-2,896,898,4020.5
"Post scheduled trip end time",-2,2718,2720,4020.5
"Post scheduled trip end time",-2,17874,17876,4020.5
"Post scheduled trip end time",-2,16094,16096,4020.5
"Post scheduled trip end time",-2,19037,19039,4020.5
"Post scheduled trip end time",-2,16398,16400,4020.5
"Post scheduled trip end time",-2,11441,11443,4020.5
"Post scheduled trip end time",-2,347,349,4020.5
"Post scheduled trip end time",-2,4989,4991,4020.5
"Post scheduled trip end time",-2,2608,2610,4020.5
"Post scheduled trip end time",-2,536528,536530,4020.5
"Post scheduled trip end time",-2,2534,2536,4020.5
"Post scheduled trip end time",-2,370,372,4020.5
"Post scheduled trip end time",-2,1063,1065,4020.5
"Post scheduled trip end time",-2,1065,1067,4020.5
"Post scheduled trip end time",-2,1535,1537,4020.5
"Post scheduled trip end time",-2,237,239,4020.5
"Post scheduled trip end time",-2,570,572,4020.5
"Post scheduled trip end time",-2,7870,7872,4020.5
"Post scheduled trip end time",-2,11594,11596,4020.5
"Post scheduled trip end time",-2,10330,10332,4020.5
"Post scheduled trip end time",-2,8738,8740,4020.5
"Post scheduled trip end time",-2,12401,12403,4020.5
"Post scheduled trip end time",-2,26512,26514,4020.5
"Post scheduled trip end time",-2,3771,3773,4020.5
"Post scheduled trip end time",-2,636,638,4020.5
"Post scheduled trip end time",-2,4261,4263,4020.5
"Post scheduled trip end time",-2,11872,11874,4020.5
"Post scheduled trip end time",-2,5301,5303,4020.5
"Post scheduled trip end time",-2,5272,5274,4020.5
"Post scheduled trip end time",-2,6128,6130,4020.5
"Post scheduled trip end time",-2,3460,3462,4020.5
"Post scheduled trip end time",-2,7857,7859,4020.5
"Post scheduled trip end time",-2,1252,1254,4020.5
"Post scheduled trip end time",-2,15710,15712,4020.5
"Post scheduled trip end time",-2,31464,31466,4020.5
"Post scheduled trip end time",-2,5389,5391,4020.5
"Post scheduled trip end time",-2,15534,15536,4020.5
"Post scheduled trip end time",-2,5349,5351,4020.5
"Post scheduled trip end time",-2,29752,29754,4020.5
"Post scheduled trip end time",-2,10841,10843,4020.5
"Post scheduled trip end time",-2,11034,11036,4020.5
"Post scheduled trip end time",-2,6248,6250,4020.5
"Post scheduled trip end time",-2,11551,11553,4020.5
"Post scheduled trip end time",-2,3208,3210,4020.5
"Post scheduled trip end time",-2,7085,7087,4020.5
"Post scheduled trip end time",-2,913,915,4020.5
"Post scheduled trip end time",-2,1299,1301,4020.5
"Post scheduled trip end time",-2,5001,5003,4020.5
"Post scheduled trip end time",-2,17,19,4020.5
"Post scheduled trip end time",-2,6970,6972,4020.5
"Post scheduled trip end time",-2,19590,19592,4020.5
"Post scheduled trip end time",-2,29950,29952,4020.5
"Post scheduled trip end time",-2,1024,1026,4020.5
"Post scheduled trip end time",-2,19914,19916,4020.5
"Post scheduled trip end time",-2,1305,1307,4020.5
"Post scheduled trip end time",-2,16334,16336,4020.5
"Post scheduled trip end time",-2,14721,14723,4020.5
"Post scheduled trip end time",-2,8480,8482,4020.5
"Post scheduled trip end time",-2,24052,24054,4020.5
"Post scheduled trip end time",-2,11478,11480,4020.5
"Post scheduled trip end time",-2,6120,6122,4020.5
"Post scheduled trip end time",-2,6588,6590,4020.5
"Post scheduled trip end time",-2,524788,524790,4020.5
"Post scheduled trip end time",-2,392,394,4020.5
"Post scheduled trip end time",-2,20131,20133,4020.5
"Post scheduled trip end time",-2,8532,8534,4020.5
"Post scheduled trip end time",-2,5181,5183,4020.5
"Post scheduled trip end time",-2,16010,16012,4020.5
"Post scheduled trip end time",-2,412,414,4020.5
"Post scheduled trip end time",-2,10270,10272,4020.5
"Post scheduled trip end time",-2,3563,3565,4020.5
"Post scheduled trip end time",-2,6300,6302,4020.5
"Post scheduled trip end time",-2,1287,1289,4020.5
"Post scheduled trip end time",-2,17370,17372,4020.5
"Post scheduled trip end time",-2,10226,10228,4020.5
"Post scheduled trip end time",-2,2920,2922,4020.5
"Post scheduled trip end time",-2,34150,34152,4020.5
"Post scheduled trip end time",-2,27170,27172,4020.5
"Post scheduled trip end time",-2,20730,20732,4020.5
"Post scheduled trip end time",-2,12750,12752,4020.5
"Post scheduled trip end time",-2,8398,8400,4020.5
"Post scheduled trip end time",-2,9661,9663,4020.5
"Post scheduled trip end time",-2,3089,3091,4020.5
"Post scheduled trip end time",-2,452,454,4020.5
"Post scheduled trip end time",-2,18412,18414,4020.5
"Post scheduled trip end time",-2,7118,7120,4020.5
"Post scheduled trip end time",-2,3349,3351,4020.5
"Post scheduled trip end time",-2,534808,534810,4020.5
"Post scheduled trip end time",-2,6537,6539,4020.5
"Post scheduled trip end time",-2,2848,2850,4020.5
"Post scheduled trip end time",-2,3177,3179,4020.5
"Post scheduled trip end time",-2,17508,17510,4020.5
"Post scheduled trip end time",-2,4132,4134,4020.5
"Post scheduled trip end time",-2,2201,2203,4020.5
"Post scheduled trip end time",-2,4058,4060,4020.5
"Post scheduled trip end time",-2,11401,11403,4020.5
"Post scheduled trip end time",-2,1720,1722,4020.5
"Post scheduled trip end time",-2,79,81,4020.5
"Post scheduled trip end time",-2,1254,1256,4020.5
"Post scheduled trip end time",-2,5241,5243,4020.5
"Post scheduled trip end time",-2,863,865,4020.5
"Post scheduled trip end time",-2,3580,3582,4020.5
"Post scheduled trip end time",-2,29150,29152,4020.5
"Post scheduled trip end time",-2,6894,6896,4020.5
"Post scheduled trip end time",-2,9540,9542,4020.5
"Post scheduled trip end time",-2,15672,15674,4020.5
"Post scheduled trip end time",-2,18132,18134,4020.5
"Post scheduled trip end time",-2,12481,12483,4020.5
"Post scheduled trip end time",-2,13578,13580,4020.5
"Post scheduled trip end time",-2,137,139,4020.5
"Post scheduled trip end time",-2,13891,13893,4020.5
"Post scheduled trip end time",-2,5178,5180,4020.5
"Post scheduled trip end time",-2,5229,5231,4020.5
"Post scheduled trip end time",-2,526508,526510,4020.5
"Post scheduled trip end time",-2,13991,13993,4020.5
"Post scheduled trip end time",-2,543188,543190,4020.5
"Post scheduled trip end time",-2,1401,1403,4020.5
"Post scheduled trip end time",-2,2905,2907,4020.5
"Post scheduled trip end time",-2,13625,13627,4020.5
"Post scheduled trip end time",-2,13945,13947,4020.5
"Post scheduled trip end time",-2,1730,1732,4020.5
"Post scheduled trip end time",-2,28504,28506,4020.5
"Post scheduled trip end time",-2,31710,31712,4020.5
"Post scheduled trip end time",-2,19898,19900,4020.5
"Post scheduled trip end time",-2,16997,16999,4020.5
"Post scheduled trip end time",-2,31612,31614,4020.5
"Post scheduled trip end time",-2,8441,8443,4020.5
"Post scheduled trip end time",-2,11798,11800,4020.5
"Post scheduled trip end time",-2,2909,2911,4020.5
"Post scheduled trip end time",-2,4169,4171,4020.5
"Post scheduled trip end time",-2,4221,4223,4020.5
"Post scheduled trip end time",-2,18812,18814,4020.5
"Post scheduled trip end time",-2,6118,6120,4020.5
"Post scheduled trip end time",-2,1712,1714,4020.5
"Post scheduled trip end time",-2,4158,4160,4020.5
"Post scheduled trip end time",-2,3321,3323,4020.5
"Post scheduled trip end time",-2,2279,2281,4020.5
"Post scheduled trip end time",-2,4561,4563,4020.5
"Post scheduled trip end time",-2,603,605,4020.5
"Post scheduled trip end time",-2,131,133,4020.5
"Post scheduled trip end time",-2,1620,1622,4020.5
"Post scheduled trip end time",-2,8266,8268,4020.5
"Post scheduled trip end time",-2,23652,23654,4020.5
"Post scheduled trip end time",-2,14712,14714,4020.5
"Post scheduled trip end time",-2,12438,12440,4020.5
"Post scheduled trip end time",-2,10791,10793,4020.5
"Post scheduled trip end time",-2,11857,11859,4020.5
"Post scheduled trip end time",-2,12314,12316,4020.5
"Post scheduled trip end time",-2,6581,6583,4020.5
"Post scheduled trip end time",-2,3868,3870,4020.5
"Post scheduled trip end time",-2,4572,4574,4020.5
"Post scheduled trip end time",-2,5812,5814,4020.5
"Post scheduled trip end time",-2,2477,2479,4020.5
"Post scheduled trip end time",-2,542128,542130,4020.5
"Post scheduled trip end time",-2,7712,7714,4020.5
"Post scheduled trip end time",-2,1446,1448,4020.5
"Post scheduled trip end time",-2,15312,15314,4020.5
"Post scheduled trip end time",-2,766,768,4020.5
"Post scheduled trip end time",-2,4072,4074,4020.5
"Post scheduled trip end time",-2,3610,3612,4020.5
"Post scheduled trip end time",-2,6681,6683,4020.5
"Post scheduled trip end time",-2,2330,2332,4020.5
"Post scheduled trip end time",-2,9406,9408,4020.5
"Post scheduled trip end time",-2,7391,7393,4020.5
"Post scheduled trip end time",-2,21086,21088,4020.5
"Post scheduled trip end time",-2,416,418,4020.5
"Post scheduled trip end time",-2,16134,16136,4020.5
"Post scheduled trip end time",-2,4575,4577,4020.5
"Post scheduled trip end time",-2,6710,6712,4020.5
"Post scheduled trip end time",-2,31592,31594,4020.5
"Post scheduled trip end time",-2,519668,519670,4020.5
"Post scheduled trip end time",-2,3317,3319,4020.5
"Post scheduled trip end time",-2,14775,14777,4020.5
"Post scheduled trip end time",-2,11674,11676,4020.5
"Post scheduled trip end time",-2,1809,1811,4020.5
"Post scheduled trip end time",-2,20497,20499,4020.5
"Post scheduled trip end time",-2,536428,536430,4020.5
"Post scheduled trip end time",-2,22268,22270,4020.5
"Post scheduled trip end time",-2,18950,18952,4020.5
"Post scheduled trip end time",-2,3153,3155,4020.5
"Post scheduled trip end time",-2,16254,16256,4020.5
"Post scheduled trip end time",-2,20890,20892,4020.5
"Post scheduled trip end time",-2,5289,5291,4020.5
"Post scheduled trip end time",-2,29512,29514,4020.5
"Post scheduled trip end time",-2,1600,1602,4020.5
"Post scheduled trip end time",-2,12818,12820,4020.5
"Post scheduled trip end time",-2,5794,5796,4020.5
"Post scheduled trip end time",-2,520928,520930,4020.5
"Post scheduled trip end time",-2,13451,13453,4020.5
"Post scheduled trip end time",-2,13312,13314,4020.5
"Post scheduled trip end time",-2,15608,15610,4020.5
"Post scheduled trip end time",-2,2358,2360,4020.5
"Post scheduled trip end time",-2,15611,15613,4020.5
"Post scheduled trip end time",-2,8632,8634,4020.5
"Post scheduled trip end time",-2,14725,14727,4020.5
"Post scheduled trip end time",-2,11492,11494,4020.5
"Before scheduled trip start time",-1,21443,21444,8038
"Before scheduled trip start time",-1,672500,672501,8038
"Before scheduled trip start time",-1,53727,53728,8038
"Before scheduled trip start time",-1,660560,660561,8038
"Before scheduled trip start time",-1,669,670,8038
"Before scheduled trip start time",-1,1474,1475,8038
"Before scheduled trip start time",-1,4072,4073,8038
"Before scheduled trip start time",-1,6915,6916,8038
"Before scheduled trip start time",-1,12752,12753,8038
"Before scheduled trip start time",-1,6397,6398,8038
"Before scheduled trip start time",-1,1330,1331,8038
"Before scheduled trip start time",-1,20323,20324,8038
"Before scheduled trip start time",-1,193,194,8038
"Before scheduled trip start time",-1,51947,51948,8038
"Before scheduled trip start time",-1,52367,52368,8038
"Before scheduled trip start time",-1,676520,676521,8038
"Before scheduled trip start time",-1,37427,37428,8038
"Before scheduled trip start time",-1,55459,55460,8038
"Before scheduled trip start time",-1,80,81,8038
"Before scheduled trip start time",-1,73147,73148,8038
"Before scheduled trip start time",-1,723,724,8038
"Before scheduled trip start time",-1,15498,15499,8038
"Before scheduled trip start time",-1,1080,1081,8038
"Before scheduled trip start time",-1,60119,60120,8038
"Before scheduled trip start time",-1,63319,63320,8038
"Before scheduled trip start time",-1,2829,2830,8038
"Before scheduled trip start time",-1,8352,8353,8038
"Before scheduled trip start time",-1,50339,50340,8038
"Before scheduled trip start time",-1,670820,670821,8038
"Before scheduled trip start time",-1,56387,56388,8038
"Before scheduled trip start time",-1,51627,51628,8038
"Before scheduled trip start time",-1,661240,661241,8038
"Before scheduled trip start time",-1,22258,22259,8038
"Before scheduled trip start time",-1,26958,26959,8038
"Before scheduled trip start time",-1,45447,45448,8038
"Before scheduled trip start time",-1,7075,7076,8038
"Before scheduled trip start time",-1,1067,1068,8038
"Before scheduled trip start time",-1,2394,2395,8038
"Before scheduled trip start time",-1,652,653,8038
"Before scheduled trip start time",-1,1687,1688,8038
"Before scheduled trip start time",-1,639,640,8038
"Before scheduled trip start time",-1,53059,53060,8038
"Before scheduled trip start time",-1,23294,23295,8038
"Before scheduled trip start time",-1,66827,66828,8038
"Before scheduled trip start time",-1,27754,27755,8038
"Before scheduled trip start time",-1,656540,656541,8038
"Before scheduled trip start time",-1,41867,41868,8038
"Before scheduled trip start time",-1,11492,11493,8038
"Before scheduled trip start time",-1,7554,7555,8038
"Before scheduled trip start time",-1,160,161,8038
"Before scheduled trip start time",-1,56059,56060,8038
"Before scheduled trip start time",-1,867,868,8038
"Before scheduled trip start time",-1,18438,18439,8038
"Before scheduled trip start time",-1,16554,16555,8038
"Before scheduled trip start time",-1,676,677,8038
"Before scheduled trip start time",-1,6612,6613,8038
"Before scheduled trip start time",-1,37496,37497,8038
"Before scheduled trip start time",-1,46,47,8038
"Before scheduled trip start time",-1,1211,1212,8038
"Before scheduled trip start time",-1,57,58,8038
"Before scheduled trip start time",-1,37907,37908,8038
"Before scheduled trip start time",-1,40487,40488,8038
"Before scheduled trip start time",-1,110,111,8038
"Before scheduled trip start time",-1,29403,29404,8038
"Before scheduled trip start time",-1,1213,1214,8038
"Before scheduled trip start time",-1,669600,669601,8038
"Before scheduled trip start time",-1,459,460,8038
"Before scheduled trip start time",-1,511008,511009,8038
"Before scheduled trip start time",-1,9415,9416,8038
"Before scheduled trip start time",-1,6799,6800,8038
"Before scheduled trip start time",-1,13612,13613,8038
"Before scheduled trip start time",-1,498028,498029,8038
"Before scheduled trip start time",-1,14534,14535,8038
"Before scheduled trip start time",-1,502988,502989,8038
"Before scheduled trip start time",-1,338,339,8038
"Before scheduled trip start time",-1,39287,39288,8038
"Before scheduled trip start time",-1,393,394,8038
"Before scheduled trip start time",-1,33676,33677,8038
"Before scheduled trip start time",-1,24954,24955,8038
"Before scheduled trip start time",-1,580,581,8038
"Before scheduled trip start time",-1,642,643,8038
"Before scheduled trip start time",-1,60639,60640,8038
"Before scheduled trip start time",-1,30518,30519,8038
"Before scheduled trip start time",-1,-1,0,8038
"Before scheduled trip start time",-1,38856,38857,8038
"Before scheduled trip start time",-1,26756,26757,8038
"Before scheduled trip start time",-1,58547,58548,8038
"Before scheduled trip start time",-1,58987,58988,8038
"Before scheduled trip start time",-1,17234,17235,8038
"Before scheduled trip start time",-1,44107,44108,8038
"Before scheduled trip start time",-1,500,501,8038
"Before scheduled trip start time",-1,4732,4733,8038
"Before scheduled trip start time",-1,27758,27759,8038
"Before scheduled trip start time",-1,1295,1296,8038
"Before scheduled trip start time",-1,4837,4838,8038
"Before scheduled trip start time",-1,6934,6935,8038
"Before scheduled trip start time",-1,497928,497929,8038
"Before scheduled trip start time",-1,20423,20424,8038
"Before scheduled trip start time",-1,492,493,8038
"Before scheduled trip start time",-1,8234,8235,8038
"Before scheduled trip start time",-1,63707,63708,8038
"Before scheduled trip start time",-1,55627,55628,8038
"Before scheduled trip start time",-1,15603,15604,8038
"Before scheduled trip start time",-1,495268,495269,8038
"Before scheduled trip start time",-1,21838,21839,8038
"Before scheduled trip start time",-1,23998,23999,8038
"Before scheduled trip start time",-1,76367,76368,8038
"Before scheduled trip start time",-1,26298,26299,8038
"Before scheduled trip start time",-1,16218,16219,8038
"Before scheduled trip start time",-1,35887,35888,8038
"Before scheduled trip start time",-1,878,879,8038
"Before scheduled trip start time",-1,70179,70180,8038
"Before scheduled trip start time",-1,33203,33204,8038
"Before scheduled trip start time",-1,1284,1285,8038
"Before scheduled trip start time",-1,9326,9327,8038
"Before scheduled trip start time",-1,13052,13053,8038
"Before scheduled trip start time",-1,24343,24344,8038
"Before scheduled trip start time",-1,509188,509189,8038
"Before scheduled trip start time",-1,2051,2052,8038
"Before scheduled trip start time",-1,29556,29557,8038
"Before scheduled trip start time",-1,299,300,8038
"Before scheduled trip start time",-1,18858,18859,8038
"Before scheduled trip start time",-1,66507,66508,8038
"Before scheduled trip start time",-1,67967,67968,8038
"Before scheduled trip start time",-1,364,365,8038
"Before scheduled trip start time",-1,3897,3898,8038
"Before scheduled trip start time",-1,6879,6880,8038
"Before scheduled trip start time",-1,815,816,8038
"Before scheduled trip start time",-1,7695,7696,8038
"Before scheduled trip start time",-1,8872,8873,8038
"Before scheduled trip start time",-1,30343,30344,8038
"Before scheduled trip start time",-1,58439,58440,8038
"Before scheduled trip start time",-1,48507,48508,8038
"Before scheduled trip start time",-1,55967,55968,8038
"Before scheduled trip start time",-1,39516,39517,8038
"Before scheduled trip start time",-1,666200,666201,8038
"Before scheduled trip start time",-1,33123,33124,8038
"Before scheduled trip start time",-1,28658,28659,8038
"Before scheduled trip start time",-1,1739,1740,8038
"Before scheduled trip start time",-1,33478,33479,8038
"Before scheduled trip start time",-1,49407,49408,8038
"Before scheduled trip start time",-1,43439,43440,8038
"Before scheduled trip start time",-1,20718,20719,8038
"Before scheduled trip start time",-1,23038,23039,8038
"Before scheduled trip start time",-1,18998,18999,8038
"Before scheduled trip start time",-1,683980,683981,8038
"Before scheduled trip start time",-1,688680,688681,8038
"Before scheduled trip start time",-1,66767,66768,8038
"Before scheduled trip start time",-1,1443,1444,8038
"Before scheduled trip start time",-1,43787,43788,8038
"Before scheduled trip start time",-1,10955,10956,8038
"Before scheduled trip start time",-1,3335,3336,8038
"Before scheduled trip start time",-1,2357,2358,8038
"Before scheduled trip start time",-1,12715,12716,8038
"Before scheduled trip start time",-1,4534,4535,8038
"Before scheduled trip start time",-1,58307,58308,8038
"Before scheduled trip start time",-1,63,64,8038
"Before scheduled trip start time",-1,676420,676421,8038
"Before scheduled trip start time",-1,17658,17659,8038
"Before scheduled trip start time",-1,73267,73268,8038
"Before scheduled trip start time",-1,27458,27459,8038
"Before scheduled trip start time",-1,69979,69980,8038
"Before scheduled trip start time",-1,4532,4533,8038
"Before scheduled trip start time",-1,9574,9575,8038
"Before scheduled trip start time",-1,2634,2635,8038
"Before scheduled trip start time",-1,13374,13375,8038
"Before scheduled trip start time",-1,35,36,8038
"Before scheduled trip start time",-1,1311,1312,8038
"Before scheduled trip start time",-1,57867,57868,8038
"Before scheduled trip start time",-1,39796,39797,8038
"Before scheduled trip start time",-1,41816,41817,8038
"Before scheduled trip start time",-1,184,185,8038
"Before scheduled trip start time",-1,26883,26884,8038
"Before scheduled trip start time",-1,22318,22319,8038
"Before scheduled trip start time",-1,65887,65888,8038
"Before scheduled trip start time",-1,45207,45208,8038
"Before scheduled trip start time",-1,663580,663581,8038
"Before scheduled trip start time",-1,2099,2100,8038
"Before scheduled trip start time",-1,9772,9773,8038
"Before scheduled trip start time",-1,12415,12416,8038
"Before scheduled trip start time",-1,498768,498769,8038
"Before scheduled trip start time",-1,56367,56368,8038
"Before scheduled trip start time",-1,39907,39908,8038
"Before scheduled trip start time",-1,16183,16184,8038
"Before scheduled trip start time",-1,36207,36208,8038
"Before scheduled trip start time",-1,659180,659181,8038
"Before scheduled trip start time",-1,60499,60500,8038
"Before scheduled trip start time",-1,31774,31775,8038
"Before scheduled trip start time",-1,1999,2000,8038
"Before scheduled trip start time",-1,604,605,8038
"Before scheduled trip start time",-1,1594,1595,8038
"Before scheduled trip start time",-1,63027,63028,8038
"Before scheduled trip start time",-1,61747,61748,8038
"Before scheduled trip start time",-1,19274,19275,8038
"Before scheduled trip start time",-1,6519,6520,8038
"Before scheduled trip start time",-1,20403,20404,8038
"Before scheduled trip start time",-1,15,16,8038
"Before scheduled trip start time",-1,16094,16095,8038
"Before scheduled trip start time",-1,1707,1708,8038
"Before scheduled trip start time",-1,111,112,8038
"Before scheduled trip start time",-1,675860,675861,8038
"Before scheduled trip start time",-1,3691,3692,8038
"Before scheduled trip start time",-1,29876,29877,8038
"Before scheduled trip start time",-1,45239,45240,8038
"Before scheduled trip start time",-1,275,276,8038
"Before scheduled trip start time",-1,21378,21379,8038
"Before scheduled trip start time",-1,23678,23679,8038
"Before scheduled trip start time",-1,21174,21175,8038
"Before scheduled trip start time",-1,25958,25959,8038
"Before scheduled trip start time",-1,19394,19395,8038
"Before scheduled trip start time",-1,863,864,8038
"Before scheduled trip start time",-1,45127,45128,8038
"Before scheduled trip start time",-1,47147,47148,8038
"Before scheduled trip start time",-1,31294,31295,8038
"Before scheduled trip start time",-1,417,418,8038
"Before scheduled trip start time",-1,38396,38397,8038
"Before scheduled trip start time",-1,685440,685441,8038
"Before scheduled trip start time",-1,38047,38048,8038
"Before scheduled trip start time",-1,494008,494009,8038
"Before scheduled trip start time",-1,25903,25904,8038
"Before scheduled trip start time",-1,506728,506729,8038
"Before scheduled trip start time",-1,56379,56380,8038
"Before scheduled trip start time",-1,689120,689121,8038
"Before scheduled trip start time",-1,232,233,8038
"Before scheduled trip start time",-1,28474,28475,8038
"Before scheduled trip start time",-1,42587,42588,8038
"Before scheduled trip start time",-1,514028,514029,8038
"Before scheduled trip start time",-1,2468,2469,8038
"Before scheduled trip start time",-1,1015,1016,8038
"Before scheduled trip start time",-1,32538,32539,8038
"Before scheduled trip start time",-1,1114,1115,8038
"Before scheduled trip start time",-1,507328,507329,8038
"Before scheduled trip start time",-1,672100,672101,8038
"Before scheduled trip start time",-1,676340,676341,8038
"Before scheduled trip start time",-1,18103,18104,8038
"Before scheduled trip start time",-1,18143,18144,8038
"Before scheduled trip start time",-1,506588,506589,8038
"Before scheduled trip start time",-1,183,184,8038
"Before scheduled trip start time",-1,16878,16879,8038
"Before scheduled trip start time",-1,533,534,8038
"Before scheduled trip start time",-1,526,527,8038
"Before scheduled trip start time",-1,70519,70520,8038
"Before scheduled trip start time",-1,62399,62400,8038
"Before scheduled trip start time",-1,71859,71860,8038
"Before scheduled trip start time",-1,72399,72400,8038
"Before scheduled trip start time",-1,501,502,8038
"Before scheduled trip start time",-1,37556,37557,8038
"Before scheduled trip start time",-1,57859,57860,8038
"Before scheduled trip start time",-1,26856,26857,8038
"Before scheduled trip start time",-1,687760,687761,8038
"Before scheduled trip start time",-1,672960,672961,8038
"Before scheduled trip start time",-1,680080,680081,8038
"Before scheduled trip start time",-1,79,80,8038
"Before scheduled trip start time",-1,23634,23635,8038
"Before scheduled trip start time",-1,23318,23319,8038
"Before scheduled trip start time",-1,527,528,8038
"Before scheduled trip start time",-1,268,269,8038
"Before scheduled trip start time",-1,27174,27175,8038
"Before scheduled trip start time",-1,3955,3956,8038
"Before scheduled trip start time",-1,502568,502569,8038
"Before scheduled trip start time",-1,351,352,8038
"Before scheduled trip start time",-1,673620,673621,8038
"Before scheduled trip start time",-1,38447,38448,8038
"Before scheduled trip start time",-1,661200,661201,8038
"Before scheduled trip start time",-1,494168,494169,8038
"Before scheduled trip start time",-1,475,476,8038
"Before scheduled trip start time",-1,1264,1265,8038
"Before scheduled trip start time",-1,4892,4893,8038
"Before scheduled trip start time",-1,6757,6758,8038
"Before scheduled trip start time",-1,931,932,8038
"Before scheduled trip start time",-1,51787,51788,8038
"Before scheduled trip start time",-1,53879,53880,8038
"Before scheduled trip start time",-1,70067,70068,8038
"Before scheduled trip start time",-1,255,256,8038
"Before scheduled trip start time",-1,47067,47068,8038
"Before scheduled trip start time",-1,382,383,8038
"Before scheduled trip start time",-1,2652,2653,8038
"Before scheduled trip start time",-1,77919,77920,8038
"Before scheduled trip start time",-1,7055,7056,8038
"Before scheduled trip start time",-1,3039,3040,8038
"Before scheduled trip start time",-1,8912,8913,8038
"Before scheduled trip start time",-1,7117,7118,8038
"Before scheduled trip start time",-1,112,113,8038
"Before scheduled trip start time",-1,1493,1494,8038
"Before scheduled trip start time",-1,510108,510109,8038
"Before scheduled trip start time",-1,26656,26657,8038
"Before scheduled trip start time",-1,2651,2652,8038
"Before scheduled trip start time",-1,58567,58568,8038
"Before scheduled trip start time",-1,660120,660121,8038
"Before scheduled trip start time",-1,27603,27604,8038
"Before scheduled trip start time",-1,17538,17539,8038
"Before scheduled trip start time",-1,73887,73888,8038
"Before scheduled trip start time",-1,24978,24979,8038
"Before scheduled trip start time",-1,430,431,8038
"Before scheduled trip start time",-1,4934,4935,8038
"Before scheduled trip start time",-1,503228,503229,8038
"Before scheduled trip start time",-1,25276,25277,8038
"Before scheduled trip start time",-1,251,252,8038
"Before scheduled trip start time",-1,64867,64868,8038
"Before scheduled trip start time",-1,671060,671061,8038
"Before scheduled trip start time",-1,38427,38428,8038
"Before scheduled trip start time",-1,505948,505949,8038
"Before scheduled trip start time",-1,29063,29064,8038
"Before scheduled trip start time",-1,440,441,8038
"Before scheduled trip start time",-1,16798,16799,8038
"Before scheduled trip start time",-1,47787,47788,8038
"Before scheduled trip start time",-1,1475,1476,8038
"Before scheduled trip start time",-1,561,562,8038
"Before scheduled trip start time",-1,1413,1414,8038
"Before scheduled trip start time",-1,30723,30724,8038
"Before scheduled trip start time",-1,674840,674841,8038
"Before scheduled trip start time",-1,109,110,8038
"Before scheduled trip start time",-1,32136,32137,8038
"Before scheduled trip start time",-1,75887,75888,8038
"Before scheduled trip start time",-1,658460,658461,8038
"Before scheduled trip start time",-1,41527,41528,8038
"Before scheduled trip start time",-1,8417,8418,8038
"Before scheduled trip start time",-1,2414,2415,8038
"Before scheduled trip start time",-1,46759,46760,8038
"Before scheduled trip start time",-1,14214,14215,8038
"Before scheduled trip start time",-1,113,114,8038
"Before scheduled trip start time",-1,22243,22244,8038
"Before scheduled trip start time",-1,509408,509409,8038
"Before scheduled trip start time",-1,49447,49448,8038
"Before scheduled trip start time",-1,52587,52588,8038
"Before scheduled trip start time",-1,238,239,8038
"Before scheduled trip start time",-1,55519,55520,8038
"Before scheduled trip start time",-1,72627,72628,8038
"Before scheduled trip start time",-1,648,649,8038
"Before scheduled trip start time",-1,584,585,8038
"Before scheduled trip start time",-1,465,466,8038
"Before scheduled trip start time",-1,617,618,8038
"Before scheduled trip start time",-1,3212,3213,8038
"Before scheduled trip start time",-1,1428,1429,8038
"Before scheduled trip start time",-1,29138,29139,8038
"Before scheduled trip start time",-1,12694,12695,8038
"Before scheduled trip start time",-1,342,343,8038
"Before scheduled trip start time",-1,674220,674221,8038
"Before scheduled trip start time",-1,34896,34897,8038
"Before scheduled trip start time",-1,683820,683821,8038
"Before scheduled trip start time",-1,67427,67428,8038
"Before scheduled trip start time",-1,1133,1134,8038
"Before scheduled trip start time",-1,13478,13479,8038
"Before scheduled trip start time",-1,44307,44308,8038
"Before scheduled trip start time",-1,33647,33648,8038
"Before scheduled trip start time",-1,36547,36548,8038
"Before scheduled trip start time",-1,71579,71580,8038
"Before scheduled trip start time",-1,31718,31719,8038
"Before scheduled trip start time",-1,2194,2195,8038
"Before scheduled trip start time",-1,38836,38837,8038
"Before scheduled trip start time",-1,24923,24924,8038
"Before scheduled trip start time",-1,56839,56840,8038
"Before scheduled trip start time",-1,64047,64048,8038
"Before scheduled trip start time",-1,688260,688261,8038
"Before scheduled trip start time",-1,20998,20999,8038
"Before scheduled trip start time",-1,35407,35408,8038
"Before scheduled trip start time",-1,663340,663341,8038
"Before scheduled trip start time",-1,1144,1145,8038
"Before scheduled trip start time",-1,11095,11096,8038
"Before scheduled trip start time",-1,51979,51980,8038
"Before scheduled trip start time",-1,55647,55648,8038
"Before scheduled trip start time",-1,254,255,8038
"Before scheduled trip start time",-1,27743,27744,8038
"Before scheduled trip start time",-1,60307,60308,8038
"Before scheduled trip start time",-1,35047,35048,8038
"Before scheduled trip start time",-1,658940,658941,8038
"Before scheduled trip start time",-1,63239,63240,8038
"Before scheduled trip start time",-1,5137,5138,8038
"Before scheduled trip start time",-1,1135,1136,8038
"Before scheduled trip start time",-1,1727,1728,8038
"Before scheduled trip start time",-1,77619,77620,8038
"Before scheduled trip start time",-1,77899,77900,8038
"Before scheduled trip start time",-1,70939,70940,8038
"Before scheduled trip start time",-1,4555,4556,8038
"Before scheduled trip start time",-1,2212,2213,8038
"Before scheduled trip start time",-1,515688,515689,8038
"Before scheduled trip start time",-1,1512,1513,8038
"Before scheduled trip start time",-1,1161,1162,8038
"Before scheduled trip start time",-1,14192,14193,8038
"Before scheduled trip start time",-1,157,158,8038
"Before scheduled trip start time",-1,50419,50420,8038
"Before scheduled trip start time",-1,27076,27077,8038
"Before scheduled trip start time",-1,67107,67108,8038
"Before scheduled trip start time",-1,25278,25279,8038
"Before scheduled trip start time",-1,36727,36728,8038
"Before scheduled trip start time",-1,8894,8895,8038
"Before scheduled trip start time",-1,4712,4713,8038
"Before scheduled trip start time",-1,28838,28839,8038
"Before scheduled trip start time",-1,1799,1800,8038
"Before scheduled trip start time",-1,1501,1502,8038
"Before scheduled trip start time",-1,570,571,8038
"Before scheduled trip start time",-1,13054,13055,8038
"Before scheduled trip start time",-1,14734,14735,8038
"Before scheduled trip start time",-1,59399,59400,8038
"Before scheduled trip start time",-1,271,272,8038
"Before scheduled trip start time",-1,48927,48928,8038
"Before scheduled trip start time",-1,53847,53848,8038
"Before scheduled trip start time",-1,2220,2221,8038
"Before scheduled trip start time",-1,59887,59888,8038
"Before scheduled trip start time",-1,228,229,8038
"Before scheduled trip start time",-1,188,189,8038
"Before scheduled trip start time",-1,43807,43808,8038
"Before scheduled trip start time",-1,32234,32235,8038
"Before scheduled trip start time",-1,9512,9513,8038
"Before scheduled trip start time",-1,6074,6075,8038
"Before scheduled trip start time",-1,8394,8395,8038
"Before scheduled trip start time",-1,50679,50680,8038
"Before scheduled trip start time",-1,685660,685661,8038
"Before scheduled trip start time",-1,50247,50248,8038
"Before scheduled trip start time",-1,496268,496269,8038
"Before scheduled trip start time",-1,27443,27444,8038
"Before scheduled trip start time",-1,285,286,8038
"Before scheduled trip start time",-1,320,321,8038
"Before scheduled trip start time",-1,1287,1288,8038
"Before scheduled trip start time",-1,681920,681921,8038
"Before scheduled trip start time",-1,670280,670281,8038
"Before scheduled trip start time",-1,150,151,8038
"Before scheduled trip start time",-1,12780,12781,8038
"Before scheduled trip start time",-1,512748,512749,8038
"Before scheduled trip start time",-1,4912,4913,8038
"Before scheduled trip start time",-1,3477,3478,8038
"Before scheduled trip start time",-1,8537,8538,8038
"Before scheduled trip start time",-1,941,942,8038
"Before scheduled trip start time",-1,1234,1235,8038
"Before scheduled trip start time",-1,673880,673881,8038
"Before scheduled trip start time",-1,494028,494029,8038
"Before scheduled trip start time",-1,495808,495809,8038
"Before scheduled trip start time",-1,23534,23535,8038
"Before scheduled trip start time",-1,25858,25859,8038
"Before scheduled trip start time",-1,47007,47008,8038
"Before scheduled trip start time",-1,2455,2456,8038
"Before scheduled trip start time",-1,1329,1330,8038
"Before scheduled trip start time",-1,996,997,8038
"Before scheduled trip start time",-1,3494,3495,8038
"Before scheduled trip start time",-1,43459,43460,8038
"Before scheduled trip start time",-1,18503,18504,8038
"Before scheduled trip start time",-1,105,106,8038
"Before scheduled trip start time",-1,34016,34017,8038
"Before scheduled trip start time",-1,24398,24399,8038
"Before scheduled trip start time",-1,44847,44848,8038
"Before scheduled trip start time",-1,669140,669141,8038
"Before scheduled trip start time",-1,4979,4980,8038
"Before scheduled trip start time",-1,336,337,8038
"Before scheduled trip start time",-1,83155,83156,8038
"Before scheduled trip start time",-1,33538,33539,8038
"Before scheduled trip start time",-1,32143,32144,8038
"Before scheduled trip start time",-1,59499,59500,8038
"Before scheduled trip start time",-1,660260,660261,8038
"Before scheduled trip start time",-1,661100,661101,8038
"Before scheduled trip start time",-1,387,388,8038
"Before scheduled trip start time",-1,24374,24375,8038
"Before scheduled trip start time",-1,120,121,8038
"Before scheduled trip start time",-1,25198,25199,8038
"Before scheduled trip start time",-1,30374,30375,8038
"Before scheduled trip start time",-1,230,231,8038
"Before scheduled trip start time",-1,70639,70640,8038
"Before scheduled trip start time",-1,79019,79020,8038
"Before scheduled trip start time",-1,514328,514329,8038
"Before scheduled trip start time",-1,1934,1935,8038
"Before scheduled trip start time",-1,21,22,8038
"Before scheduled trip start time",-1,833,834,8038
"Before scheduled trip start time",-1,680940,680941,8038
"Before scheduled trip start time",-1,503568,503569,8038
"Before scheduled trip start time",-1,33476,33477,8038
"Before scheduled trip start time",-1,34596,34597,8038
"Before scheduled trip start time",-1,667260,667261,8038
"Before scheduled trip start time",-1,42067,42068,8038
"Before scheduled trip start time",-1,43327,43328,8038
"Before scheduled trip start time",-1,511568,511569,8038
"Before scheduled trip start time",-1,3872,3873,8038
"Before scheduled trip start time",-1,4652,4653,8038
"Before scheduled trip start time",-1,31234,31235,8038
"Before scheduled trip start time",-1,2519,2520,8038
"Before scheduled trip start time",-1,10912,10913,8038
"Before scheduled trip start time",-1,496848,496849,8038
"Before scheduled trip start time",-1,7394,7395,8038
"Before scheduled trip start time",-1,65507,65508,8038
"Before scheduled trip start time",-1,51207,51208,8038
"Before scheduled trip start time",-1,56287,56288,8038
"Before scheduled trip start time",-1,53987,53988,8038
"Before scheduled trip start time",-1,69907,69908,8038
"Before scheduled trip start time",-1,1294,1295,8038
"Before scheduled trip start time",-1,46287,46288,8038
"Before scheduled trip start time",-1,657300,657301,8038
"Before scheduled trip start time",-1,41047,41048,8038
"Before scheduled trip start time",-1,519,520,8038
"Before scheduled trip start time",-1,511368,511369,8038
"Before scheduled trip start time",-1,5135,5136,8038
"Before scheduled trip start time",-1,24983,24984,8038
"Before scheduled trip start time",-1,672820,672821,8038
"Before scheduled trip start time",-1,674340,674341,8038
"Before scheduled trip start time",-1,116,117,8038
"Before scheduled trip start time",-1,114,115,8038
"Before scheduled trip start time",-1,53539,53540,8038
"Before scheduled trip start time",-1,26494,26495,8038
"Before scheduled trip start time",-1,72727,72728,8038
"Before scheduled trip start time",-1,59127,59128,8038
"Before scheduled trip start time",-1,76547,76548,8038
"Before scheduled trip start time",-1,30254,30255,8038
"Before scheduled trip start time",-1,16334,16335,8038
"Before scheduled trip start time",-1,18094,18095,8038
"Before scheduled trip start time",-1,47607,47608,8038
"Before scheduled trip start time",-1,664820,664821,8038
"Before scheduled trip start time",-1,1250,1251,8038
"Before scheduled trip start time",-1,687440,687441,8038
"Before scheduled trip start time",-1,418,419,8038
"Before scheduled trip start time",-1,29189,29190,8038
"Before scheduled trip start time",-1,25963,25964,8038
"Before scheduled trip start time",-1,71767,71768,8038
"Before scheduled trip start time",-1,20954,20955,8038
"Before scheduled trip start time",-1,67407,67408,8038
"Before scheduled trip start time",-1,17654,17655,8038
"Before scheduled trip start time",-1,43047,43048,8038
"Before scheduled trip start time",-1,1608,1609,8038
"Before scheduled trip start time",-1,5877,5878,8038
"Before scheduled trip start time",-1,37016,37017,8038
"Before scheduled trip start time",-1,49607,49608,8038
"Before scheduled trip start time",-1,50827,50828,8038
"Before scheduled trip start time",-1,21798,21799,8038
"Before scheduled trip start time",-1,22554,22555,8038
"Before scheduled trip start time",-1,130,131,8038
"Before scheduled trip start time",-1,668200,668201,8038
"Before scheduled trip start time",-1,658960,658961,8038
"Before scheduled trip start time",-1,951,952,8038
"Before scheduled trip start time",-1,12318,12319,8038
"Before scheduled trip start time",-1,27156,27157,8038
"Before scheduled trip start time",-1,63147,63148,8038
"Before scheduled trip start time",-1,49367,49368,8038
"Before scheduled trip start time",-1,507008,507009,8038
"Before scheduled trip start time",-1,349,350,8038
"Before scheduled trip start time",-1,59667,59668,8038
"Before scheduled trip start time",-1,75487,75488,8038
"Before scheduled trip start time",-1,823,824,8038
"Before scheduled trip start time",-1,29854,29855,8038
"Before scheduled trip start time",-1,15558,15559,8038
"Before scheduled trip start time",-1,72059,72060,8038
"Before scheduled trip start time",-1,19363,19364,8038
"Before scheduled trip start time",-1,1031,1032,8038
"Before scheduled trip start time",-1,670920,670921,8038
"Before scheduled trip start time",-1,67987,67988,8038
"Before scheduled trip start time",-1,1514,1515,8038
"Before scheduled trip start time",-1,26378,26379,8038
"Before scheduled trip start time",-1,659420,659421,8038
"Before scheduled trip start time",-1,62879,62880,8038
"Before scheduled trip start time",-1,28118,28119,8038
"Before scheduled trip start time",-1,1392,1393,8038
"Before scheduled trip start time",-1,13032,13033,8038
"Before scheduled trip start time",-1,19903,19904,8038
"Before scheduled trip start time",-1,13474,13475,8038
"Before scheduled trip start time",-1,409,410,8038
"Before scheduled trip start time",-1,66787,66788,8038
"Before scheduled trip start time",-1,868,869,8038
"Before scheduled trip start time",-1,26198,26199,8038
"Before scheduled trip start time",-1,29814,29815,8038
"Before scheduled trip start time",-1,27398,27399,8038
"Before scheduled trip start time",-1,656380,656381,8038
"Before scheduled trip start time",-1,656920,656921,8038
"Before scheduled trip start time",-1,663780,663781,8038
"Before scheduled trip start time",-1,7294,7295,8038
"Before scheduled trip start time",-1,31218,31219,8038
"Before scheduled trip start time",-1,80299,80300,8038
"Before scheduled trip start time",-1,48899,48900,8038
"Before scheduled trip start time",-1,1353,1354,8038
"Before scheduled trip start time",-1,7934,7935,8038
"Before scheduled trip start time",-1,58327,58328,8038
"Before scheduled trip start time",-1,91,92,8038
"Before scheduled trip start time",-1,54727,54728,8038
"Before scheduled trip start time",-1,2160,2161,8038
"Before scheduled trip start time",-1,18283,18284,8038
"Before scheduled trip start time",-1,20754,20755,8038
"Before scheduled trip start time",-1,681980,681981,8038
"Before scheduled trip start time",-1,658880,658881,8038
"Before scheduled trip start time",-1,63379,63380,8038
"Before scheduled trip start time",-1,9394,9395,8038
"Before scheduled trip start time",-1,5272,5273,8038
"Before scheduled trip start time",-1,11475,11476,8038
"Before scheduled trip start time",-1,5195,5196,8038
"Before scheduled trip start time",-1,11634,11635,8038
"Before scheduled trip start time",-1,294,295,8038
"Before scheduled trip start time",-1,653,654,8038
"Before scheduled trip start time",-1,26916,26917,8038
"Before scheduled trip start time",-1,44279,44280,8038
"Before scheduled trip start time",-1,75407,75408,8038
"Before scheduled trip start time",-1,140,141,8038
"Before scheduled trip start time",-1,35487,35488,8038
"Before scheduled trip start time",-1,954,955,8038
"Before scheduled trip start time",-1,555,556,8038
"Before scheduled trip start time",-1,60859,60860,8038
"Before scheduled trip start time",-1,9554,9555,8038
"Before scheduled trip start time",-1,515748,515749,8038
"Before scheduled trip start time",-1,2089,2090,8038
"Before scheduled trip start time",-1,630,631,8038
"Before scheduled trip start time",-1,4114,4115,8038
"Before scheduled trip start time",-1,677200,677201,8038
"Before scheduled trip start time",-1,376,377,8038
"Before scheduled trip start time",-1,53139,53140,8038
"Before scheduled trip start time",-1,33276,33277,8038
"Before scheduled trip start time",-1,28754,28755,8038
"Before scheduled trip start time",-1,16294,16295,8038
"Before scheduled trip start time",-1,33407,33408,8038
"Before scheduled trip start time",-1,896,897,8038
"Before scheduled trip start time",-1,67979,67980,8038
"Before scheduled trip start time",-1,7634,7635,8038
"Before scheduled trip start time",-1,6779,6780,8038
"Before scheduled trip start time",-1,64999,65000,8038
"Before scheduled trip start time",-1,4877,4878,8038
"Before scheduled trip start time",-1,7597,7598,8038
"Before scheduled trip start time",-1,13594,13595,8038
"Before scheduled trip start time",-1,25096,25097,8038
"Before scheduled trip start time",-1,50107,50108,8038
"Before scheduled trip start time",-1,19118,19119,8038
"Before scheduled trip start time",-1,59007,59008,8038
"Before scheduled trip start time",-1,658920,658921,8038
"Before scheduled trip start time",-1,61799,61800,8038
"Before scheduled trip start time",-1,8452,8453,8038
"Before scheduled trip start time",-1,28056,28057,8038
"Before scheduled trip start time",-1,1751,1752,8038
"Before scheduled trip start time",-1,688020,688021,8038
"Before scheduled trip start time",-1,49527,49528,8038
"Before scheduled trip start time",-1,1020,1021,8038
"Before scheduled trip start time",-1,327,328,8038
"Before scheduled trip start time",-1,32116,32117,8038
"Before scheduled trip start time",-1,20334,20335,8038
"Before scheduled trip start time",-1,59507,59508,8038
"Before scheduled trip start time",-1,773,774,8038
"Before scheduled trip start time",-1,16618,16619,8038
"Before scheduled trip start time",-1,7499,7500,8038
"Before scheduled trip start time",-1,1021,1022,8038
"Before scheduled trip start time",-1,7892,7893,8038
"Before scheduled trip start time",-1,48579,48580,8038
"Before scheduled trip start time",-1,687380,687381,8038
"Before scheduled trip start time",-1,48147,48148,8038
"Before scheduled trip start time",-1,681060,681061,8038
"Before scheduled trip start time",-1,656080,656081,8038
"Before scheduled trip start time",-1,1477,1478,8038
"Before scheduled trip start time",-1,3209,3210,8038
"Before scheduled trip start time",-1,33698,33699,8038
"Before scheduled trip start time",-1,21103,21104,8038
"Before scheduled trip start time",-1,688400,688401,8038
"Before scheduled trip start time",-1,495108,495109,8038
"Before scheduled trip start time",-1,34936,34937,8038
"Before scheduled trip start time",-1,69947,69948,8038
"Before scheduled trip start time",-1,17474,17475,8038
"Before scheduled trip start time",-1,17834,17835,8038
"Before scheduled trip start time",-1,-16,-15,8038
"Before scheduled trip start time",-1,664580,664581,8038
"Before scheduled trip start time",-1,42807,42808,8038
"Before scheduled trip start time",-1,33134,33135,8038
"Before scheduled trip start time",-1,2039,2040,8038
"Before scheduled trip start time",-1,80379,80380,8038
"Before scheduled trip start time",-1,2255,2256,8038
"Before scheduled trip start time",-1,441,442,8038
"Before scheduled trip start time",-1,1960,1961,8038
"Before scheduled trip start time",-1,43519,43520,8038
"Before scheduled trip start time",-1,167,168,8038
"Before scheduled trip start time",-1,34776,34777,8038
"Before scheduled trip start time",-1,35516,35517,8038
"Before scheduled trip start time",-1,20238,20239,8038
"Before scheduled trip start time",-1,667240,667241,8038
"Before scheduled trip start time",-1,659280,659281,8038
"Before scheduled trip start time",-1,503,504,8038
"Before scheduled trip start time",-1,552,553,8038
"Before scheduled trip start time",-1,62039,62040,8038
"Before scheduled trip start time",-1,1459,1460,8038
"Before scheduled trip start time",-1,515048,515049,8038
"Before scheduled trip start time",-1,2112,2113,8038
"Before scheduled trip start time",-1,676100,676101,8038
"Before scheduled trip start time",-1,3651,3652,8038
"Before scheduled trip start time",-1,15943,15944,8038
"Before scheduled trip start time",-1,43119,43120,8038
"Before scheduled trip start time",-1,411,412,8038
"Before scheduled trip start time",-1,689140,689141,8038
"Before scheduled trip start time",-1,27094,27095,8038
"Before scheduled trip start time",-1,14538,14539,8038
"Before scheduled trip start time",-1,667520,667521,8038
"Before scheduled trip start time",-1,667820,667821,8038
"Before scheduled trip start time",-1,32254,32255,8038
"Before scheduled trip start time",-1,775,776,8038
"Before scheduled trip start time",-1,498968,498969,8038
"Before scheduled trip start time",-1,12898,12899,8038
"Before scheduled trip start time",-1,670960,670961,8038
"Before scheduled trip start time",-1,52527,52528,8038
"Before scheduled trip start time",-1,676040,676041,8038
"Before scheduled trip start time",-1,191,192,8038
"Before scheduled trip start time",-1,503828,503829,8038
"Before scheduled trip start time",-1,681880,681881,8038
"Before scheduled trip start time",-1,61367,61368,8038
"Before scheduled trip start time",-1,28674,28675,8038
"Before scheduled trip start time",-1,31594,31595,8038
"Before scheduled trip start time",-1,1812,1813,8038
"Before scheduled trip start time",-1,666,667,8038
"Before scheduled trip start time",-1,500588,500589,8038
"Before scheduled trip start time",-1,65547,65548,8038
"Before scheduled trip start time",-1,674060,674061,8038
"Before scheduled trip start time",-1,2060,2061,8038
"Before scheduled trip start time",-1,239,240,8038
"Before scheduled trip start time",-1,151,152,8038
"Before scheduled trip start time",-1,41516,41517,8038
"Before scheduled trip start time",-1,52899,52900,8038
"Before scheduled trip start time",-1,25294,25295,8038
"Before scheduled trip start time",-1,72547,72548,8038
"Before scheduled trip start time",-1,683440,683441,8038
"Before scheduled trip start time",-1,74907,74908,8038
"Before scheduled trip start time",-1,663440,663441,8038
"Before scheduled trip start time",-1,2952,2953,8038
"Before scheduled trip start time",-1,3077,3078,8038
"Before scheduled trip start time",-1,4859,4860,8038
"Before scheduled trip start time",-1,73639,73640,8038
"Before scheduled trip start time",-1,78019,78020,8038
"Before scheduled trip start time",-1,2370,2371,8038
"Before scheduled trip start time",-1,56659,56660,8038
"Before scheduled trip start time",-1,50067,50068,8038
"Before scheduled trip start time",-1,28623,28624,8038
"Before scheduled trip start time",-1,507068,507069,8038
"Before scheduled trip start time",-1,26574,26575,8038
"Before scheduled trip start time",-1,252,253,8038
"Before scheduled trip start time",-1,70,71,8038
"Before scheduled trip start time",-1,68307,68308,8038
"Before scheduled trip start time",-1,16514,16515,8038
"Before scheduled trip start time",-1,44527,44528,8038
"Before scheduled trip start time",-1,40907,40908,8038
"Before scheduled trip start time",-1,620,621,8038
"Before scheduled trip start time",-1,512508,512509,8038
"Before scheduled trip start time",-1,10875,10876,8038
"Before scheduled trip start time",-1,3579,3580,8038
"Before scheduled trip start time",-1,3779,3780,8038
"Before scheduled trip start time",-1,1690,1691,8038
"Before scheduled trip start time",-1,2954,2955,8038
"Before scheduled trip start time",-1,21763,21764,8038
"Before scheduled trip start time",-1,51939,51940,8038
"Before scheduled trip start time",-1,685740,685741,8038
"Before scheduled trip start time",-1,661080,661081,8038
"Before scheduled trip start time",-1,28736,28737,8038
"Before scheduled trip start time",-1,489,490,8038
"Before scheduled trip start time",-1,67387,67388,8038
"Before scheduled trip start time",-1,73047,73048,8038
"Before scheduled trip start time",-1,19414,19415,8038
"Before scheduled trip start time",-1,41307,41308,8038
"Before scheduled trip start time",-1,665340,665341,8038
"Before scheduled trip start time",-1,405,406,8038
"Before scheduled trip start time",-1,1337,1338,8038
"Before scheduled trip start time",-1,32578,32579,8038
"Before scheduled trip start time",-1,39196,39197,8038
"Before scheduled trip start time",-1,29743,29744,8038
"Before scheduled trip start time",-1,51267,51268,8038
"Before scheduled trip start time",-1,24758,24759,8038
"Before scheduled trip start time",-1,646,647,8038
"Before scheduled trip start time",-1,46467,46468,8038
"Before scheduled trip start time",-1,35587,35588,8038
"Before scheduled trip start time",-1,812,813,8038
"Before scheduled trip start time",-1,8834,8835,8038
"Before scheduled trip start time",-1,0,1,8038
"Before scheduled trip start time",-1,11238,11239,8038
"Before scheduled trip start time",-1,28216,28217,8038
"Before scheduled trip start time",-1,686640,686641,8038
"Before scheduled trip start time",-1,39587,39588,8038
"Before scheduled trip start time",-1,61527,61528,8038
"Before scheduled trip start time",-1,75907,75908,8038
"Before scheduled trip start time",-1,24838,24839,8038
"Before scheduled trip start time",-1,27538,27539,8038
"Before scheduled trip start time",-1,668820,668821,8038
"Before scheduled trip start time",-1,656880,656881,8038
"Before scheduled trip start time",-1,28638,28639,8038
"Before scheduled trip start time",-1,76659,76660,8038
"Before scheduled trip start time",-1,1209,1210,8038
"Before scheduled trip start time",-1,37516,37517,8038
"Before scheduled trip start time",-1,612,613,8038
"Before scheduled trip start time",-1,49747,49748,8038
"Before scheduled trip start time",-1,673360,673361,8038
"Before scheduled trip start time",-1,41656,41657,8038
"Before scheduled trip start time",-1,21374,21375,8038
"Before scheduled trip start time",-1,21914,21915,8038
"Before scheduled trip start time",-1,483,484,8038
"Before scheduled trip start time",-1,14858,14859,8038
"Before scheduled trip start time",-1,40847,40848,8038
"Before scheduled trip start time",-1,68759,68760,8038
"Before scheduled trip start time",-1,2197,2198,8038
"Before scheduled trip start time",-1,71159,71160,8038
"Before scheduled trip start time",-1,7119,7120,8038
"Before scheduled trip start time",-1,2399,2400,8038
"Before scheduled trip start time",-1,8077,8078,8038
"Before scheduled trip start time",-1,7032,7033,8038
"Before scheduled trip start time",-1,134,135,8038
"Before scheduled trip start time",-1,11978,11979,8038
"Before scheduled trip start time",-1,537,538,8038
"Before scheduled trip start time",-1,1093,1094,8038
"Before scheduled trip start time",-1,24863,24864,8038
"Before scheduled trip start time",-1,25483,25484,8038
"Before scheduled trip start time",-1,1831,1832,8038
"Before scheduled trip start time",-1,55487,55488,8038
"Before scheduled trip start time",-1,58387,58388,8038
"Before scheduled trip start time",-1,38687,38688,8038
"Before scheduled trip start time",-1,1840,1841,8038
"Before scheduled trip start time",-1,33116,33117,8038
"Before scheduled trip start time",-1,26054,26055,8038
"Before scheduled trip start time",-1,17418,17419,8038
"Before scheduled trip start time",-1,8414,8415,8038
"Before scheduled trip start time",-1,5179,5180,8038
"Before scheduled trip start time",-1,7255,7256,8038
"Before scheduled trip start time",-1,12212,12213,8038
"Before scheduled trip start time",-1,6152,6153,8038
"Before scheduled trip start time",-1,56562,56563,8038
"Before scheduled trip start time",-1,12698,12699,8038
"Before scheduled trip start time",-1,51059,51060,8038
"Before scheduled trip start time",-1,451,452,8038
"Before scheduled trip start time",-1,2211,2212,8038
"Before scheduled trip start time",-1,50287,50288,8038
"Before scheduled trip start time",-1,675080,675081,8038
"Before scheduled trip start time",-1,684860,684861,8038
"Before scheduled trip start time",-1,68579,68580,8038
"Before scheduled trip start time",-1,1757,1758,8038
"Before scheduled trip start time",-1,11234,11235,8038
"Before scheduled trip start time",-1,802,803,8038
"Before scheduled trip start time",-1,1414,1415,8038
"Before scheduled trip start time",-1,6614,6615,8038
"Before scheduled trip start time",-1,37316,37317,8038
"Before scheduled trip start time",-1,58699,58700,8038
"Before scheduled trip start time",-1,507088,507089,8038
"Before scheduled trip start time",-1,656320,656321,8038
"Before scheduled trip start time",-1,498,499,8038
"Before scheduled trip start time",-1,628,629,8038
"Before scheduled trip start time",-1,30674,30675,8038
"Before scheduled trip start time",-1,11532,11533,8038
"Before scheduled trip start time",-1,12972,12973,8038
"Before scheduled trip start time",-1,19003,19004,8038
"Before scheduled trip start time",-1,16114,16115,8038
"Before scheduled trip start time",-1,26356,26357,8038
"Before scheduled trip start time",-1,971,972,8038
"Before scheduled trip start time",-1,70887,70888,8038
"Before scheduled trip start time",-1,21834,21835,8038
"Before scheduled trip start time",-1,60567,60568,8038
"Before scheduled trip start time",-1,658040,658041,8038
"Before scheduled trip start time",-1,609,610,8038
"Before scheduled trip start time",-1,5192,5193,8038
"Before scheduled trip start time",-1,31714,31715,8038
"Before scheduled trip start time",-1,3635,3636,8038
"Before scheduled trip start time",-1,825,826,8038
"Before scheduled trip start time",-1,65239,65240,8038
"Before scheduled trip start time",-1,625,626,8038
"Before scheduled trip start time",-1,1521,1522,8038
"Before scheduled trip start time",-1,12455,12456,8038
"Before scheduled trip start time",-1,11794,11795,8038
"Before scheduled trip start time",-1,194,195,8038
"Before scheduled trip start time",-1,497468,497469,8038
"Before scheduled trip start time",-1,57959,57960,8038
"Before scheduled trip start time",-1,671720,671721,8038
"Before scheduled trip start time",-1,679580,679581,8038
"Before scheduled trip start time",-1,680560,680561,8038
"Before scheduled trip start time",-1,676960,676961,8038
"Before scheduled trip start time",-1,506688,506689,8038
"Before scheduled trip start time",-1,26614,26615,8038
"Before scheduled trip start time",-1,70547,70548,8038
"Before scheduled trip start time",-1,786,787,8038
"Before scheduled trip start time",-1,46347,46348,8038
"Before scheduled trip start time",-1,60799,60800,8038
"Before scheduled trip start time",-1,2257,2258,8038
"Before scheduled trip start time",-1,3757,3758,8038
"Before scheduled trip start time",-1,11655,11656,8038
"Before scheduled trip start time",-1,71519,71520,8038
"Before scheduled trip start time",-1,80519,80520,8038
"Before scheduled trip start time",-1,37376,37377,8038
"Before scheduled trip start time",-1,65147,65148,8038
"Before scheduled trip start time",-1,506328,506329,8038
"Before scheduled trip start time",-1,34756,34757,8038
"Before scheduled trip start time",-1,60087,60088,8038
"Before scheduled trip start time",-1,66687,66688,8038
"Before scheduled trip start time",-1,4175,4176,8038
"Before scheduled trip start time",-1,1039,1040,8038
"Before scheduled trip start time",-1,5854,5855,8038
"Before scheduled trip start time",-1,37796,37797,8038
"Before scheduled trip start time",-1,25756,25757,8038
"Before scheduled trip start time",-1,57347,57348,8038
"Before scheduled trip start time",-1,51847,51848,8038
"Before scheduled trip start time",-1,38167,38168,8038
"Before scheduled trip start time",-1,505148,505149,8038
"Before scheduled trip start time",-1,17258,17259,8038
"Before scheduled trip start time",-1,689920,689921,8038
"Before scheduled trip start time",-1,30534,30535,8038
"Before scheduled trip start time",-1,2128,2129,8038
"Before scheduled trip start time",-1,10414,10415,8038
"Before scheduled trip start time",-1,30198,30199,8038
"Before scheduled trip start time",-1,72139,72140,8038
"Before scheduled trip start time",-1,73139,73140,8038
"Before scheduled trip start time",-1,5215,5216,8038
"Before scheduled trip start time",-1,2015,2016,8038
"Before scheduled trip start time",-1,1014,1015,8038
"Before scheduled trip start time",-1,679540,679541,8038
"Before scheduled trip start time",-1,30296,30297,8038
"Before scheduled trip start time",-1,43839,43840,8038
"Before scheduled trip start time",-1,681660,681661,8038
"Before scheduled trip start time",-1,683240,683241,8038
"Before scheduled trip start time",-1,67327,67328,8038
"Before scheduled trip start time",-1,68927,68928,8038
"Before scheduled trip start time",-1,74927,74928,8038
"Before scheduled trip start time",-1,27494,27495,8038
"Before scheduled trip start time",-1,656900,656901,8038
"Before scheduled trip start time",-1,74359,74360,8038
"Before scheduled trip start time",-1,2432,2433,8038
"Before scheduled trip start time",-1,2010,2011,8038
"Before scheduled trip start time",-1,6054,6055,8038
"Before scheduled trip start time",-1,10418,10419,8038
"Before scheduled trip start time",-1,509948,509949,8038
"Before scheduled trip start time",-1,673720,673721,8038
"Before scheduled trip start time",-1,41096,41097,8038
"Before scheduled trip start time",-1,23174,23175,8038
"Before scheduled trip start time",-1,853,854,8038
"Before scheduled trip start time",-1,839,840,8038
"Before scheduled trip start time",-1,753,754,8038
"Before scheduled trip start time",-1,498168,498169,8038
"Before scheduled trip start time",-1,50839,50840,8038
"Before scheduled trip start time",-1,507508,507509,8038
"Before scheduled trip start time",-1,57619,57620,8038
"Before scheduled trip start time",-1,674020,674021,8038
"Before scheduled trip start time",-1,55007,55008,8038
"Before scheduled trip start time",-1,29976,29977,8038
"Before scheduled trip start time",-1,400,401,8038
"Before scheduled trip start time",-1,73727,73728,8038
"Before scheduled trip start time",-1,75307,75308,8038
"Before scheduled trip start time",-1,35127,35128,8038
"Before scheduled trip start time",-1,665680,665681,8038
"Before scheduled trip start time",-1,798,799,8038
"Before scheduled trip start time",-1,28818,28819,8038
"Before scheduled trip start time",-1,77219,77220,8038
"Before scheduled trip start time",-1,51779,51780,8038
"Before scheduled trip start time",-1,38967,38968,8038
"Before scheduled trip start time",-1,356,357,8038
"Before scheduled trip start time",-1,44479,44480,8038
"Before scheduled trip start time",-1,22874,22875,8038
"Before scheduled trip start time",-1,65987,65988,8038
"Before scheduled trip start time",-1,16214,16215,8038
"Before scheduled trip start time",-1,682,683,8038
"Before scheduled trip start time",-1,2011,2012,8038
"Before scheduled trip start time",-1,3732,3733,8038
"Before scheduled trip start time",-1,1104,1105,8038
"Before scheduled trip start time",-1,515948,515949,8038
"Before scheduled trip start time",-1,10278,10279,8038
"Before scheduled trip start time",-1,15894,15895,8038
"Before scheduled trip start time",-1,23703,23704,8038
"Before scheduled trip start time",-1,65427,65428,8038
"Before scheduled trip start time",-1,674720,674721,8038
"Before scheduled trip start time",-1,311,312,8038
"Before scheduled trip start time",-1,504248,504249,8038
"Before scheduled trip start time",-1,54179,54180,8038
"Before scheduled trip start time",-1,34416,34417,8038
"Before scheduled trip start time",-1,72047,72048,8038
"Before scheduled trip start time",-1,27154,27155,8038
"Before scheduled trip start time",-1,17354,17355,8038
"Before scheduled trip start time",-1,310,311,8038
"Before scheduled trip start time",-1,528,529,8038
"Before scheduled trip start time",-1,715,716,8038
"Before scheduled trip start time",-1,64959,64960,8038
"Before scheduled trip start time",-1,2894,2895,8038
"Before scheduled trip start time",-1,6514,6515,8038
"Before scheduled trip start time",-1,499128,499129,8038
"Before scheduled trip start time",-1,15714,15715,8038
"Before scheduled trip start time",-1,38056,38057,8038
"Before scheduled trip start time",-1,24,25,8038
"Before scheduled trip start time",-1,508328,508329,8038
"Before scheduled trip start time",-1,31503,31504,8038
"Before scheduled trip start time",-1,26376,26377,8038
"Before scheduled trip start time",-1,663200,663201,8038
"Before scheduled trip start time",-1,126,127,8038
"Before scheduled trip start time",-1,1107,1108,8038
"Before scheduled trip start time",-1,666580,666581,8038
"Before scheduled trip start time",-1,6835,6836,8038
"Before scheduled trip start time",-1,64979,64980,8038
"Before scheduled trip start time",-1,4797,4798,8038
"Before scheduled trip start time",-1,64567,64568,8038
"Before scheduled trip start time",-1,64927,64928,8038
"Before scheduled trip start time",-1,660380,660381,8038
"Before scheduled trip start time",-1,41396,41397,8038
"Before scheduled trip start time",-1,54439,54440,8038
"Before scheduled trip start time",-1,35536,35537,8038
"Before scheduled trip start time",-1,21618,21619,8038
"Before scheduled trip start time",-1,23234,23235,8038
"Before scheduled trip start time",-1,61967,61968,8038
"Before scheduled trip start time",-1,62087,62088,8038
"Before scheduled trip start time",-1,74547,74548,8038
"Before scheduled trip start time",-1,13778,13779,8038
"Before scheduled trip start time",-1,44487,44488,8038
"Before scheduled trip start time",-1,34227,34228,8038
"Before scheduled trip start time",-1,657160,657161,8038
"Before scheduled trip start time",-1,69159,69160,8038
"Before scheduled trip start time",-1,76319,76320,8038
"Before scheduled trip start time",-1,2639,2640,8038
"Before scheduled trip start time",-1,6592,6593,8038
"Before scheduled trip start time",-1,12738,12739,8038
"Before scheduled trip start time",-1,65727,65728,8038
"Before scheduled trip start time",-1,678880,678881,8038
"Before scheduled trip start time",-1,40156,40157,8038
"Before scheduled trip start time",-1,69787,69788,8038
"Before scheduled trip start time",-1,19098,19099,8038
"Before scheduled trip start time",-1,19538,19539,8038
"Before scheduled trip start time",-1,689520,689521,8038
"Before scheduled trip start time",-1,19734,19735,8038
"Before scheduled trip start time",-1,517,518,8038
"Before scheduled trip start time",-1,12818,12819,8038
"Before scheduled trip start time",-1,63287,63288,8038
"Before scheduled trip start time",-1,28896,28897,8038
"Before scheduled trip start time",-1,68287,68288,8038
"Before scheduled trip start time",-1,74487,74488,8038
"Before scheduled trip start time",-1,3672,3673,8038
"Before scheduled trip start time",-1,2397,2398,8038
"Before scheduled trip start time",-1,21423,21424,8038
"Before scheduled trip start time",-1,192,193,8038
"Before scheduled trip start time",-1,28036,28037,8038
"Before scheduled trip start time",-1,471,472,8038
"Before scheduled trip start time",-1,3511,3512,8038
"Before scheduled trip start time",-1,494988,494989,8038
"Before scheduled trip start time",-1,41916,41917,8038
"Before scheduled trip start time",-1,18918,18919,8038
"Before scheduled trip start time",-1,27158,27159,8038
"Before scheduled trip start time",-1,76847,76848,8038
"Before scheduled trip start time",-1,436,437,8038
"Before scheduled trip start time",-1,1852,1853,8038
"Before scheduled trip start time",-1,9372,9373,8038
"Before scheduled trip start time",-1,673700,673701,8038
"Before scheduled trip start time",-1,207,208,8038
"Before scheduled trip start time",-1,40047,40048,8038
"Before scheduled trip start time",-1,32876,32877,8038
"Before scheduled trip start time",-1,72567,72568,8038
"Before scheduled trip start time",-1,681600,681601,8038
"Before scheduled trip start time",-1,682360,682361,8038
"Before scheduled trip start time",-1,682400,682401,8038
"Before scheduled trip start time",-1,30574,30575,8038
"Before scheduled trip start time",-1,658060,658061,8038
"Before scheduled trip start time",-1,511,512,8038
"Before scheduled trip start time",-1,514168,514169,8038
"Before scheduled trip start time",-1,1377,1378,8038
"Before scheduled trip start time",-1,3972,3973,8038
"Before scheduled trip start time",-1,70959,70960,8038
"Before scheduled trip start time",-1,11955,11956,8038
"Before scheduled trip start time",-1,56819,56820,8038
"Before scheduled trip start time",-1,25876,25877,8038
"Before scheduled trip start time",-1,675480,675481,8038
"Before scheduled trip start time",-1,37487,37488,8038
"Before scheduled trip start time",-1,26114,26115,8038
"Before scheduled trip start time",-1,70287,70288,8038
"Before scheduled trip start time",-1,76087,76088,8038
"Before scheduled trip start time",-1,24958,24959,8038
"Before scheduled trip start time",-1,13618,13619,8038
"Before scheduled trip start time",-1,47227,47228,8038
"Before scheduled trip start time",-1,33427,33428,8038
"Before scheduled trip start time",-1,564,565,8038
"Before scheduled trip start time",-1,43007,43008,8038
"Before scheduled trip start time",-1,1055,1056,8038
"Before scheduled trip start time",-1,4457,4458,8038
"Before scheduled trip start time",-1,45919,45920,8038
"Before scheduled trip start time",-1,48887,48888,8038
"Before scheduled trip start time",-1,679700,679701,8038
"Before scheduled trip start time",-1,677340,677341,8038
"Before scheduled trip start time",-1,506768,506769,8038
"Before scheduled trip start time",-1,56399,56400,8038
"Before scheduled trip start time",-1,18318,18319,8038
"Before scheduled trip start time",-1,25578,25579,8038
"Before scheduled trip start time",-1,29154,29155,8038
"Before scheduled trip start time",-1,35727,35728,8038
"Before scheduled trip start time",-1,664740,664741,8038
"Before scheduled trip start time",-1,43767,43768,8038
"Before scheduled trip start time",-1,708,709,8038
"Before scheduled trip start time",-1,1628,1629,8038
"Before scheduled trip start time",-1,2715,2716,8038
"Before scheduled trip start time",-1,54,55,8038
"Before scheduled trip start time",-1,4134,4135,8038
"Before scheduled trip start time",-1,13514,13515,8038
"Before scheduled trip start time",-1,685040,685041,8038
"Before scheduled trip start time",-1,50007,50008,8038
"Before scheduled trip start time",-1,660520,660521,8038
"Before scheduled trip start time",-1,656440,656441,8038
"Before scheduled trip start time",-1,69239,69240,8038
"Before scheduled trip start time",-1,5837,5838,8038
"Before scheduled trip start time",-1,1335,1336,8038
"Before scheduled trip start time",-1,6855,6856,8038
"Before scheduled trip start time",-1,33358,33359,8038
"Before scheduled trip start time",-1,454,455,8038
"Before scheduled trip start time",-1,21003,21004,8038
"Before scheduled trip start time",-1,12078,12079,8038
"Before scheduled trip start time",-1,2251,2252,8038
"Before scheduled trip start time",-1,18363,18364,8038
"Before scheduled trip start time",-1,32056,32057,8038
"Before scheduled trip start time",-1,33576,33577,8038
"Before scheduled trip start time",-1,73027,73028,8038
"Before scheduled trip start time",-1,36267,36268,8038
"Before scheduled trip start time",-1,469,470,8038
"Before scheduled trip start time",-1,12292,12293,8038
"Before scheduled trip start time",-1,515868,515869,8038
"Before scheduled trip start time",-1,17743,17744,8038
"Before scheduled trip start time",-1,495988,495989,8038
"Before scheduled trip start time",-1,40876,40877,8038
"Before scheduled trip start time",-1,506188,506189,8038
"Before scheduled trip start time",-1,60247,60248,8038
"Before scheduled trip start time",-1,977,978,8038
"Before scheduled trip start time",-1,2037,2038,8038
"Before scheduled trip start time",-1,1579,1580,8038
"Before scheduled trip start time",-1,14452,14453,8038
"Before scheduled trip start time",-1,1769,1770,8038
"Before scheduled trip start time",-1,496348,496349,8038
"Before scheduled trip start time",-1,18763,18764,8038
"Before scheduled trip start time",-1,37416,37417,8038
"Before scheduled trip start time",-1,57659,57660,8038
"Before scheduled trip start time",-1,69,70,8038
"Before scheduled trip start time",-1,29676,29677,8038
"Before scheduled trip start time",-1,427,428,8038
"Before scheduled trip start time",-1,41476,41477,8038
"Before scheduled trip start time",-1,195,196,8038
"Before scheduled trip start time",-1,71727,71728,8038
"Before scheduled trip start time",-1,657360,657361,8038
"Before scheduled trip start time",-1,658820,658821,8038
"Before scheduled trip start time",-1,41747,41748,8038
"Before scheduled trip start time",-1,510788,510789,8038
"Before scheduled trip start time",-1,8655,8656,8038
"Before scheduled trip start time",-1,79879,79880,8038
"Before scheduled trip start time",-1,2437,2438,8038
"Before scheduled trip start time",-1,31918,31919,8038
"Before scheduled trip start time",-1,499948,499949,8038
"Before scheduled trip start time",-1,26976,26977,8038
"Before scheduled trip start time",-1,52907,52908,8038
"Before scheduled trip start time",-1,158,159,8038
"Before scheduled trip start time",-1,249,250,8038
"Before scheduled trip start time",-1,19278,19279,8038
"Before scheduled trip start time",-1,442,443,8038
"Before scheduled trip start time",-1,47127,47128,8038
"Before scheduled trip start time",-1,670360,670361,8038
"Before scheduled trip start time",-1,664100,664101,8038
"Before scheduled trip start time",-1,7199,7200,8038
"Before scheduled trip start time",-1,66899,66900,8038
"Before scheduled trip start time",-1,461,462,8038
"Before scheduled trip start time",-1,32218,32219,8038
"Before scheduled trip start time",-1,3594,3595,8038
"Before scheduled trip start time",-1,46419,46420,8038
"Before scheduled trip start time",-1,712,713,8038
"Before scheduled trip start time",-1,50059,50060,8038
"Before scheduled trip start time",-1,30663,30664,8038
"Before scheduled trip start time",-1,28936,28937,8038
"Before scheduled trip start time",-1,1360,1361,8038
"Before scheduled trip start time",-1,277,278,8038
"Before scheduled trip start time",-1,42719,42720,8038
"Before scheduled trip start time",-1,40796,40797,8038
"Before scheduled trip start time",-1,22298,22299,8038
"Before scheduled trip start time",-1,76347,76348,8038
"Before scheduled trip start time",-1,18594,18595,8038
"Before scheduled trip start time",-1,656580,656581,8038
"Before scheduled trip start time",-1,679,680,8038
"Before scheduled trip start time",-1,40787,40788,8038
"Before scheduled trip start time",-1,28898,28899,8038
"Before scheduled trip start time",-1,11432,11433,8038
"Before scheduled trip start time",-1,21263,21264,8038
"Before scheduled trip start time",-1,1433,1434,8038
"Before scheduled trip start time",-1,24683,24684,8038
"Before scheduled trip start time",-1,62987,62988,8038
"Before scheduled trip start time",-1,671640,671641,8038
"Before scheduled trip start time",-1,68607,68608,8038
"Before scheduled trip start time",-1,540,541,8038
"Before scheduled trip start time",-1,656340,656341,8038
"Before scheduled trip start time",-1,599,600,8038
"Before scheduled trip start time",-1,595,596,8038
"Before scheduled trip start time",-1,793,794,8038
"Before scheduled trip start time",-1,2074,2075,8038
"Before scheduled trip start time",-1,3194,3195,8038
"Before scheduled trip start time",-1,31563,31564,8038
"Before scheduled trip start time",-1,688140,688141,8038
"Before scheduled trip start time",-1,51027,51028,8038
"Before scheduled trip start time",-1,1280,1281,8038
"Before scheduled trip start time",-1,28563,28564,8038
"Before scheduled trip start time",-1,70187,70188,8038
"Before scheduled trip start time",-1,70987,70988,8038
"Before scheduled trip start time",-1,3219,3220,8038
"Before scheduled trip start time",-1,633,634,8038
"Before scheduled trip start time",-1,52459,52460,8038
"Before scheduled trip start time",-1,40107,40108,8038
"Before scheduled trip start time",-1,40,41,8038
"Before scheduled trip start time",-1,69719,69720,8038
"Before scheduled trip start time",-1,31574,31575,8038
"Before scheduled trip start time",-1,11132,11133,8038
"Before scheduled trip start time",-1,14012,14013,8038
"Before scheduled trip start time",-1,394,395,8038
"Before scheduled trip start time",-1,2794,2795,8038
"Before scheduled trip start time",-1,24943,24944,8038
"Before scheduled trip start time",-1,3771,3772,8038
"Before scheduled trip start time",-1,40776,40777,8038
"Before scheduled trip start time",-1,40856,40857,8038
"Before scheduled trip start time",-1,1237,1238,8038
"Before scheduled trip start time",-1,4155,4156,8038
"Before scheduled trip start time",-1,4435,4436,8038
"Before scheduled trip start time",-1,6637,6638,8038
"Before scheduled trip start time",-1,36036,36037,8038
"Before scheduled trip start time",-1,36096,36097,8038
"Before scheduled trip start time",-1,24063,24064,8038
"Before scheduled trip start time",-1,24856,24857,8038
"Before scheduled trip start time",-1,1891,1892,8038
"Before scheduled trip start time",-1,672740,672741,8038
"Before scheduled trip start time",-1,70767,70768,8038
"Before scheduled trip start time",-1,70787,70788,8038
"Before scheduled trip start time",-1,389,390,8038
"Before scheduled trip start time",-1,25638,25639,8038
"Before scheduled trip start time",-1,27598,27599,8038
"Before scheduled trip start time",-1,432,433,8038
"Before scheduled trip start time",-1,663520,663521,8038
"Before scheduled trip start time",-1,2157,2158,8038
"Before scheduled trip start time",-1,2479,2480,8038
"Before scheduled trip start time",-1,13014,13015,8038
"Before scheduled trip start time",-1,31903,31904,8038
"Before scheduled trip start time",-1,62367,62368,8038
"Before scheduled trip start time",-1,56267,56268,8038
"Before scheduled trip start time",-1,675260,675261,8038
"Before scheduled trip start time",-1,33716,33717,8038
"Before scheduled trip start time",-1,26934,26935,8038
"Before scheduled trip start time",-1,69587,69588,8038
"Before scheduled trip start time",-1,68227,68228,8038
"Before scheduled trip start time",-1,746,747,8038
"Before scheduled trip start time",-1,663560,663561,8038
"Before scheduled trip start time",-1,520,521,8038
"Before scheduled trip start time",-1,3457,3458,8038
"Before scheduled trip start time",-1,3675,3676,8038
"Before scheduled trip start time",-1,3634,3635,8038
"Before scheduled trip start time",-1,3309,3310,8038
"Before scheduled trip start time",-1,11714,11715,8038
"Before scheduled trip start time",-1,1090,1091,8038
"Before scheduled trip start time",-1,1374,1375,8038
"Before scheduled trip start time",-1,31603,31604,8038
"Before scheduled trip start time",-1,509388,509389,8038
"Before scheduled trip start time",-1,54229,54230,8038
"Before scheduled trip start time",-1,19338,19339,8038
"Before scheduled trip start time",-1,837,838,8038
"Before scheduled trip start time",-1,78319,78320,8038
"Before scheduled trip start time",-1,78619,78620,8038
"Before scheduled trip start time",-1,8035,8036,8038
"Before scheduled trip start time",-1,9237,9238,8038
"Before scheduled trip start time",-1,38236,38237,8038
"Before scheduled trip start time",-1,1060,1061,8038
"Before scheduled trip start time",-1,504948,504949,8038
"Before scheduled trip start time",-1,54739,54740,8038
"Before scheduled trip start time",-1,70347,70348,8038
"Before scheduled trip start time",-1,21934,21935,8038
"Before scheduled trip start time",-1,17434,17435,8038
"Before scheduled trip start time",-1,1117,1118,8038
"Before scheduled trip start time",-1,8475,8476,8038
"Before scheduled trip start time",-1,1532,1533,8038
"Before scheduled trip start time",-1,12795,12796,8038
"Before scheduled trip start time",-1,3394,3395,8038
"Before scheduled trip start time",-1,503448,503449,8038
"Before scheduled trip start time",-1,26456,26457,8038
"Before scheduled trip start time",-1,64007,64008,8038
"Before scheduled trip start time",-1,64467,64468,8038
"Before scheduled trip start time",-1,49727,49728,8038
"Before scheduled trip start time",-1,680660,680661,8038
"Before scheduled trip start time",-1,40527,40528,8038
"Before scheduled trip start time",-1,29296,29297,8038
"Before scheduled trip start time",-1,29794,29795,8038
"Before scheduled trip start time",-1,44907,44908,8038
"Before scheduled trip start time",-1,35527,35528,8038
"Before scheduled trip start time",-1,505,506,8038
"Before scheduled trip start time",-1,819,820,8038
"Before scheduled trip start time",-1,2597,2598,8038
"Before scheduled trip start time",-1,74599,74600,8038
"Before scheduled trip start time",-1,15634,15635,8038
"Before scheduled trip start time",-1,1567,1568,8038
"Before scheduled trip start time",-1,58479,58480,8038
"Before scheduled trip start time",-1,59919,59920,8038
"Before scheduled trip start time",-1,1660,1661,8038
"Before scheduled trip start time",-1,576,577,8038
"Before scheduled trip start time",-1,59927,59928,8038
"Before scheduled trip start time",-1,689360,689361,8038
"Before scheduled trip start time",-1,28634,28635,8038
"Before scheduled trip start time",-1,8635,8636,8038
"Before scheduled trip start time",-1,1559,1560,8038
"Before scheduled trip start time",-1,78179,78180,8038
"Before scheduled trip start time",-1,78259,78260,8038
"Before scheduled trip start time",-1,64079,64080,8038
"Before scheduled trip start time",-1,1952,1953,8038
"Before scheduled trip start time",-1,4234,4235,8038
"Before scheduled trip start time",-1,8554,8555,8038
"Before scheduled trip start time",-1,681140,681141,8038
"Before scheduled trip start time",-1,675840,675841,8038
"Before scheduled trip start time",-1,660580,660581,8038
"Before scheduled trip start time",-1,53559,53560,8038
"Before scheduled trip start time",-1,28443,28444,8038
"Before scheduled trip start time",-1,32396,32397,8038
"Before scheduled trip start time",-1,246,247,8038
"Before scheduled trip start time",-1,585,586,8038
"Before scheduled trip start time",-1,70452,70453,8038
"Before scheduled trip start time",-1,794,795,8038
"Before scheduled trip start time",-1,10498,10499,8038
"Before scheduled trip start time",-1,832,833,8038
"Before scheduled trip start time",-1,553,554,8038
"Before scheduled trip start time",-1,58999,59000,8038
"Before scheduled trip start time",-1,279,280,8038
"Before scheduled trip start time",-1,40407,40408,8038
"Before scheduled trip start time",-1,29356,29357,8038
"Before scheduled trip start time",-1,15783,15784,8038
"Before scheduled trip start time",-1,29303,29304,8038
"Before scheduled trip start time",-1,1974,1975,8038
"Before scheduled trip start time",-1,657660,657661,8038
"Before scheduled trip start time",-1,666080,666081,8038
"Before scheduled trip start time",-1,7594,7595,8038
"Before scheduled trip start time",-1,607,608,8038
"Before scheduled trip start time",-1,5395,5396,8038
"Before scheduled trip start time",-1,1197,1198,8038
"Before scheduled trip start time",-1,19103,19104,8038
"Before scheduled trip start time",-1,7,8,8038
"Before scheduled trip start time",-1,13218,13219,8038
"Before scheduled trip start time",-1,671180,671181,8038
"Before scheduled trip start time",-1,676400,676401,8038
"Before scheduled trip start time",-1,506428,506429,8038
"Before scheduled trip start time",-1,35456,35457,8038
"Before scheduled trip start time",-1,20598,20599,8038
"Before scheduled trip start time",-1,18978,18979,8038
"Before scheduled trip start time",-1,59307,59308,8038
"Before scheduled trip start time",-1,68147,68148,8038
"Before scheduled trip start time",-1,1177,1178,8038
"Before scheduled trip start time",-1,77639,77640,8038
"Before scheduled trip start time",-1,64767,64768,8038
"Before scheduled trip start time",-1,676820,676821,8038
"Before scheduled trip start time",-1,53739,53740,8038
"Before scheduled trip start time",-1,24034,24035,8038
"Before scheduled trip start time",-1,156,157,8038
"Before scheduled trip start time",-1,68247,68248,8038
"Before scheduled trip start time",-1,28514,28515,8038
"Before scheduled trip start time",-1,18574,18575,8038
"Before scheduled trip start time",-1,703,704,8038
"Before scheduled trip start time",-1,659220,659221,8038
"Before scheduled trip start time",-1,42387,42388,8038
"Before scheduled trip start time",-1,33223,33224,8038
"Before scheduled trip start time",-1,33303,33304,8038
"Before scheduled trip start time",-1,16154,16155,8038
"Before scheduled trip start time",-1,25556,25557,8038
"Before scheduled trip start time",-1,677320,677321,8038
"Before scheduled trip start time",-1,684460,684461,8038
"Before scheduled trip start time",-1,66467,66468,8038
"Before scheduled trip start time",-1,27234,27235,8038
"Before scheduled trip start time",-1,25918,25919,8038
"Before scheduled trip start time",-1,19034,19035,8038
"Before scheduled trip start time",-1,657320,657321,8038
"Before scheduled trip start time",-1,10574,10575,8038
"Before scheduled trip start time",-1,72259,72260,8038
"Before scheduled trip start time",-1,1352,1353,8038
"Before scheduled trip start time",-1,2709,2710,8038
"Before scheduled trip start time",-1,6494,6495,8038
"Before scheduled trip start time",-1,496668,496669,8038
"Before scheduled trip start time",-1,7834,7835,8038
"Before scheduled trip start time",-1,25596,25597,8038
"Before scheduled trip start time",-1,67727,67728,8038
"Before scheduled trip start time",-1,44867,44868,8038
"Before scheduled trip start time",-1,808,809,8038
"Before scheduled trip start time",-1,43407,43408,8038
"Before scheduled trip start time",-1,572,573,8038
"Before scheduled trip start time",-1,32818,32819,8038
"Before scheduled trip start time",-1,154,155,8038
"Before scheduled trip start time",-1,13534,13535,8038
"Before scheduled trip start time",-1,685280,685281,8038
"Before scheduled trip start time",-1,677900,677901,8038
"Before scheduled trip start time",-1,55327,55328,8038
"Before scheduled trip start time",-1,681040,681041,8038
"Before scheduled trip start time",-1,196,197,8038
"Before scheduled trip start time",-1,43739,43740,8038
"Before scheduled trip start time",-1,28663,28664,8038
"Before scheduled trip start time",-1,23798,23799,8038
"Before scheduled trip start time",-1,60167,60168,8038
"Before scheduled trip start time",-1,688940,688941,8038
"Before scheduled trip start time",-1,926,927,8038
"Before scheduled trip start time",-1,41407,41408,8038
"Before scheduled trip start time",-1,673,674,8038
"Before scheduled trip start time",-1,5334,5335,8038
"Before scheduled trip start time",-1,5434,5435,8038
"Before scheduled trip start time",-1,46339,46340,8038
"Before scheduled trip start time",-1,37696,37697,8038
"Before scheduled trip start time",-1,502648,502649,8038
"Before scheduled trip start time",-1,49027,49028,8038
"Before scheduled trip start time",-1,53067,53068,8038
"Before scheduled trip start time",-1,3551,3552,8038
"Before scheduled trip start time",-1,18483,18484,8038
"Before scheduled trip start time",-1,32796,32797,8038
"Before scheduled trip start time",-1,19298,19299,8038
"Before scheduled trip start time",-1,262,263,8038
"Before scheduled trip start time",-1,366,367,8038
"Before scheduled trip start time",-1,664240,664241,8038
"Before scheduled trip start time",-1,11255,11256,8038
"Before scheduled trip start time",-1,1232,1233,8038
"Before scheduled trip start time",-1,5914,5915,8038
"Before scheduled trip start time",-1,2857,2858,8038
"Before scheduled trip start time",-1,63367,63368,8038
"Before scheduled trip start time",-1,678960,678961,8038
"Before scheduled trip start time",-1,57847,57848,8038
"Before scheduled trip start time",-1,661960,661961,8038
"Before scheduled trip start time",-1,43339,43340,8038
"Before scheduled trip start time",-1,39536,39537,8038
"Before scheduled trip start time",-1,689080,689081,8038
"Before scheduled trip start time",-1,66407,66408,8038
"Before scheduled trip start time",-1,68847,68848,8038
"Before scheduled trip start time",-1,73347,73348,8038
"Before scheduled trip start time",-1,28498,28499,8038
"Before scheduled trip start time",-1,8932,8933,8038
"Before scheduled trip start time",-1,46099,46100,8038
"Before scheduled trip start time",-1,14834,14835,8038
"Before scheduled trip start time",-1,30563,30564,8038
"Before scheduled trip start time",-1,509008,509009,8038
"Before scheduled trip start time",-1,791,792,8038
"Before scheduled trip start time",-1,1851,1852,8038
"Before scheduled trip start time",-1,56207,56208,8038
"Before scheduled trip start time",-1,21298,21299,8038
"Before scheduled trip start time",-1,21594,21595,8038
"Before scheduled trip start time",-1,728,729,8038
"Before scheduled trip start time",-1,15978,15979,8038
"Before scheduled trip start time",-1,669560,669561,8038
"Before scheduled trip start time",-1,659020,659021,8038
"Before scheduled trip start time",-1,663880,663881,8038
"Before scheduled trip start time",-1,60819,60820,8038
"Before scheduled trip start time",-1,3717,3718,8038
"Before scheduled trip start time",-1,782,783,8038
"Before scheduled trip start time",-1,500208,500209,8038
"Before scheduled trip start time",-1,27436,27437,8038
"Before scheduled trip start time",-1,56087,56088,8038
"Before scheduled trip start time",-1,52027,52028,8038
"Before scheduled trip start time",-1,675400,675401,8038
"Before scheduled trip start time",-1,416,417,8038
"Before scheduled trip start time",-1,24214,24215,8038
"Before scheduled trip start time",-1,283,284,8038
"Before scheduled trip start time",-1,788,789,8038
"Before scheduled trip start time",-1,1123,1124,8038
"Before scheduled trip start time",-1,61639,61640,8038
"Before scheduled trip start time",-1,2159,2160,8038
"Before scheduled trip start time",-1,66639,66640,8038
"Before scheduled trip start time",-1,31638,31639,8038
"Before scheduled trip start time",-1,32058,32059,8038
"Before scheduled trip start time",-1,499728,499729,8038
"Before scheduled trip start time",-1,680580,680581,8038
"Before scheduled trip start time",-1,53507,53508,8038
"Before scheduled trip start time",-1,39527,39528,8038
"Before scheduled trip start time",-1,396,397,8038
"Before scheduled trip start time",-1,55619,55620,8038
"Before scheduled trip start time",-1,215,216,8038
"Before scheduled trip start time",-1,206,207,8038
"Before scheduled trip start time",-1,44947,44948,8038
"Before scheduled trip start time",-1,668340,668341,8038
"Before scheduled trip start time",-1,10415,10416,8038
"Before scheduled trip start time",-1,36736,36737,8038
"Before scheduled trip start time",-1,50767,50768,8038
"Before scheduled trip start time",-1,52967,52968,8038
"Before scheduled trip start time",-1,358,359,8038
"Before scheduled trip start time",-1,661420,661421,8038
"Before scheduled trip start time",-1,684040,684041,8038
"Before scheduled trip start time",-1,24178,24179,8038
"Before scheduled trip start time",-1,669800,669801,8038
"Before scheduled trip start time",-1,658800,658801,8038
"Before scheduled trip start time",-1,36187,36188,8038
"Before scheduled trip start time",-1,27838,27839,8038
"Before scheduled trip start time",-1,3694,3695,8038
"Before scheduled trip start time",-1,496528,496529,8038
"Before scheduled trip start time",-1,46119,46120,8038
"Before scheduled trip start time",-1,12658,12659,8038
"Before scheduled trip start time",-1,313,314,8038
"Before scheduled trip start time",-1,57319,57320,8038
"Before scheduled trip start time",-1,25796,25797,8038
"Before scheduled trip start time",-1,2091,2092,8038
"Before scheduled trip start time",-1,52147,52148,8038
"Before scheduled trip start time",-1,37087,37088,8038
"Before scheduled trip start time",-1,663240,663241,8038
"Before scheduled trip start time",-1,135,136,8038
"Before scheduled trip start time",-1,24554,24555,8038
"Before scheduled trip start time",-1,682560,682561,8038
"Before scheduled trip start time",-1,689720,689721,8038
"Before scheduled trip start time",-1,2094,2095,8038
"Before scheduled trip start time",-1,259,260,8038
"Before scheduled trip start time",-1,16178,16179,8038
"Before scheduled trip start time",-1,669100,669101,8038
"Before scheduled trip start time",-1,669740,669741,8038
"Before scheduled trip start time",-1,6894,6895,8038
"Before scheduled trip start time",-1,12772,12773,8038
"Before scheduled trip start time",-1,1281,1282,8038
"Before scheduled trip start time",-1,58299,58300,8038
"Before scheduled trip start time",-1,672040,672041,8038
"Before scheduled trip start time",-1,159,160,8038
"Before scheduled trip start time",-1,39976,39977,8038
"Before scheduled trip start time",-1,23854,23855,8038
"Before scheduled trip start time",-1,26254,26255,8038
"Before scheduled trip start time",-1,67207,67208,8038
"Before scheduled trip start time",-1,75707,75708,8038
"Before scheduled trip start time",-1,282,283,8038
"Before scheduled trip start time",-1,44047,44048,8038
"Before scheduled trip start time",-1,2737,2738,8038
"Before scheduled trip start time",-1,66799,66800,8038
"Before scheduled trip start time",-1,1849,1850,8038
"Before scheduled trip start time",-1,6112,6113,8038
"Before scheduled trip start time",-1,1,2,8038
"Before scheduled trip start time",-1,5614,5615,8038
"Before scheduled trip start time",-1,5834,5835,8038
"Before scheduled trip start time",-1,52479,52480,8038
"Before scheduled trip start time",-1,30376,30377,8038
"Before scheduled trip start time",-1,28063,28064,8038
"Before scheduled trip start time",-1,189,190,8038
"Before scheduled trip start time",-1,72867,72868,8038
"Before scheduled trip start time",-1,684760,684761,8038
"Before scheduled trip start time",-1,510928,510929,8038
"Before scheduled trip start time",-1,511228,511229,8038
"Before scheduled trip start time",-1,4734,4735,8038
"Before scheduled trip start time",-1,936,937,8038
"Before scheduled trip start time",-1,63387,63388,8038
"Before scheduled trip start time",-1,672120,672121,8038
"Before scheduled trip start time",-1,54807,54808,8038
"Before scheduled trip start time",-1,504288,504289,8038
"Before scheduled trip start time",-1,55059,55060,8038
"Before scheduled trip start time",-1,34276,34277,8038
"Before scheduled trip start time",-1,683540,683541,8038
"Before scheduled trip start time",-1,69339,69340,8038
"Before scheduled trip start time",-1,11052,11053,8038
"Before scheduled trip start time",-1,19763,19764,8038
"Before scheduled trip start time",-1,25416,25417,8038
"Before scheduled trip start time",-1,688100,688101,8038
"Before scheduled trip start time",-1,22374,22375,8038
"Before scheduled trip start time",-1,682800,682801,8038
"Before scheduled trip start time",-1,662,663,8038
"Before scheduled trip start time",-1,669840,669841,8038
"Before scheduled trip start time",-1,836,837,8038
"Before scheduled trip start time",-1,9695,9696,8038
"Before scheduled trip start time",-1,484,485,8038
"Before scheduled trip start time",-1,12872,12873,8038
"Before scheduled trip start time",-1,8952,8953,8038
"Before scheduled trip start time",-1,15534,15535,8038
"Before scheduled trip start time",-1,12958,12959,8038
"Before scheduled trip start time",-1,685620,685621,8038
"Before scheduled trip start time",-1,34316,34317,8038
"Before scheduled trip start time",-1,34436,34437,8038
"Before scheduled trip start time",-1,25454,25455,8038
"Before scheduled trip start time",-1,70527,70528,8038
"Before scheduled trip start time",-1,583,584,8038
"Before scheduled trip start time",-1,511488,511489,8038
"Before scheduled trip start time",-1,1699,1700,8038
"Before scheduled trip start time",-1,1261,1262,8038
"Before scheduled trip start time",-1,9292,9293,8038
"Before scheduled trip start time",-1,1074,1075,8038
"Before scheduled trip start time",-1,7974,7975,8038
"Before scheduled trip start time",-1,27636,27637,8038
"Before scheduled trip start time",-1,56147,56148,8038
"Before scheduled trip start time",-1,677280,677281,8038
"Before scheduled trip start time",-1,245,246,8038
"Before scheduled trip start time",-1,53679,53680,8038
"Before scheduled trip start time",-1,155,156,8038
"Before scheduled trip start time",-1,32216,32217,8038
"Before scheduled trip start time",-1,1187,1188,8038
"Before scheduled trip start time",-1,20374,20375,8038
"Before scheduled trip start time",-1,663820,663821,8038
"Before scheduled trip start time",-1,42027,42028,8038
"Before scheduled trip start time",-1,1137,1138,8038
"Before scheduled trip start time",-1,32714,32715,8038
"Before scheduled trip start time",-1,72659,72660,8038
"Before scheduled trip start time",-1,4675,4676,8038
"Before scheduled trip start time",-1,78859,78860,8038
"Before scheduled trip start time",-1,5514,5515,8038
"Before scheduled trip start time",-1,49007,49008,8038
"Before scheduled trip start time",-1,88,89,8038
"Before scheduled trip start time",-1,186,187,8038
"Before scheduled trip start time",-1,677260,677261,8038
"Before scheduled trip start time",-1,39307,39308,8038
"Before scheduled trip start time",-1,860,861,8038
"Before scheduled trip start time",-1,44439,44440,8038
"Before scheduled trip start time",-1,45279,45280,8038
"Before scheduled trip start time",-1,185,186,8038
"Before scheduled trip start time",-1,34496,34497,8038
"Before scheduled trip start time",-1,18698,18699,8038
"Before scheduled trip start time",-1,161,162,8038
"Before scheduled trip start time",-1,74687,74688,8038
"Before scheduled trip start time",-1,33687,33688,8038
"Before scheduled trip start time",-1,893,894,8038
"Before scheduled trip start time",-1,67859,67860,8038
"Before scheduled trip start time",-1,69319,69320,8038
"Before scheduled trip start time",-1,1094,1095,8038
"Before scheduled trip start time",-1,55027,55028,8038
"Before scheduled trip start time",-1,56447,56448,8038
"Before scheduled trip start time",-1,29016,29017,8038
"Before scheduled trip start time",-1,16103,16104,8038
"Before scheduled trip start time",-1,688480,688481,8038
"Before scheduled trip start time",-1,914,915,8038
"Before scheduled trip start time",-1,27038,27039,8038
"Before scheduled trip start time",-1,47347,47348,8038
"Before scheduled trip start time",-1,658840,658841,8038
"Before scheduled trip start time",-1,5157,5158,8038
"Before scheduled trip start time",-1,1599,1600,8038
"Before scheduled trip start time",-1,11414,11415,8038
"Before scheduled trip start time",-1,5737,5738,8038
"Before scheduled trip start time",-1,6077,6078,8038
"Before scheduled trip start time",-1,970,971,8038
"Before scheduled trip start time",-1,5794,5795,8038
"Before scheduled trip start time",-1,21903,21904,8038
"Before scheduled trip start time",-1,58679,58680,8038
"Before scheduled trip start time",-1,688120,688121,8038
"Before scheduled trip start time",-1,659760,659761,8038
"Before scheduled trip start time",-1,662620,662621,8038
"Before scheduled trip start time",-1,1460,1461,8038
"Before scheduled trip start time",-1,16123,16124,8038
"Before scheduled trip start time",-1,29269,29270,8038
"Before scheduled trip start time",-1,33496,33497,8038
"Before scheduled trip start time",-1,66547,66548,8038
"Before scheduled trip start time",-1,669960,669961,8038
"Before scheduled trip start time",-1,76687,76688,8038
"Before scheduled trip start time",-1,67819,67820,8038
"Before scheduled trip start time",-1,511208,511209,8038
"Before scheduled trip start time",-1,33154,33155,8038
"Before scheduled trip start time",-1,74279,74280,8038
"Before scheduled trip start time",-1,65419,65420,8038
"Before scheduled trip start time",-1,11274,11275,8038
"Before scheduled trip start time",-1,36616,36617,8038
"Before scheduled trip start time",-1,7354,7355,8038
"Before scheduled trip start time",-1,23398,23399,8038
"Before scheduled trip start time",-1,683180,683181,8038
"Before scheduled trip start time",-1,684080,684081,8038
"Before scheduled trip start time",-1,90,91,8038
"Before scheduled trip start time",-1,221,222,8038
"Before scheduled trip start time",-1,45147,45148,8038
"Before scheduled trip start time",-1,33847,33848,8038
"Before scheduled trip start time",-1,1719,1720,8038
"Before scheduled trip start time",-1,665,666,8038
"Before scheduled trip start time",-1,6675,6676,8038
"Before scheduled trip start time",-1,414,415,8038
"Before scheduled trip start time",-1,62747,62748,8038
"Before scheduled trip start time",-1,687920,687921,8038
"Before scheduled trip start time",-1,65267,65268,8038
"Before scheduled trip start time",-1,672900,672901,8038
"Before scheduled trip start time",-1,55067,55068,8038
"Before scheduled trip start time",-1,679520,679521,8038
"Before scheduled trip start time",-1,504148,504149,8038
"Before scheduled trip start time",-1,28463,28464,8038
"Before scheduled trip start time",-1,28683,28684,8038
"Before scheduled trip start time",-1,67047,67048,8038
"Before scheduled trip start time",-1,28014,28015,8038
"Before scheduled trip start time",-1,668760,668761,8038
"Before scheduled trip start time",-1,9874,9875,8038
"Before scheduled trip start time",-1,1647,1648,8038
"Before scheduled trip start time",-1,94,95,8038
"Before scheduled trip start time",-1,7234,7235,8038
"Before scheduled trip start time",-1,53707,53708,8038
"Before scheduled trip start time",-1,660100,660101,8038
"Before scheduled trip start time",-1,17603,17604,8038
"Before scheduled trip start time",-1,41536,41537,8038
"Before scheduled trip start time",-1,28203,28204,8038
"Before scheduled trip start time",-1,30334,30335,8038
"Before scheduled trip start time",-1,14198,14199,8038
"Before scheduled trip start time",-1,14498,14499,8038
"Before scheduled trip start time",-1,67259,67260,8038
"Before scheduled trip start time",-1,4197,4198,8038
"Before scheduled trip start time",-1,6775,6776,8038
"Before scheduled trip start time",-1,66919,66920,8038
"Before scheduled trip start time",-1,19603,19604,8038
"Before scheduled trip start time",-1,15034,15035,8038
"Before scheduled trip start time",-1,50599,50600,8038
"Before scheduled trip start time",-1,58527,58528,8038
"Before scheduled trip start time",-1,29176,29177,8038
"Before scheduled trip start time",-1,30956,30957,8038
"Before scheduled trip start time",-1,53439,53440,8038
"Before scheduled trip start time",-1,352,353,8038
"Before scheduled trip start time",-1,24618,24619,8038
"Before scheduled trip start time",-1,18914,18915,8038
"Before scheduled trip start time",-1,656360,656361,8038
"Before scheduled trip start time",-1,390,391,8038
"Before scheduled trip start time",-1,1527,1528,8038
"Before scheduled trip start time",-1,1666,1667,8038
"Before scheduled trip start time",-1,6772,6773,8038
"Before scheduled trip start time",-1,3654,3655,8038
"Before scheduled trip start time",-1,18963,18964,8038
"Before scheduled trip start time",-1,27296,27297,8038
"Before scheduled trip start time",-1,1551,1552,8038
"Before scheduled trip start time",-1,687460,687461,8038
"Before scheduled trip start time",-1,674200,674201,8038
"Before scheduled trip start time",-1,38527,38528,8038
"Before scheduled trip start time",-1,100,101,8038
"Before scheduled trip start time",-1,506228,506229,8038
"Before scheduled trip start time",-1,1383,1384,8038
"Before scheduled trip start time",-1,1623,1624,8038
"Before scheduled trip start time",-1,31034,31035,8038
"Before scheduled trip start time",-1,80539,80540,8038
"Before scheduled trip start time",-1,12095,12096,8038
"Before scheduled trip start time",-1,39216,39217,8038
"Before scheduled trip start time",-1,503128,503129,8038
"Before scheduled trip start time",-1,503248,503249,8038
"Before scheduled trip start time",-1,59079,59080,8038
"Before scheduled trip start time",-1,55947,55948,8038
"Before scheduled trip start time",-1,29116,29117,8038
"Before scheduled trip start time",-1,71247,71248,8038
"Before scheduled trip start time",-1,1207,1208,8038
"Before scheduled trip start time",-1,684120,684121,8038
"Before scheduled trip start time",-1,943,944,8038
"Before scheduled trip start time",-1,44827,44828,8038
"Before scheduled trip start time",-1,68279,68280,8038
"Before scheduled trip start time",-1,2375,2376,8038
"Before scheduled trip start time",-1,5539,5540,8038
"Before scheduled trip start time",-1,66099,66100,8038
"Before scheduled trip start time",-1,1334,1335,8038
"Before scheduled trip start time",-1,35816,35817,8038
"Before scheduled trip start time",-1,29843,29844,8038
"Before scheduled trip start time",-1,219,220,8038
"Before scheduled trip start time",-1,679900,679901,8038
"Before scheduled trip start time",-1,44939,44940,8038
"Before scheduled trip start time",-1,24514,24515,8038
"Before scheduled trip start time",-1,683800,683801,8038
"Before scheduled trip start time",-1,18054,18055,8038
"Before scheduled trip start time",-1,16398,16399,8038
"Before scheduled trip start time",-1,36387,36388,8038
"Before scheduled trip start time",-1,63459,63460,8038
"Before scheduled trip start time",-1,1917,1918,8038
"Before scheduled trip start time",-1,10594,10595,8038
"Before scheduled trip start time",-1,29278,29279,8038
"Before scheduled trip start time",-1,80239,80240,8038
"Before scheduled trip start time",-1,1195,1196,8038
"Before scheduled trip start time",-1,9252,9253,8038
"Before scheduled trip start time",-1,58239,58240,8038
"Before scheduled trip start time",-1,681240,681241,8038
"Before scheduled trip start time",-1,53667,53668,8038
"Before scheduled trip start time",-1,28836,28837,8038
"Before scheduled trip start time",-1,45519,45520,8038
"Before scheduled trip start time",-1,39696,39697,8038
"Before scheduled trip start time",-1,27283,27284,8038
"Before scheduled trip start time",-1,23654,23655,8038
"Before scheduled trip start time",-1,72467,72468,8038
"Before scheduled trip start time",-1,25978,25979,8038
"Before scheduled trip start time",-1,1488,1489,8038
"Before scheduled trip start time",-1,9074,9075,8038
"Before scheduled trip start time",-1,5677,5678,8038
"Before scheduled trip start time",-1,3854,3855,8038
"Before scheduled trip start time",-1,7559,7560,8038
"Before scheduled trip start time",-1,5034,5035,8038
"Before scheduled trip start time",-1,5234,5235,8038
"Before scheduled trip start time",-1,496628,496629,8038
"Before scheduled trip start time",-1,508448,508449,8038
"Before scheduled trip start time",-1,64327,64328,8038
"Before scheduled trip start time",-1,671020,671021,8038
"Before scheduled trip start time",-1,55887,55888,8038
"Before scheduled trip start time",-1,30936,30937,8038
"Before scheduled trip start time",-1,18323,18324,8038
"Before scheduled trip start time",-1,288,289,8038
"Before scheduled trip start time",-1,74227,74228,8038
"Before scheduled trip start time",-1,24238,24239,8038
"Before scheduled trip start time",-1,986,987,8038
"Before scheduled trip start time",-1,41947,41948,8038
"Before scheduled trip start time",-1,6434,6435,8038
"Before scheduled trip start time",-1,47659,47660,8038
"Before scheduled trip start time",-1,25896,25897,8038
"Before scheduled trip start time",-1,677680,677681,8038
"Before scheduled trip start time",-1,659980,659981,8038
"Before scheduled trip start time",-1,31296,31297,8038
"Before scheduled trip start time",-1,476,477,8038
"Before scheduled trip start time",-1,59107,59108,8038
"Before scheduled trip start time",-1,16778,16779,8038
"Before scheduled trip start time",-1,36507,36508,8038
"Before scheduled trip start time",-1,828,829,8038
"Before scheduled trip start time",-1,79639,79640,8038
"Before scheduled trip start time",-1,1092,1093,8038
"Before scheduled trip start time",-1,3374,3375,8038
"Before scheduled trip start time",-1,498468,498469,8038
"Before scheduled trip start time",-1,12834,12835,8038
"Before scheduled trip start time",-1,14114,14115,8038
"Before scheduled trip start time",-1,593,594,8038
"Before scheduled trip start time",-1,1088,1089,8038
"Before scheduled trip start time",-1,1174,1175,8038
"Before scheduled trip start time",-1,438,439,8038
"Before scheduled trip start time",-1,511088,511089,8038
"Before scheduled trip start time",-1,10232,10233,8038
"Before scheduled trip start time",-1,8354,8355,8038
"Before scheduled trip start time",-1,510208,510209,8038
"Before scheduled trip start time",-1,671700,671701,8038
"Before scheduled trip start time",-1,56067,56068,8038
"Before scheduled trip start time",-1,71,72,8038
"Before scheduled trip start time",-1,38747,38748,8038
"Before scheduled trip start time",-1,28776,28777,8038
"Before scheduled trip start time",-1,75947,75948,8038
"Before scheduled trip start time",-1,1554,1555,8038
"Before scheduled trip start time",-1,45287,45288,8038
"Before scheduled trip start time",-1,45527,45528,8038
"Before scheduled trip start time",-1,46927,46928,8038
"Before scheduled trip start time",-1,32074,32075,8038
"Before scheduled trip start time",-1,11178,11179,8038
"Before scheduled trip start time",-1,11698,11699,8038
"Before scheduled trip start time",-1,25143,25144,8038
"Before scheduled trip start time",-1,64187,64188,8038
"Before scheduled trip start time",-1,49307,49308,8038
"Before scheduled trip start time",-1,660240,660241,8038
"Before scheduled trip start time",-1,35136,35137,8038
"Before scheduled trip start time",-1,69987,69988,8038
"Before scheduled trip start time",-1,60627,60628,8038
"Before scheduled trip start time",-1,69187,69188,8038
"Before scheduled trip start time",-1,74247,74248,8038
"Before scheduled trip start time",-1,592,593,8038
"Before scheduled trip start time",-1,8574,8575,8038
"Before scheduled trip start time",-1,6552,6553,8038
"Before scheduled trip start time",-1,2594,2595,8038
"Before scheduled trip start time",-1,45799,45800,8038
"Before scheduled trip start time",-1,11758,11759,8038
"Before scheduled trip start time",-1,15674,15675,8038
"Before scheduled trip start time",-1,28096,28097,8038
"Before scheduled trip start time",-1,62267,62268,8038
"Before scheduled trip start time",-1,671080,671081,8038
"Before scheduled trip start time",-1,30316,30317,8038
"Before scheduled trip start time",-1,493048,493049,8038
"Before scheduled trip start time",-1,493788,493789,8038
"Before scheduled trip start time",-1,22034,22035,8038
"Before scheduled trip start time",-1,22154,22155,8038
"Before scheduled trip start time",-1,682940,682941,8038
"Before scheduled trip start time",-1,66887,66888,8038
"Before scheduled trip start time",-1,15078,15079,8038
"Before scheduled trip start time",-1,797,798,8038
"Before scheduled trip start time",-1,41667,41668,8038
"Before scheduled trip start time",-1,895,896,8038
"Before scheduled trip start time",-1,26836,26837,8038
"Before scheduled trip start time",-1,672940,672941,8038
"Before scheduled trip start time",-1,677840,677841,8038
"Before scheduled trip start time",-1,38007,38008,8038
"Before scheduled trip start time",-1,40387,40388,8038
"Before scheduled trip start time",-1,15723,15724,8038
"Before scheduled trip start time",-1,17838,17839,8038
"Before scheduled trip start time",-1,20834,20835,8038
"Before scheduled trip start time",-1,60187,60188,8038
"Before scheduled trip start time",-1,15258,15259,8038
"Before scheduled trip start time",-1,669160,669161,8038
"Before scheduled trip start time",-1,659200,659201,8038
"Before scheduled trip start time",-1,666760,666761,8038
"Before scheduled trip start time",-1,9355,9356,8038
"Before scheduled trip start time",-1,10595,10596,8038
"Before scheduled trip start time",-1,514788,514789,8038
"Before scheduled trip start time",-1,8134,8135,8038
"Before scheduled trip start time",-1,500008,500009,8038
"Before scheduled trip start time",-1,57239,57240,8038
"Before scheduled trip start time",-1,1111,1112,8038
"Before scheduled trip start time",-1,55099,55100,8038
"Before scheduled trip start time",-1,15958,15959,8038
"Before scheduled trip start time",-1,659060,659061,8038
"Before scheduled trip start time",-1,3312,3313,8038
"Before scheduled trip start time",-1,10975,10976,8038
"Before scheduled trip start time",-1,5595,5596,8038
"Before scheduled trip start time",-1,9097,9098,8038
"Before scheduled trip start time",-1,174,175,8038
"Before scheduled trip start time",-1,47959,47960,8038
"Before scheduled trip start time",-1,2531,2532,8038
"Before scheduled trip start time",-1,40376,40377,8038
"Before scheduled trip start time",-1,61187,61188,8038
"Before scheduled trip start time",-1,666800,666801,8038
"Before scheduled trip start time",-1,8995,8996,8038
"Before scheduled trip start time",-1,3639,3640,8038
"Before scheduled trip start time",-1,14,15,8038
"Before scheduled trip start time",-1,2411,2412,8038
"Before scheduled trip start time",-1,681260,681261,8038
"Before scheduled trip start time",-1,54587,54588,8038
"Before scheduled trip start time",-1,204,205,8038
"Before scheduled trip start time",-1,21678,21679,8038
"Before scheduled trip start time",-1,25254,25255,8038
"Before scheduled trip start time",-1,59047,59048,8038
"Before scheduled trip start time",-1,1828,1829,8038
"Before scheduled trip start time",-1,1479,1480,8038
"Before scheduled trip start time",-1,33434,33435,8038
"Before scheduled trip start time",-1,1324,1325,8038
"Before scheduled trip start time",-1,934,935,8038
"Before scheduled trip start time",-1,11678,11679,8038
"Before scheduled trip start time",-1,507548,507549,8038
"Before scheduled trip start time",-1,31683,31684,8038
"Before scheduled trip start time",-1,62247,62248,8038
"Before scheduled trip start time",-1,2451,2452,8038
"Before scheduled trip start time",-1,671820,671821,8038
"Before scheduled trip start time",-1,495628,495629,8038
"Before scheduled trip start time",-1,18654,18655,8038
"Before scheduled trip start time",-1,800,801,8038
"Before scheduled trip start time",-1,10435,10436,8038
"Before scheduled trip start time",-1,81159,81160,8038
"Before scheduled trip start time",-1,1032,1033,8038
"Before scheduled trip start time",-1,7972,7973,8038
"Before scheduled trip start time",-1,31703,31704,8038
"Before scheduled trip start time",-1,510008,510009,8038
"Before scheduled trip start time",-1,25736,25737,8038
"Before scheduled trip start time",-1,26176,26177,8038
"Before scheduled trip start time",-1,27336,27337,8038
"Before scheduled trip start time",-1,50267,50268,8038
"Before scheduled trip start time",-1,677120,677121,8038
"Before scheduled trip start time",-1,493168,493169,8038
"Before scheduled trip start time",-1,18243,18244,8038
"Before scheduled trip start time",-1,98,99,8038
"Before scheduled trip start time",-1,65867,65868,8038
"Before scheduled trip start time",-1,66987,66988,8038
"Before scheduled trip start time",-1,261,262,8038
"Before scheduled trip start time",-1,16414,16415,8038
"Before scheduled trip start time",-1,34647,34648,8038
"Before scheduled trip start time",-1,645,646,8038
"Before scheduled trip start time",-1,9477,9478,8038
"Before scheduled trip start time",-1,1291,1292,8038
"Before scheduled trip start time",-1,1671,1672,8038
"Before scheduled trip start time",-1,671560,671561,8038
"Before scheduled trip start time",-1,56947,56948,8038
"Before scheduled trip start time",-1,29456,29457,8038
"Before scheduled trip start time",-1,60347,60348,8038
"Before scheduled trip start time",-1,689480,689481,8038
"Before scheduled trip start time",-1,27294,27295,8038
"Before scheduled trip start time",-1,43607,43608,8038
"Before scheduled trip start time",-1,8572,8573,8038
"Before scheduled trip start time",-1,45819,45820,8038
"Before scheduled trip start time",-1,392,393,8038
"Before scheduled trip start time",-1,27776,27777,8038
"Before scheduled trip start time",-1,685260,685261,8038
"Before scheduled trip start time",-1,63587,63588,8038
"Before scheduled trip start time",-1,31076,31077,8038
"Before scheduled trip start time",-1,40956,40957,8038
"Before scheduled trip start time",-1,27334,27335,8038
"Before scheduled trip start time",-1,26238,26239,8038
"Before scheduled trip start time",-1,697,698,8038
"Before scheduled trip start time",-1,512868,512869,8038
"Before scheduled trip start time",-1,524,525,8038
"Before scheduled trip start time",-1,31814,31815,8038
"Before scheduled trip start time",-1,75839,75840,8038
"Before scheduled trip start time",-1,7615,7616,8038
"Before scheduled trip start time",-1,2675,2676,8038
"Before scheduled trip start time",-1,11694,11695,8038
"Before scheduled trip start time",-1,19123,19124,8038
"Before scheduled trip start time",-1,500248,500249,8038
"Before scheduled trip start time",-1,500508,500509,8038
"Before scheduled trip start time",-1,507668,507669,8038
"Before scheduled trip start time",-1,87,88,8038
"Before scheduled trip start time",-1,39767,39768,8038
"Before scheduled trip start time",-1,504728,504729,8038
"Before scheduled trip start time",-1,68767,68768,8038
"Before scheduled trip start time",-1,699,700,8038
"Before scheduled trip start time",-1,575,576,8038
"Before scheduled trip start time",-1,7335,7336,8038
"Before scheduled trip start time",-1,491,492,8038
"Before scheduled trip start time",-1,1150,1151,8038
"Before scheduled trip start time",-1,5054,5055,8038
"Before scheduled trip start time",-1,6794,6795,8038
"Before scheduled trip start time",-1,37856,37857,8038
"Before scheduled trip start time",-1,507488,507489,8038
"Before scheduled trip start time",-1,510488,510489,8038
"Before scheduled trip start time",-1,672420,672421,8038
"Before scheduled trip start time",-1,659860,659861,8038
"Before scheduled trip start time",-1,54239,54240,8038
"Before scheduled trip start time",-1,56359,56360,8038
"Before scheduled trip start time",-1,21398,21399,8038
"Before scheduled trip start time",-1,18658,18659,8038
"Before scheduled trip start time",-1,257,258,8038
"Before scheduled trip start time",-1,27318,27319,8038
"Before scheduled trip start time",-1,19194,19195,8038
"Before scheduled trip start time",-1,45947,45948,8038
"Before scheduled trip start time",-1,2792,2793,8038
"Before scheduled trip start time",-1,509148,509149,8038
"Before scheduled trip start time",-1,670480,670481,8038
"Before scheduled trip start time",-1,677700,677701,8038
"Before scheduled trip start time",-1,678020,678021,8038
"Before scheduled trip start time",-1,674160,674161,8038
"Before scheduled trip start time",-1,52959,52960,8038
"Before scheduled trip start time",-1,504848,504849,8038
"Before scheduled trip start time",-1,72787,72788,8038
"Before scheduled trip start time",-1,681560,681561,8038
"Before scheduled trip start time",-1,17954,17955,8038
"Before scheduled trip start time",-1,16498,16499,8038
"Before scheduled trip start time",-1,594,595,8038
"Before scheduled trip start time",-1,535,536,8038
"Before scheduled trip start time",-1,4812,4813,8038
"Before scheduled trip start time",-1,73759,73760,8038
"Before scheduled trip start time",-1,29,30,8038
"Before scheduled trip start time",-1,501268,501269,8038
"Before scheduled trip start time",-1,55167,55168,8038
"Before scheduled trip start time",-1,680520,680521,8038
"Before scheduled trip start time",-1,23494,23495,8038
"Before scheduled trip start time",-1,16374,16375,8038
"Before scheduled trip start time",-1,16838,16839,8038
"Before scheduled trip start time",-1,667540,667541,8038
"Before scheduled trip start time",-1,11415,11416,8038
"Before scheduled trip start time",-1,6975,6976,8038
"Before scheduled trip start time",-1,4777,4778,8038
"Before scheduled trip start time",-1,497248,497249,8038
"Before scheduled trip start time",-1,NA,NA,8038
"Before scheduled trip start time",-1,1547,1548,8038
"Before scheduled trip start time",-1,22783,22784,8038
"Before scheduled trip start time",-1,62907,62908,8038
"Before scheduled trip start time",-1,662960,662961,8038
"Before scheduled trip start time",-1,50441,50442,8038
"Before scheduled trip start time",-1,20458,20459,8038
"Before scheduled trip start time",-1,682340,682341,8038
"Before scheduled trip start time",-1,45107,45108,8038
"Before scheduled trip start time",-1,668320,668321,8038
"Before scheduled trip start time",-1,656420,656421,8038
"Before scheduled trip start time",-1,44087,44088,8038
"Before scheduled trip start time",-1,4012,4013,8038
"Before scheduled trip start time",-1,2254,2255,8038
"Before scheduled trip start time",-1,18803,18804,8038
"Before scheduled trip start time",-1,12674,12675,8038
"Before scheduled trip start time",-1,7334,7335,8038
"Before scheduled trip start time",-1,671400,671401,8038
"Before scheduled trip start time",-1,37307,37308,8038
"Before scheduled trip start time",-1,24158,24159,8038
"Before scheduled trip start time",-1,470,471,8038
"Before scheduled trip start time",-1,512088,512089,8038
"Before scheduled trip start time",-1,2659,2660,8038
"Before scheduled trip start time",-1,10192,10193,8038
"Before scheduled trip start time",-1,10312,10313,8038
"Before scheduled trip start time",-1,6914,6915,8038
"Before scheduled trip start time",-1,497608,497609,8038
"Before scheduled trip start time",-1,678320,678321,8038
"Before scheduled trip start time",-1,64,65,8038
"Before scheduled trip start time",-1,20194,20195,8038
"Before scheduled trip start time",-1,18598,18599,8038
"Before scheduled trip start time",-1,670060,670061,8038
"Before scheduled trip start time",-1,557,558,8038
"Before scheduled trip start time",-1,2155,2156,8038
"Before scheduled trip start time",-1,14934,14935,8038
"Before scheduled trip start time",-1,6,7,8038
"Before scheduled trip start time",-1,688220,688221,8038
"Before scheduled trip start time",-1,783,784,8038
"Before scheduled trip start time",-1,386,387,8038
"Before scheduled trip start time",-1,669120,669121,8038
"Before scheduled trip start time",-1,419,420,8038
"Before scheduled trip start time",-1,60659,60660,8038
"Before scheduled trip start time",-1,619,620,8038
"Before scheduled trip start time",-1,435,436,8038
"Before scheduled trip start time",-1,47219,47220,8038
"Before scheduled trip start time",-1,11,12,8038
"Before scheduled trip start time",-1,15094,15095,8038
"Before scheduled trip start time",-1,38276,38277,8038
"Before scheduled trip start time",-1,34116,34117,8038
"Before scheduled trip start time",-1,22654,22655,8038
"Before scheduled trip start time",-1,74647,74648,8038
"Before scheduled trip start time",-1,694,695,8038
"Before scheduled trip start time",-1,46887,46888,8038
"Before scheduled trip start time",-1,47667,47668,8038
"Before scheduled trip start time",-1,36667,36668,8038
"Before scheduled trip start time",-1,548,549,8038
"Before scheduled trip start time",-1,29018,29019,8038
"Before scheduled trip start time",-1,30218,30219,8038
"Before scheduled trip start time",-1,2895,2896,8038
"Before scheduled trip start time",-1,695,696,8038
"Before scheduled trip start time",-1,834,835,8038
"Before scheduled trip start time",-1,9798,9799,8038
"Before scheduled trip start time",-1,38096,38097,8038
"Before scheduled trip start time",-1,26676,26677,8038
"Before scheduled trip start time",-1,39776,39777,8038
"Before scheduled trip start time",-1,103,104,8038
"Before scheduled trip start time",-1,22794,22795,8038
"Before scheduled trip start time",-1,665040,665041,8038
"Before scheduled trip start time",-1,665160,665161,8038
"Before scheduled trip start time",-1,666420,666421,8038
"Before scheduled trip start time",-1,706,707,8038
"Before scheduled trip start time",-1,13732,13733,8038
"Before scheduled trip start time",-1,33238,33239,8038
"Before scheduled trip start time",-1,499288,499289,8038
"Before scheduled trip start time",-1,23463,23464,8038
"Before scheduled trip start time",-1,59779,59780,8038
"Before scheduled trip start time",-1,82,83,8038
"Before scheduled trip start time",-1,40267,40268,8038
"Before scheduled trip start time",-1,31916,31917,8038
"Before scheduled trip start time",-1,55659,55660,8038
"Before scheduled trip start time",-1,681640,681641,8038
"Before scheduled trip start time",-1,65807,65808,8038
"Before scheduled trip start time",-1,73927,73928,8038
"Before scheduled trip start time",-1,75167,75168,8038
"Before scheduled trip start time",-1,17734,17735,8038
"Before scheduled trip start time",-1,876,877,8038
"Before scheduled trip start time",-1,1159,1160,8038
"Before scheduled trip start time",-1,1775,1776,8038
"Before scheduled trip start time",-1,36876,36877,8038
"Before scheduled trip start time",-1,672080,672081,8038
"Before scheduled trip start time",-1,674820,674821,8038
"Before scheduled trip start time",-1,676380,676381,8038
"Before scheduled trip start time",-1,54027,54028,8038
"Before scheduled trip start time",-1,136,137,8038
"Before scheduled trip start time",-1,72927,72928,8038
"Before scheduled trip start time",-1,21854,21855,8038
"Before scheduled trip start time",-1,60267,60268,8038
"Before scheduled trip start time",-1,164,165,8038
"Before scheduled trip start time",-1,73427,73428,8038
"Before scheduled trip start time",-1,33727,33728,8038
"Before scheduled trip start time",-1,35347,35348,8038
"Before scheduled trip start time",-1,395,396,8038
"Before scheduled trip start time",-1,6812,6813,8038
"Before scheduled trip start time",-1,12495,12496,8038
"Before scheduled trip start time",-1,23,24,8038
"Before scheduled trip start time",-1,413,414,8038
"Before scheduled trip start time",-1,25836,25837,8038
"Before scheduled trip start time",-1,675040,675041,8038
"Before scheduled trip start time",-1,494228,494229,8038
"Before scheduled trip start time",-1,46627,46628,8038
"Before scheduled trip start time",-1,669900,669901,8038
"Before scheduled trip start time",-1,42267,42268,8038
"Before scheduled trip start time",-1,20363,20364,8038
"Before scheduled trip start time",-1,26876,26877,8038
"Before scheduled trip start time",-1,26243,26244,8038
"Before scheduled trip start time",-1,506108,506109,8038
"Before scheduled trip start time",-1,59147,59148,8038
"Before scheduled trip start time",-1,684380,684381,8038
"Before scheduled trip start time",-1,689680,689681,8038
"Before scheduled trip start time",-1,27914,27915,8038
"Before scheduled trip start time",-1,667480,667481,8038
"Before scheduled trip start time",-1,1543,1544,8038
"Before scheduled trip start time",-1,68879,68880,8038
"Before scheduled trip start time",-1,33283,33284,8038
"Before scheduled trip start time",-1,10075,10076,8038
"Before scheduled trip start time",-1,7815,7816,8038
"Before scheduled trip start time",-1,47319,47320,8038
"Before scheduled trip start time",-1,21703,21704,8038
"Before scheduled trip start time",-1,10078,10079,8038
"Before scheduled trip start time",-1,36836,36837,8038
"Before scheduled trip start time",-1,30243,30244,8038
"Before scheduled trip start time",-1,686300,686301,8038
"Before scheduled trip start time",-1,662260,662261,8038
"Before scheduled trip start time",-1,40367,40368,8038
"Before scheduled trip start time",-1,28816,28817,8038
"Before scheduled trip start time",-1,1740,1741,8038
"Before scheduled trip start time",-1,225,226,8038
"Before scheduled trip start time",-1,39956,39957,8038
"Before scheduled trip start time",-1,66167,66168,8038
"Before scheduled trip start time",-1,74987,74988,8038
"Before scheduled trip start time",-1,-14,-13,8038
"Before scheduled trip start time",-1,518,519,8038
"Before scheduled trip start time",-1,719,720,8038
"Before scheduled trip start time",-1,6299,6300,8038
"Before scheduled trip start time",-1,7057,7058,8038
"Before scheduled trip start time",-1,1290,1291,8038
"Before scheduled trip start time",-1,16,17,8038
"Before scheduled trip start time",-1,25016,25017,8038
"Before scheduled trip start time",-1,686160,686161,8038
"Before scheduled trip start time",-1,505728,505729,8038
"Before scheduled trip start time",-1,34056,34057,8038
"Before scheduled trip start time",-1,17558,17559,8038
"Before scheduled trip start time",-1,28434,28435,8038
"Before scheduled trip start time",-1,670460,670461,8038
"Before scheduled trip start time",-1,666280,666281,8038
"Before scheduled trip start time",-1,683,684,8038
"Before scheduled trip start time",-1,68919,68920,8038
"Before scheduled trip start time",-1,31114,31115,8038
"Before scheduled trip start time",-1,515708,515709,8038
"Before scheduled trip start time",-1,10658,10659,8038
"Before scheduled trip start time",-1,688360,688361,8038
"Before scheduled trip start time",-1,40936,40937,8038
"Before scheduled trip start time",-1,41376,41377,8038
"Before scheduled trip start time",-1,61827,61828,8038
"Before scheduled trip start time",-1,473,474,8038
"Before scheduled trip start time",-1,14238,14239,8038
"Before scheduled trip start time",-1,18434,18435,8038
"Before scheduled trip start time",-1,937,938,8038
"Before scheduled trip start time",-1,12932,12933,8038
"Before scheduled trip start time",-1,13912,13913,8038
"Before scheduled trip start time",-1,28,29,8038
"Before scheduled trip start time",-1,8294,8295,8038
"Before scheduled trip start time",-1,49519,49520,8038
"Before scheduled trip start time",-1,507408,507409,8038
"Before scheduled trip start time",-1,144,145,8038
"Before scheduled trip start time",-1,224,225,8038
"Before scheduled trip start time",-1,493128,493129,8038
"Before scheduled trip start time",-1,71327,71328,8038
"Before scheduled trip start time",-1,843,844,8038
"Before scheduled trip start time",-1,27894,27895,8038
"Before scheduled trip start time",-1,15018,15019,8038
"Before scheduled trip start time",-1,663980,663981,8038
"Before scheduled trip start time",-1,421,422,8038
"Before scheduled trip start time",-1,1480,1481,8038
"Before scheduled trip start time",-1,13772,13773,8038
"Before scheduled trip start time",-1,33118,33119,8038
"Before scheduled trip start time",-1,33758,33759,8038
"Before scheduled trip start time",-1,5694,5695,8038
"Before scheduled trip start time",-1,1153,1154,8038
"Before scheduled trip start time",-1,502448,502449,8038
"Before scheduled trip start time",-1,57359,57360,8038
"Before scheduled trip start time",-1,29936,29937,8038
"Before scheduled trip start time",-1,236,237,8038
"Before scheduled trip start time",-1,32736,32737,8038
"Before scheduled trip start time",-1,21114,21115,8038
"Before scheduled trip start time",-1,60527,60528,8038
"Before scheduled trip start time",-1,14478,14479,8038
"Before scheduled trip start time",-1,19334,19335,8038
"Before scheduled trip start time",-1,667160,667161,8038
"Before scheduled trip start time",-1,656160,656161,8038
"Before scheduled trip start time",-1,565,566,8038
"Before scheduled trip start time",-1,68719,68720,8038
"Before scheduled trip start time",-1,10475,10476,8038
"Before scheduled trip start time",-1,974,975,8038
"Before scheduled trip start time",-1,58636,58637,8038
"Before scheduled trip start time",-1,32418,32419,8038
"Before scheduled trip start time",-1,500148,500149,8038
"Before scheduled trip start time",-1,24163,24164,8038
"Before scheduled trip start time",-1,30963,30964,8038
"Before scheduled trip start time",-1,63767,63768,8038
"Before scheduled trip start time",-1,42099,42100,8038
"Before scheduled trip start time",-1,29389,29390,8038
"Before scheduled trip start time",-1,284,285,8038
"Before scheduled trip start time",-1,769,770,8038
"Before scheduled trip start time",-1,682520,682521,8038
"Before scheduled trip start time",-1,29974,29975,8038
"Before scheduled trip start time",-1,359,360,8038
"Before scheduled trip start time",-1,68859,68860,8038
"Before scheduled trip start time",-1,1359,1360,8038
"Before scheduled trip start time",-1,63619,63620,8038
"Before scheduled trip start time",-1,534,535,8038
"Before scheduled trip start time",-1,31,32,8038
"Before scheduled trip start time",-1,872,873,8038
"Before scheduled trip start time",-1,51919,51920,8038
"Before scheduled trip start time",-1,57887,57888,8038
"Before scheduled trip start time",-1,58287,58288,8038
"Before scheduled trip start time",-1,668,669,8038
"Before scheduled trip start time",-1,953,954,8038
"Before scheduled trip start time",-1,28794,28795,8038
"Before scheduled trip start time",-1,16478,16479,8038
"Before scheduled trip start time",-1,9474,9475,8038
"Before scheduled trip start time",-1,10474,10475,8038
"Before scheduled trip start time",-1,1019,1020,8038
"Before scheduled trip start time",-1,1399,1400,8038
"Before scheduled trip start time",-1,4554,4555,8038
"Before scheduled trip start time",-1,499468,499469,8038
"Before scheduled trip start time",-1,22063,22064,8038
"Before scheduled trip start time",-1,11098,11099,8038
"Before scheduled trip start time",-1,13158,13159,8038
"Before scheduled trip start time",-1,38536,38537,8038
"Before scheduled trip start time",-1,59659,59660,8038
"Before scheduled trip start time",-1,685700,685701,8038
"Before scheduled trip start time",-1,673840,673841,8038
"Before scheduled trip start time",-1,56167,56168,8038
"Before scheduled trip start time",-1,52607,52608,8038
"Before scheduled trip start time",-1,39596,39597,8038
"Before scheduled trip start time",-1,41856,41857,8038
"Before scheduled trip start time",-1,1127,1128,8038
"Before scheduled trip start time",-1,665840,665841,8038
"Before scheduled trip start time",-1,3597,3598,8038
"Before scheduled trip start time",-1,13272,13273,8038
"Before scheduled trip start time",-1,12335,12336,8038
"Before scheduled trip start time",-1,1770,1771,8038
"Before scheduled trip start time",-1,20643,20644,8038
"Before scheduled trip start time",-1,9898,9899,8038
"Before scheduled trip start time",-1,36336,36337,8038
"Before scheduled trip start time",-1,48,49,8038
"Before scheduled trip start time",-1,333,334,8038
"Before scheduled trip start time",-1,22683,22684,8038
"Before scheduled trip start time",-1,508268,508269,8038
"Before scheduled trip start time",-1,679680,679681,8038
"Before scheduled trip start time",-1,52127,52128,8038
"Before scheduled trip start time",-1,32156,32157,8038
"Before scheduled trip start time",-1,1008,1009,8038
"Before scheduled trip start time",-1,34627,34628,8038
"Before scheduled trip start time",-1,69139,69140,8038
"Before scheduled trip start time",-1,32174,32175,8038
"Before scheduled trip start time",-1,335,336,8038
"Before scheduled trip start time",-1,13934,13935,8038
"Before scheduled trip start time",-1,1113,1114,8038
"Before scheduled trip start time",-1,37707,37708,8038
"Before scheduled trip start time",-1,40167,40168,8038
"Before scheduled trip start time",-1,29516,29517,8038
"Before scheduled trip start time",-1,32496,32497,8038
"Before scheduled trip start time",-1,23034,23035,8038
"Before scheduled trip start time",-1,17394,17395,8038
"Before scheduled trip start time",-1,19634,19635,8038
"Before scheduled trip start time",-1,1411,1412,8038
"Before scheduled trip start time",-1,4372,4373,8038
"Before scheduled trip start time",-1,9594,9595,8038
"Before scheduled trip start time",-1,455,456,8038
"Before scheduled trip start time",-1,1750,1751,8038
"Before scheduled trip start time",-1,51667,51668,8038
"Before scheduled trip start time",-1,34876,34877,8038
"Before scheduled trip start time",-1,72287,72288,8038
"Before scheduled trip start time",-1,523,524,8038
"Before scheduled trip start time",-1,25338,25339,8038
"Before scheduled trip start time",-1,35187,35188,8038
"Before scheduled trip start time",-1,608,609,8038
"Before scheduled trip start time",-1,666560,666561,8038
"Before scheduled trip start time",-1,515,516,8038
"Before scheduled trip start time",-1,5792,5793,8038
"Before scheduled trip start time",-1,73699,73700,8038
"Before scheduled trip start time",-1,2379,2380,8038
"Before scheduled trip start time",-1,2132,2133,8038
"Before scheduled trip start time",-1,71623,71624,8038
"Before scheduled trip start time",-1,1230,1231,8038
"Before scheduled trip start time",-1,498348,498349,8038
"Before scheduled trip start time",-1,26596,26597,8038
"Before scheduled trip start time",-1,63567,63568,8038
"Before scheduled trip start time",-1,676500,676501,8038
"Before scheduled trip start time",-1,661280,661281,8038
"Before scheduled trip start time",-1,30516,30517,8038
"Before scheduled trip start time",-1,22634,22635,8038
"Before scheduled trip start time",-1,19938,19939,8038
"Before scheduled trip start time",-1,30054,30055,8038
"Before scheduled trip start time",-1,30074,30075,8038
"Before scheduled trip start time",-1,45427,45428,8038
"Before scheduled trip start time",-1,669820,669821,8038
"Before scheduled trip start time",-1,485,486,8038
"Before scheduled trip start time",-1,10095,10096,8038
"Before scheduled trip start time",-1,1186,1187,8038
"Before scheduled trip start time",-1,2799,2800,8038
"Before scheduled trip start time",-1,9152,9153,8038
"Before scheduled trip start time",-1,3254,3255,8038
"Before scheduled trip start time",-1,172,173,8038
"Before scheduled trip start time",-1,7434,7435,8038
"Before scheduled trip start time",-1,57387,57388,8038
"Before scheduled trip start time",-1,37867,37868,8038
"Before scheduled trip start time",-1,31176,31177,8038
"Before scheduled trip start time",-1,42199,42200,8038
"Before scheduled trip start time",-1,46607,46608,8038
"Before scheduled trip start time",-1,36807,36808,8038
"Before scheduled trip start time",-1,31834,31835,8038
"Before scheduled trip start time",-1,12555,12556,8038
"Before scheduled trip start time",-1,1850,1851,8038
"Before scheduled trip start time",-1,774,775,8038
"Before scheduled trip start time",-1,496388,496389,8038
"Before scheduled trip start time",-1,14054,14055,8038
"Before scheduled trip start time",-1,502628,502629,8038
"Before scheduled trip start time",-1,2551,2552,8038
"Before scheduled trip start time",-1,51487,51488,8038
"Before scheduled trip start time",-1,662080,662081,8038
"Before scheduled trip start time",-1,493428,493429,8038
"Before scheduled trip start time",-1,43319,43320,8038
"Before scheduled trip start time",-1,16443,16444,8038
"Before scheduled trip start time",-1,55679,55680,8038
"Before scheduled trip start time",-1,22918,22919,8038
"Before scheduled trip start time",-1,17778,17779,8038
"Before scheduled trip start time",-1,684280,684281,8038
"Before scheduled trip start time",-1,36627,36628,8038
"Before scheduled trip start time",-1,1911,1912,8038
"Before scheduled trip start time",-1,4957,4958,8038
"Before scheduled trip start time",-1,9555,9556,8038
"Before scheduled trip start time",-1,3794,3795,8038
"Before scheduled trip start time",-1,7819,7820,8038
"Before scheduled trip start time",-1,1049,1050,8038
"Before scheduled trip start time",-1,1509,1510,8038
"Before scheduled trip start time",-1,24996,24997,8038
"Before scheduled trip start time",-1,50967,50968,8038
"Before scheduled trip start time",-1,37807,37808,8038
"Before scheduled trip start time",-1,145,146,8038
"Before scheduled trip start time",-1,13578,13579,8038
"Before scheduled trip start time",-1,669380,669381,8038
"Before scheduled trip start time",-1,47187,47188,8038
"Before scheduled trip start time",-1,664420,664421,8038
"Before scheduled trip start time",-1,308,309,8038
"Before scheduled trip start time",-1,2288,2289,8038
"Before scheduled trip start time",-1,2515,2516,8038
"Before scheduled trip start time",-1,3434,3435,8038
"Before scheduled trip start time",-1,497128,497129,8038
"Before scheduled trip start time",-1,20763,20764,8038
"Before scheduled trip start time",-1,20963,20964,8038
"Before scheduled trip start time",-1,137,138,8038
"Before scheduled trip start time",-1,501008,501009,8038
"Before scheduled trip start time",-1,59559,59560,8038
"Before scheduled trip start time",-1,686260,686261,8038
"Before scheduled trip start time",-1,63667,63668,8038
"Before scheduled trip start time",-1,662940,662941,8038
"Before scheduled trip start time",-1,39716,39717,8038
"Before scheduled trip start time",-1,27143,27144,8038
"Before scheduled trip start time",-1,70847,70848,8038
"Before scheduled trip start time",-1,70867,70868,8038
"Before scheduled trip start time",-1,15358,15359,8038
"Before scheduled trip start time",-1,743,744,8038
"Before scheduled trip start time",-1,46787,46788,8038
"Before scheduled trip start time",-1,43287,43288,8038
"Before scheduled trip start time",-1,666320,666321,8038
"Before scheduled trip start time",-1,789,790,8038
"Before scheduled trip start time",-1,31894,31895,8038
"Before scheduled trip start time",-1,79979,79980,8038
"Before scheduled trip start time",-1,2289,2290,8038
"Before scheduled trip start time",-1,4917,4918,8038
"Before scheduled trip start time",-1,2854,2855,8038
"Before scheduled trip start time",-1,47,48,8038
"Before scheduled trip start time",-1,23423,23424,8038
"Before scheduled trip start time",-1,684940,684941,8038
"Before scheduled trip start time",-1,62567,62568,8038
"Before scheduled trip start time",-1,662860,662861,8038
"Before scheduled trip start time",-1,28616,28617,8038
"Before scheduled trip start time",-1,30816,30817,8038
"Before scheduled trip start time",-1,54459,54460,8038
"Before scheduled trip start time",-1,33896,33897,8038
"Before scheduled trip start time",-1,433,434,8038
"Before scheduled trip start time",-1,658200,658201,8038
"Before scheduled trip start time",-1,68599,68600,8038
"Before scheduled trip start time",-1,5872,5873,8038
"Before scheduled trip start time",-1,13892,13893,8038
"Before scheduled trip start time",-1,686980,686981,8038
"Before scheduled trip start time",-1,687600,687601,8038
"Before scheduled trip start time",-1,49867,49868,8038
"Before scheduled trip start time",-1,659840,659841,8038
"Before scheduled trip start time",-1,227,228,8038
"Before scheduled trip start time",-1,59387,59388,8038
"Before scheduled trip start time",-1,374,375,8038
"Before scheduled trip start time",-1,664080,664081,8038
"Before scheduled trip start time",-1,62679,62680,8038
"Before scheduled trip start time",-1,2997,2998,8038
"Before scheduled trip start time",-1,2175,2176,8038
"Before scheduled trip start time",-1,3159,3160,8038
"Before scheduled trip start time",-1,9012,9013,8038
"Before scheduled trip start time",-1,322,323,8038
"Before scheduled trip start time",-1,501308,501309,8038
"Before scheduled trip start time",-1,501508,501509,8038
"Before scheduled trip start time",-1,29783,29784,8038
"Before scheduled trip start time",-1,29923,29924,8038
"Before scheduled trip start time",-1,26276,26277,8038
"Before scheduled trip start time",-1,685320,685321,8038
"Before scheduled trip start time",-1,2231,2232,8038
"Before scheduled trip start time",-1,671220,671221,8038
"Before scheduled trip start time",-1,660540,660541,8038
"Before scheduled trip start time",-1,169,170,8038
"Before scheduled trip start time",-1,72347,72348,8038
"Before scheduled trip start time",-1,47087,47088,8038
"Before scheduled trip start time",-1,1304,1305,8038
"Before scheduled trip start time",-1,7154,7155,8038
"Before scheduled trip start time",-1,25863,25864,8038
"Before scheduled trip start time",-1,210,211,8038
"Before scheduled trip start time",-1,474,475,8038
"Before scheduled trip start time",-1,44927,44928,8038
"Before scheduled trip start time",-1,664180,664181,8038
"Before scheduled trip start time",-1,8754,8755,8038
"Before scheduled trip start time",-1,3057,3058,8038
"Before scheduled trip start time",-1,78679,78680,8038
"Before scheduled trip start time",-1,5174,5175,8038
"Before scheduled trip start time",-1,6272,6273,8038
"Before scheduled trip start time",-1,496828,496829,8038
"Before scheduled trip start time",-1,372,373,8038
"Before scheduled trip start time",-1,531,532,8038
"Before scheduled trip start time",-1,678380,678381,8038
"Before scheduled trip start time",-1,55787,55788,8038
"Before scheduled trip start time",-1,660020,660021,8038
"Before scheduled trip start time",-1,495788,495789,8038
"Before scheduled trip start time",-1,-8,-7,8038
"Before scheduled trip start time",-1,1251,1252,8038
"Before scheduled trip start time",-1,675,676,8038
"Before scheduled trip start time",-1,614,615,8038
"Before scheduled trip start time",-1,42,43,8038
"Before scheduled trip start time",-1,27616,27617,8038
"Before scheduled trip start time",-1,685300,685301,8038
"Before scheduled trip start time",-1,57027,57028,8038
"Before scheduled trip start time",-1,492808,492809,8038
"Before scheduled trip start time",-1,15623,15624,8038
"Before scheduled trip start time",-1,40216,40217,8038
"Before scheduled trip start time",-1,56179,56180,8038
"Before scheduled trip start time",-1,61787,61788,8038
"Before scheduled trip start time",-1,35767,35768,8038
"Before scheduled trip start time",-1,1191,1192,8038
"Before scheduled trip start time",-1,28058,28059,8038
"Before scheduled trip start time",-1,7775,7776,8038
"Before scheduled trip start time",-1,4997,4998,8038
"Before scheduled trip start time",-1,7632,7633,8038
"Before scheduled trip start time",-1,1134,1135,8038
"Before scheduled trip start time",-1,462,463,8038
"Before scheduled trip start time",-1,55399,55400,8038
"Before scheduled trip start time",-1,33256,33257,8038
"Before scheduled trip start time",-1,72147,72148,8038
"Before scheduled trip start time",-1,59847,59848,8038
"Before scheduled trip start time",-1,27554,27555,8038
"Before scheduled trip start time",-1,663,664,8038
"Before scheduled trip start time",-1,778,779,8038
"Before scheduled trip start time",-1,4539,4540,8038
"Before scheduled trip start time",-1,71759,71760,8038
"Before scheduled trip start time",-1,7054,7055,8038
"Before scheduled trip start time",-1,50,51,8038
"Before scheduled trip start time",-1,1760,1761,8038
"Before scheduled trip start time",-1,18523,18524,8038
"Before scheduled trip start time",-1,807,808,8038
"Before scheduled trip start time",-1,20474,20475,8038
"Before scheduled trip start time",-1,14778,14779,8038
"Before scheduled trip start time",-1,15698,15699,8038
"Before scheduled trip start time",-1,47287,47288,8038
"Before scheduled trip start time",-1,2917,2918,8038
"Before scheduled trip start time",-1,792,793,8038
"Before scheduled trip start time",-1,24463,24464,8038
"Before scheduled trip start time",-1,58267,58268,8038
"Before scheduled trip start time",-1,1040,1041,8038
"Before scheduled trip start time",-1,44559,44560,8038
"Before scheduled trip start time",-1,680,681,8038
"Before scheduled trip start time",-1,9655,9656,8038
"Before scheduled trip start time",-1,32214,32215,8038
"Before scheduled trip start time",-1,785,786,8038
"Before scheduled trip start time",-1,78479,78480,8038
"Before scheduled trip start time",-1,56847,56848,8038
"Before scheduled trip start time",-1,93,94,8038
"Before scheduled trip start time",-1,675660,675661,8038
"Before scheduled trip start time",-1,40227,40228,8038
"Before scheduled trip start time",-1,980,981,8038
"Before scheduled trip start time",-1,17398,17399,8038
"Before scheduled trip start time",-1,17818,17819,8038
"Before scheduled trip start time",-1,59647,59648,8038
"Before scheduled trip start time",-1,667940,667941,8038
"Before scheduled trip start time",-1,657920,657921,8038
"Before scheduled trip start time",-1,658080,658081,8038
"Before scheduled trip start time",-1,35787,35788,8038
"Before scheduled trip start time",-1,60519,60520,8038
"Before scheduled trip start time",-1,10352,10353,8038
"Before scheduled trip start time",-1,31398,31399,8038
"Before scheduled trip start time",-1,15594,15595,8038
"Before scheduled trip start time",-1,397,398,8038
"Before scheduled trip start time",-1,65127,65128,8038
"Before scheduled trip start time",-1,38187,38188,8038
"Before scheduled trip start time",-1,17283,17284,8038
"Before scheduled trip start time",-1,199,200,8038
"Before scheduled trip start time",-1,503668,503669,8038
"Before scheduled trip start time",-1,70407,70408,8038
"Before scheduled trip start time",-1,71867,71868,8038
"Before scheduled trip start time",-1,682260,682261,8038
"Before scheduled trip start time",-1,684140,684141,8038
"Before scheduled trip start time",-1,73407,73408,8038
"Before scheduled trip start time",-1,25478,25479,8038
"Before scheduled trip start time",-1,26418,26419,8038
"Before scheduled trip start time",-1,29674,29675,8038
"Before scheduled trip start time",-1,606,607,8038
"Before scheduled trip start time",-1,45547,45548,8038
"Before scheduled trip start time",-1,30774,30775,8038
"Before scheduled trip start time",-1,27918,27919,8038
"Before scheduled trip start time",-1,11795,11796,8038
"Before scheduled trip start time",-1,4154,4155,8038
"Before scheduled trip start time",-1,672,673,8038
"Before scheduled trip start time",-1,32903,32904,8038
"Before scheduled trip start time",-1,64787,64788,8038
"Before scheduled trip start time",-1,58467,58468,8038
"Before scheduled trip start time",-1,51727,51728,8038
"Before scheduled trip start time",-1,675280,675281,8038
"Before scheduled trip start time",-1,493928,493929,8038
"Before scheduled trip start time",-1,39376,39377,8038
"Before scheduled trip start time",-1,40096,40097,8038
"Before scheduled trip start time",-1,683260,683261,8038
"Before scheduled trip start time",-1,657140,657141,8038
"Before scheduled trip start time",-1,657880,657881,8038
"Before scheduled trip start time",-1,897,898,8038
"Before scheduled trip start time",-1,75359,75360,8038
"Before scheduled trip start time",-1,11638,11639,8038
"Before scheduled trip start time",-1,23303,23304,8038
"Before scheduled trip start time",-1,678300,678301,8038
"Before scheduled trip start time",-1,52327,52328,8038
"Before scheduled trip start time",-1,16943,16944,8038
"Before scheduled trip start time",-1,26623,26624,8038
"Before scheduled trip start time",-1,665780,665781,8038
"Before scheduled trip start time",-1,5297,5298,8038
"Before scheduled trip start time",-1,4719,4720,8038
"Before scheduled trip start time",-1,1870,1871,8038
"Before scheduled trip start time",-1,4054,4055,8038
"Before scheduled trip start time",-1,50147,50148,8038
"Before scheduled trip start time",-1,95,96,8038
"Before scheduled trip start time",-1,675160,675161,8038
"Before scheduled trip start time",-1,54287,54288,8038
"Before scheduled trip start time",-1,677360,677361,8038
"Before scheduled trip start time",-1,54059,54060,8038
"Before scheduled trip start time",-1,60507,60508,8038
"Before scheduled trip start time",-1,683300,683301,8038
"Before scheduled trip start time",-1,814,815,8038
"Before scheduled trip start time",-1,1274,1275,8038
"Before scheduled trip start time",-1,19774,19775,8038
"Before scheduled trip start time",-1,658020,658021,8038
"Before scheduled trip start time",-1,616,617,8038
"Before scheduled trip start time",-1,33658,33659,8038
"Before scheduled trip start time",-1,1233,1234,8038
"Before scheduled trip start time",-1,56699,56700,8038
"Before scheduled trip start time",-1,671620,671621,8038
"Before scheduled trip start time",-1,51687,51688,8038
"Before scheduled trip start time",-1,674740,674741,8038
"Before scheduled trip start time",-1,31376,31377,8038
"Before scheduled trip start time",-1,59547,59548,8038
"Before scheduled trip start time",-1,60787,60788,8038
"Before scheduled trip start time",-1,689440,689441,8038
"Before scheduled trip start time",-1,667020,667021,8038
"Before scheduled trip start time",-1,35927,35928,8038
"Before scheduled trip start time",-1,659340,659341,8038
"Before scheduled trip start time",-1,472,473,8038
"Before scheduled trip start time",-1,513228,513229,8038
"Before scheduled trip start time",-1,10495,10496,8038
"Before scheduled trip start time",-1,1879,1880,8038
"Before scheduled trip start time",-1,2457,2458,8038
"Before scheduled trip start time",-1,4079,4080,8038
"Before scheduled trip start time",-1,64347,64348,8038
"Before scheduled trip start time",-1,50787,50788,8038
"Before scheduled trip start time",-1,679040,679041,8038
"Before scheduled trip start time",-1,57007,57008,8038
"Before scheduled trip start time",-1,29383,29384,8038
"Before scheduled trip start time",-1,20658,20659,8038
"Before scheduled trip start time",-1,23898,23899,8038
"Before scheduled trip start time",-1,72447,72448,8038
"Before scheduled trip start time",-1,754,755,8038
"Before scheduled trip start time",-1,2434,2435,8038
"Before scheduled trip start time",-1,16118,16119,8038
"Before scheduled trip start time",-1,41707,41708,8038
"Before scheduled trip start time",-1,7479,7480,8038
"Before scheduled trip start time",-1,2114,2115,8038
"Before scheduled trip start time",-1,49439,49440,8038
"Before scheduled trip start time",-1,66,67,8038
"Before scheduled trip start time",-1,44,45,8038
"Before scheduled trip start time",-1,649,650,8038
"Before scheduled trip start time",-1,903,904,8038
"Before scheduled trip start time",-1,726,727,8038
"Before scheduled trip start time",-1,16714,16715,8038
"Before scheduled trip start time",-1,306,307,8038
"Before scheduled trip start time",-1,751,752,8038
"Before scheduled trip start time",-1,425,426,8038
"Before scheduled trip start time",-1,875,876,8038
"Before scheduled trip start time",-1,36116,36117,8038
"Before scheduled trip start time",-1,503468,503469,8038
"Before scheduled trip start time",-1,1271,1272,8038
"Before scheduled trip start time",-1,57247,57248,8038
"Before scheduled trip start time",-1,677240,677241,8038
"Before scheduled trip start time",-1,28494,28495,8038
"Before scheduled trip start time",-1,78299,78300,8038
"Before scheduled trip start time",-1,1992,1993,8038
"Before scheduled trip start time",-1,1990,1991,8038
"Before scheduled trip start time",-1,496708,496709,8038
"Before scheduled trip start time",-1,661680,661681,8038
"Before scheduled trip start time",-1,256,257,8038
"Before scheduled trip start time",-1,16998,16999,8038
"Before scheduled trip start time",-1,657720,657721,8038
"Before scheduled trip start time",-1,663360,663361,8038
"Before scheduled trip start time",-1,666860,666861,8038
"Before scheduled trip start time",-1,480,481,8038
"Before scheduled trip start time",-1,31414,31415,8038
"Before scheduled trip start time",-1,3739,3740,8038
"Before scheduled trip start time",-1,9717,9718,8038
"Before scheduled trip start time",-1,26636,26637,8038
"Before scheduled trip start time",-1,27036,27037,8038
"Before scheduled trip start time",-1,27696,27697,8038
"Before scheduled trip start time",-1,685460,685461,8038
"Before scheduled trip start time",-1,551,552,8038
"Before scheduled trip start time",-1,661640,661641,8038
"Before scheduled trip start time",-1,40616,40617,8038
"Before scheduled trip start time",-1,269,270,8038
"Before scheduled trip start time",-1,69327,69328,8038
"Before scheduled trip start time",-1,35287,35288,8038
"Before scheduled trip start time",-1,43947,43948,8038
"Before scheduled trip start time",-1,370,371,8038
"Before scheduled trip start time",-1,48699,48700,8038
"Before scheduled trip start time",-1,30223,30224,8038
"Before scheduled trip start time",-1,39927,39928,8038
"Before scheduled trip start time",-1,30596,30597,8038
"Before scheduled trip start time",-1,38319,38320,8038
"Before scheduled trip start time",-1,573,574,8038
"Before scheduled trip start time",-1,24818,24819,8038
"Before scheduled trip start time",-1,656400,656401,8038
"Before scheduled trip start time",-1,35447,35448,8038
"Before scheduled trip start time",-1,664620,664621,8038
"Before scheduled trip start time",-1,11595,11596,8038
"Before scheduled trip start time",-1,1072,1073,8038
"Before scheduled trip start time",-1,1772,1773,8038
"Before scheduled trip start time",-1,2035,2036,8038
"Before scheduled trip start time",-1,13994,13995,8038
"Before scheduled trip start time",-1,7714,7715,8038
"Before scheduled trip start time",-1,672700,672701,8038
"Before scheduled trip start time",-1,55227,55228,8038
"Before scheduled trip start time",-1,674580,674581,8038
"Before scheduled trip start time",-1,661120,661121,8038
"Before scheduled trip start time",-1,39687,39688,8038
"Before scheduled trip start time",-1,596,597,8038
"Before scheduled trip start time",-1,45559,45560,8038
"Before scheduled trip start time",-1,266,267,8038
"Before scheduled trip start time",-1,22018,22019,8038
"Before scheduled trip start time",-1,22934,22935,8038
"Before scheduled trip start time",-1,689160,689161,8038
"Before scheduled trip start time",-1,423,424,8038
"Before scheduled trip start time",-1,28894,28895,8038
"Before scheduled trip start time",-1,879,880,8038
"Before scheduled trip start time",-1,975,976,8038
"Before scheduled trip start time",-1,22523,22524,8038
"Before scheduled trip start time",-1,508028,508029,8038
"Before scheduled trip start time",-1,127,128,8038
"Before scheduled trip start time",-1,398,399,8038
"Before scheduled trip start time",-1,25914,25915,8038
"Before scheduled trip start time",-1,18294,18295,8038
"Before scheduled trip start time",-1,486,487,8038
"Before scheduled trip start time",-1,7935,7936,8038
"Before scheduled trip start time",-1,32558,32559,8038
"Before scheduled trip start time",-1,4434,4435,8038
"Before scheduled trip start time",-1,673440,673441,8038
"Before scheduled trip start time",-1,51067,51068,8038
"Before scheduled trip start time",-1,76,77,8038
"Before scheduled trip start time",-1,44339,44340,8038
"Before scheduled trip start time",-1,67647,67648,8038
"Before scheduled trip start time",-1,25558,25559,8038
"Before scheduled trip start time",-1,424,425,8038
"Before scheduled trip start time",-1,664720,664721,8038
"Before scheduled trip start time",-1,80919,80920,8038
"Before scheduled trip start time",-1,6652,6653,8038
"Before scheduled trip start time",-1,501048,501049,8038
"Before scheduled trip start time",-1,29603,29604,8038
"Before scheduled trip start time",-1,57719,57720,8038
"Before scheduled trip start time",-1,679620,679621,8038
"Before scheduled trip start time",-1,39407,39408,8038
"Before scheduled trip start time",-1,665720,665721,8038
"Before scheduled trip start time",-1,68799,68800,8038
"Before scheduled trip start time",-1,831,832,8038
"Before scheduled trip start time",-1,827,828,8038
"Before scheduled trip start time",-1,133,134,8038
"Before scheduled trip start time",-1,25536,25537,8038
"Before scheduled trip start time",-1,56607,56608,8038
"Before scheduled trip start time",-1,28916,28917,8038
"Before scheduled trip start time",-1,29576,29577,8038
"Before scheduled trip start time",-1,35156,35157,8038
"Before scheduled trip start time",-1,69407,69408,8038
"Before scheduled trip start time",-1,70807,70808,8038
"Before scheduled trip start time",-1,72,73,8038
"Before scheduled trip start time",-1,24278,24279,8038
"Before scheduled trip start time",-1,665400,665401,8038
"Before scheduled trip start time",-1,521,522,8038
"Before scheduled trip start time",-1,9434,9435,8038
"Before scheduled trip start time",-1,32478,32479,8038
"Before scheduled trip start time",-1,14574,14575,8038
"Before scheduled trip start time",-1,50299,50300,8038
"Before scheduled trip start time",-1,56519,56520,8038
"Before scheduled trip start time",-1,682480,682481,8038
"Before scheduled trip start time",-1,16538,16539,8038
"Before scheduled trip start time",-1,34247,34248,8038
"Before scheduled trip start time",-1,444,445,8038
"Before scheduled trip start time",-1,677,678,8038
"Before scheduled trip start time",-1,5754,5755,8038
"Before scheduled trip start time",-1,7315,7316,8038
"Before scheduled trip start time",-1,48099,48100,8038
"Before scheduled trip start time",-1,14554,14555,8038
"Before scheduled trip start time",-1,32663,32664,8038
"Before scheduled trip start time",-1,685820,685821,8038
"Before scheduled trip start time",-1,688340,688341,8038
"Before scheduled trip start time",-1,31336,31337,8038
"Before scheduled trip start time",-1,34796,34797,8038
"Before scheduled trip start time",-1,19234,19235,8038
"Before scheduled trip start time",-1,76727,76728,8038
"Before scheduled trip start time",-1,1652,1653,8038
"Before scheduled trip start time",-1,2569,2570,8038
"Before scheduled trip start time",-1,31318,31319,8038
"Before scheduled trip start time",-1,3614,3615,8038
"Before scheduled trip start time",-1,1927,1928,8038
"Before scheduled trip start time",-1,23063,23064,8038
"Before scheduled trip start time",-1,63407,63408,8038
"Before scheduled trip start time",-1,493648,493649,8038
"Before scheduled trip start time",-1,23274,23275,8038
"Before scheduled trip start time",-1,121,122,8038
"Before scheduled trip start time",-1,74667,74668,8038
"Before scheduled trip start time",-1,603,604,8038
"Before scheduled trip start time",-1,756,757,8038
"Before scheduled trip start time",-1,27958,27959,8038
"Before scheduled trip start time",-1,47879,47880,8038
"Before scheduled trip start time",-1,2111,2112,8038
"Before scheduled trip start time",-1,96,97,8038
"Before scheduled trip start time",-1,38567,38568,8038
"Before scheduled trip start time",-1,44419,44420,8038
"Before scheduled trip start time",-1,28903,28904,8038
"Before scheduled trip start time",-1,17134,17135,8038
"Before scheduled trip start time",-1,19694,19695,8038
"Before scheduled trip start time",-1,598,599,8038
"Before scheduled trip start time",-1,4394,4395,8038
"Before scheduled trip start time",-1,80399,80400,8038
"Before scheduled trip start time",-1,711,712,8038
"Before scheduled trip start time",-1,55347,55348,8038
"Before scheduled trip start time",-1,39727,39728,8038
"Before scheduled trip start time",-1,493488,493489,8038
"Before scheduled trip start time",-1,69567,69568,8038
"Before scheduled trip start time",-1,682600,682601,8038
"Before scheduled trip start time",-1,66647,66648,8038
"Before scheduled trip start time",-1,689880,689881,8038
"Before scheduled trip start time",-1,68827,68828,8038
"Before scheduled trip start time",-1,4839,4840,8038
"Before scheduled trip start time",-1,1677,1678,8038
"Before scheduled trip start time",-1,32238,32239,8038
"Before scheduled trip start time",-1,20223,20224,8038
"Before scheduled trip start time",-1,508068,508069,8038
"Before scheduled trip start time",-1,676180,676181,8038
"Before scheduled trip start time",-1,494288,494289,8038
"Before scheduled trip start time",-1,29023,29024,8038
"Before scheduled trip start time",-1,20394,20395,8038
"Before scheduled trip start time",-1,59687,59688,8038
"Before scheduled trip start time",-1,684360,684361,8038
"Before scheduled trip start time",-1,684820,684821,8038
"Before scheduled trip start time",-1,148,149,8038
"Before scheduled trip start time",-1,74759,74760,8038
"Before scheduled trip start time",-1,78699,78700,8038
"Before scheduled trip start time",-1,734,735,8038
"Before scheduled trip start time",-1,2734,2735,8038
"Before scheduled trip start time",-1,6214,6215,8038
"Before scheduled trip start time",-1,38947,38948,8038
"Before scheduled trip start time",-1,41436,41437,8038
"Before scheduled trip start time",-1,505688,505689,8038
"Before scheduled trip start time",-1,22218,22219,8038
"Before scheduled trip start time",-1,293,294,8038
"Before scheduled trip start time",-1,460,461,8038
"Before scheduled trip start time",-1,7539,7540,8038
"Before scheduled trip start time",-1,7477,7478,8038
"Before scheduled trip start time",-1,36936,36937,8038
"Before scheduled trip start time",-1,8334,8335,8038
"Before scheduled trip start time",-1,25156,25157,8038
"Before scheduled trip start time",-1,671280,671281,8038
"Before scheduled trip start time",-1,506268,506269,8038
"Before scheduled trip start time",-1,24454,24455,8038
"Before scheduled trip start time",-1,24218,24219,8038
"Before scheduled trip start time",-1,5697,5698,8038
"Before scheduled trip start time",-1,3977,3978,8038
"Before scheduled trip start time",-1,66579,66580,8038
"Before scheduled trip start time",-1,5057,5058,8038
"Before scheduled trip start time",-1,7754,7755,8038
"Before scheduled trip start time",-1,502168,502169,8038
"Before scheduled trip start time",-1,52739,52740,8038
"Before scheduled trip start time",-1,25336,25337,8038
"Before scheduled trip start time",-1,68,69,8038
"Before scheduled trip start time",-1,23934,23935,8038
"Before scheduled trip start time",-1,20098,20099,8038
"Before scheduled trip start time",-1,689820,689821,8038
"Before scheduled trip start time",-1,1194,1195,8038
"Before scheduled trip start time",-1,2979,2980,8038
"Before scheduled trip start time",-1,46139,46140,8038
"Before scheduled trip start time",-1,498588,498589,8038
"Before scheduled trip start time",-1,1473,1474,8038
"Before scheduled trip start time",-1,52419,52420,8038
"Before scheduled trip start time",-1,672360,672361,8038
"Before scheduled trip start time",-1,39847,39848,8038
"Before scheduled trip start time",-1,72127,72128,8038
"Before scheduled trip start time",-1,60587,60588,8038
"Before scheduled trip start time",-1,68047,68048,8038
"Before scheduled trip start time",-1,717,718,8038
"Before scheduled trip start time",-1,4097,4098,8038
"Before scheduled trip start time",-1,72099,72100,8038
"Before scheduled trip start time",-1,2729,2730,8038
"Before scheduled trip start time",-1,31658,31659,8038
"Before scheduled trip start time",-1,37816,37817,8038
"Before scheduled trip start time",-1,50687,50688,8038
"Before scheduled trip start time",-1,51047,51048,8038
"Before scheduled trip start time",-1,37887,37888,8038
"Before scheduled trip start time",-1,493328,493329,8038
"Before scheduled trip start time",-1,162,163,8038
"Before scheduled trip start time",-1,46367,46368,8038
"Before scheduled trip start time",-1,3192,3193,8038
"Before scheduled trip start time",-1,3839,3840,8038
"Before scheduled trip start time",-1,2495,2496,8038
"Before scheduled trip start time",-1,72699,72700,8038
"Before scheduled trip start time",-1,2919,2920,8038
"Before scheduled trip start time",-1,4775,4776,8038
"Before scheduled trip start time",-1,11294,11295,8038
"Before scheduled trip start time",-1,32738,32739,8038
"Before scheduled trip start time",-1,874,875,8038
"Before scheduled trip start time",-1,11918,11919,8038
"Before scheduled trip start time",-1,11998,11999,8038
"Before scheduled trip start time",-1,35876,35877,8038
"Before scheduled trip start time",-1,51419,51420,8038
"Before scheduled trip start time",-1,686740,686741,8038
"Before scheduled trip start time",-1,676360,676361,8038
"Before scheduled trip start time",-1,43099,43100,8038
"Before scheduled trip start time",-1,16203,16204,8038
"Before scheduled trip start time",-1,496168,496169,8038
"Before scheduled trip start time",-1,504228,504229,8038
"Before scheduled trip start time",-1,21098,21099,8038
"Before scheduled trip start time",-1,47627,47628,8038
"Before scheduled trip start time",-1,656240,656241,8038
"Before scheduled trip start time",-1,1503,1504,8038
"Before scheduled trip start time",-1,6334,6335,8038
"Before scheduled trip start time",-1,38216,38217,8038
"Before scheduled trip start time",-1,24783,24784,8038
"Before scheduled trip start time",-1,671520,671521,8038
"Before scheduled trip start time",-1,29476,29477,8038
"Before scheduled trip start time",-1,55559,55560,8038
"Before scheduled trip start time",-1,35236,35237,8038
"Before scheduled trip start time",-1,60327,60328,8038
"Before scheduled trip start time",-1,66847,66848,8038
"Before scheduled trip start time",-1,18194,18195,8038
"Before scheduled trip start time",-1,15678,15679,8038
"Before scheduled trip start time",-1,36247,36248,8038
"Before scheduled trip start time",-1,36747,36748,8038
"Before scheduled trip start time",-1,70599,70600,8038
"Before scheduled trip start time",-1,4157,4158,8038
"Before scheduled trip start time",-1,11454,11455,8038
"Before scheduled trip start time",-1,10538,10539,8038
"Before scheduled trip start time",-1,12778,12779,8038
"Before scheduled trip start time",-1,677400,677401,8038
"Before scheduled trip start time",-1,661620,661621,8038
"Before scheduled trip start time",-1,26423,26424,8038
"Before scheduled trip start time",-1,504408,504409,8038
"Before scheduled trip start time",-1,26834,26835,8038
"Before scheduled trip start time",-1,17878,17879,8038
"Before scheduled trip start time",-1,29174,29175,8038
"Before scheduled trip start time",-1,4412,4413,8038
"Before scheduled trip start time",-1,5292,5293,8038
"Before scheduled trip start time",-1,5139,5140,8038
"Before scheduled trip start time",-1,6254,6255,8038
"Before scheduled trip start time",-1,10478,10479,8038
"Before scheduled trip start time",-1,50699,50700,8038
"Before scheduled trip start time",-1,32863,32864,8038
"Before scheduled trip start time",-1,3731,3732,8038
"Before scheduled trip start time",-1,42759,42760,8038
"Before scheduled trip start time",-1,28403,28404,8038
"Before scheduled trip start time",-1,21158,21159,8038
"Before scheduled trip start time",-1,18298,18299,8038
"Before scheduled trip start time",-1,60127,60128,8038
"Before scheduled trip start time",-1,9755,9756,8038
"Before scheduled trip start time",-1,2568,2569,8038
"Before scheduled trip start time",-1,4014,4015,8038
"Before scheduled trip start time",-1,1461,1462,8038
"Before scheduled trip start time",-1,6732,6733,8038
"Before scheduled trip start time",-1,63827,63828,8038
"Before scheduled trip start time",-1,671760,671761,8038
"Before scheduled trip start time",-1,57407,57408,8038
"Before scheduled trip start time",-1,660460,660461,8038
"Before scheduled trip start time",-1,176,177,8038
"Before scheduled trip start time",-1,33756,33757,8038
"Before scheduled trip start time",-1,66907,66908,8038
"Before scheduled trip start time",-1,420,421,8038
"Before scheduled trip start time",-1,668660,668661,8038
"Before scheduled trip start time",-1,41367,41368,8038
"Before scheduled trip start time",-1,940,941,8038
"Before scheduled trip start time",-1,9738,9739,8038
"Before scheduled trip start time",-1,1011,1012,8038
"Before scheduled trip start time",-1,47867,47868,8038
"Before scheduled trip start time",-1,29636,29637,8038
"Before scheduled trip start time",-1,26123,26124,8038
"Before scheduled trip start time",-1,21958,21959,8038
"Before scheduled trip start time",-1,688960,688961,8038
"Before scheduled trip start time",-1,337,338,8038
"Before scheduled trip start time",-1,47387,47388,8038
"Before scheduled trip start time",-1,34987,34988,8038
"Before scheduled trip start time",-1,41427,41428,8038
"Before scheduled trip start time",-1,852,853,8038
"Before scheduled trip start time",-1,33354,33355,8038
"Before scheduled trip start time",-1,75659,75660,8038
"Before scheduled trip start time",-1,66219,66220,8038
"Before scheduled trip start time",-1,2354,2355,8038
"Before scheduled trip start time",-1,498848,498849,8038
"Before scheduled trip start time",-1,13414,13415,8038
"Before scheduled trip start time",-1,8094,8095,8038
"Before scheduled trip start time",-1,686860,686861,8038
"Before scheduled trip start time",-1,677880,677881,8038
"Before scheduled trip start time",-1,679920,679921,8038
"Before scheduled trip start time",-1,674780,674781,8038
"Before scheduled trip start time",-1,662220,662221,8038
"Before scheduled trip start time",-1,42859,42860,8038
"Before scheduled trip start time",-1,44919,44920,8038
"Before scheduled trip start time",-1,287,288,8038
"Before scheduled trip start time",-1,20698,20699,8038
"Before scheduled trip start time",-1,23218,23219,8038
"Before scheduled trip start time",-1,689300,689301,8038
"Before scheduled trip start time",-1,29134,29135,8038
"Before scheduled trip start time",-1,634,635,8038
"Before scheduled trip start time",-1,541,542,8038
"Before scheduled trip start time",-1,14174,14175,8038
"Before scheduled trip start time",-1,39176,39177,8038
"Before scheduled trip start time",-1,8114,8115,8038
"Before scheduled trip start time",-1,29503,29504,8038
"Before scheduled trip start time",-1,25136,25137,8038
"Before scheduled trip start time",-1,62767,62768,8038
"Before scheduled trip start time",-1,686380,686381,8038
"Before scheduled trip start time",-1,675200,675201,8038
"Before scheduled trip start time",-1,494368,494369,8038
"Before scheduled trip start time",-1,29294,29295,8038
"Before scheduled trip start time",-1,18034,18035,8038
"Before scheduled trip start time",-1,658220,658221,8038
"Before scheduled trip start time",-1,36007,36008,8038
"Before scheduled trip start time",-1,43167,43168,8038
"Before scheduled trip start time",-1,69399,69400,8038
"Before scheduled trip start time",-1,8455,8456,8038
"Before scheduled trip start time",-1,33114,33115,8038
"Before scheduled trip start time",-1,17,18,8038
"Before scheduled trip start time",-1,10,11,8038
"Before scheduled trip start time",-1,27736,27737,8038
"Before scheduled trip start time",-1,678640,678641,8038
"Before scheduled trip start time",-1,2380,2381,8038
"Before scheduled trip start time",-1,68467,68468,8038
"Before scheduled trip start time",-1,75047,75048,8038
"Before scheduled trip start time",-1,76207,76208,8038
"Before scheduled trip start time",-1,76227,76228,8038
"Before scheduled trip start time",-1,1052,1053,8038
"Before scheduled trip start time",-1,496508,496509,8038
"Before scheduled trip start time",-1,11038,11039,8038
"Before scheduled trip start time",-1,27376,27377,8038
"Before scheduled trip start time",-1,687800,687801,8038
"Before scheduled trip start time",-1,48847,48848,8038
"Before scheduled trip start time",-1,673740,673741,8038
"Before scheduled trip start time",-1,678160,678161,8038
"Before scheduled trip start time",-1,660860,660861,8038
"Before scheduled trip start time",-1,1520,1521,8038
"Before scheduled trip start time",-1,496,497,8038
"Before scheduled trip start time",-1,34396,34397,8038
"Before scheduled trip start time",-1,208,209,8038
"Before scheduled trip start time",-1,11575,11576,8038
"Before scheduled trip start time",-1,3879,3880,8038
"Before scheduled trip start time",-1,8174,8175,8038
"Before scheduled trip start time",-1,23843,23844,8038
"Before scheduled trip start time",-1,503168,503169,8038
"Before scheduled trip start time",-1,57339,57340,8038
"Before scheduled trip start time",-1,673500,673501,8038
"Before scheduled trip start time",-1,504888,504889,8038
"Before scheduled trip start time",-1,226,227,8038
"Before scheduled trip start time",-1,19494,19495,8038
"Before scheduled trip start time",-1,8335,8336,8038
"Before scheduled trip start time",-1,2852,2853,8038
"Before scheduled trip start time",-1,1410,1411,8038
"Before scheduled trip start time",-1,29523,29524,8038
"Before scheduled trip start time",-1,26076,26077,8038
"Before scheduled trip start time",-1,31556,31557,8038
"Before scheduled trip start time",-1,45139,45140,8038
"Before scheduled trip start time",-1,26443,26444,8038
"Before scheduled trip start time",-1,1648,1649,8038
"Before scheduled trip start time",-1,9494,9495,8038
"Before scheduled trip start time",-1,74619,74620,8038
"Before scheduled trip start time",-1,72779,72780,8038
"Before scheduled trip start time",-1,2115,2116,8038
"Before scheduled trip start time",-1,671840,671841,8038
"Before scheduled trip start time",-1,678000,678001,8038
"Before scheduled trip start time",-1,493468,493469,8038
"Before scheduled trip start time",-1,25358,25359,8038
"Before scheduled trip start time",-1,748,749,8038
"Before scheduled trip start time",-1,664540,664541,8038
"Before scheduled trip start time",-1,69699,69700,8038
"Before scheduled trip start time",-1,2235,2236,8038
"Before scheduled trip start time",-1,496468,496469,8038
"Before scheduled trip start time",-1,14154,14155,8038
"Before scheduled trip start time",-1,13258,13259,8038
"Before scheduled trip start time",-1,503308,503309,8038
"Before scheduled trip start time",-1,51347,51348,8038
"Before scheduled trip start time",-1,675000,675001,8038
"Before scheduled trip start time",-1,339,340,8038
"Before scheduled trip start time",-1,168,169,8038
"Before scheduled trip start time",-1,683000,683001,8038
"Before scheduled trip start time",-1,67447,67448,8038
"Before scheduled trip start time",-1,669020,669021,8038
"Before scheduled trip start time",-1,659140,659141,8038
"Before scheduled trip start time",-1,588,589,8038
"Before scheduled trip start time",-1,6935,6936,8038
"Before scheduled trip start time",-1,5377,5378,8038
"Before scheduled trip start time",-1,7312,7313,8038
"Before scheduled trip start time",-1,4194,4195,8038
"Before scheduled trip start time",-1,13974,13975,8038
"Before scheduled trip start time",-1,37896,37897,8038
"Before scheduled trip start time",-1,12,13,8038
"Before scheduled trip start time",-1,509848,509849,8038
"Before scheduled trip start time",-1,19814,19815,8038
"Before scheduled trip start time",-1,13338,13339,8038
"Before scheduled trip start time",-1,658900,658901,8038
"Before scheduled trip start time",-1,659520,659521,8038
"Before scheduled trip start time",-1,1854,1855,8038
"Before scheduled trip start time",-1,11798,11799,8038
"Before scheduled trip start time",-1,59139,59140,8038
"Before scheduled trip start time",-1,686420,686421,8038
"Before scheduled trip start time",-1,672540,672541,8038
"Before scheduled trip start time",-1,495048,495049,8038
"Before scheduled trip start time",-1,53279,53280,8038
"Before scheduled trip start time",-1,21534,21535,8038
"Before scheduled trip start time",-1,700,701,8038
"Before scheduled trip start time",-1,28414,28415,8038
"Before scheduled trip start time",-1,1603,1604,8038
"Before scheduled trip start time",-1,1079,1080,8038
"Before scheduled trip start time",-1,73279,73280,8038
"Before scheduled trip start time",-1,1372,1373,8038
"Before scheduled trip start time",-1,3497,3498,8038
"Before scheduled trip start time",-1,581,582,8038
"Before scheduled trip start time",-1,28116,28117,8038
"Before scheduled trip start time",-1,680460,680461,8038
"Before scheduled trip start time",-1,43,44,8038
"Before scheduled trip start time",-1,659780,659781,8038
"Before scheduled trip start time",-1,662600,662601,8038
"Before scheduled trip start time",-1,662840,662841,8038
"Before scheduled trip start time",-1,53419,53420,8038
"Before scheduled trip start time",-1,23978,23979,8038
"Before scheduled trip start time",-1,72307,72308,8038
"Before scheduled trip start time",-1,468,469,8038
"Before scheduled trip start time",-1,1168,1169,8038
"Before scheduled trip start time",-1,16758,16759,8038
"Before scheduled trip start time",-1,659260,659261,8038
"Before scheduled trip start time",-1,758,759,8038
"Before scheduled trip start time",-1,4835,4836,8038
"Before scheduled trip start time",-1,12232,12233,8038
"Before scheduled trip start time",-1,12735,12736,8038
"Before scheduled trip start time",-1,2274,2275,8038
"Before scheduled trip start time",-1,3354,3355,8038
"Before scheduled trip start time",-1,41,42,8038
"Before scheduled trip start time",-1,632,633,8038
"Before scheduled trip start time",-1,675920,675921,8038
"Before scheduled trip start time",-1,662780,662781,8038
"Before scheduled trip start time",-1,2040,2041,8038
"Before scheduled trip start time",-1,24714,24715,8038
"Before scheduled trip start time",-1,1188,1189,8038
"Before scheduled trip start time",-1,18614,18615,8038
"Before scheduled trip start time",-1,669300,669301,8038
"Before scheduled trip start time",-1,762,763,8038
"Before scheduled trip start time",-1,8535,8536,8038
"Before scheduled trip start time",-1,5155,5156,8038
"Before scheduled trip start time",-1,1255,1256,8038
"Before scheduled trip start time",-1,353,354,8038
"Before scheduled trip start time",-1,502388,502389,8038
"Before scheduled trip start time",-1,503188,503189,8038
"Before scheduled trip start time",-1,379,380,8038
"Before scheduled trip start time",-1,54647,54648,8038
"Before scheduled trip start time",-1,29856,29857,8038
"Before scheduled trip start time",-1,1267,1268,8038
"Before scheduled trip start time",-1,58887,58888,8038
"Before scheduled trip start time",-1,59767,59768,8038
"Before scheduled trip start time",-1,688840,688841,8038
"Before scheduled trip start time",-1,67247,67248,8038
"Before scheduled trip start time",-1,76047,76048,8038
"Before scheduled trip start time",-1,28054,28055,8038
"Before scheduled trip start time",-1,19054,19055,8038
"Before scheduled trip start time",-1,41507,41508,8038
"Before scheduled trip start time",-1,511408,511409,8038
"Before scheduled trip start time",-1,4592,4593,8038
"Before scheduled trip start time",-1,28178,28179,8038
"Before scheduled trip start time",-1,2034,2035,8038
"Before scheduled trip start time",-1,36,37,8038
"Before scheduled trip start time",-1,23343,23344,8038
"Before scheduled trip start time",-1,509308,509309,8038
"Before scheduled trip start time",-1,59299,59300,8038
"Before scheduled trip start time",-1,685420,685421,8038
"Before scheduled trip start time",-1,65167,65168,8038
"Before scheduled trip start time",-1,48347,48348,8038
"Before scheduled trip start time",-1,57227,57228,8038
"Before scheduled trip start time",-1,23638,23639,8038
"Before scheduled trip start time",-1,70327,70328,8038
"Before scheduled trip start time",-1,529,530,8038
"Before scheduled trip start time",-1,963,964,8038
"Before scheduled trip start time",-1,35547,35548,8038
"Before scheduled trip start time",-1,544,545,8038
"Before scheduled trip start time",-1,70279,70280,8038
"Before scheduled trip start time",-1,3892,3893,8038
"Before scheduled trip start time",-1,6019,6020,8038
"Before scheduled trip start time",-1,2095,2096,8038
"Before scheduled trip start time",-1,10612,10613,8038
"Before scheduled trip start time",-1,84620,84621,8038
"Before scheduled trip start time",-1,7097,7098,8038
"Before scheduled trip start time",-1,357,358,8038
"Before scheduled trip start time",-1,685960,685961,8038
"Before scheduled trip start time",-1,63967,63968,8038
"Before scheduled trip start time",-1,687080,687081,8038
"Before scheduled trip start time",-1,43199,43200,8038
"Before scheduled trip start time",-1,17458,17459,8038
"Before scheduled trip start time",-1,23194,23195,8038
"Before scheduled trip start time",-1,682060,682061,8038
"Before scheduled trip start time",-1,7579,7580,8038
"Before scheduled trip start time",-1,9557,9558,8038
"Before scheduled trip start time",-1,5337,5338,8038
"Before scheduled trip start time",-1,508528,508529,8038
"Before scheduled trip start time",-1,63627,63628,8038
"Before scheduled trip start time",-1,673640,673641,8038
"Before scheduled trip start time",-1,53367,53368,8038
"Before scheduled trip start time",-1,3491,3492,8038
"Before scheduled trip start time",-1,34916,34917,8038
"Before scheduled trip start time",-1,22914,22915,8038
"Before scheduled trip start time",-1,24298,24299,8038
"Before scheduled trip start time",-1,14398,14399,8038
"Before scheduled trip start time",-1,36927,36928,8038
"Before scheduled trip start time",-1,78239,78240,8038
"Before scheduled trip start time",-1,3095,3096,8038
"Before scheduled trip start time",-1,23603,23604,8038
"Before scheduled trip start time",-1,40116,40117,8038
"Before scheduled trip start time",-1,29429,29430,8038
"Before scheduled trip start time",-1,29183,29184,8038
"Before scheduled trip start time",-1,35056,35057,8038
"Before scheduled trip start time",-1,23714,23715,8038
"Before scheduled trip start time",-1,683380,683381,8038
"Before scheduled trip start time",-1,222,223,8038
"Before scheduled trip start time",-1,669000,669001,8038
"Before scheduled trip start time",-1,36907,36908,8038
"Before scheduled trip start time",-1,857,858,8038
"Before scheduled trip start time",-1,3937,3938,8038
"Before scheduled trip start time",-1,6234,6235,8038
"Before scheduled trip start time",-1,3009,3010,8038
"Before scheduled trip start time",-1,48059,48060,8038
"Before scheduled trip start time",-1,65567,65568,8038
"Before scheduled trip start time",-1,736,737,8038
"Before scheduled trip start time",-1,214,215,8038
"Before scheduled trip start time",-1,495448,495449,8038
"Before scheduled trip start time",-1,305,306,8038
"Before scheduled trip start time",-1,247,248,8038
"Before scheduled trip start time",-1,5257,5258,8038
"Before scheduled trip start time",-1,10815,10816,8038
"Before scheduled trip start time",-1,1119,1120,8038
"Before scheduled trip start time",-1,6134,6135,8038
"Before scheduled trip start time",-1,24423,24424,8038
"Before scheduled trip start time",-1,29663,29664,8038
"Before scheduled trip start time",-1,49047,49048,8038
"Before scheduled trip start time",-1,49427,49428,8038
"Before scheduled trip start time",-1,673120,673121,8038
"Before scheduled trip start time",-1,27183,27184,8038
"Before scheduled trip start time",-1,33916,33917,8038
"Before scheduled trip start time",-1,4257,4258,8038
"Before scheduled trip start time",-1,5074,5075,8038
"Before scheduled trip start time",-1,2509,2510,8038
"Before scheduled trip start time",-1,590,591,8038
"Before scheduled trip start time",-1,32878,32879,8038
"Before scheduled trip start time",-1,2314,2315,8038
"Before scheduled trip start time",-1,10598,10599,8038
"Before scheduled trip start time",-1,577,578,8038
"Before scheduled trip start time",-1,65467,65468,8038
"Before scheduled trip start time",-1,30356,30357,8038
"Before scheduled trip start time",-1,43219,43220,8038
"Before scheduled trip start time",-1,15658,15659,8038
"Before scheduled trip start time",-1,2739,2740,8038
"Before scheduled trip start time",-1,2092,2093,8038
"Before scheduled trip start time",-1,18643,18644,8038
"Before scheduled trip start time",-1,507948,507949,8038
"Before scheduled trip start time",-1,26476,26477,8038
"Before scheduled trip start time",-1,671,672,8038
"Before scheduled trip start time",-1,64407,64408,8038
"Before scheduled trip start time",-1,678220,678221,8038
"Before scheduled trip start time",-1,21578,21579,8038
"Before scheduled trip start time",-1,1507,1508,8038
"Before scheduled trip start time",-1,2057,2058,8038
"Before scheduled trip start time",-1,30498,30499,8038
"Before scheduled trip start time",-1,6435,6436,8038
"Before scheduled trip start time",-1,12235,12236,8038
"Before scheduled trip start time",-1,7137,7138,8038
"Before scheduled trip start time",-1,14694,14695,8038
"Before scheduled trip start time",-1,55547,55548,8038
"Before scheduled trip start time",-1,571,572,8038
"Before scheduled trip start time",-1,40716,40717,8038
"Before scheduled trip start time",-1,629,630,8038
"Before scheduled trip start time",-1,21254,21255,8038
"Before scheduled trip start time",-1,19018,19019,8038
"Before scheduled trip start time",-1,21954,21955,8038
"Before scheduled trip start time",-1,681680,681681,8038
"Before scheduled trip start time",-1,67587,67588,8038
"Before scheduled trip start time",-1,74407,74408,8038
"Before scheduled trip start time",-1,973,974,8038
"Before scheduled trip start time",-1,668420,668421,8038
"Before scheduled trip start time",-1,658400,658401,8038
"Before scheduled trip start time",-1,665000,665001,8038
"Before scheduled trip start time",-1,73479,73480,8038
"Before scheduled trip start time",-1,8137,8138,8038
"Before scheduled trip start time",-1,31498,31499,8038
"Before scheduled trip start time",-1,21083,21084,8038
"Before scheduled trip start time",-1,38336,38337,8038
"Before scheduled trip start time",-1,40067,40068,8038
"Before scheduled trip start time",-1,506388,506389,8038
"Before scheduled trip start time",-1,15638,15639,8038
"Before scheduled trip start time",-1,657180,657181,8038
"Before scheduled trip start time",-1,428,429,8038
"Before scheduled trip start time",-1,76099,76100,8038
"Before scheduled trip start time",-1,1875,1876,8038
"Before scheduled trip start time",-1,995,996,8038
"Before scheduled trip start time",-1,6692,6693,8038
"Before scheduled trip start time",-1,31818,31819,8038
"Before scheduled trip start time",-1,27687,27688,8038
"Before scheduled trip start time",-1,498128,498129,8038
"Before scheduled trip start time",-1,11218,11219,8038
"Before scheduled trip start time",-1,7954,7955,8038
"Before scheduled trip start time",-1,501168,501169,8038
"Before scheduled trip start time",-1,48547,48548,8038
"Before scheduled trip start time",-1,673860,673861,8038
"Before scheduled trip start time",-1,51907,51908,8038
"Before scheduled trip start time",-1,30176,30177,8038
"Before scheduled trip start time",-1,34136,34137,8038
"Before scheduled trip start time",-1,72607,72608,8038
"Before scheduled trip start time",-1,18738,18739,8038
"Before scheduled trip start time",-1,1054,1055,8038
"Before scheduled trip start time",-1,45027,45028,8038
"Before scheduled trip start time",-1,665740,665741,8038
"Before scheduled trip start time",-1,4137,4138,8038
"Before scheduled trip start time",-1,4597,4598,8038
"Before scheduled trip start time",-1,15914,15915,8038
"Before scheduled trip start time",-1,23683,23684,8038
"Before scheduled trip start time",-1,64147,64148,8038
"Before scheduled trip start time",-1,163,164,8038
"Before scheduled trip start time",-1,41207,41208,8038
"Before scheduled trip start time",-1,511748,511749,8038
"Before scheduled trip start time",-1,79499,79500,8038
"Before scheduled trip start time",-1,2117,2118,8038
"Before scheduled trip start time",-1,12874,12875,8038
"Before scheduled trip start time",-1,686680,686681,8038
"Before scheduled trip start time",-1,671780,671781,8038
"Before scheduled trip start time",-1,672200,672201,8038
"Before scheduled trip start time",-1,28636,28637,8038
"Before scheduled trip start time",-1,324,325,8038
"Before scheduled trip start time",-1,28983,28984,8038
"Before scheduled trip start time",-1,35176,35177,8038
"Before scheduled trip start time",-1,23734,23735,8038
"Before scheduled trip start time",-1,70087,70088,8038
"Before scheduled trip start time",-1,72267,72268,8038
"Before scheduled trip start time",-1,665380,665381,8038
"Before scheduled trip start time",-1,2488,2489,8038
"Before scheduled trip start time",-1,635,636,8038
"Before scheduled trip start time",-1,5217,5218,8038
"Before scheduled trip start time",-1,58599,58600,8038
"Before scheduled trip start time",-1,32003,32004,8038
"Before scheduled trip start time",-1,32783,32784,8038
"Before scheduled trip start time",-1,48287,48288,8038
"Before scheduled trip start time",-1,660300,660301,8038
"Before scheduled trip start time",-1,30776,30777,8038
"Before scheduled trip start time",-1,16743,16744,8038
"Before scheduled trip start time",-1,34176,34177,8038
"Before scheduled trip start time",-1,24014,24015,8038
"Before scheduled trip start time",-1,27118,27119,8038
"Before scheduled trip start time",-1,35967,35968,8038
"Before scheduled trip start time",-1,439,440,8038
"Before scheduled trip start time",-1,510908,510909,8038
"Before scheduled trip start time",-1,5972,5973,8038
"Before scheduled trip start time",-1,33614,33615,8038
"Before scheduled trip start time",-1,663160,663161,8038
"Before scheduled trip start time",-1,2360,2361,8038
"Before scheduled trip start time",-1,33836,33837,8038
"Before scheduled trip start time",-1,23014,23015,8038
"Before scheduled trip start time",-1,42187,42188,8038
"Before scheduled trip start time",-1,345,346,8038
"Before scheduled trip start time",-1,3292,3293,8038
"Before scheduled trip start time",-1,2135,2136,8038
"Before scheduled trip start time",-1,32098,32099,8038
"Before scheduled trip start time",-1,58459,58460,8038
"Before scheduled trip start time",-1,42339,42340,8038
"Before scheduled trip start time",-1,17923,17924,8038
"Before scheduled trip start time",-1,32676,32677,8038
"Before scheduled trip start time",-1,682380,682381,8038
"Before scheduled trip start time",-1,667780,667781,8038
"Before scheduled trip start time",-1,669280,669281,8038
"Before scheduled trip start time",-1,36167,36168,8038
"Before scheduled trip start time",-1,663300,663301,8038
"Before scheduled trip start time",-1,68379,68380,8038
"Before scheduled trip start time",-1,4,5,8038
"Before scheduled trip start time",-1,8534,8535,8038
"Before scheduled trip start time",-1,49799,49800,8038
"Before scheduled trip start time",-1,1540,1541,8038
"Before scheduled trip start time",-1,44299,44300,8038
"Before scheduled trip start time",-1,504768,504769,8038
"Before scheduled trip start time",-1,59727,59728,8038
"Before scheduled trip start time",-1,683860,683861,8038
"Before scheduled trip start time",-1,568,569,8038
"Before scheduled trip start time",-1,34747,34748,8038
"Before scheduled trip start time",-1,2031,2032,8038
"Before scheduled trip start time",-1,60139,60140,8038
"Before scheduled trip start time",-1,29798,29799,8038
"Before scheduled trip start time",-1,76259,76260,8038
"Before scheduled trip start time",-1,3999,4000,8038
"Before scheduled trip start time",-1,16223,16224,8038
"Before scheduled trip start time",-1,504328,504329,8038
"Before scheduled trip start time",-1,76787,76788,8038
"Before scheduled trip start time",-1,10918,10919,8038
"Before scheduled trip start time",-1,10998,10999,8038
"Before scheduled trip start time",-1,51339,51340,8038
"Before scheduled trip start time",-1,52519,52520,8038
"Before scheduled trip start time",-1,31396,31397,8038
"Before scheduled trip start time",-1,24358,24359,8038
"Before scheduled trip start time",-1,34507,34508,8038
"Before scheduled trip start time",-1,659440,659441,8038
"Before scheduled trip start time",-1,664200,664201,8038
"Before scheduled trip start time",-1,42287,42288,8038
"Before scheduled trip start time",-1,1471,1472,8038
"Before scheduled trip start time",-1,5497,5498,8038
"Before scheduled trip start time",-1,9814,9815,8038
"Before scheduled trip start time",-1,4239,4240,8038
"Before scheduled trip start time",-1,37456,37457,8038
"Before scheduled trip start time",-1,52139,52140,8038
"Before scheduled trip start time",-1,25543,25544,8038
"Before scheduled trip start time",-1,507528,507529,8038
"Before scheduled trip start time",-1,57219,57220,8038
"Before scheduled trip start time",-1,510568,510569,8038
"Before scheduled trip start time",-1,686940,686941,8038
"Before scheduled trip start time",-1,50187,50188,8038
"Before scheduled trip start time",-1,198,199,8038
"Before scheduled trip start time",-1,15203,15204,8038
"Before scheduled trip start time",-1,16343,16344,8038
"Before scheduled trip start time",-1,165,166,8038
"Before scheduled trip start time",-1,32176,32177,8038
"Before scheduled trip start time",-1,61247,61248,8038
"Before scheduled trip start time",-1,408,409,8038
"Before scheduled trip start time",-1,25698,25699,8038
"Before scheduled trip start time",-1,68639,68640,8038
"Before scheduled trip start time",-1,1344,1345,8038
"Before scheduled trip start time",-1,5735,5736,8038
"Before scheduled trip start time",-1,1872,1873,8038
"Before scheduled trip start time",-1,890,891,8038
"Before scheduled trip start time",-1,49767,49768,8038
"Before scheduled trip start time",-1,51527,51528,8038
"Before scheduled trip start time",-1,661980,661981,8038
"Before scheduled trip start time",-1,1167,1168,8038
"Before scheduled trip start time",-1,17438,17439,8038
"Before scheduled trip start time",-1,816,817,8038
"Before scheduled trip start time",-1,315,316,8038
"Before scheduled trip start time",-1,1084,1085,8038
"Before scheduled trip start time",-1,31138,31139,8038
"Before scheduled trip start time",-1,77099,77100,8038
"Before scheduled trip start time",-1,12092,12093,8038
"Before scheduled trip start time",-1,66499,66500,8038
"Before scheduled trip start time",-1,1147,1148,8038
"Before scheduled trip start time",-1,12598,12599,8038
"Before scheduled trip start time",-1,26436,26437,8038
"Before scheduled trip start time",-1,674600,674601,8038
"Before scheduled trip start time",-1,3711,3712,8038
"Before scheduled trip start time",-1,17403,17404,8038
"Before scheduled trip start time",-1,26174,26175,8038
"Before scheduled trip start time",-1,340,341,8038
"Before scheduled trip start time",-1,41567,41568,8038
"Before scheduled trip start time",-1,8295,8296,8038
"Before scheduled trip start time",-1,75599,75600,8038
"Before scheduled trip start time",-1,10952,10953,8038
"Before scheduled trip start time",-1,6412,6413,8038
"Before scheduled trip start time",-1,498788,498789,8038
"Before scheduled trip start time",-1,12754,12755,8038
"Before scheduled trip start time",-1,10678,10679,8038
"Before scheduled trip start time",-1,49539,49540,8038
"Before scheduled trip start time",-1,507448,507449,8038
"Before scheduled trip start time",-1,331,332,8038
"Before scheduled trip start time",-1,406,407,8038
"Before scheduled trip start time",-1,54147,54148,8038
"Before scheduled trip start time",-1,26543,26544,8038
"Before scheduled trip start time",-1,35596,35597,8038
"Before scheduled trip start time",-1,25854,25855,8038
"Before scheduled trip start time",-1,22054,22055,8038
"Before scheduled trip start time",-1,681460,681461,8038
"Before scheduled trip start time",-1,75567,75568,8038
"Before scheduled trip start time",-1,35807,35808,8038
"Before scheduled trip start time",-1,558,559,8038
"Before scheduled trip start time",-1,12934,12935,8038
"Before scheduled trip start time",-1,26,27,8038
"Before scheduled trip start time",-1,49779,49780,8038
"Before scheduled trip start time",-1,675440,675441,8038
"Before scheduled trip start time",-1,52987,52988,8038
"Before scheduled trip start time",-1,660920,660921,8038
"Before scheduled trip start time",-1,31516,31517,8038
"Before scheduled trip start time",-1,53919,53920,8038
"Before scheduled trip start time",-1,19358,19359,8038
"Before scheduled trip start time",-1,19434,19435,8038
"Before scheduled trip start time",-1,44427,44428,8038
"Before scheduled trip start time",-1,667120,667121,8038
"Before scheduled trip start time",-1,79619,79620,8038
"Before scheduled trip start time",-1,8797,8798,8038
"Before scheduled trip start time",-1,515668,515669,8038
"Before scheduled trip start time",-1,11934,11935,8038
"Before scheduled trip start time",-1,15374,15375,8038
"Before scheduled trip start time",-1,36956,36957,8038
"Before scheduled trip start time",-1,233,234,8038
"Before scheduled trip start time",-1,28103,28104,8038
"Before scheduled trip start time",-1,506148,506149,8038
"Before scheduled trip start time",-1,20258,20259,8038
"Before scheduled trip start time",-1,61447,61448,8038
"Before scheduled trip start time",-1,61707,61708,8038
"Before scheduled trip start time",-1,295,296,8038
"Before scheduled trip start time",-1,968,969,8038
"Before scheduled trip start time",-1,29234,29235,8038
"Before scheduled trip start time",-1,33707,33708,8038
"Before scheduled trip start time",-1,33927,33928,8038
"Before scheduled trip start time",-1,36127,36128,8038
"Before scheduled trip start time",-1,76867,76868,8038
"Before scheduled trip start time",-1,602,603,8038
"Before scheduled trip start time",-1,566,567,8038
"Before scheduled trip start time",-1,9334,9335,8038
"Before scheduled trip start time",-1,10395,10396,8038
"Before scheduled trip start time",-1,1247,1248,8038
"Before scheduled trip start time",-1,1519,1520,8038
"Before scheduled trip start time",-1,2139,2140,8038
"Before scheduled trip start time",-1,8217,8218,8038
"Before scheduled trip start time",-1,915,916,8038
"Before scheduled trip start time",-1,2190,2191,8038
"Before scheduled trip start time",-1,11618,11619,8038
"Before scheduled trip start time",-1,36196,36197,8038
"Before scheduled trip start time",-1,29803,29804,8038
"Before scheduled trip start time",-1,22978,22979,8038
"Before scheduled trip start time",-1,61147,61148,8038
"Before scheduled trip start time",-1,36147,36148,8038
"Before scheduled trip start time",-1,4552,4553,8038
"Before scheduled trip start time",-1,77419,77420,8038
"Before scheduled trip start time",-1,31478,31479,8038
"Before scheduled trip start time",-1,12974,12975,8038
"Before scheduled trip start time",-1,36556,36557,8038
"Before scheduled trip start time",-1,685580,685581,8038
"Before scheduled trip start time",-1,57787,57788,8038
"Before scheduled trip start time",-1,40567,40568,8038
"Before scheduled trip start time",-1,42459,42460,8038
"Before scheduled trip start time",-1,32456,32457,8038
"Before scheduled trip start time",-1,72327,72328,8038
"Before scheduled trip start time",-1,75427,75428,8038
"Before scheduled trip start time",-1,670340,670341,8038
"Before scheduled trip start time",-1,2837,2838,8038
"Before scheduled trip start time",-1,6899,6900,8038
"Before scheduled trip start time",-1,15754,15755,8038
"Before scheduled trip start time",-1,25476,25477,8038
"Before scheduled trip start time",-1,28456,28457,8038
"Before scheduled trip start time",-1,494648,494649,8038
"Before scheduled trip start time",-1,682440,682441,8038
"Before scheduled trip start time",-1,67287,67288,8038
"Before scheduled trip start time",-1,67807,67808,8038
"Before scheduled trip start time",-1,35707,35708,8038
"Before scheduled trip start time",-1,42227,42228,8038
"Before scheduled trip start time",-1,510848,510849,8038
"Before scheduled trip start time",-1,3689,3690,8038
"Before scheduled trip start time",-1,10874,10875,8038
"Before scheduled trip start time",-1,7197,7198,8038
"Before scheduled trip start time",-1,31483,31484,8038
"Before scheduled trip start time",-1,509708,509709,8038
"Before scheduled trip start time",-1,59,60,8038
"Before scheduled trip start time",-1,510368,510369,8038
"Before scheduled trip start time",-1,298,299,8038
"Before scheduled trip start time",-1,17303,17304,8038
"Before scheduled trip start time",-1,146,147,8038
"Before scheduled trip start time",-1,68007,68008,8038
"Before scheduled trip start time",-1,181,182,8038
"Before scheduled trip start time",-1,13358,13359,8038
"Before scheduled trip start time",-1,14798,14799,8038
"Before scheduled trip start time",-1,1163,1164,8038
"Before scheduled trip start time",-1,666000,666001,8038
"Before scheduled trip start time",-1,445,446,8038
"Before scheduled trip start time",-1,2777,2778,8038
"Before scheduled trip start time",-1,4297,4298,8038
"Before scheduled trip start time",-1,9412,9413,8038
"Before scheduled trip start time",-1,496608,496609,8038
"Before scheduled trip start time",-1,21963,21964,8038
"Before scheduled trip start time",-1,10618,10619,8038
"Before scheduled trip start time",-1,173,174,8038
"Before scheduled trip start time",-1,119,120,8038
"Before scheduled trip start time",-1,686080,686081,8038
"Before scheduled trip start time",-1,49167,49168,8038
"Before scheduled trip start time",-1,672240,672241,8038
"Before scheduled trip start time",-1,26983,26984,8038
"Before scheduled trip start time",-1,668620,668621,8038
"Before scheduled trip start time",-1,69739,69740,8038
"Before scheduled trip start time",-1,4974,4975,8038
"Before scheduled trip start time",-1,65087,65088,8038
"Before scheduled trip start time",-1,50027,50028,8038
"Before scheduled trip start time",-1,681000,681001,8038
"Before scheduled trip start time",-1,716,717,8038
"Before scheduled trip start time",-1,39436,39437,8038
"Before scheduled trip start time",-1,344,345,8038
"Before scheduled trip start time",-1,563,564,8038
"Before scheduled trip start time",-1,24558,24559,8038
"Before scheduled trip start time",-1,16274,16275,8038
"Before scheduled trip start time",-1,15098,15099,8038
"Before scheduled trip start time",-1,670020,670021,8038
"Before scheduled trip start time",-1,509,510,8038
"Before scheduled trip start time",-1,449,450,8038
"Before scheduled trip start time",-1,1397,1398,8038
"Before scheduled trip start time",-1,8197,8198,8038
"Before scheduled trip start time",-1,3514,3515,8038
"Before scheduled trip start time",-1,731,732,8038
"Before scheduled trip start time",-1,2020,2021,8038
"Before scheduled trip start time",-1,493828,493829,8038
"Before scheduled trip start time",-1,32816,32817,8038
"Before scheduled trip start time",-1,34216,34217,8038
"Before scheduled trip start time",-1,749,750,8038
"Before scheduled trip start time",-1,20814,20815,8038
"Before scheduled trip start time",-1,666520,666521,8038
"Before scheduled trip start time",-1,33554,33555,8038
"Before scheduled trip start time",-1,939,940,8038
"Before scheduled trip start time",-1,7217,7218,8038
"Before scheduled trip start time",-1,11738,11739,8038
"Before scheduled trip start time",-1,53827,53828,8038
"Before scheduled trip start time",-1,661860,661861,8038
"Before scheduled trip start time",-1,662000,662001,8038
"Before scheduled trip start time",-1,33356,33357,8038
"Before scheduled trip start time",-1,25974,25975,8038
"Before scheduled trip start time",-1,689180,689181,8038
"Before scheduled trip start time",-1,69227,69228,8038
"Before scheduled trip start time",-1,42567,42568,8038
"Before scheduled trip start time",-1,665900,665901,8038
"Before scheduled trip start time",-1,2772,2773,8038
"Before scheduled trip start time",-1,11494,11495,8038
"Before scheduled trip start time",-1,2754,2755,8038
"Before scheduled trip start time",-1,36236,36237,8038
"Before scheduled trip start time",-1,507388,507389,8038
"Before scheduled trip start time",-1,509168,509169,8038
"Before scheduled trip start time",-1,32923,32924,8038
"Before scheduled trip start time",-1,687020,687021,8038
"Before scheduled trip start time",-1,57527,57528,8038
"Before scheduled trip start time",-1,68347,68348,8038
"Before scheduled trip start time",-1,668120,668121,8038
"Before scheduled trip start time",-1,2897,2898,8038
"Before scheduled trip start time",-1,71299,71300,8038
"Before scheduled trip start time",-1,3674,3675,8038
"Before scheduled trip start time",-1,27236,27237,8038
"Before scheduled trip start time",-1,48987,48988,8038
"Before scheduled trip start time",-1,1300,1301,8038
"Before scheduled trip start time",-1,18083,18084,8038
"Before scheduled trip start time",-1,59747,59748,8038
"Before scheduled trip start time",-1,19114,19115,8038
"Before scheduled trip start time",-1,2511,2512,8038
"Before scheduled trip start time",-1,2631,2632,8038
"Before scheduled trip start time",-1,660680,660681,8038
"Before scheduled trip start time",-1,24234,24235,8038
"Before scheduled trip start time",-1,71267,71268,8038
"Before scheduled trip start time",-1,75547,75548,8038
"Before scheduled trip start time",-1,24478,24479,8038
"Before scheduled trip start time",-1,1199,1200,8038
"Before scheduled trip start time",-1,1834,1835,8038
"Before scheduled trip start time",-1,662740,662741,8038
"Before scheduled trip start time",-1,20078,20079,8038
"Before scheduled trip start time",-1,40987,40988,8038
"Before scheduled trip start time",-1,41147,41148,8038
"Before scheduled trip start time",-1,32,33,8038
"Before scheduled trip start time",-1,37096,37097,8038
"Before scheduled trip start time",-1,680100,680101,8038
"Before scheduled trip start time",-1,37347,37348,8038
"Before scheduled trip start time",-1,40356,40357,8038
"Before scheduled trip start time",-1,56019,56020,8038
"Before scheduled trip start time",-1,61327,61328,8038
"Before scheduled trip start time",-1,684220,684221,8038
"Before scheduled trip start time",-1,170,171,8038
"Before scheduled trip start time",-1,67007,67008,8038
"Before scheduled trip start time",-1,302,303,8038
"Before scheduled trip start time",-1,30394,30395,8038
"Before scheduled trip start time",-1,46447,46448,8038
"Before scheduled trip start time",-1,35367,35368,8038
"Before scheduled trip start time",-1,12098,12099,8038
"Before scheduled trip start time",-1,1033,1034,8038
"Before scheduled trip start time",-1,686180,686181,8038
"Before scheduled trip start time",-1,681220,681221,8038
"Before scheduled trip start time",-1,33556,33557,8038
"Before scheduled trip start time",-1,20918,20919,8038
"Before scheduled trip start time",-1,1407,1408,8038
"Before scheduled trip start time",-1,66627,66628,8038
"Before scheduled trip start time",-1,18354,18355,8038
"Before scheduled trip start time",-1,40667,40668,8038
"Before scheduled trip start time",-1,948,949,8038
"Before scheduled trip start time",-1,10654,10655,8038
"Before scheduled trip start time",-1,30694,30695,8038
"Before scheduled trip start time",-1,73839,73840,8038
"Before scheduled trip start time",-1,2153,2154,8038
"Before scheduled trip start time",-1,499148,499149,8038
"Before scheduled trip start time",-1,24743,24744,8038
"Before scheduled trip start time",-1,673940,673941,8038
"Before scheduled trip start time",-1,674980,674981,8038
"Before scheduled trip start time",-1,677460,677461,8038
"Before scheduled trip start time",-1,661580,661581,8038
"Before scheduled trip start time",-1,19438,19439,8038
"Before scheduled trip start time",-1,92,93,8038
"Before scheduled trip start time",-1,689580,689581,8038
"Before scheduled trip start time",-1,74347,74348,8038
"Before scheduled trip start time",-1,248,249,8038
"Before scheduled trip start time",-1,3755,3756,8038
"Before scheduled trip start time",-1,1252,1253,8038
"Before scheduled trip start time",-1,11334,11335,8038
"Before scheduled trip start time",-1,1774,1775,8038
"Before scheduled trip start time",-1,51159,51160,8038
"Before scheduled trip start time",-1,56739,56740,8038
"Before scheduled trip start time",-1,63747,63748,8038
"Before scheduled trip start time",-1,674380,674381,8038
"Before scheduled trip start time",-1,662360,662361,8038
"Before scheduled trip start time",-1,43579,43580,8038
"Before scheduled trip start time",-1,21674,21675,8038
"Before scheduled trip start time",-1,59947,59948,8038
"Before scheduled trip start time",-1,177,178,8038
"Before scheduled trip start time",-1,1654,1655,8038
"Before scheduled trip start time",-1,28934,28935,8038
"Before scheduled trip start time",-1,15418,15419,8038
"Before scheduled trip start time",-1,19474,19475,8038
"Before scheduled trip start time",-1,656600,656601,8038
"Before scheduled trip start time",-1,663860,663861,8038
"Before scheduled trip start time",-1,60279,60280,8038
"Before scheduled trip start time",-1,80439,80440,8038
"Before scheduled trip start time",-1,9892,9893,8038
"Before scheduled trip start time",-1,508568,508569,8038
"Before scheduled trip start time",-1,56007,56008,8038
"Before scheduled trip start time",-1,1440,1441,8038
"Before scheduled trip start time",-1,684000,684001,8038
"Before scheduled trip start time",-1,66007,66008,8038
"Before scheduled trip start time",-1,622,623,8038
"Before scheduled trip start time",-1,350,351,8038
"Before scheduled trip start time",-1,368,369,8038
"Before scheduled trip start time",-1,43887,43888,8038
"Before scheduled trip start time",-1,2912,2913,8038
"Before scheduled trip start time",-1,5912,5913,8038
"Before scheduled trip start time",-1,20123,20124,8038
"Before scheduled trip start time",-1,498088,498089,8038
"Before scheduled trip start time",-1,27996,27997,8038
"Before scheduled trip start time",-1,42939,42940,8038
"Before scheduled trip start time",-1,24754,24755,8038
"Before scheduled trip start time",-1,16558,16559,8038
"Before scheduled trip start time",-1,664380,664381,8038
"Before scheduled trip start time",-1,1771,1772,8038
"Before scheduled trip start time",-1,307,308,8038
"Before scheduled trip start time",-1,81079,81080,8038
"Before scheduled trip start time",-1,3294,3295,8038
"Before scheduled trip start time",-1,678560,678561,8038
"Before scheduled trip start time",-1,57907,57908,8038
"Before scheduled trip start time",-1,67487,67488,8038
"Before scheduled trip start time",-1,69007,69008,8038
"Before scheduled trip start time",-1,74847,74848,8038
"Before scheduled trip start time",-1,16018,16019,8038
"Before scheduled trip start time",-1,40767,40768,8038
"Before scheduled trip start time",-1,41447,41448,8038
"Before scheduled trip start time",-1,511248,511249,8038
"Before scheduled trip start time",-1,30854,30855,8038
"Before scheduled trip start time",-1,1655,1656,8038
"Before scheduled trip start time",-1,73779,73780,8038
"Before scheduled trip start time",-1,2537,2538,8038
"Before scheduled trip start time",-1,13652,13653,8038
"Before scheduled trip start time",-1,7557,7558,8038
"Before scheduled trip start time",-1,4754,4755,8038
"Before scheduled trip start time",-1,498808,498809,8038
"Before scheduled trip start time",-1,25236,25237,8038
"Before scheduled trip start time",-1,49627,49628,8038
"Before scheduled trip start time",-1,679120,679121,8038
"Before scheduled trip start time",-1,55899,55900,8038
"Before scheduled trip start time",-1,72907,72908,8038
"Before scheduled trip start time",-1,613,614,8038
"Before scheduled trip start time",-1,24518,24519,8038
"Before scheduled trip start time",-1,28134,28135,8038
"Before scheduled trip start time",-1,538,539,8038
"Before scheduled trip start time",-1,2408,2409,8038
"Before scheduled trip start time",-1,10094,10095,8038
"Before scheduled trip start time",-1,30654,30655,8038
"Before scheduled trip start time",-1,30894,30895,8038
"Before scheduled trip start time",-1,73939,73940,8038
"Before scheduled trip start time",-1,37036,37037,8038
"Before scheduled trip start time",-1,29683,29684,8038
"Before scheduled trip start time",-1,59759,59760,8038
"Before scheduled trip start time",-1,27136,27137,8038
"Before scheduled trip start time",-1,677820,677821,8038
"Before scheduled trip start time",-1,31716,31717,8038
"Before scheduled trip start time",-1,21634,21635,8038
"Before scheduled trip start time",-1,253,254,8038
"Before scheduled trip start time",-1,67787,67788,8038
"Before scheduled trip start time",-1,76387,76388,8038
"Before scheduled trip start time",-1,45587,45588,8038
"Before scheduled trip start time",-1,637,638,8038
"Before scheduled trip start time",-1,60539,60540,8038
"Before scheduled trip start time",-1,3217,3218,8038
"Before scheduled trip start time",-1,11372,11373,8038
"Before scheduled trip start time",-1,10438,10439,8038
"Before scheduled trip start time",-1,686140,686141,8038
"Before scheduled trip start time",-1,65367,65368,8038
"Before scheduled trip start time",-1,49147,49148,8038
"Before scheduled trip start time",-1,680800,680801,8038
"Before scheduled trip start time",-1,675740,675741,8038
"Before scheduled trip start time",-1,31496,31497,8038
"Before scheduled trip start time",-1,70267,70268,8038
"Before scheduled trip start time",-1,71187,71188,8038
"Before scheduled trip start time",-1,682960,682961,8038
"Before scheduled trip start time",-1,684200,684201,8038
"Before scheduled trip start time",-1,66287,66288,8038
"Before scheduled trip start time",-1,45267,45268,8038
"Before scheduled trip start time",-1,2595,2596,8038
"Before scheduled trip start time",-1,7039,7040,8038
"Before scheduled trip start time",-1,65659,65660,8038
"Before scheduled trip start time",-1,66519,66520,8038
"Before scheduled trip start time",-1,14474,14475,8038
"Before scheduled trip start time",-1,677740,677741,8038
"Before scheduled trip start time",-1,52307,52308,8038
"Before scheduled trip start time",-1,125,126,8038
"Before scheduled trip start time",-1,53219,53220,8038
"Before scheduled trip start time",-1,69687,69688,8038
"Before scheduled trip start time",-1,23394,23395,8038
"Before scheduled trip start time",-1,684420,684421,8038
"Before scheduled trip start time",-1,61847,61848,8038
"Before scheduled trip start time",-1,200,201,8038
"Before scheduled trip start time",-1,463,464,8038
"Before scheduled trip start time",-1,28854,28855,8038
"Before scheduled trip start time",-1,45347,45348,8038
"Before scheduled trip start time",-1,47687,47688,8038
"Before scheduled trip start time",-1,665540,665541,8038
"Before scheduled trip start time",-1,33454,33455,8038
"Before scheduled trip start time",-1,30638,30639,8038
"Before scheduled trip start time",-1,11835,11836,8038
"Before scheduled trip start time",-1,497068,497069,8038
"Before scheduled trip start time",-1,7994,7995,8038
"Before scheduled trip start time",-1,58559,58560,8038
"Before scheduled trip start time",-1,49567,49568,8038
"Before scheduled trip start time",-1,83,84,8038
"Before scheduled trip start time",-1,281,282,8038
"Before scheduled trip start time",-1,54119,54120,8038
"Before scheduled trip start time",-1,58867,58868,8038
"Before scheduled trip start time",-1,242,243,8038
"Before scheduled trip start time",-1,16794,16795,8038
"Before scheduled trip start time",-1,659480,659481,8038
"Before scheduled trip start time",-1,665260,665261,8038
"Before scheduled trip start time",-1,545,546,8038
"Before scheduled trip start time",-1,5892,5893,8038
"Before scheduled trip start time",-1,7437,7438,8038
"Before scheduled trip start time",-1,37716,37717,8038
"Before scheduled trip start time",-1,32763,32764,8038
"Before scheduled trip start time",-1,26536,26537,8038
"Before scheduled trip start time",-1,62647,62648,8038
"Before scheduled trip start time",-1,687780,687781,8038
"Before scheduled trip start time",-1,39276,39277,8038
"Before scheduled trip start time",-1,34236,34237,8038
"Before scheduled trip start time",-1,682220,682221,8038
"Before scheduled trip start time",-1,61407,61408,8038
"Before scheduled trip start time",-1,29334,29335,8038
"Before scheduled trip start time",-1,29894,29895,8038
"Before scheduled trip start time",-1,46747,46748,8038
"Before scheduled trip start time",-1,44147,44148,8038
"Before scheduled trip start time",-1,10275,10276,8038
"Before scheduled trip start time",-1,2075,2076,8038
"Before scheduled trip start time",-1,10872,10873,8038
"Before scheduled trip start time",-1,2929,2930,8038
"Before scheduled trip start time",-1,2914,2915,8038
"Before scheduled trip start time",-1,13354,13355,8038
"Before scheduled trip start time",-1,55,56,8038
"Before scheduled trip start time",-1,7454,7455,8038
"Before scheduled trip start time",-1,687820,687821,8038
"Before scheduled trip start time",-1,687960,687961,8038
"Before scheduled trip start time",-1,671980,671981,8038
"Before scheduled trip start time",-1,28476,28477,8038
"Before scheduled trip start time",-1,495308,495309,8038
"Before scheduled trip start time",-1,21558,21559,8038
"Before scheduled trip start time",-1,689220,689221,8038
"Before scheduled trip start time",-1,443,444,8038
"Before scheduled trip start time",-1,15118,15119,8038
"Before scheduled trip start time",-1,18894,18895,8038
"Before scheduled trip start time",-1,1331,1332,8038
"Before scheduled trip start time",-1,513888,513889,8038
"Before scheduled trip start time",-1,29298,29299,8038
"Before scheduled trip start time",-1,32734,32735,8038
"Before scheduled trip start time",-1,6755,6756,8038
"Before scheduled trip start time",-1,11118,11119,8038
"Before scheduled trip start time",-1,14914,14915,8038
"Before scheduled trip start time",-1,36756,36757,8038
"Before scheduled trip start time",-1,36856,36857,8038
"Before scheduled trip start time",-1,65247,65248,8038
"Before scheduled trip start time",-1,688160,688161,8038
"Before scheduled trip start time",-1,679360,679361,8038
"Before scheduled trip start time",-1,497,498,8038
"Before scheduled trip start time",-1,291,292,8038
"Before scheduled trip start time",-1,503988,503989,8038
"Before scheduled trip start time",-1,22214,22215,8038
"Before scheduled trip start time",-1,668960,668961,8038
"Before scheduled trip start time",-1,669180,669181,8038
"Before scheduled trip start time",-1,33507,33508,8038
"Before scheduled trip start time",-1,9954,9955,8038
"Before scheduled trip start time",-1,29778,29779,8038
"Before scheduled trip start time",-1,1415,1416,8038
"Before scheduled trip start time",-1,6175,6176,8038
"Before scheduled trip start time",-1,79899,79900,8038
"Before scheduled trip start time",-1,955,956,8038
"Before scheduled trip start time",-1,31096,31097,8038
"Before scheduled trip start time",-1,45459,45460,8038
"Before scheduled trip start time",-1,504988,504989,8038
"Before scheduled trip start time",-1,23894,23895,8038
"Before scheduled trip start time",-1,22294,22295,8038
"Before scheduled trip start time",-1,683420,683421,8038
"Before scheduled trip start time",-1,303,304,8038
"Before scheduled trip start time",-1,25538,25539,8038
"Before scheduled trip start time",-1,656780,656781,8038
"Before scheduled trip start time",-1,67999,68000,8038
"Before scheduled trip start time",-1,512888,512889,8038
"Before scheduled trip start time",-1,1728,1729,8038
"Before scheduled trip start time",-1,835,836,8038
"Before scheduled trip start time",-1,7152,7153,8038
"Before scheduled trip start time",-1,1570,1571,8038
"Before scheduled trip start time",-1,3734,3735,8038
"Before scheduled trip start time",-1,4294,4295,8038
"Before scheduled trip start time",-1,7034,7035,8038
"Before scheduled trip start time",-1,46599,46600,8038
"Before scheduled trip start time",-1,11898,11899,8038
"Before scheduled trip start time",-1,312,313,8038
"Before scheduled trip start time",-1,7674,7675,8038
"Before scheduled trip start time",-1,59239,59240,8038
"Before scheduled trip start time",-1,39347,39348,8038
"Before scheduled trip start time",-1,40496,40497,8038
"Before scheduled trip start time",-1,53699,53700,8038
"Before scheduled trip start time",-1,27503,27504,8038
"Before scheduled trip start time",-1,35336,35337,8038
"Before scheduled trip start time",-1,24334,24335,8038
"Before scheduled trip start time",-1,689260,689261,8038
"Before scheduled trip start time",-1,26218,26219,8038
"Before scheduled trip start time",-1,665320,665321,8038
"Before scheduled trip start time",-1,991,992,8038
"Before scheduled trip start time",-1,515248,515249,8038
"Before scheduled trip start time",-1,19343,19344,8038
"Before scheduled trip start time",-1,499408,499409,8038
"Before scheduled trip start time",-1,660720,660721,8038
"Before scheduled trip start time",-1,38247,38248,8038
"Before scheduled trip start time",-1,663060,663061,8038
"Before scheduled trip start time",-1,495948,495949,8038
"Before scheduled trip start time",-1,40556,40557,8038
"Before scheduled trip start time",-1,24774,24775,8038
"Before scheduled trip start time",-1,36407,36408,8038
"Before scheduled trip start time",-1,76747,76748,8038
"Before scheduled trip start time",-1,779,780,8038
"Before scheduled trip start time",-1,1037,1038,8038
"Before scheduled trip start time",-1,3199,3200,8038
"Before scheduled trip start time",-1,8497,8498,8038
"Before scheduled trip start time",-1,5414,5415,8038
"Before scheduled trip start time",-1,11538,11539,8038
"Before scheduled trip start time",-1,15494,15495,8038
"Before scheduled trip start time",-1,36176,36177,8038
"Before scheduled trip start time",-1,32303,32304,8038
"Before scheduled trip start time",-1,686500,686501,8038
"Before scheduled trip start time",-1,64067,64068,8038
"Before scheduled trip start time",-1,675020,675021,8038
"Before scheduled trip start time",-1,660700,660701,8038
"Before scheduled trip start time",-1,391,392,8038
"Before scheduled trip start time",-1,39656,39657,8038
"Before scheduled trip start time",-1,115,116,8038
"Before scheduled trip start time",-1,17718,17719,8038
"Before scheduled trip start time",-1,683040,683041,8038
"Before scheduled trip start time",-1,73307,73308,8038
"Before scheduled trip start time",-1,2014,2015,8038
"Before scheduled trip start time",-1,511048,511049,8038
"Before scheduled trip start time",-1,31754,31755,8038
"Before scheduled trip start time",-1,2655,2656,8038
"Before scheduled trip start time",-1,5517,5518,8038
"Before scheduled trip start time",-1,31858,31859,8038
"Before scheduled trip start time",-1,496968,496969,8038
"Before scheduled trip start time",-1,591,592,8038
"Before scheduled trip start time",-1,2691,2692,8038
"Before scheduled trip start time",-1,56,57,8038
"Before scheduled trip start time",-1,28876,28877,8038
"Before scheduled trip start time",-1,297,298,8038
"Before scheduled trip start time",-1,22518,22519,8038
"Before scheduled trip start time",-1,600,601,8038
"Before scheduled trip start time",-1,73507,73508,8038
"Before scheduled trip start time",-1,28214,28215,8038
"Before scheduled trip start time",-1,670300,670301,8038
"Before scheduled trip start time",-1,659580,659581,8038
"Before scheduled trip start time",-1,40687,40688,8038
"Before scheduled trip start time",-1,43067,43068,8038
"Before scheduled trip start time",-1,656,657,8038
"Before scheduled trip start time",-1,72199,72200,8038
"Before scheduled trip start time",-1,10954,10955,8038
"Before scheduled trip start time",-1,45899,45900,8038
"Before scheduled trip start time",-1,11398,11399,8038
"Before scheduled trip start time",-1,507228,507229,8038
"Before scheduled trip start time",-1,25316,25317,8038
"Before scheduled trip start time",-1,48807,48808,8038
"Before scheduled trip start time",-1,73,74,8038
"Before scheduled trip start time",-1,674400,674401,8038
"Before scheduled trip start time",-1,29596,29597,8038
"Before scheduled trip start time",-1,31796,31797,8038
"Before scheduled trip start time",-1,17518,17519,8038
"Before scheduled trip start time",-1,20454,20455,8038
"Before scheduled trip start time",-1,61287,61288,8038
"Before scheduled trip start time",-1,74787,74788,8038
"Before scheduled trip start time",-1,27774,27775,8038
"Before scheduled trip start time",-1,18394,18395,8038
"Before scheduled trip start time",-1,456,457,8038
"Before scheduled trip start time",-1,33587,33588,8038
"Before scheduled trip start time",-1,586,587,8038
"Before scheduled trip start time",-1,43527,43528,8038
"Before scheduled trip start time",-1,3154,3155,8038
"Before scheduled trip start time",-1,74039,74040,8038
"Before scheduled trip start time",-1,6515,6516,8038
"Before scheduled trip start time",-1,1632,1633,8038
"Before scheduled trip start time",-1,64539,64540,8038
"Before scheduled trip start time",-1,66539,66540,8038
"Before scheduled trip start time",-1,33078,33079,8038
"Before scheduled trip start time",-1,1970,1971,8038
"Before scheduled trip start time",-1,354,355,8038
"Before scheduled trip start time",-1,62287,62288,8038
"Before scheduled trip start time",-1,63207,63208,8038
"Before scheduled trip start time",-1,687840,687841,8038
"Before scheduled trip start time",-1,65687,65688,8038
"Before scheduled trip start time",-1,671480,671481,8038
"Before scheduled trip start time",-1,661140,661141,8038
"Before scheduled trip start time",-1,17343,17344,8038
"Before scheduled trip start time",-1,20798,20799,8038
"Before scheduled trip start time",-1,682640,682641,8038
"Before scheduled trip start time",-1,1155,1156,8038
"Before scheduled trip start time",-1,71139,71140,8038
"Before scheduled trip start time",-1,3714,3715,8038
"Before scheduled trip start time",-1,79755,79756,8038
"Before scheduled trip start time",-1,50459,50460,8038
"Before scheduled trip start time",-1,57559,57560,8038
"Before scheduled trip start time",-1,495128,495129,8038
"Before scheduled trip start time",-1,72407,72408,8038
"Before scheduled trip start time",-1,36427,36428,8038
"Before scheduled trip start time",-1,659,660,8038
"Before scheduled trip start time",-1,231,232,8038
"Before scheduled trip start time",-1,361,362,8038
"Before scheduled trip start time",-1,5572,5573,8038
"Before scheduled trip start time",-1,3917,3918,8038
"Before scheduled trip start time",-1,19683,19684,8038
"Before scheduled trip start time",-1,498668,498669,8038
"Before scheduled trip start time",-1,9678,9679,8038
"Before scheduled trip start time",-1,12734,12735,8038
"Before scheduled trip start time",-1,12894,12895,8038
"Before scheduled trip start time",-1,678840,678841,8038
"Before scheduled trip start time",-1,677440,677441,8038
"Before scheduled trip start time",-1,16523,16524,8038
"Before scheduled trip start time",-1,45499,45500,8038
"Before scheduled trip start time",-1,75287,75288,8038
"Before scheduled trip start time",-1,25298,25299,8038
"Before scheduled trip start time",-1,667280,667281,8038
"Before scheduled trip start time",-1,512348,512349,8038
"Before scheduled trip start time",-1,513588,513589,8038
"Before scheduled trip start time",-1,8895,8896,8038
"Before scheduled trip start time",-1,1308,1309,8038
"Before scheduled trip start time",-1,1239,1240,8038
"Before scheduled trip start time",-1,12635,12636,8038
"Before scheduled trip start time",-1,68825,68826,8038
"Before scheduled trip start time",-1,1404,1405,8038
"Before scheduled trip start time",-1,509268,509269,8038
"Before scheduled trip start time",-1,26496,26497,8038
"Before scheduled trip start time",-1,29796,29797,8038
"Before scheduled trip start time",-1,1100,1101,8038
"Before scheduled trip start time",-1,18003,18004,8038
"Before scheduled trip start time",-1,187,188,8038
"Before scheduled trip start time",-1,58,59,8038
"Before scheduled trip start time",-1,506888,506889,8038
"Before scheduled trip start time",-1,32556,32557,8038
"Before scheduled trip start time",-1,681800,681801,8038
"Before scheduled trip start time",-1,683020,683021,8038
"Before scheduled trip start time",-1,61467,61468,8038
"Before scheduled trip start time",-1,76127,76128,8038
"Before scheduled trip start time",-1,913,914,8038
"Before scheduled trip start time",-1,18454,18455,8038
"Before scheduled trip start time",-1,16258,16259,8038
"Before scheduled trip start time",-1,559,560,8038
"Before scheduled trip start time",-1,41887,41888,8038
"Before scheduled trip start time",-1,525,526,8038
"Before scheduled trip start time",-1,512028,512029,8038
"Before scheduled trip start time",-1,2195,2196,8038
"Before scheduled trip start time",-1,2819,2820,8038
"Before scheduled trip start time",-1,79539,79540,8038
"Before scheduled trip start time",-1,22763,22764,8038
"Before scheduled trip start time",-1,50799,50800,8038
"Before scheduled trip start time",-1,678820,678821,8038
"Before scheduled trip start time",-1,52427,52428,8038
"Before scheduled trip start time",-1,495848,495849,8038
"Before scheduled trip start time",-1,889,890,8038
"Before scheduled trip start time",-1,947,948,8038
"Before scheduled trip start time",-1,17978,17979,8038
"Before scheduled trip start time",-1,1028,1029,8038
"Before scheduled trip start time",-1,17334,17335,8038
"Before scheduled trip start time",-1,9214,9215,8038
"Before scheduled trip start time",-1,2377,2378,8038
"Before scheduled trip start time",-1,80799,80800,8038
"Before scheduled trip start time",-1,6952,6953,8038
"Before scheduled trip start time",-1,11734,11735,8038
"Before scheduled trip start time",-1,453,454,8038
"Before scheduled trip start time",-1,52267,52268,8038
"Before scheduled trip start time",-1,54447,54448,8038
"Before scheduled trip start time",-1,139,140,8038
"Before scheduled trip start time",-1,41236,41237,8038
"Before scheduled trip start time",-1,28523,28524,8038
"Before scheduled trip start time",-1,22234,22235,8038
"Before scheduled trip start time",-1,682980,682981,8038
"Before scheduled trip start time",-1,69087,69088,8038
"Before scheduled trip start time",-1,19154,19155,8038
"Before scheduled trip start time",-1,859,860,8038
"Before scheduled trip start time",-1,4779,4780,8038
"Before scheduled trip start time",-1,4475,4476,8038
"Before scheduled trip start time",-1,78939,78940,8038
"Before scheduled trip start time",-1,10578,10579,8038
"Before scheduled trip start time",-1,672680,672681,8038
"Before scheduled trip start time",-1,678620,678621,8038
"Before scheduled trip start time",-1,57447,57448,8038
"Before scheduled trip start time",-1,216,217,8038
"Before scheduled trip start time",-1,504388,504389,8038
"Before scheduled trip start time",-1,72887,72888,8038
"Before scheduled trip start time",-1,707,708,8038
"Before scheduled trip start time",-1,19558,19559,8038
"Before scheduled trip start time",-1,34107,34108,8038
"Before scheduled trip start time",-1,658380,658381,8038
"Before scheduled trip start time",-1,494,495,8038
"Before scheduled trip start time",-1,666380,666381,8038
"Before scheduled trip start time",-1,61379,61380,8038
"Before scheduled trip start time",-1,3279,3280,8038
"Before scheduled trip start time",-1,14634,14635,8038
"Before scheduled trip start time",-1,679660,679661,8038
"Before scheduled trip start time",-1,28956,28957,8038
"Before scheduled trip start time",-1,70107,70108,8038
"Before scheduled trip start time",-1,75507,75508,8038
"Before scheduled trip start time",-1,46647,46648,8038
"Before scheduled trip start time",-1,664680,664681,8038
"Before scheduled trip start time",-1,60299,60300,8038
"Before scheduled trip start time",-1,2308,2309,8038
"Before scheduled trip start time",-1,1064,1065,8038
"Before scheduled trip start time",-1,3759,3760,8038
"Before scheduled trip start time",-1,65579,65580,8038
"Before scheduled trip start time",-1,14614,14615,8038
"Before scheduled trip start time",-1,56679,56680,8038
"Before scheduled trip start time",-1,26556,26557,8038
"Before scheduled trip start time",-1,684960,684961,8038
"Before scheduled trip start time",-1,431,432,8038
"Before scheduled trip start time",-1,64267,64268,8038
"Before scheduled trip start time",-1,677160,677161,8038
"Before scheduled trip start time",-1,446,447,8038
"Before scheduled trip start time",-1,4497,4498,8038
"Before scheduled trip start time",-1,70859,70860,8038
"Before scheduled trip start time",-1,72159,72160,8038
"Before scheduled trip start time",-1,19,20,8038
"Before scheduled trip start time",-1,84,85,8038
"Before scheduled trip start time",-1,53687,53688,8038
"Before scheduled trip start time",-1,178,179,8038
"Before scheduled trip start time",-1,37327,37328,8038
"Before scheduled trip start time",-1,29036,29037,8038
"Before scheduled trip start time",-1,15463,15464,8038
"Before scheduled trip start time",-1,495188,495189,8038
"Before scheduled trip start time",-1,41016,41017,8038
"Before scheduled trip start time",-1,53499,53500,8038
"Before scheduled trip start time",-1,33416,33417,8038
"Before scheduled trip start time",-1,19834,19835,8038
"Before scheduled trip start time",-1,422,423,8038
"Before scheduled trip start time",-1,26738,26739,8038
"Before scheduled trip start time",-1,35567,35568,8038
"Before scheduled trip start time",-1,36567,36568,8038
"Before scheduled trip start time",-1,42147,42148,8038
"Before scheduled trip start time",-1,32774,32775,8038
"Before scheduled trip start time",-1,3679,3680,8038
"Before scheduled trip start time",-1,2835,2836,8038
"Before scheduled trip start time",-1,1614,1615,8038
"Before scheduled trip start time",-1,16194,16195,8038
"Before scheduled trip start time",-1,686820,686821,8038
"Before scheduled trip start time",-1,1780,1781,8038
"Before scheduled trip start time",-1,683920,683921,8038
"Before scheduled trip start time",-1,2134,2135,8038
"Before scheduled trip start time",-1,24418,24419,8038
"Before scheduled trip start time",-1,16298,16299,8038
"Before scheduled trip start time",-1,46507,46508,8038
"Before scheduled trip start time",-1,657000,657001,8038
"Before scheduled trip start time",-1,42047,42048,8038
"Before scheduled trip start time",-1,3852,3853,8038
"Before scheduled trip start time",-1,27898,27899,8038
"Before scheduled trip start time",-1,65779,65780,8038
"Before scheduled trip start time",-1,14292,14293,8038
"Before scheduled trip start time",-1,77,78,8038
"Before scheduled trip start time",-1,28243,28244,8038
"Before scheduled trip start time",-1,23178,23179,8038
"Before scheduled trip start time",-1,329,330,8038
"Before scheduled trip start time",-1,669040,669041,8038
"Before scheduled trip start time",-1,1097,1098,8038
"Before scheduled trip start time",-1,8212,8213,8038
"Before scheduled trip start time",-1,3974,3975,8038
"Before scheduled trip start time",-1,35856,35857,8038
"Before scheduled trip start time",-1,2067,2068,8038
"Before scheduled trip start time",-1,31463,31464,8038
"Before scheduled trip start time",-1,686340,686341,8038
"Before scheduled trip start time",-1,65487,65488,8038
"Before scheduled trip start time",-1,662020,662021,8038
"Before scheduled trip start time",-1,53579,53580,8038
"Before scheduled trip start time",-1,68807,68808,8038
"Before scheduled trip start time",-1,27098,27099,8038
"Before scheduled trip start time",-1,77067,77068,8038
"Before scheduled trip start time",-1,513108,513109,8038
"Before scheduled trip start time",-1,1857,1858,8038
"Before scheduled trip start time",-1,8037,8038,8038
"Before scheduled trip start time",-1,30863,30864,8038
"Before scheduled trip start time",-1,75,76,8038
"Before scheduled trip start time",-1,54567,54568,8038
"Before scheduled trip start time",-1,37187,37188,8038
"Before scheduled trip start time",-1,38387,38388,8038
"Before scheduled trip start time",-1,39787,39788,8038
"Before scheduled trip start time",-1,28696,28697,8038
"Before scheduled trip start time",-1,960,961,8038
"Before scheduled trip start time",-1,1980,1981,8038
"Before scheduled trip start time",-1,16983,16984,8038
"Before scheduled trip start time",-1,75327,75328,8038
"Before scheduled trip start time",-1,69479,69480,8038
"Before scheduled trip start time",-1,60079,60080,8038
"Before scheduled trip start time",-1,31054,31055,8038
"Before scheduled trip start time",-1,615,616,8038
"Before scheduled trip start time",-1,24894,24895,8038
"Before scheduled trip start time",-1,301,302,8038
"Before scheduled trip start time",-1,667960,667961,8038
"Before scheduled trip start time",-1,46587,46588,8038
"Before scheduled trip start time",-1,663720,663721,8038
"Before scheduled trip start time",-1,41907,41908,8038
"Before scheduled trip start time",-1,587,588,8038
"Before scheduled trip start time",-1,12712,12713,8038
"Before scheduled trip start time",-1,497388,497389,8038
"Before scheduled trip start time",-1,28336,28337,8038
"Before scheduled trip start time",-1,671800,671801,8038
"Before scheduled trip start time",-1,674940,674941,8038
"Before scheduled trip start time",-1,495008,495009,8038
"Before scheduled trip start time",-1,15954,15955,8038
"Before scheduled trip start time",-1,493,494,8038
"Before scheduled trip start time",-1,2520,2521,8038
"Before scheduled trip start time",-1,26223,26224,8038
"Before scheduled trip start time",-1,35436,35437,8038
"Before scheduled trip start time",-1,23314,23315,8038
"Before scheduled trip start time",-1,684240,684241,8038
"Before scheduled trip start time",-1,44447,44448,8038
"Before scheduled trip start time",-1,670140,670141,8038
"Before scheduled trip start time",-1,4477,4478,8038
"Before scheduled trip start time",-1,11874,11875,8038
"Before scheduled trip start time",-1,20,21,8038
"Before scheduled trip start time",-1,36376,36377,8038
"Before scheduled trip start time",-1,36456,36457,8038
"Before scheduled trip start time",-1,26576,26577,8038
"Before scheduled trip start time",-1,688240,688241,8038
"Before scheduled trip start time",-1,99,100,8038
"Before scheduled trip start time",-1,27123,27124,8038
"Before scheduled trip start time",-1,67367,67368,8038
"Before scheduled trip start time",-1,403,404,8038
"Before scheduled trip start time",-1,466,467,8038
"Before scheduled trip start time",-1,44267,44268,8038
"Before scheduled trip start time",-1,34547,34548,8038
"Before scheduled trip start time",-1,37276,37277,8038
"Before scheduled trip start time",-1,54767,54768,8038
"Before scheduled trip start time",-1,38907,38908,8038
"Before scheduled trip start time",-1,495148,495149,8038
"Before scheduled trip start time",-1,45099,45100,8038
"Before scheduled trip start time",-1,506568,506569,8038
"Before scheduled trip start time",-1,25078,25079,8038
"Before scheduled trip start time",-1,15218,15219,8038
"Before scheduled trip start time",-1,579,580,8038
"Before scheduled trip start time",-1,10055,10056,8038
"Before scheduled trip start time",-1,1146,1147,8038
"Before scheduled trip start time",-1,745,746,8038
"Before scheduled trip start time",-1,885,886,8038
"Before scheduled trip start time",-1,78659,78660,8038
"Before scheduled trip start time",-1,31798,31799,8038
"Before scheduled trip start time",-1,314,315,8038
"Before scheduled trip start time",-1,2514,2515,8038
"Before scheduled trip start time",-1,20883,20884,8038
"Before scheduled trip start time",-1,34296,34297,8038
"Before scheduled trip start time",-1,682420,682421,8038
"Before scheduled trip start time",-1,813,814,8038
"Before scheduled trip start time",-1,27214,27215,8038
"Before scheduled trip start time",-1,664960,664961,8038
"Before scheduled trip start time",-1,42327,42328,8038
"Before scheduled trip start time",-1,12375,12376,8038
"Before scheduled trip start time",-1,530,531,8038
"Before scheduled trip start time",-1,11478,11479,8038
"Before scheduled trip start time",-1,687000,687001,8038
"Before scheduled trip start time",-1,55747,55748,8038
"Before scheduled trip start time",-1,28556,28557,8038
"Before scheduled trip start time",-1,19858,19859,8038
"Before scheduled trip start time",-1,61027,61028,8038
"Before scheduled trip start time",-1,43747,43748,8038
"Before scheduled trip start time",-1,666820,666821,8038
"Before scheduled trip start time",-1,60699,60700,8038
"Before scheduled trip start time",-1,9835,9836,8038
"Before scheduled trip start time",-1,855,856,8038
"Before scheduled trip start time",-1,20663,20664,8038
"Before scheduled trip start time",-1,37056,37057,8038
"Before scheduled trip start time",-1,62587,62588,8038
"Before scheduled trip start time",-1,729,730,8038
"Before scheduled trip start time",-1,26358,26359,8038
"Before scheduled trip start time",-1,42607,42608,8038
"Before scheduled trip start time",-1,4737,4738,8038
"Before scheduled trip start time",-1,7252,7253,8038
"Before scheduled trip start time",-1,6537,6538,8038
"Before scheduled trip start time",-1,3774,3775,8038
"Before scheduled trip start time",-1,49827,49828,8038
"Before scheduled trip start time",-1,663080,663081,8038
"Before scheduled trip start time",-1,467,468,8038
"Before scheduled trip start time",-1,55439,55440,8038
"Before scheduled trip start time",-1,60747,60748,8038
"Before scheduled trip start time",-1,61567,61568,8038
"Before scheduled trip start time",-1,153,154,8038
"Before scheduled trip start time",-1,689740,689741,8038
"Before scheduled trip start time",-1,73007,73008,8038
"Before scheduled trip start time",-1,1735,1736,8038
"Before scheduled trip start time",-1,360,361,8038
"Before scheduled trip start time",-1,79199,79200,8038
"Before scheduled trip start time",-1,7112,7113,8038
"Before scheduled trip start time",-1,7337,7338,8038
"Before scheduled trip start time",-1,4454,4455,8038
"Before scheduled trip start time",-1,36156,36157,8038
"Before scheduled trip start time",-1,677660,677661,8038
"Before scheduled trip start time",-1,495648,495649,8038
"Before scheduled trip start time",-1,55979,55980,8038
"Before scheduled trip start time",-1,71287,71288,8038
"Before scheduled trip start time",-1,69819,69820,8038
"Before scheduled trip start time",-1,1139,1140,8038
"Before scheduled trip start time",-1,3429,3430,8038
"Before scheduled trip start time",-1,574,575,8038
"Before scheduled trip start time",-1,51,52,8038
"Before scheduled trip start time",-1,7274,7275,8038
"Before scheduled trip start time",-1,49499,49500,8038
"Before scheduled trip start time",-1,686720,686721,8038
"Before scheduled trip start time",-1,687940,687941,8038
"Before scheduled trip start time",-1,58587,58588,8038
"Before scheduled trip start time",-1,54599,54600,8038
"Before scheduled trip start time",-1,869,870,8038
"Before scheduled trip start time",-1,142,143,8038
"Before scheduled trip start time",-1,1794,1795,8038
"Before scheduled trip start time",-1,27654,27655,8038
"Before scheduled trip start time",-1,657860,657861,8038
"Before scheduled trip start time",-1,757,758,8038
"Before scheduled trip start time",-1,7772,7773,8038
"Before scheduled trip start time",-1,37216,37217,8038
"Before scheduled trip start time",-1,1587,1588,8038
"Before scheduled trip start time",-1,26516,26517,8038
"Before scheduled trip start time",-1,1431,1432,8038
"Before scheduled trip start time",-1,138,139,8038
"Before scheduled trip start time",-1,131,132,8038
"Before scheduled trip start time",-1,505168,505169,8038
"Before scheduled trip start time",-1,73327,73328,8038
"Before scheduled trip start time",-1,24498,24499,8038
"Before scheduled trip start time",-1,656100,656101,8038
"Before scheduled trip start time",-1,665060,665061,8038
"Before scheduled trip start time",-1,718,719,8038
"Before scheduled trip start time",-1,70819,70820,8038
"Before scheduled trip start time",-1,321,322,8038
"Before scheduled trip start time",-1,234,235,8038
"Before scheduled trip start time",-1,48139,48140,8038
"Before scheduled trip start time",-1,49759,49760,8038
"Before scheduled trip start time",-1,2431,2432,8038
"Before scheduled trip start time",-1,37847,37848,8038
"Before scheduled trip start time",-1,276,277,8038
"Before scheduled trip start time",-1,41776,41777,8038
"Before scheduled trip start time",-1,28723,28724,8038
"Before scheduled trip start time",-1,72967,72968,8038
"Before scheduled trip start time",-1,46707,46708,8038
"Before scheduled trip start time",-1,4057,4058,8038
"Before scheduled trip start time",-1,66879,66880,8038
"Before scheduled trip start time",-1,12558,12559,8038
"Before scheduled trip start time",-1,509208,509209,8038
"Before scheduled trip start time",-1,676220,676221,8038
"Before scheduled trip start time",-1,494688,494689,8038
"Before scheduled trip start time",-1,71407,71408,8038
"Before scheduled trip start time",-1,796,797,8038
"Before scheduled trip start time",-1,62759,62760,8038
"Before scheduled trip start time",-1,10314,10315,8038
"Before scheduled trip start time",-1,4214,4215,8038
"Before scheduled trip start time",-1,1244,1245,8038
"Before scheduled trip start time",-1,32338,32339,8038
"Before scheduled trip start time",-1,46679,46680,8038
"Before scheduled trip start time",-1,21583,21584,8038
"Before scheduled trip start time",-1,510468,510469,8038
"Before scheduled trip start time",-1,54187,54188,8038
"Before scheduled trip start time",-1,17998,17999,8038
"Before scheduled trip start time",-1,22274,22275,8038
"Before scheduled trip start time",-1,47647,47648,8038
"Before scheduled trip start time",-1,1768,1769,8038
"Before scheduled trip start time",-1,5657,5658,8038
"Before scheduled trip start time",-1,10575,10576,8038
"Before scheduled trip start time",-1,979,980,8038
"Before scheduled trip start time",-1,365,366,8038
"Before scheduled trip start time",-1,7052,7053,8038
"Before scheduled trip start time",-1,14674,14675,8038
"Before scheduled trip start time",-1,502848,502849,8038
"Before scheduled trip start time",-1,507688,507689,8038
"Before scheduled trip start time",-1,27056,27057,8038
"Before scheduled trip start time",-1,27536,27537,8038
"Before scheduled trip start time",-1,63487,63488,8038
"Before scheduled trip start time",-1,48947,48948,8038
"Before scheduled trip start time",-1,53187,53188,8038
"Before scheduled trip start time",-1,53547,53548,8038
"Before scheduled trip start time",-1,41036,41037,8038
"Before scheduled trip start time",-1,20654,20655,8038
"Before scheduled trip start time",-1,61607,61608,8038
"Before scheduled trip start time",-1,44567,44568,8038
"Before scheduled trip start time",-1,42367,42368,8038
"Before scheduled trip start time",-1,2795,2796,8038
"Before scheduled trip start time",-1,77999,78000,8038
"Before scheduled trip start time",-1,49059,49060,8038
"Before scheduled trip start time",-1,13018,13019,8038
"Before scheduled trip start time",-1,244,245,8038
"Before scheduled trip start time",-1,73187,73188,8038
"Before scheduled trip start time",-1,511348,511349,8038
"Before scheduled trip start time",-1,3537,3538,8038
"Before scheduled trip start time",-1,2915,2916,8038
"Before scheduled trip start time",-1,9032,9033,8038
"Before scheduled trip start time",-1,48959,48960,8038
"Before scheduled trip start time",-1,500468,500469,8038
"Before scheduled trip start time",-1,25423,25424,8038
"Before scheduled trip start time",-1,27396,27397,8038
"Before scheduled trip start time",-1,2311,2312,8038
"Before scheduled trip start time",-1,676860,676861,8038
"Before scheduled trip start time",-1,30896,30897,8038
"Before scheduled trip start time",-1,23238,23239,8038
"Before scheduled trip start time",-1,21774,21775,8038
"Before scheduled trip start time",-1,848,849,8038
"Before scheduled trip start time",-1,25818,25819,8038
"Before scheduled trip start time",-1,510828,510829,8038
"Before scheduled trip start time",-1,30178,30179,8038
"Before scheduled trip start time",-1,805,806,8038
"Before scheduled trip start time",-1,2735,2736,8038
"Before scheduled trip start time",-1,2494,2495,8038
"Before scheduled trip start time",-1,457,458,8038
"Before scheduled trip start time",-1,687860,687861,8038
"Before scheduled trip start time",-1,661880,661881,8038
"Before scheduled trip start time",-1,447,448,8038
"Before scheduled trip start time",-1,21234,21235,8038
"Before scheduled trip start time",-1,17814,17815,8038
"Before scheduled trip start time",-1,658440,658441,8038
"Before scheduled trip start time",-1,664160,664161,8038
"Before scheduled trip start time",-1,70039,70040,8038
"Before scheduled trip start time",-1,6075,6076,8038
"Before scheduled trip start time",-1,9758,9759,8038
"Before scheduled trip start time",-1,38996,38997,8038
"Before scheduled trip start time",-1,522,523,8038
"Before scheduled trip start time",-1,30323,30324,8038
"Before scheduled trip start time",-1,31443,31444,8038
"Before scheduled trip start time",-1,49,50,8038
"Before scheduled trip start time",-1,38027,38028,8038
"Before scheduled trip start time",-1,493908,493909,8038
"Before scheduled trip start time",-1,72527,72528,8038
"Before scheduled trip start time",-1,175,176,8038
"Before scheduled trip start time",-1,46087,46088,8038
"Before scheduled trip start time",-1,46187,46188,8038
"Before scheduled trip start time",-1,877,878,8038
"Before scheduled trip start time",-1,2348,2349,8038
"Before scheduled trip start time",-1,45999,46000,8038
"Before scheduled trip start time",-1,36056,36057,8038
"Before scheduled trip start time",-1,501188,501189,8038
"Before scheduled trip start time",-1,51179,51180,8038
"Before scheduled trip start time",-1,57767,57768,8038
"Before scheduled trip start time",-1,65,66,8038
"Before scheduled trip start time",-1,29229,29230,8038
"Before scheduled trip start time",-1,53239,53240,8038
"Before scheduled trip start time",-1,506448,506449,8038
"Before scheduled trip start time",-1,22414,22415,8038
"Before scheduled trip start time",-1,60547,60548,8038
"Before scheduled trip start time",-1,67067,67068,8038
"Before scheduled trip start time",-1,68647,68648,8038
"Before scheduled trip start time",-1,74627,74628,8038
"Before scheduled trip start time",-1,668680,668681,8038
"Before scheduled trip start time",-1,68939,68940,8038
"Before scheduled trip start time",-1,5437,5438,8038
"Before scheduled trip start time",-1,10235,10236,8038
"Before scheduled trip start time",-1,10794,10795,8038
"Before scheduled trip start time",-1,5237,5238,8038
"Before scheduled trip start time",-1,1530,1531,8038
"Before scheduled trip start time",-1,6974,6975,8038
"Before scheduled trip start time",-1,687140,687141,8038
"Before scheduled trip start time",-1,660480,660481,8038
"Before scheduled trip start time",-1,44399,44400,8038
"Before scheduled trip start time",-1,263,264,8038
"Before scheduled trip start time",-1,668260,668261,8038
"Before scheduled trip start time",-1,669760,669761,8038
"Before scheduled trip start time",-1,34487,34488,8038
"Before scheduled trip start time",-1,611,612,8038
"Before scheduled trip start time",-1,5197,5198,8038
"Before scheduled trip start time",-1,46819,46820,8038
"Before scheduled trip start time",-1,43619,43620,8038
"Before scheduled trip start time",-1,504208,504209,8038
"Before scheduled trip start time",-1,26743,26744,8038
"Before scheduled trip start time",-1,28743,28744,8038
"Before scheduled trip start time",-1,21518,21519,8038
"Before scheduled trip start time",-1,20494,20495,8038
"Before scheduled trip start time",-1,29354,29355,8038
"Before scheduled trip start time",-1,658240,658241,8038
"Before scheduled trip start time",-1,36967,36968,8038
"Before scheduled trip start time",-1,69279,69280,8038
"Before scheduled trip start time",-1,764,765,8038
"Before scheduled trip start time",-1,72579,72580,8038
"Before scheduled trip start time",-1,80319,80320,8038
"Before scheduled trip start time",-1,781,782,8038
"Before scheduled trip start time",-1,1007,1008,8038
"Before scheduled trip start time",-1,2090,2091,8038
"Before scheduled trip start time",-1,6354,6355,8038
"Before scheduled trip start time",-1,22803,22804,8038
"Before scheduled trip start time",-1,39207,39208,8038
"Before scheduled trip start time",-1,286,287,8038
"Before scheduled trip start time",-1,17414,17415,8038
"Before scheduled trip start time",-1,341,342,8038
"Before scheduled trip start time",-1,957,958,8038
"Before scheduled trip start time",-1,2359,2360,8038
"Before scheduled trip start time",-1,4635,4636,8038
"Before scheduled trip start time",-1,1552,1553,8038
"Before scheduled trip start time",-1,11914,11915,8038
"Before scheduled trip start time",-1,661360,661361,8038
"Before scheduled trip start time",-1,1420,1421,8038
"Before scheduled trip start time",-1,235,236,8038
"Before scheduled trip start time",-1,482,483,8038
"Before scheduled trip start time",-1,29314,29315,8038
"Before scheduled trip start time",-1,1263,1264,8038
"Before scheduled trip start time",-1,880,881,8038
"Before scheduled trip start time",-1,512,513,8038
"Before scheduled trip start time",-1,27718,27719,8038
"Before scheduled trip start time",-1,80219,80220,8038
"Before scheduled trip start time",-1,5814,5815,8038
"Before scheduled trip start time",-1,12614,12615,8038
"Before scheduled trip start time",-1,28176,28177,8038
"Before scheduled trip start time",-1,37587,37588,8038
"Before scheduled trip start time",-1,661820,661821,8038
"Before scheduled trip start time",-1,30876,30877,8038
"Before scheduled trip start time",-1,42419,42420,8038
"Before scheduled trip start time",-1,19218,19219,8038
"Before scheduled trip start time",-1,73587,73588,8038
"Before scheduled trip start time",-1,18014,18015,8038
"Before scheduled trip start time",-1,18154,18155,8038
"Before scheduled trip start time",-1,667620,667621,8038
"Before scheduled trip start time",-1,47167,47168,8038
"Before scheduled trip start time",-1,47467,47468,8038
"Before scheduled trip start time",-1,657800,657801,8038
"Before scheduled trip start time",-1,658120,658121,8038
"Before scheduled trip start time",-1,42867,42868,8038
"Before scheduled trip start time",-1,44187,44188,8038
"Before scheduled trip start time",-1,733,734,8038
"Before scheduled trip start time",-1,415,416,8038
"Before scheduled trip start time",-1,1068,1069,8038
"Before scheduled trip start time",-1,71179,71180,8038
"Before scheduled trip start time",-1,2719,2720,8038
"Before scheduled trip start time",-1,67139,67140,8038
"Before scheduled trip start time",-1,510268,510269,8038
"Before scheduled trip start time",-1,166,167,8038
"Before scheduled trip start time",-1,668940,668941,8038
"Before scheduled trip start time",-1,29938,29939,8038
"Before scheduled trip start time",-1,4715,4716,8038
"Before scheduled trip start time",-1,79399,79400,8038
"Before scheduled trip start time",-1,499668,499669,8038
"Before scheduled trip start time",-1,38196,38197,8038
"Before scheduled trip start time",-1,502,503,8038
"Before scheduled trip start time",-1,22443,22444,8038
"Before scheduled trip start time",-1,56919,56920,8038
"Before scheduled trip start time",-1,46409,46410,8038
"Before scheduled trip start time",-1,689500,689501,8038
"Before scheduled trip start time",-1,69167,69168,8038
"Before scheduled trip start time",-1,26858,26859,8038
"Before scheduled trip start time",-1,659600,659601,8038
"Before scheduled trip start time",-1,43847,43848,8038
"Before scheduled trip start time",-1,924,925,8038
"Before scheduled trip start time",-1,1615,1616,8038
"Before scheduled trip start time",-1,1709,1710,8038
"Before scheduled trip start time",-1,4654,4655,8038
"Before scheduled trip start time",-1,8,9,8038
"Before scheduled trip start time",-1,32256,32257,8038
"Before scheduled trip start time",-1,20934,20935,8038
"Before scheduled trip start time",-1,59527,59528,8038
"Before scheduled trip start time",-1,74327,74328,8038
"Before scheduled trip start time",-1,45047,45048,8038
"Before scheduled trip start time",-1,663700,663701,8038
"Before scheduled trip start time",-1,42667,42668,8038
"Before scheduled trip start time",-1,892,893,8038
"Before scheduled trip start time",-1,5132,5133,8038
"Before scheduled trip start time",-1,8637,8638,8038
"Before scheduled trip start time",-1,67079,67080,8038
"Before scheduled trip start time",-1,30996,30997,8038
"Before scheduled trip start time",-1,16463,16464,8038
"Before scheduled trip start time",-1,40896,40897,8038
"Before scheduled trip start time",-1,72247,72248,8038
"Before scheduled trip start time",-1,681720,681721,8038
"Before scheduled trip start time",-1,323,324,8038
"Before scheduled trip start time",-1,667500,667501,8038
"Before scheduled trip start time",-1,656520,656521,8038
"Before scheduled trip start time",-1,34527,34528,8038
"Before scheduled trip start time",-1,69799,69800,8038
"Before scheduled trip start time",-1,1172,1173,8038
"Before scheduled trip start time",-1,1466,1467,8038
"Before scheduled trip start time",-1,36696,36697,8038
"Before scheduled trip start time",-1,2540,2541,8038
"Before scheduled trip start time",-1,43299,43300,8038
"Before scheduled trip start time",-1,494148,494149,8038
"Before scheduled trip start time",-1,496228,496229,8038
"Before scheduled trip start time",-1,75127,75128,8038
"Before scheduled trip start time",-1,45667,45668,8038
"Before scheduled trip start time",-1,34067,34068,8038
"Before scheduled trip start time",-1,362,363,8038
"Before scheduled trip start time",-1,1483,1484,8038
"Before scheduled trip start time",-1,994,995,8038
"Before scheduled trip start time",-1,1071,1072,8038
"Before scheduled trip start time",-1,1871,1872,8038
"Before scheduled trip start time",-1,458,459,8038
"Before scheduled trip start time",-1,66679,66680,8038
"Before scheduled trip start time",-1,1694,1695,8038
"Before scheduled trip start time",-1,31363,31364,8038
"Before scheduled trip start time",-1,59899,59900,8038
"Before scheduled trip start time",-1,52107,52108,8038
"Before scheduled trip start time",-1,265,266,8038
"Before scheduled trip start time",-1,60,61,8038
"Before scheduled trip start time",-1,1427,1428,8038
"Before scheduled trip start time",-1,20298,20299,8038
"Before scheduled trip start time",-1,16458,16459,8038
"Before scheduled trip start time",-1,1043,1044,8038
"Before scheduled trip start time",-1,657,658,8038
"Before scheduled trip start time",-1,2717,2718,8038
"Before scheduled trip start time",-1,3637,3638,8038
"Before scheduled trip start time",-1,5014,5015,8038
"Before scheduled trip start time",-1,101,102,8038
"Before scheduled trip start time",-1,661060,661061,8038
"Before scheduled trip start time",-1,45479,45480,8038
"Before scheduled trip start time",-1,26154,26155,8038
"Before scheduled trip start time",-1,61127,61128,8038
"Before scheduled trip start time",-1,683960,683961,8038
"Before scheduled trip start time",-1,806,807,8038
"Before scheduled trip start time",-1,18934,18935,8038
"Before scheduled trip start time",-1,658480,658481,8038
"Before scheduled trip start time",-1,546,547,8038
"Before scheduled trip start time",-1,68839,68840,8038
"Before scheduled trip start time",-1,6819,6820,8038
"Before scheduled trip start time",-1,516068,516069,8038
"Before scheduled trip start time",-1,4377,4378,8038
"Before scheduled trip start time",-1,11374,11375,8038
"Before scheduled trip start time",-1,19143,19144,8038
"Before scheduled trip start time",-1,64707,64708,8038
"Before scheduled trip start time",-1,15863,15864,8038
"Before scheduled trip start time",-1,496208,496209,8038
"Before scheduled trip start time",-1,28483,28484,8038
"Before scheduled trip start time",-1,67527,67528,8038
"Before scheduled trip start time",-1,33667,33668,8038
"Before scheduled trip start time",-1,1631,1632,8038
"Before scheduled trip start time",-1,355,356,8038
"Before scheduled trip start time",-1,2032,2033,8038
"Before scheduled trip start time",-1,13532,13533,8038
"Before scheduled trip start time",-1,38656,38657,8038
"Before scheduled trip start time",-1,39547,39548,8038
"Before scheduled trip start time",-1,39947,39948,8038
"Before scheduled trip start time",-1,503928,503929,8038
"Before scheduled trip start time",-1,26263,26264,8038
"Before scheduled trip start time",-1,27063,27064,8038
"Before scheduled trip start time",-1,26938,26939,8038
"Before scheduled trip start time",-1,448,449,8038
"Before scheduled trip start time",-1,777,778,8038
"Before scheduled trip start time",-1,1180,1181,8038
"Before scheduled trip start time",-1,589,590,8038
"Before scheduled trip start time",-1,69619,69620,8038
"Before scheduled trip start time",-1,328,329,8038
"Before scheduled trip start time",-1,27738,27739,8038
"Before scheduled trip start time",-1,13554,13555,8038
"Before scheduled trip start time",-1,36576,36577,8038
"Before scheduled trip start time",-1,500768,500769,8038
"Before scheduled trip start time",-1,687560,687561,8038
"Before scheduled trip start time",-1,1200,1201,8038
"Before scheduled trip start time",-1,429,430,8038
"Before scheduled trip start time",-1,59827,59828,8038
"Before scheduled trip start time",-1,60767,60768,8038
"Before scheduled trip start time",-1,388,389,8038
"Before scheduled trip start time",-1,799,800,8038
"Before scheduled trip start time",-1,665480,665481,8038
"Before scheduled trip start time",-1,684,685,8038
"Before scheduled trip start time",-1,2170,2171,8038
"Before scheduled trip start time",-1,500488,500489,8038
"Before scheduled trip start time",-1,672920,672921,8038
"Before scheduled trip start time",-1,267,268,8038
"Before scheduled trip start time",-1,505308,505309,8038
"Before scheduled trip start time",-1,69667,69668,8038
"Before scheduled trip start time",-1,76407,76408,8038
"Before scheduled trip start time",-1,77139,77140,8038
"Before scheduled trip start time",-1,5475,5476,8038
"Before scheduled trip start time",-1,9677,9678,8038
"Before scheduled trip start time",-1,35796,35797,8038
"Before scheduled trip start time",-1,56979,56980,8038
"Before scheduled trip start time",-1,89,90,8038
"Before scheduled trip start time",-1,494048,494049,8038
"Before scheduled trip start time",-1,16663,16664,8038
"Before scheduled trip start time",-1,41316,41317,8038
"Before scheduled trip start time",-1,304,305,8038
"Before scheduled trip start time",-1,26283,26284,8038
"Before scheduled trip start time",-1,58787,58788,8038
"Before scheduled trip start time",-1,3899,3900,8038
"Before scheduled trip start time",-1,6314,6315,8038
"Before scheduled trip start time",-1,8494,8495,8038
"Before scheduled trip start time",-1,675820,675821,8038
"Before scheduled trip start time",-1,40456,40457,8038
"Before scheduled trip start time",-1,61667,61668,8038
"Before scheduled trip start time",-1,27694,27695,8038
"Before scheduled trip start time",-1,35987,35988,8038
"Before scheduled trip start time",-1,1183,1184,8038
"Before scheduled trip start time",-1,9852,9853,8038
"Before scheduled trip start time",-1,8712,8713,8038
"Before scheduled trip start time",-1,47119,47120,8038
"Before scheduled trip start time",-1,35956,35957,8038
"Before scheduled trip start time",-1,30823,30824,8038
"Before scheduled trip start time",-1,2611,2612,8038
"Before scheduled trip start time",-1,49807,49808,8038
"Before scheduled trip start time",-1,51187,51188,8038
"Before scheduled trip start time",-1,57087,57088,8038
"Before scheduled trip start time",-1,680500,680501,8038
"Before scheduled trip start time",-1,41267,41268,8038
"Before scheduled trip start time",-1,4752,4753,8038
"Before scheduled trip start time",-1,1434,1435,8038
"Before scheduled trip start time",-1,71399,71400,8038
"Before scheduled trip start time",-1,2677,2678,8038
"Before scheduled trip start time",-1,1932,1933,8038
"Before scheduled trip start time",-1,38956,38957,8038
"Before scheduled trip start time",-1,7654,7655,8038
"Before scheduled trip start time",-1,52727,52728,8038
"Before scheduled trip start time",-1,378,379,8038
"Before scheduled trip start time",-1,45319,45320,8038
"Before scheduled trip start time",-1,22474,22475,8038
"Before scheduled trip start time",-1,108,109,8038
"Before scheduled trip start time",-1,13438,13439,8038
"Before scheduled trip start time",-1,15718,15719,8038
"Before scheduled trip start time",-1,45167,45168,8038
"Before scheduled trip start time",-1,669680,669681,8038
"Before scheduled trip start time",-1,33867,33868,8038
"Before scheduled trip start time",-1,42707,42708,8038
"Before scheduled trip start time",-1,43927,43928,8038
"Before scheduled trip start time",-1,1472,1473,8038
"Before scheduled trip start time",-1,5314,5315,8038
"Before scheduled trip start time",-1,501888,501889,8038
"Before scheduled trip start time",-1,29963,29964,8038
"Before scheduled trip start time",-1,57427,57428,8038
"Before scheduled trip start time",-1,675100,675101,8038
"Before scheduled trip start time",-1,67687,67688,8038
"Before scheduled trip start time",-1,30094,30095,8038
"Before scheduled trip start time",-1,511528,511529,8038
"Before scheduled trip start time",-1,2334,2335,8038
"Before scheduled trip start time",-1,1175,1176,8038
"Before scheduled trip start time",-1,1075,1076,8038
"Before scheduled trip start time",-1,7854,7855,8038
"Before scheduled trip start time",-1,2131,2132,8038
"Before scheduled trip start time",-1,31476,31477,8038
"Before scheduled trip start time",-1,25194,25195,8038
"Before scheduled trip start time",-1,709,710,8038
"Before scheduled trip start time",-1,20378,20379,8038
"Before scheduled trip start time",-1,684800,684801,8038
"Before scheduled trip start time",-1,223,224,8038
"Before scheduled trip start time",-1,508,509,8038
"Before scheduled trip start time",-1,657200,657201,8038
"Before scheduled trip start time",-1,380,381,8038
"Before scheduled trip start time",-1,838,839,8038
"Before scheduled trip start time",-1,513388,513389,8038
"Before scheduled trip start time",-1,2612,2613,8038
"Before scheduled trip start time",-1,3349,3350,8038
"Before scheduled trip start time",-1,51859,51860,8038
"Before scheduled trip start time",-1,502688,502689,8038
"Before scheduled trip start time",-1,508948,508949,8038
"Before scheduled trip start time",-1,679940,679941,8038
"Before scheduled trip start time",-1,53427,53428,8038
"Before scheduled trip start time",-1,683600,683601,8038
"Before scheduled trip start time",-1,666600,666601,8038
"Before scheduled trip start time",-1,30714,30715,8038
"Before scheduled trip start time",-1,1367,1368,8038
"Before scheduled trip start time",-1,5214,5215,8038
"Before scheduled trip start time",-1,3571,3572,8038
"Before scheduled trip start time",-1,660160,660161,8038
"Before scheduled trip start time",-1,17278,17279,8038
"Before scheduled trip start time",-1,41107,41108,8038
"Before scheduled trip start time",-1,33083,33084,8038
"Before scheduled trip start time",-1,9234,9235,8038
"Before scheduled trip start time",-1,1215,1216,8038
"Before scheduled trip start time",-1,65559,65560,8038
"Before scheduled trip start time",-1,6157,6158,8038
"Before scheduled trip start time",-1,1270,1271,8038
"Before scheduled trip start time",-1,10558,10559,8038
"Before scheduled trip start time",-1,678420,678421,8038
"Before scheduled trip start time",-1,147,148,8038
"Before scheduled trip start time",-1,25354,25355,8038
"Before scheduled trip start time",-1,70047,70048,8038
"Before scheduled trip start time",-1,58967,58968,8038
"Before scheduled trip start time",-1,73447,73448,8038
"Before scheduled trip start time",-1,24538,24539,8038
"Before scheduled trip start time",-1,667840,667841,8038
"Before scheduled trip start time",-1,33487,33488,8038
"Before scheduled trip start time",-1,664940,664941,8038
"Before scheduled trip start time",-1,78099,78100,8038
"Before scheduled trip start time",-1,5774,5775,8038
"Before scheduled trip start time",-1,7552,7553,8038
"Before scheduled trip start time",-1,5674,5675,8038
"Before scheduled trip start time",-1,47459,47460,8038
"Before scheduled trip start time",-1,51459,51460,8038
"Before scheduled trip start time",-1,29983,29984,8038
"Before scheduled trip start time",-1,30743,30744,8038
"Before scheduled trip start time",-1,29736,29737,8038
"Before scheduled trip start time",-1,15423,15424,8038
"Before scheduled trip start time",-1,43939,43940,8038
"Before scheduled trip start time",-1,53619,53620,8038
"Before scheduled trip start time",-1,67767,67768,8038
"Before scheduled trip start time",-1,13278,13279,8038
"Before scheduled trip start time",-1,46327,46328,8038
"Before scheduled trip start time",-1,1320,1321,8038
"Before scheduled trip start time",-1,2030,2031,8038
"Before scheduled trip start time",-1,21143,21144,8038
"Before scheduled trip start time",-1,9998,9999,8038
"Before scheduled trip start time",-1,49087,49088,8038
"Before scheduled trip start time",-1,661760,661761,8038
"Before scheduled trip start time",-1,31776,31777,8038
"Before scheduled trip start time",-1,494548,494549,8038
"Before scheduled trip start time",-1,34676,34677,8038
"Before scheduled trip start time",-1,75067,75068,8038
"Before scheduled trip start time",-1,373,374,8038
"Before scheduled trip start time",-1,656480,656481,8038
"Before scheduled trip start time",-1,35747,35748,8038
"Before scheduled trip start time",-1,74479,74480,8038
"Before scheduled trip start time",-1,23483,23484,8038
"Before scheduled trip start time",-1,39416,39417,8038
"Before scheduled trip start time",-1,40476,40477,8038
"Before scheduled trip start time",-1,504448,504449,8038
"Before scheduled trip start time",-1,32516,32517,8038
"Before scheduled trip start time",-1,18838,18839,8038
"Before scheduled trip start time",-1,182,183,8038
"Before scheduled trip start time",-1,27138,27139,8038
"Before scheduled trip start time",-1,15518,15519,8038
"Before scheduled trip start time",-1,450,451,8038
"Before scheduled trip start time",-1,3534,3535,8038
"Before scheduled trip start time",-1,38,39,8038
"Before scheduled trip start time",-1,7894,7895,8038
"Before scheduled trip start time",-1,347,348,8038
"Before scheduled trip start time",-1,40976,40977,8038
"Before scheduled trip start time",-1,317,318,8038
"Before scheduled trip start time",-1,30294,30295,8038
"Before scheduled trip start time",-1,668440,668441,8038
"Before scheduled trip start time",-1,33183,33184,8038
"Before scheduled trip start time",-1,2937,2938,8038
"Before scheduled trip start time",-1,1537,1538,8038
"Before scheduled trip start time",-1,3019,3020,8038
"Before scheduled trip start time",-1,755,756,8038
"Before scheduled trip start time",-1,3569,3570,8038
"Before scheduled trip start time",-1,6872,6873,8038
"Before scheduled trip start time",-1,464,465,8038
"Before scheduled trip start time",-1,481,482,8038
"Before scheduled trip start time",-1,496808,496809,8038
"Before scheduled trip start time",-1,33,34,8038
"Before scheduled trip start time",-1,1513,1514,8038
"Before scheduled trip start time",-1,680440,680441,8038
"Before scheduled trip start time",-1,21778,21779,8038
"Before scheduled trip start time",-1,70507,70508,8038
"Before scheduled trip start time",-1,17578,17579,8038
"Before scheduled trip start time",-1,60367,60368,8038
"Before scheduled trip start time",-1,16238,16239,8038
"Before scheduled trip start time",-1,658860,658861,8038
"Before scheduled trip start time",-1,42487,42488,8038
"Before scheduled trip start time",-1,547,548,8038
"Before scheduled trip start time",-1,8694,8695,8038
"Before scheduled trip start time",-1,31374,31375,8038
"Before scheduled trip start time",-1,75959,75960,8038
"Before scheduled trip start time",-1,19543,19544,8038
"Before scheduled trip start time",-1,51679,51680,8038
"Before scheduled trip start time",-1,50947,50948,8038
"Before scheduled trip start time",-1,54687,54688,8038
"Before scheduled trip start time",-1,493568,493569,8038
"Before scheduled trip start time",-1,71827,71828,8038
"Before scheduled trip start time",-1,657780,657781,8038
"Before scheduled trip start time",-1,35847,35848,8038
"Before scheduled trip start time",-1,665280,665281,8038
"Before scheduled trip start time",-1,43107,43108,8038
"Before scheduled trip start time",-1,2577,2578,8038
"Before scheduled trip start time",-1,72859,72860,8038
"Before scheduled trip start time",-1,7739,7740,8038
"Before scheduled trip start time",-1,7192,7193,8038
"Before scheduled trip start time",-1,3894,3895,8038
"Before scheduled trip start time",-1,19263,19264,8038
"Before scheduled trip start time",-1,532,533,8038
"Before scheduled trip start time",-1,1627,1628,8038
"Before scheduled trip start time",-1,25283,25284,8038
"Before scheduled trip start time",-1,539,540,8038
"Before scheduled trip start time",-1,672440,672441,8038
"Before scheduled trip start time",-1,52807,52808,8038
"Before scheduled trip start time",-1,19618,19619,8038
"Before scheduled trip start time",-1,683220,683221,8038
"Before scheduled trip start time",-1,69127,69128,8038
"Before scheduled trip start time",-1,73107,73108,8038
"Before scheduled trip start time",-1,36227,36228,8038
"Before scheduled trip start time",-1,10335,10336,8038
"Before scheduled trip start time",-1,502488,502489,8038
"Before scheduled trip start time",-1,25523,25524,8038
"Before scheduled trip start time",-1,680020,680021,8038
"Before scheduled trip start time",-1,69867,69868,8038
"Before scheduled trip start time",-1,17714,17715,8038
"Before scheduled trip start time",-1,36527,36528,8038
"Before scheduled trip start time",-1,43307,43308,8038
"Before scheduled trip start time",-1,28958,28959,8038
"Before scheduled trip start time",-1,6694,6695,8038
"Before scheduled trip start time",-1,36676,36677,8038
"Before scheduled trip start time",-1,29823,29824,8038
"Before scheduled trip start time",-1,685880,685881,8038
"Before scheduled trip start time",-1,15183,15184,8038
"Before scheduled trip start time",-1,45359,45360,8038
"Before scheduled trip start time",-1,505448,505449,8038
"Before scheduled trip start time",-1,891,892,8038
"Before scheduled trip start time",-1,4077,4078,8038
"Before scheduled trip start time",-1,2579,2580,8038
"Before scheduled trip start time",-1,74339,74340,8038
"Before scheduled trip start time",-1,2657,2658,8038
"Before scheduled trip start time",-1,56779,56780,8038
"Before scheduled trip start time",-1,507628,507629,8038
"Before scheduled trip start time",-1,507928,507929,8038
"Before scheduled trip start time",-1,32503,32504,8038
"Before scheduled trip start time",-1,55707,55708,8038
"Before scheduled trip start time",-1,662440,662441,8038
"Before scheduled trip start time",-1,30396,30397,8038
"Before scheduled trip start time",-1,503948,503949,8038
"Before scheduled trip start time",-1,75007,75008,8038
"Before scheduled trip start time",-1,46147,46148,8038
"Before scheduled trip start time",-1,657700,657701,8038
"Before scheduled trip start time",-1,8595,8596,8038
"Before scheduled trip start time",-1,2972,2973,8038
"Before scheduled trip start time",-1,5017,5018,8038
"Before scheduled trip start time",-1,508048,508049,8038
"Before scheduled trip start time",-1,30623,30624,8038
"Before scheduled trip start time",-1,63067,63068,8038
"Before scheduled trip start time",-1,52047,52048,8038
"Before scheduled trip start time",-1,675640,675641,8038
"Before scheduled trip start time",-1,38607,38608,8038
"Before scheduled trip start time",-1,22494,22495,8038
"Before scheduled trip start time",-1,29874,29875,8038
"Before scheduled trip start time",-1,667100,667101,8038
"Before scheduled trip start time",-1,1157,1158,8038
"Before scheduled trip start time",-1,75979,75980,8038
"Before scheduled trip start time",-1,1105,1106,8038
"Before scheduled trip start time",-1,1089,1090,8038
"Before scheduled trip start time",-1,2874,2875,8038
"Before scheduled trip start time",-1,5894,5895,8038
"Before scheduled trip start time",-1,237,238,8038
"Before scheduled trip start time",-1,549,550,8038
"Before scheduled trip start time",-1,13858,13859,8038
"Before scheduled trip start time",-1,14458,14459,8038
"Before scheduled trip start time",-1,3097,3098,8038
"Before scheduled trip start time",-1,80719,80720,8038
"Before scheduled trip start time",-1,3297,3298,8038
"Before scheduled trip start time",-1,11292,11293,8038
"Before scheduled trip start time",-1,11834,11835,8038
"Before scheduled trip start time",-1,678540,678541,8038
"Before scheduled trip start time",-1,678740,678741,8038
"Before scheduled trip start time",-1,849,850,8038
"Before scheduled trip start time",-1,682180,682181,8038
"Before scheduled trip start time",-1,1273,1274,8038
"Before scheduled trip start time",-1,44347,44348,8038
"Before scheduled trip start time",-1,316,317,8038
"Before scheduled trip start time",-1,402,403,8038
"Before scheduled trip start time",-1,4535,4536,8038
"Before scheduled trip start time",-1,752,753,8038
"Before scheduled trip start time",-1,2899,2900,8038
"Before scheduled trip start time",-1,5254,5255,8038
"Before scheduled trip start time",-1,9958,9959,8038
"Before scheduled trip start time",-1,11278,11279,8038
"Before scheduled trip start time",-1,510628,510629,8038
"Before scheduled trip start time",-1,672480,672481,8038
"Before scheduled trip start time",-1,680200,680201,8038
"Before scheduled trip start time",-1,58367,58368,8038
"Before scheduled trip start time",-1,404,405,8038
"Before scheduled trip start time",-1,59407,59408,8038
"Before scheduled trip start time",-1,229,230,8038
"Before scheduled trip start time",-1,36847,36848,8038
"Before scheduled trip start time",-1,40627,40628,8038
"Before scheduled trip start time",-1,8875,8876,8038
"Before scheduled trip start time",-1,2548,2549,8038
"Before scheduled trip start time",-1,1059,1060,8038
"Before scheduled trip start time",-1,9317,9318,8038
"Before scheduled trip start time",-1,11094,11095,8038
"Before scheduled trip start time",-1,4314,4315,8038
"Before scheduled trip start time",-1,6174,6175,8038
"Before scheduled trip start time",-1,6714,6715,8038
"Before scheduled trip start time",-1,6774,6775,8038
"Before scheduled trip start time",-1,18683,18684,8038
"Before scheduled trip start time",-1,64247,64248,8038
"Before scheduled trip start time",-1,290,291,8038
"Before scheduled trip start time",-1,14718,14719,8038
"Before scheduled trip start time",-1,669260,669261,8038
"Before scheduled trip start time",-1,410,411,8038
"Before scheduled trip start time",-1,41487,41488,8038
"Before scheduled trip start time",-1,666480,666481,8038
"Before scheduled trip start time",-1,44127,44128,8038
"Before scheduled trip start time",-1,30834,30835,8038
"Before scheduled trip start time",-1,77939,77940,8038
"Before scheduled trip start time",-1,45679,45680,8038
"Before scheduled trip start time",-1,497508,497509,8038
"Before scheduled trip start time",-1,47359,47360,8038
"Before scheduled trip start time",-1,48759,48760,8038
"Before scheduled trip start time",-1,36256,36257,8038
"Before scheduled trip start time",-1,56799,56800,8038
"Before scheduled trip start time",-1,57107,57108,8038
"Before scheduled trip start time",-1,58447,58448,8038
"Before scheduled trip start time",-1,16303,16304,8038
"Before scheduled trip start time",-1,39876,39877,8038
"Before scheduled trip start time",-1,41616,41617,8038
"Before scheduled trip start time",-1,688560,688561,8038
"Before scheduled trip start time",-1,26878,26879,8038
"Before scheduled trip start time",-1,495,496,8038
"Before scheduled trip start time",-1,818,819,8038
"Before scheduled trip start time",-1,74879,74880,8038
"Before scheduled trip start time",-1,660,661,8038
"Before scheduled trip start time",-1,32038,32039,8038
"Before scheduled trip start time",-1,9938,9939,8038
"Before scheduled trip start time",-1,685240,685241,8038
"Before scheduled trip start time",-1,51547,51548,8038
"Before scheduled trip start time",-1,56299,56300,8038
"Before scheduled trip start time",-1,21538,21539,8038
"Before scheduled trip start time",-1,73167,73168,8038
"Before scheduled trip start time",-1,1754,1755,8038
"Before scheduled trip start time",-1,45987,45988,8038
"Before scheduled trip start time",-1,510988,510989,8038
"Before scheduled trip start time",-1,75899,75900,8038
"Before scheduled trip start time",-1,5555,5556,8038
"Before scheduled trip start time",-1,12295,12296,8038
"Before scheduled trip start time",-1,18903,18904,8038
"Before scheduled trip start time",-1,670540,670541,8038
"Before scheduled trip start time",-1,29276,29277,8038
"Before scheduled trip start time",-1,516,517,8038
"Before scheduled trip start time",-1,493588,493589,8038
"Before scheduled trip start time",-1,26234,26235,8038
"Before scheduled trip start time",-1,26734,26735,8038
"Before scheduled trip start time",-1,16898,16899,8038
"Before scheduled trip start time",-1,682920,682921,8038
"Before scheduled trip start time",-1,15778,15779,8038
"Before scheduled trip start time",-1,1497,1498,8038
"Before scheduled trip start time",-1,75539,75540,8038
"Before scheduled trip start time",-1,1108,1109,8038
"Before scheduled trip start time",-1,1675,1676,8038
"Before scheduled trip start time",-1,759,760,8038
"Before scheduled trip start time",-1,132,133,8038
"Before scheduled trip start time",-1,27016,27017,8038
"Before scheduled trip start time",-1,686240,686241,8038
"Before scheduled trip start time",-1,1371,1372,8038
"Before scheduled trip start time",-1,687540,687541,8038
"Before scheduled trip start time",-1,22358,22359,8038
"Before scheduled trip start time",-1,152,153,8038
"Before scheduled trip start time",-1,21794,21795,8038
"Before scheduled trip start time",-1,1148,1149,8038
"Before scheduled trip start time",-1,477,478,8038
"Before scheduled trip start time",-1,75267,75268,8038
"Before scheduled trip start time",-1,33747,33748,8038
"Before scheduled trip start time",-1,657420,657421,8038
"Before scheduled trip start time",-1,2352,2353,8038
"Before scheduled trip start time",-1,14332,14333,8038
"Before scheduled trip start time",-1,12998,12999,8038
"Before scheduled trip start time",-1,7414,7415,8038
"Before scheduled trip start time",-1,27816,27817,8038
"Before scheduled trip start time",-1,660840,660841,8038
"Before scheduled trip start time",-1,18494,18495,8038
"Before scheduled trip start time",-1,668860,668861,8038
"Before scheduled trip start time",-1,499768,499769,8038
"Before scheduled trip start time",-1,505908,505909,8038
"Before scheduled trip start time",-1,36347,36348,8038
"Before scheduled trip start time",-1,510,511,8038
"Before scheduled trip start time",-1,69419,69420,8038
"Before scheduled trip start time",-1,4792,4793,8038
"Before scheduled trip start time",-1,618,619,8038
"Before scheduled trip start time",-1,3469,3470,8038
"Before scheduled trip start time",-1,687,688,8038
"Before scheduled trip start time",-1,685980,685981,8038
"Before scheduled trip start time",-1,2331,2332,8038
"Before scheduled trip start time",-1,54667,54668,8038
"Before scheduled trip start time",-1,29896,29897,8038
"Before scheduled trip start time",-1,14418,14419,8038
"Before scheduled trip start time",-1,45247,45248,8038
"Before scheduled trip start time",-1,30098,30099,8038
"Before scheduled trip start time",-1,3034,3035,8038
"Before scheduled trip start time",-1,22883,22884,8038
"Before scheduled trip start time",-1,685760,685761,8038
"Before scheduled trip start time",-1,371,372,8038
"Before scheduled trip start time",-1,55859,55860,8038
"Before scheduled trip start time",-1,69467,69468,8038
"Before scheduled trip start time",-1,18178,18179,8038
"Before scheduled trip start time",-1,59247,59248,8038
"Before scheduled trip start time",-1,-12,-11,8038
"Before scheduled trip start time",-1,666740,666741,8038
"Before scheduled trip start time",-1,29838,29839,8038
"Before scheduled trip start time",-1,33098,33099,8038
"Before scheduled trip start time",-1,10118,10119,8038
"Before scheduled trip start time",-1,38816,38817,8038
"Before scheduled trip start time",-1,39016,39017,8038
"Before scheduled trip start time",-1,49679,49680,8038
"Before scheduled trip start time",-1,258,259,8038
"Before scheduled trip start time",-1,39327,39328,8038
"Before scheduled trip start time",-1,16323,16324,8038
"Before scheduled trip start time",-1,384,385,8038
"Before scheduled trip start time",-1,27023,27024,8038
"Before scheduled trip start time",-1,20354,20355,8038
"Before scheduled trip start time",-1,19698,19699,8038
"Before scheduled trip start time",-1,28274,28275,8038
"Before scheduled trip start time",-1,657960,657961,8038
"Before scheduled trip start time",-1,511648,511649,8038
"Before scheduled trip start time",-1,5935,5936,8038
"Before scheduled trip start time",-1,11554,11555,8038
"Before scheduled trip start time",-1,4414,4415,8038
"Before scheduled trip start time",-1,1947,1948,8038
"Before scheduled trip start time",-1,502048,502049,8038
"Before scheduled trip start time",-1,55207,55208,8038
"Before scheduled trip start time",-1,54607,54608,8038
"Before scheduled trip start time",-1,39887,39888,8038
"Before scheduled trip start time",-1,666940,666941,8038
"Before scheduled trip start time",-1,43647,43648,8038
"Before scheduled trip start time",-1,60339,60340,8038
"Before scheduled trip start time",-1,33274,33275,8038
"Before scheduled trip start time",-1,2119,2120,8038
"Before scheduled trip start time",-1,1435,1436,8038
"Before scheduled trip start time",-1,31378,31379,8038
"Before scheduled trip start time",-1,27496,27497,8038
"Before scheduled trip start time",-1,50227,50228,8038
"Before scheduled trip start time",-1,52067,52068,8038
"Before scheduled trip start time",-1,26523,26524,8038
"Before scheduled trip start time",-1,202,203,8038
"Before scheduled trip start time",-1,667600,667601,8038
"Before scheduled trip start time",-1,510888,510889,8038
"Before scheduled trip start time",-1,3454,3455,8038
"Before scheduled trip start time",-1,19823,19824,8038
"Before scheduled trip start time",-1,37167,37168,8038
"Before scheduled trip start time",-1,39007,39008,8038
"Before scheduled trip start time",-1,27243,27244,8038
"Before scheduled trip start time",-1,28883,28884,8038
"Before scheduled trip start time",-1,61767,61768,8038
"Before scheduled trip start time",-1,511508,511509,8038
"Before scheduled trip start time",-1,1225,1226,8038
"Before scheduled trip start time",-1,53747,53748,8038
"Before scheduled trip start time",-1,38467,38468,8038
"Before scheduled trip start time",-1,30856,30857,8038
"Before scheduled trip start time",-1,16083,16084,8038
"Before scheduled trip start time",-1,684500,684501,8038
"Before scheduled trip start time",-1,66487,66488,8038
"Before scheduled trip start time",-1,640,641,8038
"Before scheduled trip start time",-1,664860,664861,8038
"Before scheduled trip start time",-1,407,408,8038
"Before scheduled trip start time",-1,70739,70740,8038
"Before scheduled trip start time",-1,1217,1218,8038
"Before scheduled trip start time",-1,10254,10255,8038
"Before scheduled trip start time",-1,12275,12276,8038
"Before scheduled trip start time",-1,72392,72393,8038
"Before scheduled trip start time",-1,22,23,8038
"Before scheduled trip start time",-1,13434,13435,8038
"Before scheduled trip start time",-1,678780,678781,8038
"Before scheduled trip start time",-1,30236,30237,8038
"Before scheduled trip start time",-1,71027,71028,8038
"Before scheduled trip start time",-1,737,738,8038
"Before scheduled trip start time",-1,71339,71340,8038
"Before scheduled trip start time",-1,760,761,8038
"Before scheduled trip start time",-1,78159,78160,8038
"Before scheduled trip start time",-1,1424,1425,8038
"Before scheduled trip start time",-1,27196,27197,8038
"Before scheduled trip start time",-1,118,119,8038
"Before scheduled trip start time",-1,35356,35357,8038
"Before scheduled trip start time",-1,688980,688981,8038
"Before scheduled trip start time",-1,693,694,8038
"Before scheduled trip start time",-1,25998,25999,8038
"Before scheduled trip start time",-1,27438,27439,8038
"Before scheduled trip start time",-1,19714,19715,8038
"Before scheduled trip start time",-1,73199,73200,8038
"Before scheduled trip start time",-1,74099,74100,8038
"Before scheduled trip start time",-1,698,699,8038
"Before scheduled trip start time",-1,32698,32699,8038
"Before scheduled trip start time",-1,12978,12979,8038
"Before scheduled trip start time",-1,49299,49300,8038
"Before scheduled trip start time",-1,509068,509069,8038
"Before scheduled trip start time",-1,65447,65448,8038
"Before scheduled trip start time",-1,680980,680981,8038
"Before scheduled trip start time",-1,1800,1801,8038
"Before scheduled trip start time",-1,15343,15344,8038
"Before scheduled trip start time",-1,20594,20595,8038
"Before scheduled trip start time",-1,683460,683461,8038
"Before scheduled trip start time",-1,26918,26919,8038
"Before scheduled trip start time",-1,665960,665961,8038
"Before scheduled trip start time",-1,28778,28779,8038
"Before scheduled trip start time",-1,7359,7360,8038
"Before scheduled trip start time",-1,22023,22024,8038
"Before scheduled trip start time",-1,86,87,8038
"Before scheduled trip start time",-1,29623,29624,8038
"Before scheduled trip start time",-1,681180,681181,8038
"Before scheduled trip start time",-1,71107,71108,8038
"Before scheduled trip start time",-1,681740,681741,8038
"Before scheduled trip start time",-1,681780,681781,8038
"Before scheduled trip start time",-1,452,453,8038
"Before scheduled trip start time",-1,7899,7900,8038
"Before scheduled trip start time",-1,1437,1438,8038
"Before scheduled trip start time",-1,10834,10835,8038
"Before scheduled trip start time",-1,434,435,8038
"Before scheduled trip start time",-1,49019,49020,8038
"Before scheduled trip start time",-1,49127,49128,8038
"Before scheduled trip start time",-1,17483,17484,8038
"Before scheduled trip start time",-1,33936,33937,8038
"Before scheduled trip start time",-1,68107,68108,8038
"Before scheduled trip start time",-1,-10,-9,8038
"Before scheduled trip start time",-1,18634,18635,8038
"Before scheduled trip start time",-1,381,382,8038
"Before scheduled trip start time",-1,7059,7060,8038
"Before scheduled trip start time",-1,4795,4796,8038
"Before scheduled trip start time",-1,894,895,8038
"Before scheduled trip start time",-1,5874,5875,8038
"Before scheduled trip start time",-1,582,583,8038
"Before scheduled trip start time",-1,62627,62628,8038
"Before scheduled trip start time",-1,31276,31277,8038
"Before scheduled trip start time",-1,43659,43660,8038
"Before scheduled trip start time",-1,682500,682501,8038
"Before scheduled trip start time",-1,67707,67708,8038
"Before scheduled trip start time",-1,426,427,8038
"Before scheduled trip start time",-1,16338,16339,8038
"Before scheduled trip start time",-1,34207,34208,8038
"Before scheduled trip start time",-1,2148,2149,8038
"Before scheduled trip start time",-1,4479,4480,8038
"Before scheduled trip start time",-1,72999,73000,8038
"Before scheduled trip start time",-1,8377,8378,8038
"Before scheduled trip start time",-1,1390,1391,8038
"Before scheduled trip start time",-1,498068,498069,8038
"Before scheduled trip start time",-1,13314,13315,8038
"Before scheduled trip start time",-1,35976,35977,8038
"Before scheduled trip start time",-1,36436,36437,8038
"Before scheduled trip start time",-1,713,714,8038
"Before scheduled trip start time",-1,63087,63088,8038
"Before scheduled trip start time",-1,64587,64588,8038
"Before scheduled trip start time",-1,65287,65288,8038
"Before scheduled trip start time",-1,31136,31137,8038
"Before scheduled trip start time",-1,319,320,8038
"Before scheduled trip start time",-1,53259,53260,8038
"Before scheduled trip start time",-1,504128,504129,8038
"Before scheduled trip start time",-1,33236,33237,8038
"Before scheduled trip start time",-1,20958,20959,8038
"Before scheduled trip start time",-1,21818,21819,8038
"Before scheduled trip start time",-1,25118,25119,8038
"Before scheduled trip start time",-1,34887,34888,8038
"Before scheduled trip start time",-1,543,544,8038
"Before scheduled trip start time",-1,514088,514089,8038
"Before scheduled trip start time",-1,30678,30679,8038
"Before scheduled trip start time",-1,1095,1096,8038
"Before scheduled trip start time",-1,7939,7940,8038
"Before scheduled trip start time",-1,3417,3418,8038
"Before scheduled trip start time",-1,6897,6898,8038
"Before scheduled trip start time",-1,19423,19424,8038
"Before scheduled trip start time",-1,38876,38877,8038
"Before scheduled trip start time",-1,1253,1254,8038
"Before scheduled trip start time",-1,48407,48408,8038
"Before scheduled trip start time",-1,29096,29097,8038
"Before scheduled trip start time",-1,503608,503609,8038
"Before scheduled trip start time",-1,689320,689321,8038
"Before scheduled trip start time",-1,499,500,8038
"Before scheduled trip start time",-1,578,579,8038
"Before scheduled trip start time",-1,7874,7875,8038
"Before scheduled trip start time",-1,14392,14393,8038
"Before scheduled trip start time",-1,2330,2331,8038
"Before scheduled trip start time",-1,722,723,8038
"Before scheduled trip start time",-1,1714,1715,8038
"Before scheduled trip start time",-1,19803,19804,8038
"Before scheduled trip start time",-1,498368,498369,8038
"Before scheduled trip start time",-1,678460,678461,8038
"Before scheduled trip start time",-1,62147,62148,8038
"Before scheduled trip start time",-1,383,384,8038
"Before scheduled trip start time",-1,30474,30475,8038
"Before scheduled trip start time",-1,35207,35208,8038
"Before scheduled trip start time",-1,71059,71060,8038
"Before scheduled trip start time",-1,79059,79060,8038
"Before scheduled trip start time",-1,1034,1035,8038
"Before scheduled trip start time",-1,497308,497309,8038
"Before scheduled trip start time",-1,37447,37448,8038
"Before scheduled trip start time",-1,37567,37568,8038
"Before scheduled trip start time",-1,54979,54980,8038
"Before scheduled trip start time",-1,69307,69308,8038
"Before scheduled trip start time",-1,122,123,8038
"Before scheduled trip start time",-1,14898,14899,8038
"Before scheduled trip start time",-1,15198,15199,8038
"Before scheduled trip start time",-1,669460,669461,8038
"Before scheduled trip start time",-1,74999,75000,8038
"Before scheduled trip start time",-1,6415,6416,8038
"Before scheduled trip start time",-1,12192,12193,8038
"Before scheduled trip start time",-1,27278,27279,8038
"Before scheduled trip start time",-1,35247,35248,8038
"Before scheduled trip start time",-1,63179,63180,8038
"Before scheduled trip start time",-1,7457,7458,8038
"Before scheduled trip start time",-1,46359,46360,8038
"Before scheduled trip start time",-1,36476,36477,8038
"Before scheduled trip start time",-1,63307,63308,8038
"Before scheduled trip start time",-1,318,319,8038
"Before scheduled trip start time",-1,59587,59588,8038
"Before scheduled trip start time",-1,682620,682621,8038
"Before scheduled trip start time",-1,69247,69248,8038
"Before scheduled trip start time",-1,13398,13399,8038
"Before scheduled trip start time",-1,17174,17175,8038
"Before scheduled trip start time",-1,34327,34328,8038
"Before scheduled trip start time",-1,41027,41028,8038
"Before scheduled trip start time",-1,664900,664901,8038
"Before scheduled trip start time",-1,11315,11316,8038
"Before scheduled trip start time",-1,3499,3500,8038
"Before scheduled trip start time",-1,5679,5680,8038
"Before scheduled trip start time",-1,1686,1687,8038
"Before scheduled trip start time",-1,1099,1100,8038
"Before scheduled trip start time",-1,3659,3660,8038
"Before scheduled trip start time",-1,2072,2073,8038
"Before scheduled trip start time",-1,6534,6535,8038
"Before scheduled trip start time",-1,36976,36977,8038
"Before scheduled trip start time",-1,29703,29704,8038
"Before scheduled trip start time",-1,508428,508429,8038
"Before scheduled trip start time",-1,55867,55868,8038
"Before scheduled trip start time",-1,676660,676661,8038
"Before scheduled trip start time",-1,30576,30577,8038
"Before scheduled trip start time",-1,40576,40577,8038
"Before scheduled trip start time",-1,27463,27464,8038
"Before scheduled trip start time",-1,27434,27435,8038
"Before scheduled trip start time",-1,659400,659401,8038
"Before scheduled trip start time",-1,7455,7456,8038
"Before scheduled trip start time",-1,605,606,8038
"Before scheduled trip start time",-1,47999,48000,8038
"Before scheduled trip start time",-1,7474,7475,8038
"Before scheduled trip start time",-1,26136,26137,8038
"Before scheduled trip start time",-1,51387,51388,8038
"Before scheduled trip start time",-1,43979,43980,8038
"Before scheduled trip start time",-1,26398,26399,8038
"Before scheduled trip start time",-1,667200,667201,8038
"Before scheduled trip start time",-1,669420,669421,8038
"Before scheduled trip start time",-1,659080,659081,8038
"Before scheduled trip start time",-1,666620,666621,8038
"Before scheduled trip start time",-1,401,402,8038
"Before scheduled trip start time",-1,325,326,8038
"Before scheduled trip start time",-1,8975,8976,8038
"Before scheduled trip start time",-1,1968,1969,8038
"Before scheduled trip start time",-1,74799,74800,8038
"Before scheduled trip start time",-1,3195,3196,8038
"Before scheduled trip start time",-1,72179,72180,8038
"Before scheduled trip start time",-1,1081,1082,8038
"Before scheduled trip start time",-1,11058,11059,8038
"Before scheduled trip start time",-1,65587,65588,8038
"Before scheduled trip start time",-1,674260,674261,8038
"Before scheduled trip start time",-1,45079,45080,8038
"Before scheduled trip start time",-1,22418,22419,8038
"Before scheduled trip start time",-1,20358,20359,8038
"Before scheduled trip start time",-1,27454,27455,8038
"Before scheduled trip start time",-1,25498,25499,8038
"Before scheduled trip start time",-1,34467,34468,8038
"Before scheduled trip start time",-1,76607,76608,8038
"Before scheduled trip start time",-1,78139,78140,8038
"Before scheduled trip start time",-1,671600,671601,8038
"Before scheduled trip start time",-1,820,821,8038
"Before scheduled trip start time",-1,2168,2169,8038
"Before scheduled trip start time",-1,18,19,8038
"Before scheduled trip start time",-1,23803,23804,8038
"Before scheduled trip start time",-1,507308,507309,8038
"Before scheduled trip start time",-1,81,82,8038
"Before scheduled trip start time",-1,54987,54988,8038
"Before scheduled trip start time",-1,768,769,8038
"Before scheduled trip start time",-1,28294,28295,8038
"Before scheduled trip start time",-1,3317,3318,8038
"Before scheduled trip start time",-1,1319,1320,8038
"Before scheduled trip start time",-1,735,736,8038
"Before scheduled trip start time",-1,1279,1280,8038
"Before scheduled trip start time",-1,4834,4835,8038
"Before scheduled trip start time",-1,972,973,8038
"Before scheduled trip start time",-1,273,274,8038
"Before scheduled trip start time",-1,54787,54788,8038
"Before scheduled trip start time",-1,53979,53980,8038
"Before scheduled trip start time",-1,28863,28864,8038
"Before scheduled trip start time",-1,61307,61308,8038
"Before scheduled trip start time",-1,75847,75848,8038
"Before scheduled trip start time",-1,78,79,8038
"Before scheduled trip start time",-1,656180,656181,8038
"Before scheduled trip start time",-1,36287,36288,8038
"Before scheduled trip start time",-1,689,690,8038
"Before scheduled trip start time",-1,9274,9275,8038
"Before scheduled trip start time",-1,28098,28099,8038
"Before scheduled trip start time",-1,28298,28299,8038
"Before scheduled trip start time",-1,74059,74060,8038
"Before scheduled trip start time",-1,4894,4895,8038
"Before scheduled trip start time",-1,20463,20464,8038
"Before scheduled trip start time",-1,15834,15835,8038
"Before scheduled trip start time",-1,49239,49240,8038
"Before scheduled trip start time",-1,50479,50480,8038
"Before scheduled trip start time",-1,672880,672881,8038
"Before scheduled trip start time",-1,680540,680541,8038
"Before scheduled trip start time",-1,680960,680961,8038
"Before scheduled trip start time",-1,41696,41697,8038
"Before scheduled trip start time",-1,241,242,8038
"Before scheduled trip start time",-1,19978,19979,8038
"Before scheduled trip start time",-1,27414,27415,8038
"Before scheduled trip start time",-1,654,655,8038
"Before scheduled trip start time",-1,-15,-14,8038
"Before scheduled trip start time",-1,1651,1652,8038
"Before scheduled trip start time",-1,2017,2018,8038
"Before scheduled trip start time",-1,9306,9307,8038
"Before scheduled trip start time",-1,5957,5958,8038
"Before scheduled trip start time",-1,1731,1732,8038
"Before scheduled trip start time",-1,681120,681121,8038
"Before scheduled trip start time",-1,52487,52488,8038
"Before scheduled trip start time",-1,52,53,8038
"Before scheduled trip start time",-1,29363,29364,8038
"Before scheduled trip start time",-1,25234,25235,8038
"Before scheduled trip start time",-1,18714,18715,8038
"Before scheduled trip start time",-1,9414,9415,8038
"Before scheduled trip start time",-1,32258,32259,8038
"Before scheduled trip start time",-1,685140,685141,8038
"Before scheduled trip start time",-1,686060,686061,8038
"Before scheduled trip start time",-1,681200,681201,8038
"Before scheduled trip start time",-1,674300,674301,8038
"Before scheduled trip start time",-1,53119,53120,8038
"Before scheduled trip start time",-1,20778,20779,8038
"Before scheduled trip start time",-1,23558,23559,8038
"Before scheduled trip start time",-1,658660,658661,8038
"Before scheduled trip start time",-1,658680,658681,8038
"Before scheduled trip start time",-1,4392,4393,8038
"Before scheduled trip start time",-1,10554,10555,8038
"Before scheduled trip start time",-1,29318,29319,8038
"Before scheduled trip start time",-1,3174,3175,8038
"Before scheduled trip start time",-1,1792,1793,8038
"Before scheduled trip start time",-1,21063,21064,8038
"Before scheduled trip start time",-1,37627,37628,8038
"Before scheduled trip start time",-1,28516,28517,8038
"Before scheduled trip start time",-1,1340,1341,8038
"Before scheduled trip start time",-1,1720,1721,8038
"Before scheduled trip start time",-1,55019,55020,8038
"Before scheduled trip start time",-1,34956,34957,8038
"Before scheduled trip start time",-1,141,142,8038
"Before scheduled trip start time",-1,45647,45648,8038
"Before scheduled trip start time",-1,1323,1324,8038
"Before scheduled trip start time",-1,1171,1172,8038
"Before scheduled trip start time",-1,63479,63480,8038
"Before scheduled trip start time",-1,10555,10556,8038
"Before scheduled trip start time",-1,30418,30419,8038
"Before scheduled trip start time",-1,6374,6375,8038
"Before scheduled trip start time",-1,497528,497529,8038
"Before scheduled trip start time",-1,56599,56600,8038
"Before scheduled trip start time",-1,494328,494329,8038
"Before scheduled trip start time",-1,29489,29490,8038
"Before scheduled trip start time",-1,26143,26144,8038
"Before scheduled trip start time",-1,23094,23095,8038
"Before scheduled trip start time",-1,681820,681821,8038
"Before scheduled trip start time",-1,684440,684441,8038
"Before scheduled trip start time",-1,780,781,8038
"Before scheduled trip start time",-1,19554,19555,8038
"Before scheduled trip start time",-1,36607,36608,8038
"Before scheduled trip start time",-1,69899,69900,8038
"Before scheduled trip start time",-1,5177,5178,8038
"Before scheduled trip start time",-1,72359,72360,8038
"Before scheduled trip start time",-1,78599,78600,8038
"Before scheduled trip start time",-1,6094,6095,8038
"Before scheduled trip start time",-1,501408,501409,8038
"Before scheduled trip start time",-1,57987,57988,8038
"Before scheduled trip start time",-1,40187,40188,8038
"Before scheduled trip start time",-1,52859,52860,8038
"Before scheduled trip start time",-1,506368,506369,8038
"Before scheduled trip start time",-1,62139,62140,8038
"Before scheduled trip start time",-1,62159,62160,8038
"Before scheduled trip start time",-1,30994,30995,8038
"Before scheduled trip start time",-1,28478,28479,8038
"Before scheduled trip start time",-1,5199,5200,8038
"Before scheduled trip start time",-1,71379,71380,8038
"Before scheduled trip start time",-1,80779,80780,8038
"Before scheduled trip start time",-1,12732,12733,8038
"Before scheduled trip start time",-1,13178,13179,8038
"Before scheduled trip start time",-1,1747,1748,8038
"Before scheduled trip start time",-1,25956,25957,8038
"Before scheduled trip start time",-1,662520,662521,8038
"Before scheduled trip start time",-1,26063,26064,8038
"Before scheduled trip start time",-1,21438,21439,8038
"Before scheduled trip start time",-1,763,764,8038
"Before scheduled trip start time",-1,330,331,8038
"Before scheduled trip start time",-1,1583,1584,8038
"Before scheduled trip start time",-1,5817,5818,8038
"Before scheduled trip start time",-1,2508,2509,8038
"Before scheduled trip start time",-1,3377,3378,8038
"Before scheduled trip start time",-1,33034,33035,8038
"Before scheduled trip start time",-1,80139,80140,8038
"Before scheduled trip start time",-1,5,6,8038
"Before scheduled trip start time",-1,47379,47380,8038
"Before scheduled trip start time",-1,62607,62608,8038
"Before scheduled trip start time",-1,662580,662581,8038
"Before scheduled trip start time",-1,30196,30197,8038
"Before scheduled trip start time",-1,493308,493309,8038
"Before scheduled trip start time",-1,496188,496189,8038
"Before scheduled trip start time",-1,40836,40837,8038
"Before scheduled trip start time",-1,27983,27984,8038
"Before scheduled trip start time",-1,34076,34077,8038
"Before scheduled trip start time",-1,16698,16699,8038
"Before scheduled trip start time",-1,504,505,8038
"Before scheduled trip start time",-1,42087,42088,8038
"Before scheduled trip start time",-1,513468,513469,8038
"Before scheduled trip start time",-1,1355,1356,8038
"Before scheduled trip start time",-1,2939,2940,8038
"Before scheduled trip start time",-1,3554,3555,8038
"Before scheduled trip start time",-1,801,802,8038
"Before scheduled trip start time",-1,48439,48440,8038
"Before scheduled trip start time",-1,9,10,8038
"Before scheduled trip start time",-1,8514,8515,8038
"Before scheduled trip start time",-1,25603,25604,8038
"Before scheduled trip start time",-1,662460,662461,8038
"Before scheduled trip start time",-1,556,557,8038
"Before scheduled trip start time",-1,39316,39317,8038
"Before scheduled trip start time",-1,505768,505769,8038
"Before scheduled trip start time",-1,32576,32577,8038
"Before scheduled trip start time",-1,20734,20735,8038
"Before scheduled trip start time",-1,18138,18139,8038
"Before scheduled trip start time",-1,18238,18239,8038
"Before scheduled trip start time",-1,682860,682861,8038
"Before scheduled trip start time",-1,664340,664341,8038
"Before scheduled trip start time",-1,4212,4213,8038
"Before scheduled trip start time",-1,73219,73220,8038
"Before scheduled trip start time",-1,65039,65040,8038
"Before scheduled trip start time",-1,1110,1111,8038
"Before scheduled trip start time",-1,35696,35697,8038
"Before scheduled trip start time",-1,23563,23564,8038
"Before scheduled trip start time",-1,26956,26957,8038
"Before scheduled trip start time",-1,52767,52768,8038
"Before scheduled trip start time",-1,53167,53168,8038
"Before scheduled trip start time",-1,495708,495709,8038
"Before scheduled trip start time",-1,41296,41297,8038
"Before scheduled trip start time",-1,33876,33877,8038
"Before scheduled trip start time",-1,681540,681541,8038
"Before scheduled trip start time",-1,681940,681941,8038
"Before scheduled trip start time",-1,28234,28235,8038
"Before scheduled trip start time",-1,663660,663661,8038
"Before scheduled trip start time",-1,1047,1048,8038
"Before scheduled trip start time",-1,1254,1255,8038
"Before scheduled trip start time",-1,437,438,8038
"Before scheduled trip start time",-1,16843,16844,8038
"Before scheduled trip start time",-1,30034,30035,8038
"Before scheduled trip start time",-1,326,327,8038
"Before scheduled trip start time",-1,4455,4456,8038
"Before scheduled trip start time",-1,7019,7020,8038
"Before scheduled trip start time",-1,12472,12473,8038
"Before scheduled trip start time",-1,2,3,8038
"Before scheduled trip start time",-1,501768,501769,8038
"Before scheduled trip start time",-1,62787,62788,8038
"Before scheduled trip start time",-1,50207,50208,8038
"Before scheduled trip start time",-1,55467,55468,8038
"Before scheduled trip start time",-1,29256,29257,8038
"Before scheduled trip start time",-1,17423,17424,8038
"Before scheduled trip start time",-1,68027,68028,8038
"Before scheduled trip start time",-1,27358,27359,8038
"Before scheduled trip start time",-1,846,847,8038
"Before scheduled trip start time",-1,1535,1536,8038
"Before scheduled trip start time",-1,1145,1146,8038
"Before scheduled trip start time",-1,6035,6036,8038
"Before scheduled trip start time",-1,2252,2253,8038
"Before scheduled trip start time",-1,550,551,8038
"Before scheduled trip start time",-1,13,14,8038
"Before scheduled trip start time",-1,684920,684921,8038
"Before scheduled trip start time",-1,29396,29397,8038
"Before scheduled trip start time",-1,22514,22515,8038
"Before scheduled trip start time",-1,682200,682201,8038
"Before scheduled trip start time",-1,667920,667921,8038
"Before scheduled trip start time",-1,664120,664121,8038
"Before scheduled trip start time",-1,512128,512129,8038
"Before scheduled trip start time",-1,31354,31355,8038
"Before scheduled trip start time",-1,845,846,8038
"Before scheduled trip start time",-1,33738,33739,8038
"Before scheduled trip start time",-1,1531,1532,8038
"Before scheduled trip start time",-1,47847,47848,8038
"Before scheduled trip start time",-1,44599,44600,8038
"Before scheduled trip start time",-1,18463,18464,8038
"Before scheduled trip start time",-1,54019,54020,8038
"Before scheduled trip start time",-1,1914,1915,8038
"Before scheduled trip start time",-1,657560,657561,8038
"Before scheduled trip start time",-1,7957,7958,8038
"Before scheduled trip start time",-1,2335,2336,8038
"Before scheduled trip start time",-1,9272,9273,8038
"Before scheduled trip start time",-1,48387,48388,8038
"Before scheduled trip start time",-1,39,40,8038
"Before scheduled trip start time",-1,26914,26915,8038
"Before scheduled trip start time",-1,71127,71128,8038
"Before scheduled trip start time",-1,67547,67548,8038
"Before scheduled trip start time",-1,68267,68268,8038
"Before scheduled trip start time",-1,623,624,8038
"Before scheduled trip start time",-1,68679,68680,8038
"Before scheduled trip start time",-1,33143,33144,8038
"Before scheduled trip start time",-1,62519,62520,8038
"Before scheduled trip start time",-1,9535,9536,8038
"Before scheduled trip start time",-1,3817,3818,8038
"Before scheduled trip start time",-1,66859,66860,8038
"Before scheduled trip start time",-1,554,555,8038
"Before scheduled trip start time",-1,24916,24917,8038
"Before scheduled trip start time",-1,21278,21279,8038
"Before scheduled trip start time",-1,62187,62188,8038
"Before scheduled trip start time",-1,66267,66268,8038
"Before scheduled trip start time",-1,76027,76028,8038
"Before scheduled trip start time",-1,668100,668101,8038
"Before scheduled trip start time",-1,2077,2078,8038
"Before scheduled trip start time",-1,31434,31435,8038
"Before scheduled trip start time",-1,1439,1440,8038
"Before scheduled trip start time",-1,1227,1228,8038
"Before scheduled trip start time",-1,500228,500229,8038
"Before scheduled trip start time",-1,672280,672281,8038
"Before scheduled trip start time",-1,58127,58128,8038
"Before scheduled trip start time",-1,2240,2241,8038
"Before scheduled trip start time",-1,39396,39397,8038
"Before scheduled trip start time",-1,506168,506169,8038
"Before scheduled trip start time",-1,19578,19579,8038
"Before scheduled trip start time",-1,52750,52751,8038
"Before scheduled trip start time",-1,4594,4595,8038
"Before scheduled trip start time",-1,38976,38977,8038
"Before scheduled trip start time",-1,25763,25764,8038
"Before scheduled trip start time",-1,65647,65648,8038
"Before scheduled trip start time",-1,39187,39188,8038
"Before scheduled trip start time",-1,270,271,8038
"Before scheduled trip start time",-1,66307,66308,8038
"Before scheduled trip start time",-1,771,772,8038
"Before scheduled trip start time",-1,490,491,8038
"Before scheduled trip start time",-1,10012,10013,8038
"Before scheduled trip start time",-1,46539,46540,8038
"Before scheduled trip start time",-1,9818,9819,8038
"Before scheduled trip start time",-1,1151,1152,8038
"Before scheduled trip start time",-1,17298,17299,8038
"Before scheduled trip start time",-1,180,181,8038
"Before scheduled trip start time",-1,667720,667721,8038
"Before scheduled trip start time",-1,77027,77028,8038
"Before scheduled trip start time",-1,43707,43708,8038
"Before scheduled trip start time",-1,60219,60220,8038
"Before scheduled trip start time",-1,1637,1638,8038
"Before scheduled trip start time",-1,5154,5155,8038
"Before scheduled trip start time",-1,730,731,8038
"Before scheduled trip start time",-1,38356,38357,8038
"Before scheduled trip start time",-1,25056,25057,8038
"Before scheduled trip start time",-1,31056,31057,8038
"Before scheduled trip start time",-1,205,206,8038
"Before scheduled trip start time",-1,683700,683701,8038
"Before scheduled trip start time",-1,68547,68548,8038
"Before scheduled trip start time",-1,488,489,8038
"Before scheduled trip start time",-1,17554,17555,8038
"Before scheduled trip start time",-1,18954,18955,8038
"Before scheduled trip start time",-1,659640,659641,8038
"Before scheduled trip start time",-1,666300,666301,8038
"Before scheduled trip start time",-1,385,386,8038
"Before scheduled trip start time",-1,8654,8655,8038
"Before scheduled trip start time",-1,9974,9975,8038
"Before scheduled trip start time",-1,27778,27779,8038
"Before scheduled trip start time",-1,10632,10633,8038
"Before scheduled trip start time",-1,63507,63508,8038
"Before scheduled trip start time",-1,65187,65188,8038
"Before scheduled trip start time",-1,671680,671681,8038
"Before scheduled trip start time",-1,659960,659961,8038
"Before scheduled trip start time",-1,37787,37788,8038
"Before scheduled trip start time",-1,662400,662401,8038
"Before scheduled trip start time",-1,60927,60928,8038
"Before scheduled trip start time",-1,35027,35028,8038
"Before scheduled trip start time",-1,858,859,8038
"Before scheduled trip start time",-1,2557,2558,8038
"Before scheduled trip start time",-1,2079,2080,8038
"Before scheduled trip start time",-1,916,917,8038
"Before scheduled trip start time",-1,48079,48080,8038
"Before scheduled trip start time",-1,15014,15015,8038
"Before scheduled trip start time",-1,29349,29350,8038
"Before scheduled trip start time",-1,33856,33857,8038
"Before scheduled trip start time",-1,20914,20915,8038
"Before scheduled trip start time",-1,688660,688661,8038
"Before scheduled trip start time",-1,33767,33768,8038
"Before scheduled trip start time",-1,42647,42648,8038
"Before scheduled trip start time",-1,1572,1573,8038
"Before scheduled trip start time",-1,274,275,8038
"Before scheduled trip start time",-1,11598,11599,8038
"Before scheduled trip start time",-1,12418,12419,8038
"Before scheduled trip start time",-1,32083,32084,8038
"Before scheduled trip start time",-1,27836,27837,8038
"Before scheduled trip start time",-1,670520,670521,8038
"Before scheduled trip start time",-1,44999,45000,8038
"Before scheduled trip start time",-1,117,118,8038
"Before scheduled trip start time",-1,58927,58928,8038
"Before scheduled trip start time",-1,560,561,8038
"Before scheduled trip start time",-1,478,479,8038
"Before scheduled trip start time",-1,69019,69020,8038
"Before scheduled trip start time",-1,27858,27859,8038
"Before scheduled trip start time",-1,33574,33575,8038
"Before scheduled trip start time",-1,725,726,8038
"Before scheduled trip start time",-1,32498,32499,8038
"Before scheduled trip start time",-1,13214,13215,8038
"Before scheduled trip start time",-1,501548,501549,8038
"Before scheduled trip start time",-1,31303,31304,8038
"Before scheduled trip start time",-1,64307,64308,8038
"Before scheduled trip start time",-1,49107,49108,8038
"Before scheduled trip start time",-1,62,63,8038
"Before scheduled trip start time",-1,680060,680061,8038
"Before scheduled trip start time",-1,57827,57828,8038
"Before scheduled trip start time",-1,3631,3632,8038
"Before scheduled trip start time",-1,72167,72168,8038
"Before scheduled trip start time",-1,17798,17799,8038
"Before scheduled trip start time",-1,668220,668221,8038
"Before scheduled trip start time",-1,3474,3475,8038
"Before scheduled trip start time",-1,3115,3116,8038
"Before scheduled trip start time",-1,30,31,8038
"Before scheduled trip start time",-1,10038,10039,8038
"Before scheduled trip start time",-1,52599,52600,8038
"Before scheduled trip start time",-1,27716,27717,8038
"Before scheduled trip start time",-1,33016,33017,8038
"Before scheduled trip start time",-1,20234,20235,8038
"Before scheduled trip start time",-1,59967,59968,8038
"Before scheduled trip start time",-1,74527,74528,8038
"Before scheduled trip start time",-1,74607,74608,8038
"Before scheduled trip start time",-1,655,656,8038
"Before scheduled trip start time",-1,2315,2316,8038
"Before scheduled trip start time",-1,3229,3230,8038
"Before scheduled trip start time",-1,34,35,8038
"Before scheduled trip start time",-1,508368,508369,8038
"Before scheduled trip start time",-1,685520,685521,8038
"Before scheduled trip start time",-1,685680,685681,8038
"Before scheduled trip start time",-1,686440,686441,8038
"Before scheduled trip start time",-1,278,279,8038
"Before scheduled trip start time",-1,18898,18899,8038
"Before scheduled trip start time",-1,669320,669321,8038
"Before scheduled trip start time",-1,375,376,8038
"Before scheduled trip start time",-1,658,659,8038
"Before scheduled trip start time",-1,1955,1956,8038
"Before scheduled trip start time",-1,5974,5975,8038
"Before scheduled trip start time",-1,37136,37137,8038
"Before scheduled trip start time",-1,500388,500389,8038
"Before scheduled trip start time",-1,62467,62468,8038
"Before scheduled trip start time",-1,63467,63468,8038
"Before scheduled trip start time",-1,54487,54488,8038
"Before scheduled trip start time",-1,536,537,8038
"Before scheduled trip start time",-1,15103,15104,8038
"Before scheduled trip start time",-1,70627,70628,8038
"Before scheduled trip start time",-1,71887,71888,8038
"Before scheduled trip start time",-1,69267,69268,8038
"Before scheduled trip start time",-1,1348,1349,8038
"Before scheduled trip start time",-1,52539,52540,8038
"Before scheduled trip start time",-1,32563,32564,8038
"Before scheduled trip start time",-1,42179,42180,8038
"Before scheduled trip start time",-1,493888,493889,8038
"Before scheduled trip start time",-1,505808,505809,8038
"Before scheduled trip start time",-1,682760,682761,8038
"Before scheduled trip start time",-1,60287,60288,8038
"Before scheduled trip start time",-1,250,251,8038
"Before scheduled trip start time",-1,689560,689561,8038
"Before scheduled trip start time",-1,17794,17795,8038
"Before scheduled trip start time",-1,667800,667801,8038
"Before scheduled trip start time",-1,35607,35608,8038
"Before scheduled trip start time",-1,658600,658601,8038
"Before scheduled trip start time",-1,61319,61320,8038
"Before scheduled trip start time",-1,624,625,8038
"Before scheduled trip start time",-1,4152,4153,8038
"Before scheduled trip start time",-1,28598,28599,8038
"Before scheduled trip start time",-1,76299,76300,8038
"Before scheduled trip start time",-1,1777,1778,8038
"Before scheduled trip start time",-1,696,697,8038
"Before scheduled trip start time",-1,7512,7513,8038
"Before scheduled trip start time",-1,32598,32599,8038
"Before scheduled trip start time",-1,56907,56908,8038
"Before scheduled trip start time",-1,55199,55200,8038
"Before scheduled trip start time",-1,34996,34997,8038
"Before scheduled trip start time",-1,19718,19719,8038
"Before scheduled trip start time",-1,684340,684341,8038
"Before scheduled trip start time",-1,689460,689461,8038
"Before scheduled trip start time",-1,674,675,8038
"Before scheduled trip start time",-1,1811,1812,8038
"Before scheduled trip start time",-1,76799,76800,8038
"Before scheduled trip start time",-1,1301,1302,8038
"Before scheduled trip start time",-1,929,930,8038
"Before scheduled trip start time",-1,631,632,8038
"Before scheduled trip start time",-1,674360,674361,8038
"Before scheduled trip start time",-1,26503,26504,8038
"Before scheduled trip start time",-1,55479,55480,8038
"Before scheduled trip start time",-1,23674,23675,8038
"Before scheduled trip start time",-1,597,598,8038
"Before scheduled trip start time",-1,21681,21682,8038
"Before scheduled trip start time",-1,97,98,8038
"Before scheduled trip start time",-1,25,26,8038
"Before scheduled trip start time",-1,25463,25464,8038
"Before scheduled trip start time",-1,32243,32244,8038
"Before scheduled trip start time",-1,63007,63008,8038
"Before scheduled trip start time",-1,65667,65668,8038
"Before scheduled trip start time",-1,674620,674621,8038
"Before scheduled trip start time",-1,30556,30557,8038
"Before scheduled trip start time",-1,15763,15764,8038
"Before scheduled trip start time",-1,26583,26584,8038
"Before scheduled trip start time",-1,23594,23595,8038
"Before scheduled trip start time",-1,70387,70388,8038
"Before scheduled trip start time",-1,682080,682081,8038
"Before scheduled trip start time",-1,667580,667581,8038
"Before scheduled trip start time",-1,664040,664041,8038
"Before scheduled trip start time",-1,917,918,8038
"Before scheduled trip start time",-1,1315,1316,8038
"Before scheduled trip start time",-1,5934,5935,8038
"Before scheduled trip start time",-1,13614,13615,8038
"Before scheduled trip start time",-1,51739,51740,8038
"Before scheduled trip start time",-1,30363,30364,8038
"Before scheduled trip start time",-1,674800,674801,8038
"Before scheduled trip start time",-1,43179,43180,8038
"Before scheduled trip start time",-1,76107,76108,8038
"Before scheduled trip start time",-1,60379,60380,8038
"Before scheduled trip start time",-1,71779,71780,8038
"Before scheduled trip start time",-1,6979,6980,8038
"Before scheduled trip start time",-1,3834,3835,8038
"Before scheduled trip start time",-1,7235,7236,8038
"Before scheduled trip start time",-1,64339,64340,8038
"Before scheduled trip start time",-1,11875,11876,8038
"Before scheduled trip start time",-1,514,515,8038
"Before scheduled trip start time",-1,3934,3935,8038
"Before scheduled trip start time",-1,46259,46260,8038
"Before scheduled trip start time",-1,46799,46800,8038
"Before scheduled trip start time",-1,14034,14035,8038
"Before scheduled trip start time",-1,12438,12439,8038
"Before scheduled trip start time",-1,57739,57740,8038
"Before scheduled trip start time",-1,32596,32597,8038
"Before scheduled trip start time",-1,33156,33157,8038
"Before scheduled trip start time",-1,33456,33457,8038
"Before scheduled trip start time",-1,59707,59708,8038
"Before scheduled trip start time",-1,-13,-12,8038
"Before scheduled trip start time",-1,40887,40888,8038
"Before scheduled trip start time",-1,43907,43908,8038
"Before scheduled trip start time",-1,506,507,8038
"Before scheduled trip start time",-1,6499,6500,8038
"Before scheduled trip start time",-1,36796,36797,8038
"Before scheduled trip start time",-1,53247,53248,8038
"Before scheduled trip start time",-1,85,86,8038
"Before scheduled trip start time",-1,71927,71928,8038
"Before scheduled trip start time",-1,682320,682321,8038
"Before scheduled trip start time",-1,67507,67508,8038
"Before scheduled trip start time",-1,46487,46488,8038
"Before scheduled trip start time",-1,670320,670321,8038
"Before scheduled trip start time",-1,1000,1001,8038
"Before scheduled trip start time",-1,512848,512849,8038
"Before scheduled trip start time",-1,65359,65360,8038
"Before scheduled trip start time",-1,31938,31939,8038
"Before scheduled trip start time",-1,502128,502129,8038
"Before scheduled trip start time",-1,508668,508669,8038
"Before scheduled trip start time",-1,672860,672861,8038
"Before scheduled trip start time",-1,179,180,8038
"Before scheduled trip start time",-1,492908,492909,8038
"Before scheduled trip start time",-1,42619,42620,8038
"Before scheduled trip start time",-1,496028,496029,8038
"Before scheduled trip start time",-1,27638,27639,8038
"Before scheduled trip start time",-1,35107,35108,8038
"Before scheduled trip start time",-1,60939,60940,8038
"Before scheduled trip start time",-1,4419,4420,8038
"Before scheduled trip start time",-1,1494,1495,8038
"Before scheduled trip start time",-1,12695,12696,8038
"Before scheduled trip start time",-1,1310,1311,8038
"Before scheduled trip start time",-1,14334,14335,8038
"Before scheduled trip start time",-1,14414,14415,8038
"Before scheduled trip start time",-1,7374,7375,8038
"Before scheduled trip start time",-1,35636,35637,8038
"Before scheduled trip start time",-1,1387,1388,8038
"Before scheduled trip start time",-1,61547,61548,8038
"Before scheduled trip start time",-1,684740,684741,8038
"Before scheduled trip start time",-1,289,290,8038
"Before scheduled trip start time",-1,1354,1355,8038
"Before scheduled trip start time",-1,27114,27115,8038
"Before scheduled trip start time",-1,33567,33568,8038
"Before scheduled trip start time",-1,658420,658421,8038
"Before scheduled trip start time",-1,9895,9896,8038
"Before scheduled trip start time",-1,31534,31535,8038
"Before scheduled trip start time",-1,30338,30339,8038
"Before scheduled trip start time",-1,5835,5836,8038
"Before scheduled trip start time",-1,9137,9138,8038
"Before scheduled trip start time",-1,76840,76841,8038
"Before scheduled trip start time",-1,50559,50560,8038
"Before scheduled trip start time",-1,686920,686921,8038
"Before scheduled trip start time",-1,49687,49688,8038
"Before scheduled trip start time",-1,25154,25155,8038
"Before scheduled trip start time",-1,71587,71588,8038
"Before scheduled trip start time",-1,74147,74148,8038
"Before scheduled trip start time",-1,1154,1155,8038
"Before scheduled trip start time",-1,886,887,8038
"Before scheduled trip start time",-1,44607,44608,8038
"Before scheduled trip start time",-1,656140,656141,8038
"Before scheduled trip start time",-1,659300,659301,8038
"Before scheduled trip start time",-1,40807,40808,8038
"Before scheduled trip start time",-1,2977,2978,8038
"Before scheduled trip start time",-1,5732,5733,8038
"Before scheduled trip start time",-1,3479,3480,8038
"Before scheduled trip start time",-1,4337,4338,8038
"Before scheduled trip start time",-1,950,951,8038
"Before scheduled trip start time",-1,213,214,8038
"Before scheduled trip start time",-1,873,874,8038
"Before scheduled trip start time",-1,57267,57268,8038
"Before scheduled trip start time",-1,29136,29137,8038
"Before scheduled trip start time",-1,29996,29997,8038
"Before scheduled trip start time",-1,54279,54280,8038
"Before scheduled trip start time",-1,72707,72708,8038
"Before scheduled trip start time",-1,656740,656741,8038
"Before scheduled trip start time",-1,32154,32155,8038
"Before scheduled trip start time",-1,2855,2856,8038
"Before scheduled trip start time",-1,1815,1816,8038
"Before scheduled trip start time",-1,64939,64940,8038
"Before scheduled trip start time",-1,1541,1542,8038
"Before scheduled trip start time",-1,12835,12836,8038
"Before scheduled trip start time",-1,5417,5418,8038
"Before scheduled trip start time",-1,32403,32404,8038
"Before scheduled trip start time",-1,171,172,8038
"Before scheduled trip start time",-1,679280,679281,8038
"Before scheduled trip start time",-1,674460,674461,8038
"Before scheduled trip start time",-1,52407,52408,8038
"Before scheduled trip start time",-1,30116,30117,8038
"Before scheduled trip start time",-1,41256,41257,8038
"Before scheduled trip start time",-1,24474,24475,8038
"Before scheduled trip start time",-1,20714,20715,8038
"Before scheduled trip start time",-1,56959,56960,8038
"Before scheduled trip start time",-1,509788,509789,8038
"Before scheduled trip start time",-1,687240,687241,8038
"Before scheduled trip start time",-1,688180,688181,8038
"Before scheduled trip start time",-1,50447,50448,8038
"Before scheduled trip start time",-1,74367,74368,8038
"Before scheduled trip start time",-1,79299,79300,8038
"Before scheduled trip start time",-1,6874,6875,8038
"Before scheduled trip start time",-1,56499,56500,8038
"Before scheduled trip start time",-1,509608,509609,8038
"Before scheduled trip start time",-1,62447,62448,8038
"Before scheduled trip start time",-1,496068,496069,8038
"Before scheduled trip start time",-1,124,125,8038
"Before scheduled trip start time",-1,59207,59208,8038
"Before scheduled trip start time",-1,60707,60708,8038
"Before scheduled trip start time",-1,220,221,8038
"Before scheduled trip start time",-1,14298,14299,8038
"Before scheduled trip start time",-1,658520,658521,8038
"Before scheduled trip start time",-1,1223,1224,8038
"Before scheduled trip start time",-1,663460,663461,8038
"Before scheduled trip start time",-1,60199,60200,8038
"Before scheduled trip start time",-1,28438,28439,8038
"Before scheduled trip start time",-1,72519,72520,8038
"Before scheduled trip start time",-1,817,818,8038
"Before scheduled trip start time",-1,61,62,8038
"Before scheduled trip start time",-1,48727,48728,8038
"Before scheduled trip start time",-1,56987,56988,8038
"Before scheduled trip start time",-1,33596,33597,8038
"Before scheduled trip start time",-1,123,124,8038
"Before scheduled trip start time",-1,888,889,8038
"Before scheduled trip start time",-1,346,347,8038
"Before scheduled trip start time",-1,33467,33468,8038
"Before scheduled trip start time",-1,29238,29239,8038
"Before scheduled trip start time",-1,1659,1660,8038
"Before scheduled trip start time",-1,4695,4696,8038
"Before scheduled trip start time",-1,3419,3420,8038
"Before scheduled trip start time",-1,1112,1113,8038
"Before scheduled trip start time",-1,7012,7013,8038
"Before scheduled trip start time",-1,55147,55148,8038
"Before scheduled trip start time",-1,40287,40288,8038
"Before scheduled trip start time",-1,504588,504589,8038
"Before scheduled trip start time",-1,21078,21079,8038
"Before scheduled trip start time",-1,24094,24095,8038
"Before scheduled trip start time",-1,24494,24495,8038
"Before scheduled trip start time",-1,23118,23119,8038
"Before scheduled trip start time",-1,684520,684521,8038
"Before scheduled trip start time",-1,1425,1426,8038
"Before scheduled trip start time",-1,65459,65460,8038
"Before scheduled trip start time",-1,830,831,8038
"Before scheduled trip start time",-1,47759,47760,8038
"Before scheduled trip start time",-1,22543,22544,8038
"Before scheduled trip start time",-1,501388,501389,8038
"Before scheduled trip start time",-1,685120,685121,8038
"Before scheduled trip start time",-1,3611,3612,8038
"Before scheduled trip start time",-1,15883,15884,8038
"Before scheduled trip start time",-1,16623,16624,8038
"Before scheduled trip start time",-1,26703,26704,8038
"Before scheduled trip start time",-1,26923,26924,8038
"Before scheduled trip start time",-1,55719,55720,8038
"Before scheduled trip start time",-1,23298,23299,8038
"Before scheduled trip start time",-1,68587,68588,8038
"Before scheduled trip start time",-1,260,261,8038
"Before scheduled trip start time",-1,27474,27475,8038
"Before scheduled trip start time",-1,14618,14619,8038
"Before scheduled trip start time",-1,348,349,8038
"Before scheduled trip start time",-1,651,652,8038
"Before scheduled trip start time",-1,663940,663941,8038
"Before scheduled trip start time",-1,68739,68740,8038
"Before scheduled trip start time",-1,811,812,8038
"Before scheduled trip start time",-1,4577,4578,8038
"Before scheduled trip start time",-1,5412,5413,8038
"Before scheduled trip start time",-1,45639,45640,8038
"Before scheduled trip start time",-1,497828,497829,8038
"Before scheduled trip start time",-1,47399,47400,8038
"Before scheduled trip start time",-1,7134,7135,8038
"Before scheduled trip start time",-1,24183,24184,8038
"Before scheduled trip start time",-1,510608,510609,8038
"Before scheduled trip start time",-1,27876,27877,8038
"Before scheduled trip start time",-1,64887,64888,8038
"Before scheduled trip start time",-1,59067,59068,8038
"Before scheduled trip start time",-1,209,210,8038
"Before scheduled trip start time",-1,343,344,8038
"Before scheduled trip start time",-1,658160,658161,8038
"Before scheduled trip start time",-1,43227,43228,8038
"Before scheduled trip start time",-1,1204,1205,8038
"Before scheduled trip start time",-1,30794,30795,8038
"Before scheduled trip start time",-1,2277,2278,8038
"Before scheduled trip start time",-1,8034,8035,8038
"Before scheduled trip start time",-1,65347,65348,8038
"Before scheduled trip start time",-1,48247,48248,8038
"Before scheduled trip start time",-1,102,103,8038
"Before scheduled trip start time",-1,38407,38408,8038
"Before scheduled trip start time",-1,31896,31897,8038
"Before scheduled trip start time",-1,28023,28024,8038
"Before scheduled trip start time",-1,20158,20159,8038
"Before scheduled trip start time",-1,682840,682841,8038
"Before scheduled trip start time",-1,688,689,8038
"Before scheduled trip start time",-1,720,721,8038
"Before scheduled trip start time",-1,36767,36768,8038
"Before scheduled trip start time",-1,664560,664561,8038
"Before scheduled trip start time",-1,43627,43628,8038
"Before scheduled trip start time",-1,1077,1078,8038
"Before scheduled trip start time",-1,1212,1213,8038
"Before scheduled trip start time",-1,1229,1230,8038
"Before scheduled trip start time",-1,3,4,8038
"Before scheduled trip start time",-1,47639,47640,8038
"Before scheduled trip start time",-1,679760,679761,8038
"Before scheduled trip start time",-1,679780,679781,8038
"Before scheduled trip start time",-1,18563,18564,8038
"Before scheduled trip start time",-1,367,368,8038
"Before scheduled trip start time",-1,487,488,8038
"Before scheduled trip start time",-1,201,202,8038
"Before scheduled trip start time",-1,503968,503969,8038
"Before scheduled trip start time",-1,59807,59808,8038
"Before scheduled trip start time",-1,739,740,8038
"Before scheduled trip start time",-1,41187,41188,8038
"Before scheduled trip start time",-1,9617,9618,8038
"Before scheduled trip start time",-1,2355,2356,8038
"Before scheduled trip start time",-1,15254,15255,8038
"Before scheduled trip start time",-1,677480,677481,8038
"Before scheduled trip start time",-1,39147,39148,8038
"Before scheduled trip start time",-1,296,297,8038
"Before scheduled trip start time",-1,17563,17564,8038
"Before scheduled trip start time",-1,33228,33229,8038
"Before scheduled trip start time",-1,504688,504689,8038
"Before scheduled trip start time",-1,21074,21075,8038
"Before scheduled trip start time",-1,74427,74428,8038
"Before scheduled trip start time",-1,666160,666161,8038
"Before scheduled trip start time",-1,666720,666721,8038
"Before scheduled trip start time",-1,65599,65600,8038
"Before scheduled trip start time",-1,507368,507369,8038
"Before scheduled trip start time",-1,679300,679301,8038
"Before scheduled trip start time",-1,107,108,8038
"Before scheduled trip start time",-1,30836,30837,8038
"Before scheduled trip start time",-1,53519,53520,8038
"Before scheduled trip start time",-1,243,244,8038
"Before scheduled trip start time",-1,20214,20215,8038
"Before scheduled trip start time",-1,18134,18135,8038
"Before scheduled trip start time",-1,513,514,8038
"Before scheduled trip start time",-1,42727,42728,8038
"Before scheduled trip start time",-1,513948,513949,8038
"Before scheduled trip start time",-1,1364,1365,8038
"Before scheduled trip start time",-1,2019,2020,8038
"Before scheduled trip start time",-1,1266,1267,8038
"Before scheduled trip start time",-1,3299,3300,8038
"Before scheduled trip start time",-1,969,970,8038
"Before scheduled trip start time",-1,272,273,8038
"Before scheduled trip start time",-1,57819,57820,8038
"Before scheduled trip start time",-1,58359,58360,8038
"Before scheduled trip start time",-1,3591,3592,8038
"Before scheduled trip start time",-1,20738,20739,8038
"Before scheduled trip start time",-1,71907,71908,8038
"Before scheduled trip start time",-1,60407,60408,8038
"Before scheduled trip start time",-1,-9,-8,8038
"Before scheduled trip start time",-1,15998,15999,8038
"Before scheduled trip start time",-1,19174,19175,8038
"Before scheduled trip start time",-1,44807,44808,8038
"Before scheduled trip start time",-1,9575,9576,8038
"Before scheduled trip start time",-1,31954,31955,8038
"Before scheduled trip start time",-1,1292,1293,8038
"Before scheduled trip start time",-1,72219,72220,8038
"Before scheduled trip start time",-1,678680,678681,8038
"Before scheduled trip start time",-1,51587,51588,8038
"Before scheduled trip start time",-1,149,150,8038
"Before scheduled trip start time",-1,46007,46008,8038
"Before scheduled trip start time",-1,714,715,8038
"Before scheduled trip start time",-1,514188,514189,8038
"Before scheduled trip start time",-1,964,965,8038
"Before scheduled trip start time",-1,11555,11556,8038
"Before scheduled trip start time",-1,3055,3056,8038
"Before scheduled trip start time",-1,1732,1733,8038
"Before scheduled trip start time",-1,1035,1036,8038
"Before scheduled trip start time",-1,2469,2470,8038
"Before scheduled trip start time",-1,32758,32759,8038
"Before scheduled trip start time",-1,45759,45760,8038
"Before scheduled trip start time",-1,52759,52760,8038
"Before scheduled trip start time",-1,679060,679061,8038
"Before scheduled trip start time",-1,53147,53148,8038
"Before scheduled trip start time",-1,37107,37108,8038
"Before scheduled trip start time",-1,31196,31197,8038
"Before scheduled trip start time",-1,264,265,8038
"Before scheduled trip start time",-1,54499,54500,8038
"Before scheduled trip start time",-1,203,204,8038
"Before scheduled trip start time",-1,17898,17899,8038
"Before scheduled trip start time",-1,683080,683081,8038
"Before scheduled trip start time",-1,68507,68508,8038
"Before scheduled trip start time",-1,15458,15459,8038
"Before scheduled trip start time",-1,2995,2996,8038
"Before scheduled trip start time",-1,8817,8818,8038
"Before scheduled trip start time",-1,45959,45960,8038
"Before scheduled trip start time",-1,10378,10379,8038
"Before scheduled trip start time",-1,2047,2048,8038
"Before scheduled trip start time",-1,542,543,8038
"Before scheduled trip start time",-1,25743,25744,8038
"Before scheduled trip start time",-1,2471,2472,8038
"Before scheduled trip start time",-1,51167,51168,8038
"Before scheduled trip start time",-1,19934,19935,8038
"Before scheduled trip start time",-1,66807,66808,8038
"Before scheduled trip start time",-1,300,301,8038
"Before scheduled trip start time",-1,25738,25739,8038
"Before scheduled trip start time",-1,657220,657221,8038
"Before scheduled trip start time",-1,71359,71360,8038
"Before scheduled trip start time",-1,5235,5236,8038
"Before scheduled trip start time",-1,9952,9953,8038
"Before scheduled trip start time",-1,9057,9058,8038
"Before scheduled trip start time",-1,62847,62848,8038
"Before scheduled trip start time",-1,31256,31257,8038
"Before scheduled trip start time",-1,19998,19999,8038
"Before scheduled trip start time",-1,35647,35648,8038
"Before scheduled trip start time",-1,666440,666441,8038
"Before scheduled trip start time",-1,61419,61420,8038
"Before scheduled trip start time",-1,1297,1298,8038
"Before scheduled trip start time",-1,1219,1220,8038
"Before scheduled trip start time",-1,6099,6100,8038
"Before scheduled trip start time",-1,3189,3190,8038
"Before scheduled trip start time",-1,37396,37397,8038
"Before scheduled trip start time",-1,22303,22304,8038
"Before scheduled trip start time",-1,673460,673461,8038
"Before scheduled trip start time",-1,56627,56628,8038
"Before scheduled trip start time",-1,674520,674521,8038
"Before scheduled trip start time",-1,46267,46268,8038
"Before scheduled trip start time",-1,658260,658261,8038
"Before scheduled trip start time",-1,68059,68060,8038
"Before scheduled trip start time",-1,1592,1593,8038
"Before scheduled trip start time",-1,47419,47420,8038
"Before scheduled trip start time",-1,197,198,8038
"Before scheduled trip start time",-1,686040,686041,8038
"Before scheduled trip start time",-1,40196,40197,8038
"Before scheduled trip start time",-1,1013,1014,8038
"Before scheduled trip start time",-1,1026,1027,8038
"Before scheduled trip start time",-1,667700,667701,8038
"Before scheduled trip start time",-1,667880,667881,8038
"Before scheduled trip start time",-1,45767,45768,8038
"Before scheduled trip start time",-1,76887,76888,8038
"Before scheduled trip start time",-1,70359,70360,8038
"Before scheduled trip start time",-1,30618,30619,8038
"Before scheduled trip start time",-1,32716,32717,8038
"Before scheduled trip start time",-1,1027,1028,8038
"Before scheduled trip start time",-1,18018,18019,8038
"Before scheduled trip start time",-1,19478,19479,8038
"Before scheduled trip start time",-1,66447,66448,8038
"Before scheduled trip start time",-1,67147,67148,8038
"Before scheduled trip start time",-1,33807,33808,8038
"Before scheduled trip start time",-1,68619,68620,8038
"Before scheduled trip start time",-1,2012,2013,8038
"Before scheduled trip start time",-1,1313,1314,8038
"Before scheduled trip start time",-1,501868,501869,8038
"Before scheduled trip start time",-1,479,480,8038
"Before scheduled trip start time",-1,28196,28197,8038
"Before scheduled trip start time",-1,39087,39088,8038
"Before scheduled trip start time",-1,30716,30717,8038
"Before scheduled trip start time",-1,62127,62128,8038
"Before scheduled trip start time",-1,143,144,8038
"Before scheduled trip start time",-1,666780,666781,8038
"Before scheduled trip start time",-1,6155,6156,8038
"Before scheduled trip start time",-1,7895,7896,8038
"Before scheduled trip start time",-1,74,75,8038
"Before scheduled trip start time",-1,48259,48260,8038
"Before scheduled trip start time",-1,218,219,8038
"Before scheduled trip start time",-1,662200,662201,8038
"Before scheduled trip start time",-1,190,191,8038
"Before scheduled trip start time",-1,689660,689661,8038
"Before scheduled trip start time",-1,1063,1064,8038
"Before scheduled trip start time",-1,80699,80700,8038
"Before scheduled trip start time",-1,10452,10453,8038
"Before scheduled trip start time",-1,12112,12113,8038
"Before scheduled trip start time",-1,217,218,8038
"Before scheduled trip start time",-1,49879,49880,8038
"Before scheduled trip start time",-1,67,68,8038
"Before scheduled trip start time",-1,54527,54528,8038
"Before scheduled trip start time",-1,3531,3532,8038
"Before scheduled trip start time",-1,662560,662561,8038
"Before scheduled trip start time",-1,40056,40057,8038
"Before scheduled trip start time",-1,1214,1215,8038
"Before scheduled trip start time",-1,377,378,8038
"Before scheduled trip start time",-1,4872,4873,8038
"Before scheduled trip start time",-1,29218,29219,8038
"Before scheduled trip start time",-1,18923,18924,8038
"Before scheduled trip start time",-1,27,28,8038
"Before scheduled trip start time",-1,14854,14855,8038
"Before scheduled trip start time",-1,687260,687261,8038
"Before scheduled trip start time",-1,72027,72028,8038
"Before scheduled trip start time",-1,66587,66588,8038
"Before scheduled trip start time",-1,74959,74960,8038
"Before scheduled trip start time",-1,71039,71040,8038
"Before scheduled trip start time",-1,992,993,8038
"Before scheduled trip start time",-1,6814,6815,8038
"Before scheduled trip start time",-1,7614,7615,8038
"Before scheduled trip start time",-1,26736,26737,8038
"Before scheduled trip start time",-1,62947,62948,8038
"Before scheduled trip start time",-1,65107,65108,8038
"Before scheduled trip start time",-1,48967,48968,8038
"Before scheduled trip start time",-1,674700,674701,8038
"Before scheduled trip start time",-1,20338,20339,8038
"Before scheduled trip start time",-1,28914,28915,8038
"Before scheduled trip start time",-1,1495,1496,8038
"Before scheduled trip start time",-1,7139,7140,8038
"Before scheduled trip start time",-1,5494,5495,8038
"Before scheduled trip start time",-1,1231,1232,8038
"Before scheduled trip start time",-1,660000,660001,8038
"Before scheduled trip start time",-1,493808,493809,8038
"Before scheduled trip start time",-1,44739,44740,8038
"Before scheduled trip start time",-1,20514,20515,8038
"Before scheduled trip start time",-1,658560,658561,8038
"Before scheduled trip start time",-1,5979,5980,8038
"Before scheduled trip start time",-1,1115,1116,8038
"Before scheduled trip start time",-1,1152,1153,8038
"Before scheduled trip start time",-1,20383,20384,8038
"Before scheduled trip start time",-1,37,38,8038
"Before scheduled trip start time",-1,24936,24937,8038
"Before scheduled trip start time",-1,688320,688321,8038
"Before scheduled trip start time",-1,672400,672401,8038
"Before scheduled trip start time",-1,42779,42780,8038
"Before scheduled trip start time",-1,16098,16099,8038
"Before scheduled trip start time",-1,507,508,8038
"Before scheduled trip start time",-1,5357,5358,8038
"Before scheduled trip start time",-1,498108,498109,8038
"Before scheduled trip start time",-1,15354,15355,8038
"Before scheduled trip start time",-1,47807,47808,8038
"Before scheduled trip start time",-1,37287,37288,8038
"Before scheduled trip start time",-1,494448,494449,8038
"Before scheduled trip start time",-1,34636,34637,8038
"Before scheduled trip start time",-1,62067,62068,8038
"Before scheduled trip start time",-1,46427,46428,8038
"Before scheduled trip start time",-1,62179,62180,8038
"Before scheduled trip start time",-1,9054,9055,8038
"Before scheduled trip start time",-1,2635,2636,8038
"Before scheduled trip start time",-1,106,107,8038
"Before scheduled trip start time",-1,369,370,8038
"Before scheduled trip start time",-1,967,968,8038
"Before scheduled trip start time",-1,30214,30215,8038
"Before scheduled trip start time",-1,309,310,8038
"Before scheduled trip start time",-1,668020,668021,8038
"Before scheduled trip start time",-1,669860,669861,8038
"Before scheduled trip start time",-1,28878,28879,8038
"Before scheduled trip start time",-1,3015,3016,8038
"Before scheduled trip start time",-1,2517,2518,8038
"Before scheduled trip start time",-1,64319,64320,8038
"Before scheduled trip start time",-1,332,333,8038
"Before scheduled trip start time",-1,56107,56108,8038
"Before scheduled trip start time",-1,678940,678941,8038
"Before scheduled trip start time",-1,492888,492889,8038
"Before scheduled trip start time",-1,54139,54140,8038
"Before scheduled trip start time",-1,507108,507109,8038
"Before scheduled trip start time",-1,59287,59288,8038
"Before scheduled trip start time",-1,684640,684641,8038
"Before scheduled trip start time",-1,76327,76328,8038
"Before scheduled trip start time",-1,562,563,8038
"Before scheduled trip start time",-1,35387,35388,8038
"Before scheduled trip start time",-1,658280,658281,8038
"Before scheduled trip start time",-1,664700,664701,8038
"Before scheduled trip start time",-1,28418,28419,8038
"Before scheduled trip start time",-1,5015,5016,8038
"Before scheduled trip start time",-1,515028,515029,8038
"Before scheduled trip start time",-1,1612,1613,8038
"Before scheduled trip start time",-1,6192,6193,8038
"Before scheduled trip start time",-1,1790,1791,8038
"Before scheduled trip start time",-1,334,335,8038
"Before scheduled trip start time",-1,13494,13495,8038
"Before scheduled trip start time",-1,292,293,8038
"Before scheduled trip start time",-1,56619,56620,8038
"Before scheduled trip start time",-1,58499,58500,8038
"Before scheduled trip start time",-1,672780,672781,8038
"Before scheduled trip start time",-1,55879,55880,8038
"Before scheduled trip start time",-1,59267,59268,8038
"Before scheduled trip start time",-1,34687,34688,8038
"Before scheduled trip start time",-1,77007,77008,8038
"Before scheduled trip start time",-1,399,400,8038
"Before scheduled trip start time",-1,46899,46900,8038
"Before scheduled trip start time",-1,15934,15935,8038
"Before scheduled trip start time",-1,37296,37297,8038
"Before scheduled trip start time",-1,51927,51928,8038
"Before scheduled trip start time",-1,663040,663041,8038
"Before scheduled trip start time",-1,20558,20559,8038
"Before scheduled trip start time",-1,60867,60868,8038
"Before scheduled trip start time",-1,688540,688541,8038
"Before scheduled trip start time",-1,240,241,8038
"Before scheduled trip start time",-1,659100,659101,8038
"Before scheduled trip start time",-1,704,705,8038
"Before scheduled trip start time",-1,10032,10033,8038
"Before scheduled trip start time",-1,65159,65160,8038
"Before scheduled trip start time",-1,53,54,8038
"Before scheduled trip start time",-1,48607,48608,8038
"Before scheduled trip start time",-1,43079,43080,8038
"Before scheduled trip start time",-1,17443,17444,8038
"Before scheduled trip start time",-1,506608,506609,8038
"Before scheduled trip start time",-1,33976,33977,8038
"Before scheduled trip start time",-1,24314,24315,8038
"Before scheduled trip start time",-1,68327,68328,8038
"Before scheduled trip start time",-1,74387,74388,8038
"Before scheduled trip start time",-1,14878,14879,8038
"Before scheduled trip start time",-1,70779,70780,8038
"Before scheduled trip start time",-1,944,945,8038
"Before scheduled trip start time",-1,5632,5633,8038
"Before scheduled trip start time",-1,32874,32875,8038
"Before scheduled trip start time",-1,12812,12813,8038
"Before scheduled trip start time",-1,2009,2010,8038
"Before scheduled trip start time",-1,497048,497049,8038
"Before scheduled trip start time",-1,507208,507209,8038
"Before scheduled trip start time",-1,41276,41277,8038
"Before scheduled trip start time",-1,26683,26684,8038
"Before scheduled trip start time",-1,24734,24735,8038
"Before scheduled trip start time",-1,1467,1468,8038
"Before scheduled trip start time",-1,656260,656261,8038
"Before scheduled trip start time",-1,663480,663481,8038
"Before scheduled trip start time",-1,569,570,8038
"Before scheduled trip start time",-1,6454,6455,8038
"Before scheduled trip start time",-1,4474,4475,8038
"Before scheduled trip start time",-1,48419,48420,8038
"Before scheduled trip start time",-1,732,733,8038
"Before scheduled trip start time",-1,56687,56688,8038
"Before scheduled trip start time",-1,1820,1821,8038
"Before scheduled trip start time",-1,42599,42600,8038
"Before scheduled trip start time",-1,854,855,8038
"Before scheduled trip start time",-1,659240,659241,8038
"Before scheduled trip start time",-1,2152,2153,8038
"Before scheduled trip start time",-1,7332,7333,8038
"Before scheduled trip start time",-1,499608,499609,8038
"Before scheduled trip start time",-1,13854,13855,8038
"Before scheduled trip start time",-1,38416,38417,8038
"Before scheduled trip start time",-1,2151,2152,8038
"Before scheduled trip start time",-1,31876,31877,8038
"Before scheduled trip start time",-1,16583,16584,8038
"Before scheduled trip start time",-1,17943,17944,8038
"Before scheduled trip start time",-1,26563,26564,8038
"Before scheduled trip start time",-1,34516,34517,8038
"Before scheduled trip start time",-1,689780,689781,8038
"Before scheduled trip start time",-1,27354,27355,8038
"Before scheduled trip start time",-1,826,827,8038
"Before scheduled trip start time",-1,658640,658641,8038
"Before scheduled trip start time",-1,567,568,8038
"Before scheduled trip start time",-1,12158,12159,8038
"Before scheduled trip start time",-1,20774,20775,8038
"Before scheduled trip start time",-1,45747,45748,8038
"Before scheduled trip start time",-1,42767,42768,8038
"Before scheduled trip start time",-1,52279,52280,8038
"Before scheduled trip start time",-1,504268,504269,8038
"Before scheduled trip start time",-1,26334,26335,8038
"Before scheduled trip start time",-1,1048,1049,8038
"Before scheduled trip start time",-1,664760,664761,8038
"Before scheduled trip start time",-1,10215,10216,8038
"Before scheduled trip start time",-1,1649,1650,8038
"Before scheduled trip start time",-1,2474,2475,8038
"Before scheduled trip start time",-1,5994,5995,8038
"Before scheduled trip start time",-1,22503,22504,8038
"Before scheduled trip start time",-1,680120,680121,8038
"Before scheduled trip start time",-1,676700,676701,8038
"Before scheduled trip start time",-1,1120,1121,8038
"Before scheduled trip start time",-1,503768,503769,8038
"Before scheduled trip start time",-1,363,364,8038
"Before scheduled trip start time",-1,60779,60780,8038
"Before scheduled trip start time",-1,1634,1635,8038
"Before scheduled trip start time",-1,7697,7698,8038
"Before scheduled trip start time",-1,688040,688041,8038
"Before scheduled trip start time",-1,52347,52348,8038
"Before scheduled trip start time",-1,662720,662721,8038
"Before scheduled trip start time",-1,2100,2101,8038
"Before scheduled trip start time",-1,128,129,8038
"Before scheduled trip start time",-1,908,909,8038
"Before scheduled trip start time",-1,24718,24719,8038
"Before scheduled trip start time",-1,15158,15159,8038
"Before scheduled trip start time",-1,665440,665441,8038
"Before scheduled trip start time",-1,665980,665981,8038
"Before scheduled trip start time",-1,4237,4238,8038
"Before scheduled trip start time",-1,1908,1909,8038
"Before scheduled trip start time",-1,9094,9095,8038
"Before scheduled trip start time",-1,2435,2436,8038
"Before scheduled trip start time",-1,2674,2675,8038
"Before scheduled trip start time",-1,997,998,8038
"Before scheduled trip start time",-1,7114,7115,8038
"Before scheduled trip start time",-1,12452,12453,8038
"Before scheduled trip start time",-1,515648,515649,8038
"Before scheduled trip start time",-1,26336,26337,8038
"Before scheduled trip start time",-1,2071,2072,8038
"Before scheduled trip start time",-1,58507,58508,8038
"Before scheduled trip start time",-1,40396,40397,8038
"Before scheduled trip start time",-1,129,130,8038
"Before scheduled trip start time",-1,34536,34537,8038
"Before scheduled trip start time",-1,24614,24615,8038
"Before scheduled trip start time",-1,211,212,8038
"Before scheduled trip start time",-1,75647,75648,8038
"Before scheduled trip start time",-1,658320,658321,8038
"Before scheduled trip start time",-1,36467,36468,8038
"Before scheduled trip start time",-1,665240,665241,8038
"Before scheduled trip start time",-1,60179,60180,8038
"Before scheduled trip start time",-1,61039,61040,8038
"Before scheduled trip start time",-1,1179,1180,8038
"Before scheduled trip start time",-1,51707,51708,8038
"Before scheduled trip start time",-1,504628,504629,8038
"Before scheduled trip start time",-1,32196,32197,8038
"Before scheduled trip start time",-1,70027,70028,8038
"Before scheduled trip start time",-1,681960,681961,8038
"Before scheduled trip start time",-1,280,281,8038
"Before scheduled trip start time",-1,44587,44588,8038
"Before scheduled trip start time",-1,412,413,8038
"Before scheduled trip start time",-1,7534,7535,8038
"Before scheduled trip start time",-1,1539,1540,8038
"Before scheduled trip start time",-1,1441,1442,8038
"Before scheduled trip start time",-1,498708,498709,8038
"Before scheduled trip start time",-1,212,213,8038
"Before scheduled trip start time",-1,58899,58900,8038
"Before scheduled trip start time",-1,671660,671661,8038
"Before scheduled trip start time",-1,678140,678141,8038
"Before scheduled trip start time",-1,56867,56868,8038
"Before scheduled trip start time",-1,42879,42880,8038
"Before scheduled trip start time",-1,504828,504829,8038
"Before scheduled trip start time",-1,505208,505209,8038
"Before scheduled trip start time",-1,36587,36588,8038
"Before scheduled trip start time",-1,42007,42008,8038
"Before scheduled trip start time",-1,851,852,8038
"Before scheduled trip start time",-1,28358,28359,8038
"Before scheduled trip start time",-1,1899,1900,8038
"Before scheduled trip start time",-1,1895,1896,8038
"Before scheduled trip start time",-1,3239,3240,8038
"Before scheduled trip start time",-1,3859,3860,8038
"Before scheduled trip start time",-1,664,665,8038
"Before scheduled trip start time",-1,25576,25577,8038
"Before scheduled trip start time",-1,678760,678761,8038
"Before scheduled trip start time",-1,52167,52168,8038
"Before scheduled trip start time",-1,675580,675581,8038
"Before scheduled trip start time",-1,34336,34337,8038
"Before scheduled trip start time",-1,61687,61688,8038
"Before scheduled trip start time",-1,104,105,8038
"Before scheduled trip start time",-1,1314,1315,8038
"Before scheduled trip start time",-1,43487,43488,8038
"Before scheduled trip start time",-1,900,901,8038
"Before scheduled trip start time",-1,3359,3360,8038
"Before scheduled trip start time",-1,7179,7180,8038
"Before scheduled trip start time",-1,4855,4856,8038
"Before scheduled trip start time",-1,18823,18824,8038
"Before scheduled trip start time",-1,501128,501129,8038
"Before scheduled trip start time",-1,59859,59860,8038
"Before scheduled trip start time",-1,2391,2392,8038
"Before scheduled trip start time",-1,662900,662901,8038
"Before scheduled trip start time",-1,503848,503849,8038
"Before scheduled trip start time",-1,73827,73828,8038
"Before scheduled trip start time",-1,666980,666981,8038
"Before scheduled trip start time",-1,2337,2338,8038
"Before scheduled trip start time",-1,2879,2880,8038
"Before scheduled trip start time",-1,8115,8116,8038
"Before scheduled trip start time",-1,7232,7233,8038
"Before scheduled trip start time",-1,31243,31244,8038
"Before scheduled trip start time",-1,672300,672301,8038
"Before scheduled trip start time",-1,45,46,8038
"Before scheduled trip start time",-1,55239,55240,8038
"Before scheduled trip start time",-1,683200,683201,8038
"Before scheduled trip start time",-1,28574,28575,8038
"Before scheduled trip start time",-1,33907,33908,8038
"Before scheduled trip start time",-1,666460,666461,8038
"Before scheduled trip start time",-1,44067,44068,8038
"Before scheduled trip start time",-1,1609,1610,8038
"During scheduled trip",-1,2906,2907,291
"During scheduled trip",-1,2753,2754,291
"During scheduled trip",-1,530,531,291
"During scheduled trip",-1,482,483,291
"During scheduled trip",-1,1,2,291
"During scheduled trip",-1,423,424,291
"During scheduled trip",-1,4971,4972,291
"During scheduled trip",-1,567,568,291
"During scheduled trip",-1,849,850,291
"During scheduled trip",-1,2880,2881,291
"During scheduled trip",-1,4927,4928,291
"During scheduled trip",-1,194,195,291
"During scheduled trip",-1,163,164,291
"During scheduled trip",-1,113,114,291
"During scheduled trip",-1,401,402,291
"During scheduled trip",-1,926,927,291
"During scheduled trip",-1,1693,1694,291
"During scheduled trip",-1,1030,1031,291
"During scheduled trip",-1,842,843,291
"During scheduled trip",-1,444,445,291
"During scheduled trip",-1,803,804,291
"During scheduled trip",-1,1257,1258,291
"During scheduled trip",-1,519348,519349,291
"During scheduled trip",-1,2074,2075,291
"During scheduled trip",-1,4351,4352,291
"During scheduled trip",-1,825,826,291
"During scheduled trip",-1,382,383,291
"During scheduled trip",-1,1021,1022,291
"During scheduled trip",-1,42,43,291
"During scheduled trip",-1,1051,1052,291
"During scheduled trip",-1,274,275,291
"During scheduled trip",-1,1171,1172,291
"During scheduled trip",-1,473,474,291
"During scheduled trip",-1,3220,3221,291
"During scheduled trip",-1,844,845,291
"During scheduled trip",-1,231,232,291
"During scheduled trip",-1,1212,1213,291
"During scheduled trip",-1,15,16,291
"During scheduled trip",-1,257,258,291
"During scheduled trip",-1,589,590,291
"During scheduled trip",-1,548,549,291
"During scheduled trip",-1,847,848,291
"During scheduled trip",-1,1568,1569,291
"During scheduled trip",-1,353,354,291
"During scheduled trip",-1,332,333,291
"During scheduled trip",-1,516128,516129,291
"During scheduled trip",-1,949,950,291
"During scheduled trip",-1,1210,1211,291
"During scheduled trip",-1,10,11,291
"During scheduled trip",-1,400,401,291
"During scheduled trip",-1,692,693,291
"During scheduled trip",-1,449,450,291
"During scheduled trip",-1,1093,1094,291
"During scheduled trip",-1,3058,3059,291
"During scheduled trip",-1,572,573,291
"During scheduled trip",-1,4987,4988,291
"During scheduled trip",-1,540,541,291
"During scheduled trip",-1,350,351,291
"During scheduled trip",-1,870,871,291
"During scheduled trip",-1,195,196,291
"During scheduled trip",-1,1457,1458,291
"During scheduled trip",-1,3171,3172,291
"During scheduled trip",-1,438,439,291
"During scheduled trip",-1,684,685,291
"During scheduled trip",-1,31,32,291
"During scheduled trip",-1,339,340,291
"During scheduled trip",-1,1706,1707,291
"During scheduled trip",-1,2691,2692,291
"During scheduled trip",-1,2430,2431,291
"During scheduled trip",-1,2151,2152,291
"During scheduled trip",-1,1209,1210,291
"During scheduled trip",-1,1991,1992,291
"During scheduled trip",-1,2131,2132,291
"During scheduled trip",-1,948,949,291
"During scheduled trip",-1,2867,2868,291
"During scheduled trip",-1,519388,519389,291
"During scheduled trip",-1,405,406,291
"During scheduled trip",-1,628,629,291
"During scheduled trip",-1,2354,2355,291
"During scheduled trip",-1,1026,1027,291
"During scheduled trip",-1,555,556,291
"During scheduled trip",-1,1068,1069,291
"During scheduled trip",-1,2227,2228,291
"During scheduled trip",-1,157,158,291
"During scheduled trip",-1,1293,1294,291
"During scheduled trip",-1,301,302,291
"During scheduled trip",-1,292,293,291
"During scheduled trip",-1,281,282,291
"During scheduled trip",-1,187,188,291
"During scheduled trip",-1,2417,2418,291
"During scheduled trip",-1,429,430,291
"During scheduled trip",-1,1638,1639,291
"During scheduled trip",-1,-1,0,291
"During scheduled trip",-1,344,345,291
"During scheduled trip",-1,483,484,291
"During scheduled trip",-1,155,156,291
"During scheduled trip",-1,235,236,291
"During scheduled trip",-1,304,305,291
"During scheduled trip",-1,1500,1501,291
"During scheduled trip",-1,2181,2182,291
"During scheduled trip",-1,994,995,291
"During scheduled trip",-1,709,710,291
"During scheduled trip",-1,1214,1215,291
"During scheduled trip",-1,2667,2668,291
"During scheduled trip",-1,153,154,291
"During scheduled trip",-1,1477,1478,291
"During scheduled trip",-1,1917,1918,291
"During scheduled trip",-1,440,441,291
"During scheduled trip",-1,55,56,291
"During scheduled trip",-1,169,170,291
"During scheduled trip",-1,1010,1011,291
"During scheduled trip",-1,412,413,291
"During scheduled trip",-1,2054,2055,291
"During scheduled trip",-1,19,20,291
"During scheduled trip",-1,260,261,291
"During scheduled trip",-1,-12,-11,291
"During scheduled trip",-1,1630,1631,291
"During scheduled trip",-1,656,657,291
"During scheduled trip",-1,1606,1607,291
"During scheduled trip",-1,2138,2139,291
"During scheduled trip",-1,517848,517849,291
"During scheduled trip",-1,447,448,291
"During scheduled trip",-1,360,361,291
"During scheduled trip",-1,820,821,291
"During scheduled trip",-1,1039,1040,291
"During scheduled trip",-1,1480,1481,291
"During scheduled trip",-1,631,632,291
"During scheduled trip",-1,1205,1206,291
"During scheduled trip",-1,1172,1173,291
"During scheduled trip",-1,93,94,291
"During scheduled trip",-1,376,377,291
"During scheduled trip",-1,3138,3139,291
"During scheduled trip",-1,2711,2712,291
"During scheduled trip",-1,361,362,291
"During scheduled trip",-1,75,76,291
"During scheduled trip",-1,453,454,291
"During scheduled trip",-1,228,229,291
"During scheduled trip",-1,3158,3159,291
"During scheduled trip",-1,2628,2629,291
"During scheduled trip",-1,1389,1390,291
"During scheduled trip",-1,26,27,291
"During scheduled trip",-1,61,62,291
"During scheduled trip",-1,1708,1709,291
"During scheduled trip",-1,2491,2492,291
"During scheduled trip",-1,1239,1240,291
"During scheduled trip",-1,9,10,291
"During scheduled trip",-1,306,307,291
"During scheduled trip",-1,1472,1473,291
"During scheduled trip",-1,18,19,291
"During scheduled trip",-1,593,594,291
"During scheduled trip",-1,640,641,291
"During scheduled trip",-1,1012,1013,291
"During scheduled trip",-1,1071,1072,291
"During scheduled trip",-1,476,477,291
"During scheduled trip",-1,3371,3372,291
"During scheduled trip",-1,1539,1540,291
"During scheduled trip",-1,892,893,291
"During scheduled trip",-1,352,353,291
"During scheduled trip",-1,1761,1762,291
"During scheduled trip",-1,47,48,291
"During scheduled trip",-1,185,186,291
"During scheduled trip",-1,729,730,291
"During scheduled trip",-1,208,209,291
"During scheduled trip",-1,2017,2018,291
"During scheduled trip",-1,1641,1642,291
"During scheduled trip",-1,974,975,291
"During scheduled trip",-1,645,646,291
"During scheduled trip",-1,491,492,291
"During scheduled trip",-1,388,389,291
"During scheduled trip",-1,1380,1381,291
"During scheduled trip",-1,4447,4448,291
"During scheduled trip",-1,544,545,291
"During scheduled trip",-1,795,796,291
"During scheduled trip",-1,1572,1573,291
"During scheduled trip",-1,3611,3612,291
"During scheduled trip",-1,518988,518989,291
"During scheduled trip",-1,385,386,291
"During scheduled trip",-1,749,750,291
"During scheduled trip",-1,2001,2002,291
"During scheduled trip",-1,11,12,291
"During scheduled trip",-1,-14,-13,291
"During scheduled trip",-1,402,403,291
"During scheduled trip",-1,1711,1712,291
"During scheduled trip",-1,800,801,291
"During scheduled trip",-1,1360,1361,291
"During scheduled trip",-1,220,221,291
"During scheduled trip",-1,372,373,291
"During scheduled trip",-1,517508,517509,291
"During scheduled trip",-1,845,846,291
"During scheduled trip",-1,586,587,291
"During scheduled trip",-1,2073,2074,291
"During scheduled trip",-1,1577,1578,291
"During scheduled trip",-1,3031,3032,291
"During scheduled trip",-1,1668,1669,291
"During scheduled trip",-1,266,267,291
"During scheduled trip",-1,517348,517349,291
"During scheduled trip",-1,879,880,291
"During scheduled trip",-1,2280,2281,291
"During scheduled trip",-1,283,284,291
"During scheduled trip",-1,-15,-14,291
"During scheduled trip",-1,1892,1893,291
"During scheduled trip",-1,204,205,291
"During scheduled trip",-1,1509,1510,291
"During scheduled trip",-1,1763,1764,291
"During scheduled trip",-1,378,379,291
"During scheduled trip",-1,815,816,291
"During scheduled trip",-1,980,981,291
"During scheduled trip",-1,13,14,291
"During scheduled trip",-1,583,584,291
"During scheduled trip",-1,2727,2728,291
"During scheduled trip",-1,1391,1392,291
"During scheduled trip",-1,316,317,291
"During scheduled trip",-1,14532,14533,291
"During scheduled trip",-1,14692,14693,291
"During scheduled trip",-1,162,163,291
"During scheduled trip",-1,164,165,291
"During scheduled trip",-1,1931,1932,291
"During scheduled trip",-1,494,495,291
"During scheduled trip",-1,1479,1480,291
"During scheduled trip",-1,365,366,291
"During scheduled trip",-1,1333,1334,291
"During scheduled trip",-1,1906,1907,291
"During scheduled trip",-1,759,760,291
"During scheduled trip",-1,2873,2874,291
"During scheduled trip",-1,581,582,291
"During scheduled trip",-1,2360,2361,291
"During scheduled trip",-1,1714,1715,291
"During scheduled trip",-1,106,107,291
"During scheduled trip",-1,393,394,291
"During scheduled trip",-1,2738,2739,291
"During scheduled trip",-1,87,88,291
"During scheduled trip",-1,233,234,291
"During scheduled trip",-1,1131,1132,291
"During scheduled trip",-1,773,774,291
"During scheduled trip",-1,1419,1420,291
"During scheduled trip",-1,2274,2275,291
"During scheduled trip",-1,1860,1861,291
"During scheduled trip",-1,5647,5648,291
"During scheduled trip",-1,481,482,291
"During scheduled trip",-1,988,989,291
"During scheduled trip",-1,1594,1595,291
"During scheduled trip",-1,1857,1858,291
"During scheduled trip",-1,1201,1202,291
"During scheduled trip",-1,NA,NA,291
"During scheduled trip",-1,2586,2587,291
"During scheduled trip",-1,884,885,291
"During scheduled trip",-1,816,817,291
"During scheduled trip",-1,0,1,291
"During scheduled trip",-1,12,13,291
"During scheduled trip",-1,1213,1214,291
"During scheduled trip",-1,443,444,291
"During scheduled trip",-1,381,382,291
"During scheduled trip",-1,722,723,291
"During scheduled trip",-1,720,721,291
"During scheduled trip",-1,129,130,291
"During scheduled trip",-1,2371,2372,291
"During scheduled trip",-1,1291,1292,291
"During scheduled trip",-1,2,3,291
"During scheduled trip",-1,1268,1269,291
"During scheduled trip",-1,2386,2387,291
"During scheduled trip",-1,2153,2154,291
"During scheduled trip",-1,1414,1415,291
"During scheduled trip",-1,91,92,291
"During scheduled trip",-1,496,497,291
"During scheduled trip",-1,569,570,291
"During scheduled trip",-1,791,792,291
"During scheduled trip",-1,1460,1461,291
"During scheduled trip",-1,1611,1612,291
"During scheduled trip",-1,615,616,291
"During scheduled trip",-1,1750,1751,291
"During scheduled trip",-1,2410,2411,291
"During scheduled trip",-1,2072,2073,291
"During scheduled trip",-1,2607,2608,291
"During scheduled trip",-1,5507,5508,291
"During scheduled trip",-1,221,222,291
"During scheduled trip",-1,868,869,291
"During scheduled trip",-1,745,746,291
"During scheduled trip",-1,251,252,291
"During scheduled trip",-1,479,480,291
"During scheduled trip",-1,-17,-16,291
"During scheduled trip",-1,3107,3108,291
"During scheduled trip",-1,326,327,291
"During scheduled trip",-1,1618,1619,291
"During scheduled trip",-1,517208,517209,291
"During scheduled trip",-1,63,64,291
"During scheduled trip",-1,182,183,291
"During scheduled trip",-1,198,199,291
"During scheduled trip",-1,810,811,291
"During scheduled trip",-1,2813,2814,291
"During scheduled trip",-1,1032,1033,291
"During scheduled trip",-1,663,664,291
"During scheduled trip",-1,523,524,291
"During scheduled trip",-1,119,120,291
"During scheduled trip",-1,86,87,291
"During scheduled trip",-1,252,253,291
"During scheduled trip",-1,140,141,291
"During scheduled trip",-1,909,910,291
"During scheduled trip",-1,725,726,291
"During scheduled trip",-1,897,898,291
"During scheduled trip",-1,1717,1718,291
"During scheduled trip",-1,200,201,291
"During scheduled trip",-1,209,210,291
"During scheduled trip",-1,2918,2919,291
"During scheduled trip",-1,2111,2112,291
"During scheduled trip",-1,92,93,291
"During scheduled trip",-1,2407,2408,291
"During scheduled trip",-1,1134,1135,291
"During scheduled trip",-1,2967,2968,291
"During scheduled trip",-1,320,321,291
"During scheduled trip",-1,156,157,291
"During scheduled trip",-1,255,256,291
"During scheduled trip",-1,397,398,291
"During scheduled trip",-1,1698,1699,291
"During scheduled trip",-1,1773,1774,291
"During scheduled trip",-1,776,777,291
"During scheduled trip",-1,2951,2952,291
"During scheduled trip",-1,1104,1105,291
"During scheduled trip",-1,263,264,291
"During scheduled trip",-1,512,513,291
"During scheduled trip",-1,1548,1549,291
"During scheduled trip",-1,866,867,291
"During scheduled trip",-1,2626,2627,291
"During scheduled trip",-1,2173,2174,291
"During scheduled trip",-1,1541,1542,291
"During scheduled trip",-1,1045,1046,291
"During scheduled trip",-1,59,60,291
"During scheduled trip",-1,431,432,291
"During scheduled trip",-1,3851,3852,291
"During scheduled trip",-1,35,36,291
"During scheduled trip",-1,133,134,291
"During scheduled trip",-1,302,303,291
"During scheduled trip",-1,421,422,291
"During scheduled trip",-1,576,577,291
"During scheduled trip",-1,14972,14973,291
"During scheduled trip",-1,757,758,291
"During scheduled trip",-1,4691,4692,291
"During scheduled trip",-1,470,471,291
"During scheduled trip",-1,77,78,291
"During scheduled trip",-1,6287,6288,291
"During scheduled trip",-1,1589,1590,291
"During scheduled trip",-1,840,841,291
"During scheduled trip",-1,2440,2441,291
"During scheduled trip",-1,1432,1433,291
"During scheduled trip",-1,4487,4488,291
"During scheduled trip",-1,651,652,291
"During scheduled trip",-1,883,884,291
"During scheduled trip",-1,746,747,291
"During scheduled trip",-1,210,211,291
"During scheduled trip",-1,578,579,291
"During scheduled trip",-1,2058,2059,291
"During scheduled trip",-1,2437,2438,291
"During scheduled trip",-1,668,669,291
"During scheduled trip",-1,1111,1112,291
"During scheduled trip",-1,1174,1175,291
"During scheduled trip",-1,609,610,291
"During scheduled trip",-1,957,958,291
"During scheduled trip",-1,1359,1360,291
"During scheduled trip",-1,1200,1201,291
"During scheduled trip",-1,1660,1661,291
"During scheduled trip",-1,938,939,291
"During scheduled trip",-1,73,74,291
"During scheduled trip",-1,549,550,291
"During scheduled trip",-1,673,674,291
"During scheduled trip",-1,2113,2114,291
"During scheduled trip",-1,505,506,291
"During scheduled trip",-1,1661,1662,291
"During scheduled trip",-1,903,904,291
"During scheduled trip",-1,1820,1821,291
"During scheduled trip",-1,232,233,291
"During scheduled trip",-1,893,894,291
"During scheduled trip",-1,1452,1453,291
"During scheduled trip",-1,78,79,291
"During scheduled trip",-1,1062,1063,291
"During scheduled trip",-1,96,97,291
"During scheduled trip",-1,6747,6748,291
"During scheduled trip",-1,717,718,291
"During scheduled trip",-1,940,941,291
"During scheduled trip",-1,2827,2828,291
"During scheduled trip",-1,1609,1610,291
"During scheduled trip",-1,437,438,291
"During scheduled trip",-1,4031,4032,291
"During scheduled trip",-1,2557,2558,291
"During scheduled trip",-1,2576,2577,291
"During scheduled trip",-1,1228,1229,291
"During scheduled trip",-1,500,501,291
"During scheduled trip",-1,597,598,291
"During scheduled trip",-1,3071,3072,291
"During scheduled trip",-1,2731,2732,291
"During scheduled trip",-1,3511,3512,291
"During scheduled trip",-1,1199,1200,291
"During scheduled trip",-1,1240,1241,291
"During scheduled trip",-1,2290,2291,291
"During scheduled trip",-1,2547,2548,291
"During scheduled trip",-1,646,647,291
"During scheduled trip",-1,358,359,291
"During scheduled trip",-1,545,546,291
"During scheduled trip",-1,1937,1938,291
"During scheduled trip",-1,277,278,291
"During scheduled trip",-1,328,329,291
"During scheduled trip",-1,638,639,291
"During scheduled trip",-1,817,818,291
"During scheduled trip",-1,648,649,291
"During scheduled trip",-1,1891,1892,291
"During scheduled trip",-1,14772,14773,291
"During scheduled trip",-1,84,85,291
"During scheduled trip",-1,596,597,291
"During scheduled trip",-1,6007,6008,291
"During scheduled trip",-1,3131,3132,291
"During scheduled trip",-1,911,912,291
"During scheduled trip",-1,489,490,291
"During scheduled trip",-1,253,254,291
"During scheduled trip",-1,167,168,291
"During scheduled trip",-1,2658,2659,291
"During scheduled trip",-1,2081,2082,291
"During scheduled trip",-1,1013,1014,291
"During scheduled trip",-1,124,125,291
"During scheduled trip",-1,1249,1250,291
"During scheduled trip",-1,854,855,291
"During scheduled trip",-1,1292,1293,291
"During scheduled trip",-1,380,381,291
"During scheduled trip",-1,311,312,291
"During scheduled trip",-1,1246,1247,291
"During scheduled trip",-1,2706,2707,291
"During scheduled trip",-1,623,624,291
"During scheduled trip",-1,2580,2581,291
"During scheduled trip",-1,1620,1621,291
"During scheduled trip",-1,924,925,291
"During scheduled trip",-1,458,459,291
"During scheduled trip",-1,1646,1647,291
"During scheduled trip",-1,436,437,291
"During scheduled trip",-1,516268,516269,291
"During scheduled trip",-1,984,985,291
"During scheduled trip",-1,972,973,291
"During scheduled trip",-1,409,410,291
"During scheduled trip",-1,1151,1152,291
"During scheduled trip",-1,2059,2060,291
"During scheduled trip",-1,674,675,291
"During scheduled trip",-1,1208,1209,291
"During scheduled trip",-1,1574,1575,291
"During scheduled trip",-1,1234,1235,291
"During scheduled trip",-1,2911,2912,291
"During scheduled trip",-1,2353,2354,291
"During scheduled trip",-1,1319,1320,291
"During scheduled trip",-1,225,226,291
"During scheduled trip",-1,146,147,291
"During scheduled trip",-1,419,420,291
"During scheduled trip",-1,919,920,291
"During scheduled trip",-1,1065,1066,291
"During scheduled trip",-1,88,89,291
"During scheduled trip",-1,466,467,291
"During scheduled trip",-1,1056,1057,291
"During scheduled trip",-1,3271,3272,291
"During scheduled trip",-1,860,861,291
"During scheduled trip",-1,44,45,291
"During scheduled trip",-1,215,216,291
"During scheduled trip",-1,314,315,291
"During scheduled trip",-1,978,979,291
"During scheduled trip",-1,2573,2574,291
"During scheduled trip",-1,1821,1822,291
"During scheduled trip",-1,516288,516289,291
"During scheduled trip",-1,475,476,291
"During scheduled trip",-1,-11,-10,291
"During scheduled trip",-1,1211,1212,291
"During scheduled trip",-1,7,8,291
"During scheduled trip",-1,342,343,291
"During scheduled trip",-1,744,745,291
"During scheduled trip",-1,2506,2507,291
"During scheduled trip",-1,1933,1934,291
"During scheduled trip",-1,2193,2194,291
"During scheduled trip",-1,398,399,291
"During scheduled trip",-1,836,837,291
"During scheduled trip",-1,4807,4808,291
"During scheduled trip",-1,607,608,291
"During scheduled trip",-1,410,411,291
"During scheduled trip",-1,4451,4452,291
"During scheduled trip",-1,5347,5348,291
"During scheduled trip",-1,1169,1170,291
"During scheduled trip",-1,621,622,291
"During scheduled trip",-1,1569,1570,291
"During scheduled trip",-1,1061,1062,291
"During scheduled trip",-1,996,997,291
"During scheduled trip",-1,72,73,291
"During scheduled trip",-1,1683,1684,291
"During scheduled trip",-1,560,561,291
"During scheduled trip",-1,1644,1645,291
"During scheduled trip",-1,99,100,291
"During scheduled trip",-1,317,318,291
"During scheduled trip",-1,201,202,291
"During scheduled trip",-1,1048,1049,291
"During scheduled trip",-1,45,46,291
"During scheduled trip",-1,4187,4188,291
"During scheduled trip",-1,3018,3019,291
"During scheduled trip",-1,1128,1129,291
"During scheduled trip",-1,85224,85225,291
"During scheduled trip",-1,3587,3588,291
"During scheduled trip",-1,244,245,291
"During scheduled trip",-1,2211,2212,291
"During scheduled trip",-1,734,735,291
"During scheduled trip",-1,3731,3732,291
"During scheduled trip",-1,3320,3321,291
"During scheduled trip",-1,74,75,291
"During scheduled trip",-1,457,458,291
"During scheduled trip",-1,5807,5808,291
"During scheduled trip",-1,493,494,291
"During scheduled trip",-1,721,722,291
"During scheduled trip",-1,639,640,291
"During scheduled trip",-1,14,15,291
"During scheduled trip",-1,105,106,291
"During scheduled trip",-1,2306,2307,291
"During scheduled trip",-1,1871,1872,291
"During scheduled trip",-1,1031,1032,291
"During scheduled trip",-1,100,101,291
"During scheduled trip",-1,242,243,291
"During scheduled trip",-1,2726,2727,291
"During scheduled trip",-1,764,765,291
"During scheduled trip",-1,1250,1251,291
"During scheduled trip",-1,2966,2967,291
"During scheduled trip",-1,1657,1658,291
"During scheduled trip",-1,25,26,291
"During scheduled trip",-1,891,892,291
"During scheduled trip",-1,432,433,291
"During scheduled trip",-1,724,725,291
"During scheduled trip",-1,1784,1785,291
"During scheduled trip",-1,2367,2368,291
"During scheduled trip",-1,4011,4012,291
"During scheduled trip",-1,863,864,291
"During scheduled trip",-1,2611,2612,291
"During scheduled trip",-1,518768,518769,291
"During scheduled trip",-1,644,645,291
"During scheduled trip",-1,1473,1474,291
"During scheduled trip",-1,1566,1567,291
"During scheduled trip",-1,1571,1572,291
"During scheduled trip",-1,268,269,291
"During scheduled trip",-1,1997,1998,291
"During scheduled trip",-1,2201,2202,291
"During scheduled trip",-1,83,84,291
"During scheduled trip",-1,3427,3428,291
"During scheduled trip",-1,2786,2787,291
"During scheduled trip",-1,248,249,291
"During scheduled trip",-1,568,569,291
"During scheduled trip",-1,738,739,291
"During scheduled trip",-1,1490,1491,291
"During scheduled trip",-1,1651,1652,291
"During scheduled trip",-1,2673,2674,291
"During scheduled trip",-1,2537,2538,291
"During scheduled trip",-1,1122,1123,291
"During scheduled trip",-1,1353,1354,291
"During scheduled trip",-1,1351,1352,291
"During scheduled trip",-1,464,465,291
"During scheduled trip",-1,178,179,291
"During scheduled trip",-1,6227,6228,291
"During scheduled trip",-1,979,980,291
"During scheduled trip",-1,702,703,291
"During scheduled trip",-1,375,376,291
"During scheduled trip",-1,2886,2887,291
"During scheduled trip",-1,51,52,291
"During scheduled trip",-1,2613,2614,291
"During scheduled trip",-1,108,109,291
"During scheduled trip",-1,2493,2494,291
"During scheduled trip",-1,2751,2752,291
"During scheduled trip",-1,2200,2201,291
"During scheduled trip",-1,130,131,291
"During scheduled trip",-1,618,619,291
"During scheduled trip",-1,468,469,291
"During scheduled trip",-1,1700,1701,291
"During scheduled trip",-1,2180,2181,291
"During scheduled trip",-1,2052,2053,291
"During scheduled trip",-1,57,58,291
"During scheduled trip",-1,134,135,291
"During scheduled trip",-1,2634,2635,291
"During scheduled trip",-1,4891,4892,291
"During scheduled trip",-1,3871,3872,291
"During scheduled trip",-1,999,1000,291
"During scheduled trip",-1,1741,1742,291
"During scheduled trip",-1,4151,4152,291
"During scheduled trip",-1,516488,516489,291
"During scheduled trip",-1,224,225,291
"During scheduled trip",-1,487,488,291
"During scheduled trip",-1,180,181,291
"During scheduled trip",-1,2671,2672,291
"During scheduled trip",-1,2194,2195,291
"During scheduled trip",-1,403,404,291
"During scheduled trip",-1,2317,2318,291
"During scheduled trip",-1,2034,2035,291
"During scheduled trip",-1,116,117,291
"During scheduled trip",-1,959,960,291
"During scheduled trip",-1,1008,1009,291
"During scheduled trip",-1,1520,1521,291
"During scheduled trip",-1,742,743,291
"During scheduled trip",-1,22,23,291
"During scheduled trip",-1,17,18,291
"During scheduled trip",-1,2887,2888,291
"During scheduled trip",-1,678,679,291
"During scheduled trip",-1,1278,1279,291
"During scheduled trip",-1,517588,517589,291
"During scheduled trip",-1,53,54,291
"During scheduled trip",-1,226,227,291
"During scheduled trip",-1,2287,2288,291
"During scheduled trip",-1,872,873,291
"During scheduled trip",-1,236,237,291
"During scheduled trip",-1,4771,4772,291
"During scheduled trip",-1,629,630,291
"During scheduled trip",-1,1400,1401,291
"During scheduled trip",-1,441,442,291
"During scheduled trip",-1,1320,1321,291
"During scheduled trip",-1,711,712,291
"During scheduled trip",-1,5747,5748,291
"During scheduled trip",-1,4471,4472,291
"During scheduled trip",-1,763,764,291
"During scheduled trip",-1,5847,5848,291
"During scheduled trip",-1,833,834,291
"During scheduled trip",-1,36,37,291
"During scheduled trip",-1,2011,2012,291
"During scheduled trip",-1,3711,3712,291
"During scheduled trip",-1,4951,4952,291
"During scheduled trip",-1,2020,2021,291
"During scheduled trip",-1,6527,6528,291
"During scheduled trip",-1,649,650,291
"During scheduled trip",-1,307,308,291
"During scheduled trip",-1,463,464,291
"During scheduled trip",-1,511,512,291
"During scheduled trip",-1,659,660,291
"During scheduled trip",-1,33,34,291
"During scheduled trip",-1,1090,1091,291
"During scheduled trip",-1,2651,2652,291
"During scheduled trip",-1,1280,1281,291
"During scheduled trip",-1,309,310,291
"During scheduled trip",-1,3311,3312,291
"During scheduled trip",-1,895,896,291
"During scheduled trip",-1,643,644,291
"During scheduled trip",-1,538,539,291
"During scheduled trip",-1,1401,1402,291
"During scheduled trip",-1,145,146,291
"During scheduled trip",-1,4291,4292,291
"During scheduled trip",-1,1156,1157,291
"During scheduled trip",-1,459,460,291
"During scheduled trip",-1,1440,1441,291
"During scheduled trip",-1,90,91,291
"During scheduled trip",-1,1190,1191,291
"During scheduled trip",-1,2278,2279,291
"During scheduled trip",-1,587,588,291
"During scheduled trip",-1,1179,1180,291
"During scheduled trip",-1,1454,1455,291
"During scheduled trip",-1,230,231,291
"During scheduled trip",-1,181,182,291
"During scheduled trip",-1,682,683,291
"During scheduled trip",-1,4027,4028,291
"During scheduled trip",-1,6507,6508,291
"During scheduled trip",-1,913,914,291
"During scheduled trip",-1,2591,2592,291
"During scheduled trip",-1,439,440,291
"During scheduled trip",-1,186,187,291
"During scheduled trip",-1,647,648,291
"During scheduled trip",-1,509,510,291
"During scheduled trip",-1,2478,2479,291
"During scheduled trip",-1,733,734,291
"During scheduled trip",-1,728,729,291
"During scheduled trip",-1,1408,1409,291
"During scheduled trip",-1,917,918,291
"During scheduled trip",-1,1146,1147,291
"During scheduled trip",-1,537,538,291
"During scheduled trip",-1,1880,1881,291
"During scheduled trip",-1,779,780,291
"During scheduled trip",-1,49,50,291
"During scheduled trip",-1,142,143,291
"During scheduled trip",-1,5727,5728,291
"During scheduled trip",-1,937,938,291
"During scheduled trip",-1,3591,3592,291
"During scheduled trip",-1,2170,2171,291
"During scheduled trip",-1,1449,1450,291
"During scheduled trip",-1,601,602,291
"During scheduled trip",-1,835,836,291
"During scheduled trip",-1,804,805,291
"During scheduled trip",-1,97,98,291
"During scheduled trip",-1,152,153,291
"During scheduled trip",-1,273,274,291
"During scheduled trip",-1,690,691,291
"During scheduled trip",-1,1044,1045,291
"During scheduled trip",-1,56,57,291
"During scheduled trip",-1,184,185,291
"During scheduled trip",-1,3187,3188,291
"During scheduled trip",-1,160,161,291
"During scheduled trip",-1,159,160,291
"During scheduled trip",-1,191,192,291
"During scheduled trip",-1,653,654,291
"During scheduled trip",-1,1397,1398,291
"During scheduled trip",-1,1409,1410,291
"During scheduled trip",-1,413,414,291
"During scheduled trip",-1,2991,2992,291
"During scheduled trip",-1,2037,2038,291
"During scheduled trip",-1,768,769,291
"During scheduled trip",-1,1165,1166,291
"During scheduled trip",-1,2094,2095,291
"During scheduled trip",-1,1089,1090,291
"During scheduled trip",-1,4547,4548,291
"During scheduled trip",-1,330,331,291
"During scheduled trip",-1,465,466,291
"During scheduled trip",-1,2141,2142,291
"During scheduled trip",-1,859,860,291
"During scheduled trip",-1,5147,5148,291
"During scheduled trip",-1,532,533,291
"During scheduled trip",-1,508,509,291
"During scheduled trip",-1,2247,2248,291
"During scheduled trip",-1,2146,2147,291
"During scheduled trip",-1,876,877,291
"During scheduled trip",-1,832,833,291
"During scheduled trip",-1,841,842,291
"During scheduled trip",-1,2246,2247,291
"During scheduled trip",-1,471,472,291
"During scheduled trip",-1,296,297,291
"During scheduled trip",-1,715,716,291
"During scheduled trip",-1,1279,1280,291
"During scheduled trip",-1,3,4,291
"During scheduled trip",-1,20,21,291
"During scheduled trip",-1,3047,3048,291
"During scheduled trip",-1,81,82,291
"During scheduled trip",-1,259,260,291
"During scheduled trip",-1,76,77,291
"During scheduled trip",-1,658,659,291
"During scheduled trip",-1,2718,2719,291
"During scheduled trip",-1,1458,1459,291
"During scheduled trip",-1,21,22,291
"During scheduled trip",-1,1109,1110,291
"During scheduled trip",-1,741,742,291
"During scheduled trip",-1,1940,1941,291
"During scheduled trip",-1,1150,1151,291
"During scheduled trip",-1,131,132,291
"During scheduled trip",-1,696,697,291
"During scheduled trip",-1,566,567,291
"During scheduled trip",-1,518708,518709,291
"During scheduled trip",-1,3991,3992,291
"During scheduled trip",-1,2100,2101,291
"During scheduled trip",-1,1273,1274,291
"During scheduled trip",-1,85,86,291
"During scheduled trip",-1,524,525,291
"During scheduled trip",-1,976,977,291
"During scheduled trip",-1,1225,1226,291
"During scheduled trip",-1,1690,1691,291
"During scheduled trip",-1,1096,1097,291
"During scheduled trip",-1,2032,2033,291
"During scheduled trip",-1,5787,5788,291
"During scheduled trip",-1,1653,1654,291
"During scheduled trip",-1,918,919,291
"During scheduled trip",-1,1713,1714,291
"During scheduled trip",-1,899,900,291
"During scheduled trip",-1,594,595,291
"During scheduled trip",-1,1990,1991,291
"During scheduled trip",-1,595,596,291
"During scheduled trip",-1,2157,2158,291
"During scheduled trip",-1,706,707,291
"During scheduled trip",-1,898,899,291
"During scheduled trip",-1,239,240,291
"During scheduled trip",-1,694,695,291
"During scheduled trip",-1,1349,1350,291
"During scheduled trip",-1,245,246,291
"During scheduled trip",-1,351,352,291
"During scheduled trip",-1,790,791,291
"During scheduled trip",-1,2818,2819,291
"During scheduled trip",-1,387,388,291
"During scheduled trip",-1,852,853,291
"During scheduled trip",-1,518688,518689,291
"During scheduled trip",-1,1649,1650,291
"During scheduled trip",-1,335,336,291
"During scheduled trip",-1,828,829,291
"During scheduled trip",-1,807,808,291
"During scheduled trip",-1,575,576,291
"During scheduled trip",-1,341,342,291
"During scheduled trip",-1,1136,1137,291
"During scheduled trip",-1,1564,1565,291
"During scheduled trip",-1,219,220,291
"During scheduled trip",-1,686,687,291
"During scheduled trip",-1,1393,1394,291
"During scheduled trip",-1,787,788,291
"During scheduled trip",-1,1961,1962,291
"During scheduled trip",-1,4267,4268,291
"During scheduled trip",-1,238,239,291
"During scheduled trip",-1,1365,1366,291
"During scheduled trip",-1,456,457,291
"During scheduled trip",-1,4627,4628,291
"During scheduled trip",-1,730,731,291
"During scheduled trip",-1,1613,1614,291
"During scheduled trip",-1,2631,2632,291
"During scheduled trip",-1,2953,2954,291
"During scheduled trip",-1,1341,1342,291
"During scheduled trip",-1,2060,2061,291
"During scheduled trip",-1,1192,1193,291
"During scheduled trip",-1,94,95,291
"During scheduled trip",-1,359,360,291
"During scheduled trip",-1,1321,1322,291
"During scheduled trip",-1,79904,79905,291
"During scheduled trip",-1,488,489,291
"During scheduled trip",-1,2790,2791,291
"During scheduled trip",-1,446,447,291
"During scheduled trip",-1,3791,3792,291
"During scheduled trip",-1,516,517,291
"During scheduled trip",-1,1647,1648,291
"During scheduled trip",-1,1670,1671,291
"During scheduled trip",-1,2686,2687,291
"During scheduled trip",-1,1238,1239,291
"During scheduled trip",-1,1534,1535,291
"During scheduled trip",-1,192,193,291
"During scheduled trip",-1,517248,517249,291
"During scheduled trip",-1,1145,1146,291
"During scheduled trip",-1,2210,2211,291
"During scheduled trip",-1,171,172,291
"During scheduled trip",-1,454,455,291
"During scheduled trip",-1,1114,1115,291
"During scheduled trip",-1,824,825,291
"During scheduled trip",-1,217,218,291
"During scheduled trip",-1,275,276,291
"During scheduled trip",-1,427,428,291
"During scheduled trip",-1,1854,1855,291
"During scheduled trip",-1,278,279,291
"During scheduled trip",-1,792,793,291
"During scheduled trip",-1,3291,3292,291
"During scheduled trip",-1,517388,517389,291
"During scheduled trip",-1,2853,2854,291
"During scheduled trip",-1,1894,1895,291
"During scheduled trip",-1,1181,1182,291
"During scheduled trip",-1,2110,2111,291
"During scheduled trip",-1,279,280,291
"During scheduled trip",-1,270,271,291
"During scheduled trip",-1,698,699,291
"During scheduled trip",-1,2733,2734,291
"During scheduled trip",-1,519,520,291
"During scheduled trip",-1,519328,519329,291
"During scheduled trip",-1,323,324,291
"During scheduled trip",-1,632,633,291
"During scheduled trip",-1,-13,-12,291
"During scheduled trip",-1,788,789,291
"During scheduled trip",-1,704,705,291
"During scheduled trip",-1,1028,1029,291
"During scheduled trip",-1,2140,2141,291
"During scheduled trip",-1,139,140,291
"During scheduled trip",-1,1858,1859,291
"During scheduled trip",-1,69,70,291
"During scheduled trip",-1,716,717,291
"During scheduled trip",-1,756,757,291
"During scheduled trip",-1,543,544,291
"During scheduled trip",-1,1851,1852,291
"During scheduled trip",-1,368,369,291
"During scheduled trip",-1,1248,1249,291
"During scheduled trip",-1,510,511,291
"During scheduled trip",-1,271,272,291
"During scheduled trip",-1,4651,4652,291
"During scheduled trip",-1,873,874,291
"During scheduled trip",-1,65,66,291
"During scheduled trip",-1,89,90,291
"During scheduled trip",-1,687,688,291
"During scheduled trip",-1,1461,1462,291
"During scheduled trip",-1,3987,3988,291
"During scheduled trip",-1,183,184,291
"During scheduled trip",-1,1493,1494,291
"During scheduled trip",-1,613,614,291
"During scheduled trip",-1,34,35,291
"During scheduled trip",-1,141,142,291
"During scheduled trip",-1,669,670,291
"During scheduled trip",-1,298,299,291
"During scheduled trip",-1,1861,1862,291
"During scheduled trip",-1,43,44,291
"During scheduled trip",-1,1170,1171,291
"During scheduled trip",-1,95,96,291
"During scheduled trip",-1,261,262,291
"During scheduled trip",-1,561,562,291
"During scheduled trip",-1,2571,2572,291
"During scheduled trip",-1,997,998,291
"During scheduled trip",-1,1592,1593,291
"During scheduled trip",-1,2653,2654,291
"During scheduled trip",-1,384,385,291
"During scheduled trip",-1,272,273,291
"During scheduled trip",-1,2310,2311,291
"During scheduled trip",-1,1525,1526,291
"During scheduled trip",-1,627,628,291
"During scheduled trip",-1,1379,1380,291
"During scheduled trip",-1,5,6,291
"During scheduled trip",-1,823,824,291
"During scheduled trip",-1,1016,1017,291
"During scheduled trip",-1,39,40,291
"During scheduled trip",-1,503,504,291
"During scheduled trip",-1,2226,2227,291
"During scheduled trip",-1,404,405,291
"During scheduled trip",-1,5127,5128,291
"During scheduled trip",-1,1290,1291,291
"During scheduled trip",-1,151,152,291
"During scheduled trip",-1,2558,2559,291
"During scheduled trip",-1,864,865,291
"During scheduled trip",-1,207,208,291
"During scheduled trip",-1,-3,-2,291
"During scheduled trip",-1,4211,4212,291
"During scheduled trip",-1,993,994,291
"During scheduled trip",-1,492,493,291
"During scheduled trip",-1,498,499,291
"During scheduled trip",-1,799,800,291
"During scheduled trip",-1,1720,1721,291
"During scheduled trip",-1,1110,1111,291
"During scheduled trip",-1,1777,1778,291
"During scheduled trip",-1,319,320,291
"During scheduled trip",-1,1552,1553,291
"During scheduled trip",-1,634,635,291
"During scheduled trip",-1,343,344,291
"During scheduled trip",-1,303,304,291
"During scheduled trip",-1,1029,1030,291
"During scheduled trip",-1,878,879,291
"During scheduled trip",-1,474,475,291
"During scheduled trip",-1,38,39,291
"During scheduled trip",-1,4387,4388,291
"During scheduled trip",-1,291,292,291
"During scheduled trip",-1,2566,2567,291
"During scheduled trip",-1,2238,2239,291
"During scheduled trip",-1,723,724,291
"During scheduled trip",-1,714,715,291
"During scheduled trip",-1,834,835,291
"During scheduled trip",-1,193,194,291
"During scheduled trip",-1,1994,1995,291
"During scheduled trip",-1,46,47,291
"During scheduled trip",-1,703,704,291
"During scheduled trip",-1,1070,1071,291
"During scheduled trip",-1,1059,1060,291
"During scheduled trip",-1,990,991,291
"During scheduled trip",-1,1786,1787,291
"During scheduled trip",-1,1450,1451,291
"During scheduled trip",-1,3907,3908,291
"During scheduled trip",-1,374,375,291
"During scheduled trip",-1,1241,1242,291
"During scheduled trip",-1,1102,1103,291
"During scheduled trip",-1,1558,1559,291
"During scheduled trip",-1,318,319,291
"During scheduled trip",-1,23,24,291
"During scheduled trip",-1,286,287,291
"During scheduled trip",-1,122,123,291
"During scheduled trip",-1,218,219,291
"During scheduled trip",-1,262,263,291
"During scheduled trip",-1,553,554,291
"During scheduled trip",-1,525,526,291
"During scheduled trip",-1,2160,2161,291
"During scheduled trip",-1,246,247,291
"During scheduled trip",-1,455,456,291
"During scheduled trip",-1,1468,1469,291
"During scheduled trip",-1,3238,3239,291
"During scheduled trip",-1,2697,2698,291
"During scheduled trip",-1,3200,3201,291
"During scheduled trip",-1,617,618,291
"During scheduled trip",-1,1077,1078,291
"During scheduled trip",-1,1941,1942,291
"During scheduled trip",-1,6,7,291
"During scheduled trip",-1,1368,1369,291
"During scheduled trip",-1,1251,1252,291
"During scheduled trip",-1,2333,2334,291
"During scheduled trip",-1,848,849,291
"During scheduled trip",-1,338,339,291
"During scheduled trip",-1,1911,1912,291
"During scheduled trip",-1,614,615,291
"During scheduled trip",-1,415,416,291
"During scheduled trip",-1,2326,2327,291
"During scheduled trip",-1,2871,2872,291
"During scheduled trip",-1,809,810,291
"During scheduled trip",-1,557,558,291
"During scheduled trip",-1,115,116,291
"During scheduled trip",-1,2554,2555,291
"During scheduled trip",-1,1060,1061,291
"During scheduled trip",-1,442,443,291
"During scheduled trip",-1,2118,2119,291
"During scheduled trip",-1,1669,1670,291
"During scheduled trip",-1,517608,517609,291
"During scheduled trip",-1,801,802,291
"During scheduled trip",-1,52,53,291
"During scheduled trip",-1,138,139,291
"During scheduled trip",-1,558,559,291
"During scheduled trip",-1,329,330,291
"During scheduled trip",-1,312,313,291
"During scheduled trip",-1,345,346,291
"During scheduled trip",-1,1394,1395,291
"During scheduled trip",-1,462,463,291
"During scheduled trip",-1,577,578,291
"During scheduled trip",-1,2166,2167,291
"During scheduled trip",-1,3360,3361,291
"During scheduled trip",-1,203,204,291
"During scheduled trip",-1,135,136,291
"During scheduled trip",-1,1628,1629,291
"During scheduled trip",-1,1729,1730,291
"During scheduled trip",-1,4931,4932,291
"During scheduled trip",-1,386,387,291
"During scheduled trip",-1,173,174,291
"During scheduled trip",-1,469,470,291
"During scheduled trip",-1,1309,1310,291
"During scheduled trip",-1,1485,1486,291
"During scheduled trip",-1,797,798,291
"During scheduled trip",-1,110,111,291
"During scheduled trip",-1,172,173,291
"During scheduled trip",-1,1381,1382,291
"During scheduled trip",-1,1198,1199,291
"During scheduled trip",-1,199,200,291
"During scheduled trip",-1,546,547,291
"During scheduled trip",-1,127,128,291
"During scheduled trip",-1,1678,1679,291
"During scheduled trip",-1,1318,1319,291
"During scheduled trip",-1,222,223,291
"During scheduled trip",-1,533,534,291
"During scheduled trip",-1,676,677,291
"During scheduled trip",-1,599,600,291
"During scheduled trip",-1,4056,4057,291
"During scheduled trip",-1,710,711,291
"During scheduled trip",-1,562,563,291
"During scheduled trip",-1,478,479,291
"During scheduled trip",-1,2093,2094,291
"During scheduled trip",-1,2820,2821,291
"During scheduled trip",-1,683,684,291
"During scheduled trip",-1,2233,2234,291
"During scheduled trip",-1,855,856,291
"During scheduled trip",-1,6687,6688,291
"During scheduled trip",-1,789,790,291
"During scheduled trip",-1,1866,1867,291
"During scheduled trip",-1,4587,4588,291
"During scheduled trip",-1,287,288,291
"During scheduled trip",-1,932,933,291
"During scheduled trip",-1,83004,83005,291
"During scheduled trip",-1,30,31,291
"During scheduled trip",-1,190,191,291
"During scheduled trip",-1,147,148,291
"During scheduled trip",-1,956,957,291
"During scheduled trip",-1,874,875,291
"During scheduled trip",-1,782,783,291
"During scheduled trip",-1,811,812,291
"During scheduled trip",-1,808,809,291
"During scheduled trip",-1,4347,4348,291
"During scheduled trip",-1,428,429,291
"During scheduled trip",-1,3267,3268,291
"During scheduled trip",-1,890,891,291
"During scheduled trip",-1,2470,2471,291
"During scheduled trip",-1,299,300,291
"During scheduled trip",-1,2646,2647,291
"During scheduled trip",-1,5887,5888,291
"During scheduled trip",-1,6707,6708,291
"During scheduled trip",-1,2900,2901,291
"During scheduled trip",-1,2438,2439,291
"During scheduled trip",-1,240,241,291
"During scheduled trip",-1,435,436,291
"During scheduled trip",-1,3211,3212,291
"During scheduled trip",-1,520,521,291
"During scheduled trip",-1,1619,1620,291
"During scheduled trip",-1,324,325,291
"During scheduled trip",-1,247,248,291
"During scheduled trip",-1,906,907,291
"During scheduled trip",-1,626,627,291
"During scheduled trip",-1,882,883,291
"During scheduled trip",-1,536,537,291
"During scheduled trip",-1,282,283,291
"During scheduled trip",-1,2778,2779,291
"During scheduled trip",-1,3531,3532,291
"During scheduled trip",-1,970,971,291
"During scheduled trip",-1,3007,3008,291
"During scheduled trip",-1,237,238,291
"During scheduled trip",-1,766,767,291
"During scheduled trip",-1,635,636,291
"During scheduled trip",-1,901,902,291
"During scheduled trip",-1,650,651,291
"During scheduled trip",-1,812,813,291
"During scheduled trip",-1,3667,3668,291
"During scheduled trip",-1,552,553,291
"During scheduled trip",-1,973,974,291
"During scheduled trip",-1,2033,2034,291
"During scheduled trip",-1,869,870,291
"During scheduled trip",-1,2560,2561,291
"During scheduled trip",-1,1118,1119,291
"During scheduled trip",-1,58,59,291
"During scheduled trip",-1,843,844,291
"During scheduled trip",-1,519288,519289,291
"During scheduled trip",-1,827,828,291
"During scheduled trip",-1,516368,516369,291
"During scheduled trip",-1,952,953,291
"During scheduled trip",-1,1486,1487,291
"During scheduled trip",-1,2793,2794,291
"During scheduled trip",-1,1331,1332,291
"During scheduled trip",-1,535,536,291
"During scheduled trip",-1,2787,2788,291
"During scheduled trip",-1,3787,3788,291
"During scheduled trip",-1,336,337,291
"During scheduled trip",-1,294,295,291
"During scheduled trip",-1,411,412,291
"During scheduled trip",-1,554,555,291
"During scheduled trip",-1,1514,1515,291
"During scheduled trip",-1,2190,2191,291
"During scheduled trip",-1,418,419,291
"During scheduled trip",-1,137,138,291
"During scheduled trip",-1,6487,6488,291
"During scheduled trip",-1,6587,6588,291
"During scheduled trip",-1,1586,1587,291
"During scheduled trip",-1,223,224,291
"During scheduled trip",-1,250,251,291
"During scheduled trip",-1,1688,1689,291
"During scheduled trip",-1,1689,1690,291
"During scheduled trip",-1,1446,1447,291
"During scheduled trip",-1,3631,3632,291
"During scheduled trip",-1,875,876,291
"During scheduled trip",-1,1648,1649,291
"During scheduled trip",-1,1749,1750,291
"During scheduled trip",-1,1973,1974,291
"During scheduled trip",-1,2713,2714,291
"During scheduled trip",-1,3831,3832,291
"During scheduled trip",-1,2767,2768,291
"During scheduled trip",-1,1299,1300,291
"During scheduled trip",-1,774,775,291
"During scheduled trip",-1,285,286,291
"During scheduled trip",-1,2687,2688,291
"During scheduled trip",-1,357,358,291
"During scheduled trip",-1,349,350,291
"During scheduled trip",-1,1006,1007,291
"During scheduled trip",-1,910,911,291
"During scheduled trip",-1,771,772,291
"During scheduled trip",-1,2293,2294,291
"During scheduled trip",-1,1531,1532,291
"During scheduled trip",-1,1020,1021,291
"During scheduled trip",-1,3807,3808,291
"During scheduled trip",-1,590,591,291
"During scheduled trip",-1,4091,4092,291
"During scheduled trip",-1,284,285,291
"During scheduled trip",-1,1271,1272,291
"During scheduled trip",-1,3011,3012,291
"During scheduled trip",-1,2117,2118,291
"During scheduled trip",-1,1120,1121,291
"During scheduled trip",-1,254,255,291
"During scheduled trip",-1,390,391,291
"During scheduled trip",-1,916,917,291
"During scheduled trip",-1,50,51,291
"During scheduled trip",-1,750,751,291
"During scheduled trip",-1,1453,1454,291
"During scheduled trip",-1,1740,1741,291
"During scheduled trip",-1,1560,1561,291
"During scheduled trip",-1,675,676,291
"During scheduled trip",-1,1533,1534,291
"During scheduled trip",-1,1806,1807,291
"During scheduled trip",-1,485,486,291
"During scheduled trip",-1,1429,1430,291
"During scheduled trip",-1,830,831,291
"During scheduled trip",-1,499,500,291
"During scheduled trip",-1,2457,2458,291
"During scheduled trip",-1,1600,1601,291
"During scheduled trip",-1,1314,1315,291
"During scheduled trip",-1,420,421,291
"During scheduled trip",-1,933,934,291
"During scheduled trip",-1,448,449,291
"During scheduled trip",-1,518568,518569,291
"During scheduled trip",-1,154,155,291
"During scheduled trip",-1,652,653,291
"During scheduled trip",-1,912,913,291
"During scheduled trip",-1,2598,2599,291
"During scheduled trip",-1,2993,2994,291
"During scheduled trip",-1,971,972,291
"During scheduled trip",-1,1499,1500,291
"During scheduled trip",-1,506,507,291
"During scheduled trip",-1,670,671,291
"During scheduled trip",-1,1329,1330,291
"During scheduled trip",-1,117,118,291
"During scheduled trip",-1,354,355,291
"During scheduled trip",-1,1233,1234,291
"During scheduled trip",-1,82,83,291
"During scheduled trip",-1,290,291,291
"During scheduled trip",-1,522,523,291
"During scheduled trip",-1,1274,1275,291
"During scheduled trip",-1,1354,1355,291
"During scheduled trip",-1,1498,1499,291
"During scheduled trip",-1,425,426,291
"During scheduled trip",-1,699,700,291
"During scheduled trip",-1,104,105,291
"During scheduled trip",-1,504,505,291
"During scheduled trip",-1,753,754,291
"During scheduled trip",-1,851,852,291
"During scheduled trip",-1,2266,2267,291
"During scheduled trip",-1,605,606,291
"During scheduled trip",-1,517568,517569,291
"During scheduled trip",-1,1253,1254,291
"During scheduled trip",-1,850,851,291
"During scheduled trip",-1,2771,2772,291
"During scheduled trip",-1,1489,1490,291
"During scheduled trip",-1,2551,2552,291
"During scheduled trip",-1,755,756,291
"During scheduled trip",-1,484,485,291
"During scheduled trip",-1,1050,1051,291
"During scheduled trip",-1,1581,1582,291
"During scheduled trip",-1,1301,1302,291
"During scheduled trip",-1,806,807,291
"During scheduled trip",-1,6067,6068,291
"During scheduled trip",-1,966,967,291
"During scheduled trip",-1,1119,1120,291
"During scheduled trip",-1,862,863,291
"During scheduled trip",-1,27,28,291
"During scheduled trip",-1,3387,3388,291
"During scheduled trip",-1,570,571,291
"During scheduled trip",-1,6107,6108,291
"During scheduled trip",-1,1126,1127,291
"During scheduled trip",-1,2277,2278,291
"During scheduled trip",-1,1141,1142,291
"During scheduled trip",-1,2254,2255,291
"During scheduled trip",-1,1952,1953,291
"During scheduled trip",-1,4067,4068,291
"During scheduled trip",-1,693,694,291
"During scheduled trip",-1,2878,2879,291
"During scheduled trip",-1,461,462,291
"During scheduled trip",-1,547,548,291
"During scheduled trip",-1,308,309,291
"During scheduled trip",-1,1377,1378,291
"During scheduled trip",-1,5367,5368,291
"During scheduled trip",-1,1204,1205,291
"During scheduled trip",-1,2747,2748,291
"During scheduled trip",-1,1189,1190,291
"During scheduled trip",-1,517228,517229,291
"During scheduled trip",-1,822,823,291
"During scheduled trip",-1,-16,-15,291
"During scheduled trip",-1,150,151,291
"During scheduled trip",-1,366,367,291
"During scheduled trip",-1,168,169,291
"During scheduled trip",-1,1038,1039,291
"During scheduled trip",-1,1140,1141,291
"During scheduled trip",-1,2394,2395,291
"During scheduled trip",-1,477,478,291
"During scheduled trip",-1,708,709,291
"During scheduled trip",-1,2154,2155,291
"During scheduled trip",-1,66,67,291
"During scheduled trip",-1,6127,6128,291
"During scheduled trip",-1,513,514,291
"During scheduled trip",-1,531,532,291
"During scheduled trip",-1,2773,2774,291
"During scheduled trip",-1,2471,2472,291
"During scheduled trip",-1,379,380,291
"During scheduled trip",-1,2650,2651,291
"During scheduled trip",-1,369,370,291
"During scheduled trip",-1,588,589,291
"During scheduled trip",-1,16,17,291
"During scheduled trip",-1,310,311,291
"During scheduled trip",-1,206,207,291
"During scheduled trip",-1,1840,1841,291
"During scheduled trip",-1,48,49,291
"During scheduled trip",-1,2487,2488,291
"During scheduled trip",-1,126,127,291
"During scheduled trip",-1,637,638,291
"During scheduled trip",-1,391,392,291
"During scheduled trip",-1,813,814,291
"During scheduled trip",-1,4171,4172,291
"During scheduled trip",-1,1811,1812,291
"During scheduled trip",-1,189,190,291
"During scheduled trip",-1,80,81,291
"During scheduled trip",-1,37,38,291
"During scheduled trip",-1,2351,2352,291
"During scheduled trip",-1,2453,2454,291
"During scheduled trip",-1,1036,1037,291
"During scheduled trip",-1,1084,1085,291
"During scheduled trip",-1,4507,4508,291
"During scheduled trip",-1,68,69,291
"During scheduled trip",-1,501,502,291
"During scheduled trip",-1,1269,1270,291
"During scheduled trip",-1,288,289,291
"During scheduled trip",-1,880,881,291
"During scheduled trip",-1,32,33,291
"During scheduled trip",-1,719,720,291
"During scheduled trip",-1,1599,1600,291
"During scheduled trip",-1,416,417,291
"During scheduled trip",-1,2907,2908,291
"During scheduled trip",-1,517,518,291
"During scheduled trip",-1,322,323,291
"During scheduled trip",-1,1374,1375,291
"During scheduled trip",-1,2187,2188,291
"During scheduled trip",-1,3207,3208,291
"During scheduled trip",-1,62,63,291
"During scheduled trip",-1,158,159,291
"During scheduled trip",-1,608,609,291
"During scheduled trip",-1,2467,2468,291
"During scheduled trip",-1,3147,3148,291
"During scheduled trip",-1,98,99,291
"During scheduled trip",-1,495,496,291
"During scheduled trip",-1,1378,1379,291
"During scheduled trip",-1,539,540,291
"During scheduled trip",-1,2960,2961,291
"During scheduled trip",-1,213,214,291
"During scheduled trip",-1,143,144,291
"During scheduled trip",-1,175,176,291
"During scheduled trip",-1,392,393,291
"During scheduled trip",-1,216,217,291
"During scheduled trip",-1,571,572,291
"During scheduled trip",-1,356,357,291
"During scheduled trip",-1,526,527,291
"During scheduled trip",-1,679,680,291
"During scheduled trip",-1,1041,1042,291
"During scheduled trip",-1,1758,1759,291
"During scheduled trip",-1,234,235,291
"During scheduled trip",-1,2811,2812,291
"During scheduled trip",-1,107,108,291
"During scheduled trip",-1,-8,-7,291
"During scheduled trip",-1,1823,1824,291
"During scheduled trip",-1,3351,3352,291
"During scheduled trip",-1,603,604,291
"During scheduled trip",-1,-2,-1,291
"During scheduled trip",-1,3651,3652,291
"During scheduled trip",-1,1356,1357,291
"During scheduled trip",-1,1674,1675,291
"During scheduled trip",-1,3647,3648,291
"During scheduled trip",-1,417,418,291
"During scheduled trip",-1,580,581,291
"During scheduled trip",-1,1176,1177,291
"During scheduled trip",-1,1148,1149,291
"During scheduled trip",-1,1588,1589,291
"During scheduled trip",-1,2930,2931,291
"During scheduled trip",-1,573,574,291
"During scheduled trip",-1,1113,1114,291
"During scheduled trip",-1,992,993,291
"During scheduled trip",-1,784,785,291
"During scheduled trip",-1,889,890,291
"During scheduled trip",-1,399,400,291
"During scheduled trip",-1,556,557,291
"During scheduled trip",-1,64,65,291
"During scheduled trip",-1,407,408,291
"During scheduled trip",-1,3251,3252,291
"During scheduled trip",-1,689,690,291
"During scheduled trip",-1,1565,1566,291
"During scheduled trip",-1,1512,1513,291
"During scheduled trip",-1,1410,1411,291
"During scheduled trip",-1,1054,1055,291
"During scheduled trip",-1,490,491,291
"During scheduled trip",-1,606,607,291
"During scheduled trip",-1,1121,1122,291
"During scheduled trip",-1,2350,2351,291
"During scheduled trip",-1,2971,2972,291
"During scheduled trip",-1,2391,2392,291
"During scheduled trip",-1,3551,3552,291
"During scheduled trip",-1,1196,1197,291
"During scheduled trip",-1,688,689,291
"During scheduled trip",-1,736,737,291
"During scheduled trip",-1,258,259,291
"During scheduled trip",-1,622,623,291
"During scheduled trip",-1,517788,517789,291
"During scheduled trip",-1,1754,1755,291
"During scheduled trip",-1,136,137,291
"During scheduled trip",-1,269,270,291
"During scheduled trip",-1,1073,1074,291
"During scheduled trip",-1,60,61,291
"During scheduled trip",-1,667,668,291
"During scheduled trip",-1,2830,2831,291
"During scheduled trip",-1,2946,2947,291
"During scheduled trip",-1,985,986,291
"During scheduled trip",-1,664,665,291
"During scheduled trip",-1,3967,3968,291
"During scheduled trip",-1,612,613,291
"During scheduled trip",-1,2018,2019,291
"During scheduled trip",-1,1168,1169,291
"During scheduled trip",-1,2587,2588,291
"During scheduled trip",-1,79,80,291
"During scheduled trip",-1,1413,1414,291
"During scheduled trip",-1,2398,2399,291
"During scheduled trip",-1,-6,-5,291
"During scheduled trip",-1,364,365,291
"During scheduled trip",-1,2518,2519,291
"During scheduled trip",-1,783,784,291
"During scheduled trip",-1,3380,3381,291
"During scheduled trip",-1,2850,2851,291
"During scheduled trip",-1,176,177,291
"During scheduled trip",-1,516168,516169,291
"During scheduled trip",-1,1652,1653,291
"During scheduled trip",-1,1570,1571,291
"During scheduled trip",-1,202,203,291
"During scheduled trip",-1,1366,1367,291
"During scheduled trip",-1,54,55,291
"During scheduled trip",-1,2851,2852,291
"During scheduled trip",-1,280,281,291
"During scheduled trip",-1,1178,1179,291
"During scheduled trip",-1,4751,4752,291
"During scheduled trip",-1,1132,1133,291
"During scheduled trip",-1,1258,1259,291
"During scheduled trip",-1,1144,1145,291
"During scheduled trip",-1,394,395,291
"During scheduled trip",-1,325,326,291
"During scheduled trip",-1,1191,1192,291
"During scheduled trip",-1,2231,2232,291
"During scheduled trip",-1,1328,1329,291
"During scheduled trip",-1,24,25,291
"During scheduled trip",-1,778,779,291
"During scheduled trip",-1,1337,1338,291
"During scheduled trip",-1,592,593,291
"During scheduled trip",-1,1357,1358,291
"During scheduled trip",-1,922,923,291
"During scheduled trip",-1,28,29,291
"During scheduled trip",-1,295,296,291
"During scheduled trip",-1,1398,1399,291
"During scheduled trip",-1,3091,3092,291
"During scheduled trip",-1,109,110,291
"During scheduled trip",-1,6427,6428,291
"During scheduled trip",-1,6667,6668,291
"During scheduled trip",-1,1889,1890,291
"During scheduled trip",-1,713,714,291
"During scheduled trip",-1,2271,2272,291
"During scheduled trip",-1,2061,2062,291
"During scheduled trip",-1,502,503,291
"During scheduled trip",-1,1474,1475,291
"During scheduled trip",-1,451,452,291
"During scheduled trip",-1,517968,517969,291
"During scheduled trip",-1,2237,2238,291
"During scheduled trip",-1,1002,1003,291
"During scheduled trip",-1,930,931,291
"During scheduled trip",-1,4047,4048,291
"During scheduled trip",-1,4667,4668,291
"During scheduled trip",-1,214,215,291
"During scheduled trip",-1,701,702,291
"During scheduled trip",-1,348,349,291
"During scheduled trip",-1,340,341,291
"During scheduled trip",-1,2270,2271,291
"During scheduled trip",-1,1033,1034,291
"During scheduled trip",-1,2137,2138,291
"During scheduled trip",-1,1053,1054,291
"During scheduled trip",-1,534,535,291
"During scheduled trip",-1,550,551,291
"During scheduled trip",-1,2320,2321,291
"During scheduled trip",-1,3020,3021,291
"During scheduled trip",-1,211,212,291
"During scheduled trip",-1,334,335,291
"During scheduled trip",-1,188,189,291
"During scheduled trip",-1,991,992,291
"During scheduled trip",-1,1724,1725,291
"During scheduled trip",-1,144,145,291
"During scheduled trip",-1,4247,4248,291
"During scheduled trip",-1,337,338,291
"During scheduled trip",-1,486,487,291
"During scheduled trip",-1,861,862,291
"During scheduled trip",-1,305,306,291
"During scheduled trip",-1,212,213,291
"During scheduled trip",-1,120,121,291
"During scheduled trip",-1,452,453,291
"During scheduled trip",-1,681,682,291
"During scheduled trip",-1,2466,2467,291
"During scheduled trip",-1,102,103,291
"During scheduled trip",-1,6207,6208,291
"During scheduled trip",-1,1798,1799,291
"During scheduled trip",-1,839,840,291
"During scheduled trip",-1,396,397,291
"During scheduled trip",-1,5547,5548,291
"During scheduled trip",-1,467,468,291
"During scheduled trip",-1,2010,2011,291
"During scheduled trip",-1,1152,1153,291
"During scheduled trip",-1,1011,1012,291
"During scheduled trip",-1,616,617,291
"During scheduled trip",-1,541,542,291
"During scheduled trip",-1,1153,1154,291
"During scheduled trip",-1,123,124,291
"During scheduled trip",-1,2806,2807,291
"During scheduled trip",-1,680,681,291
"During scheduled trip",-1,894,895,291
"During scheduled trip",-1,205,206,291
"During scheduled trip",-1,3707,3708,291
"During scheduled trip",-1,1369,1370,291
"During scheduled trip",-1,1789,1790,291
"During scheduled trip",-1,1100,1101,291
"During scheduled trip",-1,1345,1346,291
"During scheduled trip",-1,1608,1609,291
"During scheduled trip",-1,-9,-8,291
"During scheduled trip",-1,1778,1779,291
"During scheduled trip",-1,1405,1406,291
"During scheduled trip",-1,1770,1771,291
"During scheduled trip",-1,101,102,291
"During scheduled trip",-1,70,71,291
"During scheduled trip",-1,2531,2532,291
"During scheduled trip",-1,2497,2498,291
"During scheduled trip",-1,517288,517289,291
"During scheduled trip",-1,1428,1429,291
"During scheduled trip",-1,602,603,291
"During scheduled trip",-1,2006,2007,291
"During scheduled trip",-1,2070,2071,291
"During scheduled trip",-1,132,133,291
"During scheduled trip",-1,1791,1792,291
"During scheduled trip",-1,1160,1161,291
"During scheduled trip",-1,406,407,291
"During scheduled trip",-1,775,776,291
"During scheduled trip",-1,528,529,291
"During scheduled trip",-1,1081,1082,291
"During scheduled trip",-1,1920,1921,291
"During scheduled trip",-1,229,230,291
"During scheduled trip",-1,563,564,291
"During scheduled trip",-1,3891,3892,291
"During scheduled trip",-1,1737,1738,291
"During scheduled trip",-1,1001,1002,291
"During scheduled trip",-1,1554,1555,291
"During scheduled trip",-1,772,773,291
"During scheduled trip",-1,1046,1047,291
"During scheduled trip",-1,2418,2419,291
"During scheduled trip",-1,2527,2528,291
"During scheduled trip",-1,118,119,291
"During scheduled trip",-1,551,552,291
"During scheduled trip",-1,3411,3412,291
"During scheduled trip",-1,521,522,291
"During scheduled trip",-1,565,566,291
"During scheduled trip",-1,517628,517629,291
"During scheduled trip",-1,1261,1262,291
"During scheduled trip",-1,1288,1289,291
"During scheduled trip",-1,-10,-9,291
"During scheduled trip",-1,497,498,291
"During scheduled trip",-1,4707,4708,291
"During scheduled trip",-1,1326,1327,291
"During scheduled trip",-1,2133,2134,291
"During scheduled trip",-1,1220,1221,291
"During scheduled trip",-1,197,198,291
"During scheduled trip",-1,584,585,291
"During scheduled trip",-1,422,423,291
"During scheduled trip",-1,371,372,291
"During scheduled trip",-1,1305,1306,291
"During scheduled trip",-1,300,301,291
"During scheduled trip",-1,3971,3972,291
"During scheduled trip",-1,4051,4052,291
"During scheduled trip",-1,1281,1282,291
"During scheduled trip",-1,2574,2575,291
"During scheduled trip",-1,1900,1901,291
"During scheduled trip",-1,29,30,291
"During scheduled trip",-1,149,150,291
"During scheduled trip",-1,389,390,291
"During scheduled trip",-1,331,332,291
"During scheduled trip",-1,796,797,291
"During scheduled trip",-1,289,290,291
"During scheduled trip",-1,591,592,291
"During scheduled trip",-1,346,347,291
"During scheduled trip",-1,507,508,291
"During scheduled trip",-1,516808,516809,291
"During scheduled trip",-1,161,162,291
"During scheduled trip",-1,858,859,291
"During scheduled trip",-1,630,631,291
"During scheduled trip",-1,2617,2618,291
"During scheduled trip",-1,516308,516309,291
"During scheduled trip",-1,1744,1745,291
"During scheduled trip",-1,1130,1131,291
"During scheduled trip",-1,712,713,291
"During scheduled trip",-1,1723,1724,291
"During scheduled trip",-1,1325,1326,291
"During scheduled trip",-1,4327,4328,291
"During scheduled trip",-1,739,740,291
"During scheduled trip",-1,460,461,291
"During scheduled trip",-1,1938,1939,291
"During scheduled trip",-1,666,667,291
"During scheduled trip",-1,2171,2172,291
"During scheduled trip",-1,705,706,291
"During scheduled trip",-1,-4,-3,291
"During scheduled trip",-1,148,149,291
"During scheduled trip",-1,896,897,291
"During scheduled trip",-1,1488,1489,291
"During scheduled trip",-1,726,727,291
"During scheduled trip",-1,373,374,291
"During scheduled trip",-1,327,328,291
"During scheduled trip",-1,624,625,291
"During scheduled trip",-1,655,656,291
"During scheduled trip",-1,1125,1126,291
"During scheduled trip",-1,1870,1871,291
"During scheduled trip",-1,2926,2927,291
"During scheduled trip",-1,598,599,291
"During scheduled trip",-1,519428,519429,291
"During scheduled trip",-1,600,601,291
"During scheduled trip",-1,950,951,291
"During scheduled trip",-1,414,415,291
"During scheduled trip",-1,585,586,291
"During scheduled trip",-1,2890,2891,291
"During scheduled trip",-1,886,887,291
"During scheduled trip",-1,564,565,291
"During scheduled trip",-1,928,929,291
"During scheduled trip",-1,2021,2022,291
"During scheduled trip",-1,370,371,291
"During scheduled trip",-1,196,197,291
"During scheduled trip",-1,515,516,291
"During scheduled trip",-1,433,434,291
"During scheduled trip",-1,3331,3332,291
"During scheduled trip",-1,747,748,291
"During scheduled trip",-1,1108,1109,291
"During scheduled trip",-1,40,41,291
"During scheduled trip",-1,125,126,291
"During scheduled trip",-1,611,612,291
"During scheduled trip",-1,780,781,291
"During scheduled trip",-1,1841,1842,291
"During scheduled trip",-1,1052,1053,291
"During scheduled trip",-1,2447,2448,291
"During scheduled trip",-1,170,171,291
"During scheduled trip",-1,256,257,291
"During scheduled trip",-1,5627,5628,291
"During scheduled trip",-1,1078,1079,291
"During scheduled trip",-1,748,749,291
"During scheduled trip",-1,769,770,291
"During scheduled trip",-1,297,298,291
"During scheduled trip",-1,814,815,291
"During scheduled trip",-1,1348,1349,291
"During scheduled trip",-1,249,250,291
"During scheduled trip",-1,951,952,291
"During scheduled trip",-1,2086,2087,291
"During scheduled trip",-1,519088,519089,291
"During scheduled trip",-1,103,104,291
"During scheduled trip",-1,472,473,291
"During scheduled trip",-1,480,481,291
"During scheduled trip",-1,-7,-6,291
"During scheduled trip",-1,267,268,291
"During scheduled trip",-1,2678,2679,291
"During scheduled trip",-1,1373,1374,291
"During scheduled trip",-1,661,662,291
"During scheduled trip",-1,2498,2499,291
"During scheduled trip",-1,3051,3052,291
"During scheduled trip",-1,4371,4372,291
"During scheduled trip",-1,363,364,291
"During scheduled trip",-1,174,175,291
"During scheduled trip",-1,1058,1059,291
"During scheduled trip",-1,2458,2459,291
"During scheduled trip",-1,731,732,291
"During scheduled trip",-1,434,435,291
"During scheduled trip",-1,4,5,291
"During scheduled trip",-1,111,112,291
"During scheduled trip",-1,1313,1314,291
"During scheduled trip",-1,3751,3752,291
"During scheduled trip",-1,707,708,291
"During scheduled trip",-1,904,905,291
"During scheduled trip",-1,1550,1551,291
"During scheduled trip",-1,67,68,291
"During scheduled trip",-1,529,530,291
"During scheduled trip",-1,1846,1847,291
"During scheduled trip",-1,691,692,291
"During scheduled trip",-1,1276,1277,291
"During scheduled trip",-1,519308,519309,291
"During scheduled trip",-1,2810,2811,291
"During scheduled trip",-1,964,965,291
"During scheduled trip",-1,241,242,291
"During scheduled trip",-1,5427,5428,291
"During scheduled trip",-1,2486,2487,291
"During scheduled trip",-1,752,753,291
"During scheduled trip",-1,1049,1050,291
"During scheduled trip",-1,542,543,291
"During scheduled trip",-1,2338,2339,291
"During scheduled trip",-1,2393,2394,291
"During scheduled trip",-1,518528,518529,291
"During scheduled trip",-1,1024,1025,291
"During scheduled trip",-1,793,794,291
"During scheduled trip",-1,574,575,291
"During scheduled trip",-1,1584,1585,291
"During scheduled trip",-1,1579,1580,291
"During scheduled trip",-1,114,115,291
"During scheduled trip",-1,1970,1971,291
"During scheduled trip",-1,2092,2093,291
"During scheduled trip",-1,1308,1309,291
"During scheduled trip",-1,313,314,291
"During scheduled trip",-1,1746,1747,291
"During scheduled trip",-1,2091,2092,291
"During scheduled trip",-1,41,42,291
"During scheduled trip",-1,315,316,291
"During scheduled trip",-1,770,771,291
"During scheduled trip",-1,1451,1452,291
"During scheduled trip",-1,1101,1102,291
"During scheduled trip",-1,516928,516929,291
"During scheduled trip",-1,424,425,291
"During scheduled trip",-1,2167,2168,291
"During scheduled trip",-1,430,431,291
"During scheduled trip",-1,177,178,291
"During scheduled trip",-1,377,378,291
"During scheduled trip",-1,2511,2512,291
"During scheduled trip",-1,3391,3392,291
"During scheduled trip",-1,1180,1181,291
"During scheduled trip",-1,3867,3868,291
"During scheduled trip",-1,2191,2192,291
"During scheduled trip",-1,1537,1538,291
"During scheduled trip",-1,619,620,291
"During scheduled trip",-1,426,427,291
"During scheduled trip",-1,166,167,291
"During scheduled trip",-1,450,451,291
"During scheduled trip",-1,276,277,291
"During scheduled trip",-1,6407,6408,291
"During scheduled trip",-1,1106,1107,291
"During scheduled trip",-1,1972,1973,291
"During scheduled trip",-1,367,368,291
"During scheduled trip",-1,395,396,291
"During scheduled trip",-1,2257,2258,291
"During scheduled trip",-1,2051,2052,291
"During scheduled trip",-1,559,560,291
"During scheduled trip",-1,1285,1286,291
"During scheduled trip",-1,908,909,291
"During scheduled trip",-1,867,868,291
"During scheduled trip",-1,1034,1035,291
"During scheduled trip",-1,112,113,291
"During scheduled trip",-1,362,363,291
"During scheduled trip",-1,579,580,291
"During scheduled trip",-1,740,741,291
"During scheduled trip",-1,610,611,291
"During scheduled trip",-1,355,356,291
"During scheduled trip",-1,2831,2832,291
"During scheduled trip",-1,2791,2792,291
"During scheduled trip",-1,1760,1761,291
"During scheduled trip",-1,818,819,291
"During scheduled trip",-1,518,519,291
"During scheduled trip",-1,1231,1232,291
"During scheduled trip",-1,3111,3112,291
"During scheduled trip",-1,2373,2374,291
"During scheduled trip",-1,856,857,291
"During scheduled trip",-1,1654,1655,291
"During scheduled trip",-1,165,166,291
"During scheduled trip",-1,2846,2847,291
"During scheduled trip",-1,527,528,291
"During scheduled trip",-1,1598,1599,291
"During scheduled trip",-1,695,696,291
"During scheduled trip",-1,264,265,291
"During scheduled trip",-1,71,72,291
"During scheduled trip",-1,265,266,291
"During scheduled trip",-1,582,583,291
"During scheduled trip",-1,1186,1187,291
"During scheduled trip",-1,732,733,291
"During scheduled trip",-1,743,744,291
"During scheduled trip",-1,1230,1231,291
"During scheduled trip",-1,333,334,291
"During scheduled trip",-1,321,322,291
"During scheduled trip",-1,3951,3952,291
"During scheduled trip",-1,633,634,291
"During scheduled trip",-1,620,621,291
"During scheduled trip",-1,672,673,291
"During scheduled trip",-1,660,661,291
"During scheduled trip",-1,761,762,291
"During scheduled trip",-1,383,384,291
"During scheduled trip",-1,5287,5288,291
"During scheduled trip",-1,347,348,291
"During scheduled trip",-1,3671,3672,291
"During scheduled trip",-1,760,761,291
"During scheduled trip",-1,128,129,291
"During scheduled trip",-1,1018,1019,291
"During scheduled trip",-1,1260,1261,291
"During scheduled trip",-1,625,626,291
"During scheduled trip",-1,2677,2678,291
"During scheduled trip",-1,700,701,291
"During scheduled trip",-1,8,9,291
"During scheduled trip",-1,227,228,291
"During scheduled trip",-1,1703,1704,291
"During scheduled trip",-1,1926,1927,291
"During scheduled trip",-1,2106,2107,291
"During scheduled trip",-1,1173,1174,291
"During scheduled trip",-1,677,678,291
"During scheduled trip",-1,751,752,291
"During scheduled trip",-1,1526,1527,291
"During scheduled trip",-1,293,294,291
"During scheduled trip",-1,2311,2312,291
"During scheduled trip",-1,1559,1560,291
"During scheduled trip",-1,785,786,291
"During scheduled trip",-1,998,999,291
"During scheduled trip",-1,2891,2892,291
"During scheduled trip",-1,1691,1692,291
"During scheduled trip",-1,636,637,291
"During scheduled trip",-1,445,446,291
"During scheduled trip",-1,408,409,291
"During scheduled trip",-1,243,244,291
"During scheduled trip",-1,2366,2367,291
"During scheduled trip",-1,831,832,291
"During scheduled trip",-1,179,180,291
"During scheduled trip",-1,5387,5388,291
"During scheduled trip",-1,121,122,291
"During scheduled trip",-1,931,932,291
"During scheduled trip",-1,514,515,291
"During scheduled trip",-1,-5,-4,291
"During scheduled trip",-1,1470,1471,291
"Post scheduled trip end time",-1,2347,2348,4020.5
"Post scheduled trip end time",-1,5113,5114,4020.5
"Post scheduled trip end time",-1,5390,5391,4020.5
"Post scheduled trip end time",-1,9670,9671,4020.5
"Post scheduled trip end time",-1,8411,8412,4020.5
"Post scheduled trip end time",-1,22610,22611,4020.5
"Post scheduled trip end time",-1,12098,12099,4020.5
"Post scheduled trip end time",-1,11041,11042,4020.5
"Post scheduled trip end time",-1,8337,8338,4020.5
"Post scheduled trip end time",-1,531628,531629,4020.5
"Post scheduled trip end time",-1,532108,532109,4020.5
"Post scheduled trip end time",-1,18931,18932,4020.5
"Post scheduled trip end time",-1,13121,13122,4020.5
"Post scheduled trip end time",-1,7421,7422,4020.5
"Post scheduled trip end time",-1,3812,3813,4020.5
"Post scheduled trip end time",-1,12725,12726,4020.5
"Post scheduled trip end time",-1,1510,1511,4020.5
"Post scheduled trip end time",-1,4250,4251,4020.5
"Post scheduled trip end time",-1,1524,1525,4020.5
"Post scheduled trip end time",-1,371,372,4020.5
"Post scheduled trip end time",-1,11786,11787,4020.5
"Post scheduled trip end time",-1,12866,12867,4020.5
"Post scheduled trip end time",-1,3153,3154,4020.5
"Post scheduled trip end time",-1,31670,31671,4020.5
"Post scheduled trip end time",-1,529,530,4020.5
"Post scheduled trip end time",-1,15114,15115,4020.5
"Post scheduled trip end time",-1,22952,22953,4020.5
"Post scheduled trip end time",-1,9341,9342,4020.5
"Post scheduled trip end time",-1,10491,10492,4020.5
"Post scheduled trip end time",-1,13717,13718,4020.5
"Post scheduled trip end time",-1,3509,3510,4020.5
"Post scheduled trip end time",-1,10830,10831,4020.5
"Post scheduled trip end time",-1,689,690,4020.5
"Post scheduled trip end time",-1,6617,6618,4020.5
"Post scheduled trip end time",-1,5948,5949,4020.5
"Post scheduled trip end time",-1,6900,6901,4020.5
"Post scheduled trip end time",-1,2121,2122,4020.5
"Post scheduled trip end time",-1,12108,12109,4020.5
"Post scheduled trip end time",-1,2705,2706,4020.5
"Post scheduled trip end time",-1,11650,11651,4020.5
"Post scheduled trip end time",-1,306,307,4020.5
"Post scheduled trip end time",-1,2510,2511,4020.5
"Post scheduled trip end time",-1,4390,4391,4020.5
"Post scheduled trip end time",-1,2290,2291,4020.5
"Post scheduled trip end time",-1,2530,2531,4020.5
"Post scheduled trip end time",-1,5095,5096,4020.5
"Post scheduled trip end time",-1,1097,1098,4020.5
"Post scheduled trip end time",-1,5717,5718,4020.5
"Post scheduled trip end time",-1,10411,10412,4020.5
"Post scheduled trip end time",-1,851,852,4020.5
"Post scheduled trip end time",-1,958,959,4020.5
"Post scheduled trip end time",-1,18512,18513,4020.5
"Post scheduled trip end time",-1,534008,534009,4020.5
"Post scheduled trip end time",-1,6152,6153,4020.5
"Post scheduled trip end time",-1,17412,17413,4020.5
"Post scheduled trip end time",-1,16810,16811,4020.5
"Post scheduled trip end time",-1,154,155,4020.5
"Post scheduled trip end time",-1,1840,1841,4020.5
"Post scheduled trip end time",-1,542,543,4020.5
"Post scheduled trip end time",-1,9886,9887,4020.5
"Post scheduled trip end time",-1,4873,4874,4020.5
"Post scheduled trip end time",-1,27424,27425,4020.5
"Post scheduled trip end time",-1,23810,23811,4020.5
"Post scheduled trip end time",-1,26510,26511,4020.5
"Post scheduled trip end time",-1,29572,29573,4020.5
"Post scheduled trip end time",-1,31132,31133,4020.5
"Post scheduled trip end time",-1,1517,1518,4020.5
"Post scheduled trip end time",-1,3897,3898,4020.5
"Post scheduled trip end time",-1,4317,4318,4020.5
"Post scheduled trip end time",-1,3469,3470,4020.5
"Post scheduled trip end time",-1,21897,21898,4020.5
"Post scheduled trip end time",-1,21957,21958,4020.5
"Post scheduled trip end time",-1,525468,525469,4020.5
"Post scheduled trip end time",-1,8532,8533,4020.5
"Post scheduled trip end time",-1,16681,16682,4020.5
"Post scheduled trip end time",-1,3861,3862,4020.5
"Post scheduled trip end time",-1,334,335,4020.5
"Post scheduled trip end time",-1,3943,3944,4020.5
"Post scheduled trip end time",-1,1500,1501,4020.5
"Post scheduled trip end time",-1,9826,9827,4020.5
"Post scheduled trip end time",-1,4646,4647,4020.5
"Post scheduled trip end time",-1,4620,4621,4020.5
"Post scheduled trip end time",-1,280,281,4020.5
"Post scheduled trip end time",-1,32390,32391,4020.5
"Post scheduled trip end time",-1,33410,33411,4020.5
"Post scheduled trip end time",-1,110,111,4020.5
"Post scheduled trip end time",-1,8250,8251,4020.5
"Post scheduled trip end time",-1,13038,13039,4020.5
"Post scheduled trip end time",-1,520028,520029,4020.5
"Post scheduled trip end time",-1,13757,13758,4020.5
"Post scheduled trip end time",-1,1629,1630,4020.5
"Post scheduled trip end time",-1,1806,1807,4020.5
"Post scheduled trip end time",-1,4397,4398,4020.5
"Post scheduled trip end time",-1,1736,1737,4020.5
"Post scheduled trip end time",-1,5185,5186,4020.5
"Post scheduled trip end time",-1,16961,16962,4020.5
"Post scheduled trip end time",-1,1930,1931,4020.5
"Post scheduled trip end time",-1,11870,11871,4020.5
"Post scheduled trip end time",-1,3863,3864,4020.5
"Post scheduled trip end time",-1,2098,2099,4020.5
"Post scheduled trip end time",-1,8040,8041,4020.5
"Post scheduled trip end time",-1,1987,1988,4020.5
"Post scheduled trip end time",-1,2807,2808,4020.5
"Post scheduled trip end time",-1,3254,3255,4020.5
"Post scheduled trip end time",-1,513,514,4020.5
"Post scheduled trip end time",-1,629,630,4020.5
"Post scheduled trip end time",-1,977,978,4020.5
"Post scheduled trip end time",-1,4611,4612,4020.5
"Post scheduled trip end time",-1,831,832,4020.5
"Post scheduled trip end time",-1,6101,6102,4020.5
"Post scheduled trip end time",-1,6981,6982,4020.5
"Post scheduled trip end time",-1,1753,1754,4020.5
"Post scheduled trip end time",-1,533588,533589,4020.5
"Post scheduled trip end time",-1,20937,20938,4020.5
"Post scheduled trip end time",-1,818,819,4020.5
"Post scheduled trip end time",-1,3410,3411,4020.5
"Post scheduled trip end time",-1,8851,8852,4020.5
"Post scheduled trip end time",-1,22410,22411,4020.5
"Post scheduled trip end time",-1,9400,9401,4020.5
"Post scheduled trip end time",-1,10578,10579,4020.5
"Post scheduled trip end time",-1,9297,9298,4020.5
"Post scheduled trip end time",-1,1183,1184,4020.5
"Post scheduled trip end time",-1,3600,3601,4020.5
"Post scheduled trip end time",-1,579,580,4020.5
"Post scheduled trip end time",-1,2029,2030,4020.5
"Post scheduled trip end time",-1,6720,6721,4020.5
"Post scheduled trip end time",-1,3313,3314,4020.5
"Post scheduled trip end time",-1,27950,27951,4020.5
"Post scheduled trip end time",-1,17126,17127,4020.5
"Post scheduled trip end time",-1,17686,17687,4020.5
"Post scheduled trip end time",-1,31524,31525,4020.5
"Post scheduled trip end time",-1,7231,7232,4020.5
"Post scheduled trip end time",-1,27030,27031,4020.5
"Post scheduled trip end time",-1,23952,23953,4020.5
"Post scheduled trip end time",-1,19652,19653,4020.5
"Post scheduled trip end time",-1,13401,13402,4020.5
"Post scheduled trip end time",-1,14777,14778,4020.5
"Post scheduled trip end time",-1,12494,12495,4020.5
"Post scheduled trip end time",-1,982,983,4020.5
"Post scheduled trip end time",-1,9461,9462,4020.5
"Post scheduled trip end time",-1,3252,3253,4020.5
"Post scheduled trip end time",-1,12332,12333,4020.5
"Post scheduled trip end time",-1,2132,2133,4020.5
"Post scheduled trip end time",-1,13181,13182,4020.5
"Post scheduled trip end time",-1,16172,16173,4020.5
"Post scheduled trip end time",-1,5652,5653,4020.5
"Post scheduled trip end time",-1,1612,1613,4020.5
"Post scheduled trip end time",-1,91,92,4020.5
"Post scheduled trip end time",-1,2161,2162,4020.5
"Post scheduled trip end time",-1,2581,2582,4020.5
"Post scheduled trip end time",-1,10450,10451,4020.5
"Post scheduled trip end time",-1,1709,1710,4020.5
"Post scheduled trip end time",-1,2543,2544,4020.5
"Post scheduled trip end time",-1,279,280,4020.5
"Post scheduled trip end time",-1,11654,11655,4020.5
"Post scheduled trip end time",-1,2751,2752,4020.5
"Post scheduled trip end time",-1,23772,23773,4020.5
"Post scheduled trip end time",-1,2797,2798,4020.5
"Post scheduled trip end time",-1,2333,2334,4020.5
"Post scheduled trip end time",-1,499,500,4020.5
"Post scheduled trip end time",-1,5312,5313,4020.5
"Post scheduled trip end time",-1,1257,1258,4020.5
"Post scheduled trip end time",-1,12825,12826,4020.5
"Post scheduled trip end time",-1,505,506,4020.5
"Post scheduled trip end time",-1,974,975,4020.5
"Post scheduled trip end time",-1,1896,1897,4020.5
"Post scheduled trip end time",-1,5486,5487,4020.5
"Post scheduled trip end time",-1,6526,6527,4020.5
"Post scheduled trip end time",-1,8031,8032,4020.5
"Post scheduled trip end time",-1,4895,4896,4020.5
"Post scheduled trip end time",-1,28052,28053,4020.5
"Post scheduled trip end time",-1,7034,7035,4020.5
"Post scheduled trip end time",-1,11201,11202,4020.5
"Post scheduled trip end time",-1,10951,10952,4020.5
"Post scheduled trip end time",-1,11697,11698,4020.5
"Post scheduled trip end time",-1,8548,8549,4020.5
"Post scheduled trip end time",-1,3766,3767,4020.5
"Post scheduled trip end time",-1,21497,21498,4020.5
"Post scheduled trip end time",-1,21717,21718,4020.5
"Post scheduled trip end time",-1,4528,4529,4020.5
"Post scheduled trip end time",-1,2632,2633,4020.5
"Post scheduled trip end time",-1,14286,14287,4020.5
"Post scheduled trip end time",-1,3998,3999,4020.5
"Post scheduled trip end time",-1,4298,4299,4020.5
"Post scheduled trip end time",-1,536268,536269,4020.5
"Post scheduled trip end time",-1,6086,6087,4020.5
"Post scheduled trip end time",-1,15512,15513,4020.5
"Post scheduled trip end time",-1,6401,6402,4020.5
"Post scheduled trip end time",-1,16185,16186,4020.5
"Post scheduled trip end time",-1,17261,17262,4020.5
"Post scheduled trip end time",-1,1270,1271,4020.5
"Post scheduled trip end time",-1,6461,6462,4020.5
"Post scheduled trip end time",-1,1820,1821,4020.5
"Post scheduled trip end time",-1,8066,8067,4020.5
"Post scheduled trip end time",-1,9946,9947,4020.5
"Post scheduled trip end time",-1,10346,10347,4020.5
"Post scheduled trip end time",-1,488,489,4020.5
"Post scheduled trip end time",-1,4700,4701,4020.5
"Post scheduled trip end time",-1,26684,26685,4020.5
"Post scheduled trip end time",-1,7511,7512,4020.5
"Post scheduled trip end time",-1,15010,15011,4020.5
"Post scheduled trip end time",-1,181652,181653,4020.5
"Post scheduled trip end time",-1,33850,33851,4020.5
"Post scheduled trip end time",-1,12801,12802,4020.5
"Post scheduled trip end time",-1,6537,6538,4020.5
"Post scheduled trip end time",-1,10272,10273,4020.5
"Post scheduled trip end time",-1,537048,537049,4020.5
"Post scheduled trip end time",-1,5954,5955,4020.5
"Post scheduled trip end time",-1,7212,7213,4020.5
"Post scheduled trip end time",-1,16110,16111,4020.5
"Post scheduled trip end time",-1,8830,8831,4020.5
"Post scheduled trip end time",-1,314,315,4020.5
"Post scheduled trip end time",-1,1867,1868,4020.5
"Post scheduled trip end time",-1,9846,9847,4020.5
"Post scheduled trip end time",-1,17794,17795,4020.5
"Post scheduled trip end time",-1,18058,18059,4020.5
"Post scheduled trip end time",-1,17572,17573,4020.5
"Post scheduled trip end time",-1,20272,20273,4020.5
"Post scheduled trip end time",-1,15278,15279,4020.5
"Post scheduled trip end time",-1,9097,9098,4020.5
"Post scheduled trip end time",-1,6301,6302,4020.5
"Post scheduled trip end time",-1,542888,542889,4020.5
"Post scheduled trip end time",-1,2648,2649,4020.5
"Post scheduled trip end time",-1,12426,12427,4020.5
"Post scheduled trip end time",-1,10168,10169,4020.5
"Post scheduled trip end time",-1,11151,11152,4020.5
"Post scheduled trip end time",-1,14852,14853,4020.5
"Post scheduled trip end time",-1,1670,1671,4020.5
"Post scheduled trip end time",-1,4110,4111,4020.5
"Post scheduled trip end time",-1,2083,2084,4020.5
"Post scheduled trip end time",-1,2767,2768,4020.5
"Post scheduled trip end time",-1,242,243,4020.5
"Post scheduled trip end time",-1,6853,6854,4020.5
"Post scheduled trip end time",-1,5780,5781,4020.5
"Post scheduled trip end time",-1,19234,19235,4020.5
"Post scheduled trip end time",-1,32792,32793,4020.5
"Post scheduled trip end time",-1,3731,3732,4020.5
"Post scheduled trip end time",-1,11797,11798,4020.5
"Post scheduled trip end time",-1,14917,14918,4020.5
"Post scheduled trip end time",-1,6988,6989,4020.5
"Post scheduled trip end time",-1,698,699,4020.5
"Post scheduled trip end time",-1,16452,16453,4020.5
"Post scheduled trip end time",-1,12732,12733,4020.5
"Post scheduled trip end time",-1,889,890,4020.5
"Post scheduled trip end time",-1,6621,6622,4020.5
"Post scheduled trip end time",-1,5334,5335,4020.5
"Post scheduled trip end time",-1,3326,3327,4020.5
"Post scheduled trip end time",-1,1003,1004,4020.5
"Post scheduled trip end time",-1,14586,14587,4020.5
"Post scheduled trip end time",-1,16966,16967,4020.5
"Post scheduled trip end time",-1,20910,20911,4020.5
"Post scheduled trip end time",-1,19637,19638,4020.5
"Post scheduled trip end time",-1,30212,30213,4020.5
"Post scheduled trip end time",-1,428,429,4020.5
"Post scheduled trip end time",-1,14915,14916,4020.5
"Post scheduled trip end time",-1,16357,16358,4020.5
"Post scheduled trip end time",-1,4799,4800,4020.5
"Post scheduled trip end time",-1,6548,6549,4020.5
"Post scheduled trip end time",-1,4645,4646,4020.5
"Post scheduled trip end time",-1,1461,1462,4020.5
"Post scheduled trip end time",-1,1083,1084,4020.5
"Post scheduled trip end time",-1,1543,1544,4020.5
"Post scheduled trip end time",-1,471,472,4020.5
"Post scheduled trip end time",-1,1584,1585,4020.5
"Post scheduled trip end time",-1,6400,6401,4020.5
"Post scheduled trip end time",-1,18890,18891,4020.5
"Post scheduled trip end time",-1,13686,13687,4020.5
"Post scheduled trip end time",-1,5166,5167,4020.5
"Post scheduled trip end time",-1,1833,1834,4020.5
"Post scheduled trip end time",-1,1728,1729,4020.5
"Post scheduled trip end time",-1,33070,33071,4020.5
"Post scheduled trip end time",-1,1295,1296,4020.5
"Post scheduled trip end time",-1,14414,14415,4020.5
"Post scheduled trip end time",-1,15358,15359,4020.5
"Post scheduled trip end time",-1,3546,3547,4020.5
"Post scheduled trip end time",-1,540908,540909,4020.5
"Post scheduled trip end time",-1,2008,2009,4020.5
"Post scheduled trip end time",-1,11648,11649,4020.5
"Post scheduled trip end time",-1,7585,7586,4020.5
"Post scheduled trip end time",-1,3760,3761,4020.5
"Post scheduled trip end time",-1,5280,5281,4020.5
"Post scheduled trip end time",-1,16732,16733,4020.5
"Post scheduled trip end time",-1,3199,3200,4020.5
"Post scheduled trip end time",-1,635,636,4020.5
"Post scheduled trip end time",-1,0,1,4020.5
"Post scheduled trip end time",-1,8550,8551,4020.5
"Post scheduled trip end time",-1,1045,1046,4020.5
"Post scheduled trip end time",-1,7027,7028,4020.5
"Post scheduled trip end time",-1,12430,12431,4020.5
"Post scheduled trip end time",-1,5493,5494,4020.5
"Post scheduled trip end time",-1,14246,14247,4020.5
"Post scheduled trip end time",-1,6746,6747,4020.5
"Post scheduled trip end time",-1,12310,12311,4020.5
"Post scheduled trip end time",-1,13510,13511,4020.5
"Post scheduled trip end time",-1,32492,32493,4020.5
"Post scheduled trip end time",-1,25490,25491,4020.5
"Post scheduled trip end time",-1,24904,24905,4020.5
"Post scheduled trip end time",-1,19457,19458,4020.5
"Post scheduled trip end time",-1,1811,1812,4020.5
"Post scheduled trip end time",-1,9640,9641,4020.5
"Post scheduled trip end time",-1,1357,1358,4020.5
"Post scheduled trip end time",-1,12697,12698,4020.5
"Post scheduled trip end time",-1,3889,3890,4020.5
"Post scheduled trip end time",-1,20052,20053,4020.5
"Post scheduled trip end time",-1,8894,8895,4020.5
"Post scheduled trip end time",-1,2268,2269,4020.5
"Post scheduled trip end time",-1,13712,13713,4020.5
"Post scheduled trip end time",-1,6812,6813,4020.5
"Post scheduled trip end time",-1,545,546,4020.5
"Post scheduled trip end time",-1,2354,2355,4020.5
"Post scheduled trip end time",-1,3758,3759,4020.5
"Post scheduled trip end time",-1,15550,15551,4020.5
"Post scheduled trip end time",-1,19797,19798,4020.5
"Post scheduled trip end time",-1,22872,22873,4020.5
"Post scheduled trip end time",-1,16092,16093,4020.5
"Post scheduled trip end time",-1,8090,8091,4020.5
"Post scheduled trip end time",-1,13132,13133,4020.5
"Post scheduled trip end time",-1,5732,5733,4020.5
"Post scheduled trip end time",-1,6292,6293,4020.5
"Post scheduled trip end time",-1,15868,15869,4020.5
"Post scheduled trip end time",-1,11826,11827,4020.5
"Post scheduled trip end time",-1,16071,16072,4020.5
"Post scheduled trip end time",-1,537408,537409,4020.5
"Post scheduled trip end time",-1,538788,538789,4020.5
"Post scheduled trip end time",-1,2156,2157,4020.5
"Post scheduled trip end time",-1,2320,2321,4020.5
"Post scheduled trip end time",-1,15021,15022,4020.5
"Post scheduled trip end time",-1,1615,1616,4020.5
"Post scheduled trip end time",-1,5510,5511,4020.5
"Post scheduled trip end time",-1,160,161,4020.5
"Post scheduled trip end time",-1,338,339,4020.5
"Post scheduled trip end time",-1,11066,11067,4020.5
"Post scheduled trip end time",-1,3640,3641,4020.5
"Post scheduled trip end time",-1,26604,26605,4020.5
"Post scheduled trip end time",-1,19446,19447,4020.5
"Post scheduled trip end time",-1,16370,16371,4020.5
"Post scheduled trip end time",-1,24630,24631,4020.5
"Post scheduled trip end time",-1,11710,11711,4020.5
"Post scheduled trip end time",-1,18977,18978,4020.5
"Post scheduled trip end time",-1,16101,16102,4020.5
"Post scheduled trip end time",-1,16161,16162,4020.5
"Post scheduled trip end time",-1,13081,13082,4020.5
"Post scheduled trip end time",-1,21112,21113,4020.5
"Post scheduled trip end time",-1,587,588,4020.5
"Post scheduled trip end time",-1,13951,13952,4020.5
"Post scheduled trip end time",-1,9674,9675,4020.5
"Post scheduled trip end time",-1,5497,5498,4020.5
"Post scheduled trip end time",-1,6372,6373,4020.5
"Post scheduled trip end time",-1,9317,9318,4020.5
"Post scheduled trip end time",-1,14452,14453,4020.5
"Post scheduled trip end time",-1,7312,7313,4020.5
"Post scheduled trip end time",-1,475,476,4020.5
"Post scheduled trip end time",-1,6887,6888,4020.5
"Post scheduled trip end time",-1,900,901,4020.5
"Post scheduled trip end time",-1,328,329,4020.5
"Post scheduled trip end time",-1,6886,6887,4020.5
"Post scheduled trip end time",-1,28250,28251,4020.5
"Post scheduled trip end time",-1,3351,3352,4020.5
"Post scheduled trip end time",-1,13241,13242,4020.5
"Post scheduled trip end time",-1,6417,6418,4020.5
"Post scheduled trip end time",-1,11897,11898,4020.5
"Post scheduled trip end time",-1,4848,4849,4020.5
"Post scheduled trip end time",-1,5908,5909,4020.5
"Post scheduled trip end time",-1,5846,5847,4020.5
"Post scheduled trip end time",-1,5252,5253,4020.5
"Post scheduled trip end time",-1,12972,12973,4020.5
"Post scheduled trip end time",-1,52,53,4020.5
"Post scheduled trip end time",-1,6430,6431,4020.5
"Post scheduled trip end time",-1,3741,3742,4020.5
"Post scheduled trip end time",-1,3781,3782,4020.5
"Post scheduled trip end time",-1,2763,2764,4020.5
"Post scheduled trip end time",-1,760,761,4020.5
"Post scheduled trip end time",-1,6733,6734,4020.5
"Post scheduled trip end time",-1,17470,17471,4020.5
"Post scheduled trip end time",-1,6626,6627,4020.5
"Post scheduled trip end time",-1,17114,17115,4020.5
"Post scheduled trip end time",-1,10311,10312,4020.5
"Post scheduled trip end time",-1,14517,14518,4020.5
"Post scheduled trip end time",-1,1422,1423,4020.5
"Post scheduled trip end time",-1,5958,5959,4020.5
"Post scheduled trip end time",-1,20252,20253,4020.5
"Post scheduled trip end time",-1,522868,522869,4020.5
"Post scheduled trip end time",-1,8374,8375,4020.5
"Post scheduled trip end time",-1,16191,16192,4020.5
"Post scheduled trip end time",-1,771,772,4020.5
"Post scheduled trip end time",-1,11845,11846,4020.5
"Post scheduled trip end time",-1,17125,17126,4020.5
"Post scheduled trip end time",-1,2275,2276,4020.5
"Post scheduled trip end time",-1,9690,9691,4020.5
"Post scheduled trip end time",-1,30530,30531,4020.5
"Post scheduled trip end time",-1,16706,16707,4020.5
"Post scheduled trip end time",-1,8591,8592,4020.5
"Post scheduled trip end time",-1,17210,17211,4020.5
"Post scheduled trip end time",-1,19954,19955,4020.5
"Post scheduled trip end time",-1,32370,32371,4020.5
"Post scheduled trip end time",-1,22870,22871,4020.5
"Post scheduled trip end time",-1,17397,17398,4020.5
"Post scheduled trip end time",-1,10781,10782,4020.5
"Post scheduled trip end time",-1,19632,19633,4020.5
"Post scheduled trip end time",-1,27492,27493,4020.5
"Post scheduled trip end time",-1,14395,14396,4020.5
"Post scheduled trip end time",-1,12217,12218,4020.5
"Post scheduled trip end time",-1,20772,20773,4020.5
"Post scheduled trip end time",-1,4029,4030,4020.5
"Post scheduled trip end time",-1,7128,7129,4020.5
"Post scheduled trip end time",-1,584,585,4020.5
"Post scheduled trip end time",-1,6565,6566,4020.5
"Post scheduled trip end time",-1,2090,2091,4020.5
"Post scheduled trip end time",-1,754,755,4020.5
"Post scheduled trip end time",-1,17230,17231,4020.5
"Post scheduled trip end time",-1,18010,18011,4020.5
"Post scheduled trip end time",-1,9046,9047,4020.5
"Post scheduled trip end time",-1,9986,9987,4020.5
"Post scheduled trip end time",-1,12026,12027,4020.5
"Post scheduled trip end time",-1,12546,12547,4020.5
"Post scheduled trip end time",-1,12686,12687,4020.5
"Post scheduled trip end time",-1,13106,13107,4020.5
"Post scheduled trip end time",-1,5506,5507,4020.5
"Post scheduled trip end time",-1,10330,10331,4020.5
"Post scheduled trip end time",-1,30784,30785,4020.5
"Post scheduled trip end time",-1,33310,33311,4020.5
"Post scheduled trip end time",-1,24544,24545,4020.5
"Post scheduled trip end time",-1,9478,9479,4020.5
"Post scheduled trip end time",-1,8421,8422,4020.5
"Post scheduled trip end time",-1,13751,13752,4020.5
"Post scheduled trip end time",-1,19872,19873,4020.5
"Post scheduled trip end time",-1,1197,1198,4020.5
"Post scheduled trip end time",-1,643,644,4020.5
"Post scheduled trip end time",-1,11111,11112,4020.5
"Post scheduled trip end time",-1,3940,3941,4020.5
"Post scheduled trip end time",-1,15712,15713,4020.5
"Post scheduled trip end time",-1,10841,10842,4020.5
"Post scheduled trip end time",-1,3219,3220,4020.5
"Post scheduled trip end time",-1,15745,15746,4020.5
"Post scheduled trip end time",-1,15141,15142,4020.5
"Post scheduled trip end time",-1,7750,7751,4020.5
"Post scheduled trip end time",-1,257,258,4020.5
"Post scheduled trip end time",-1,3287,3288,4020.5
"Post scheduled trip end time",-1,2000,2001,4020.5
"Post scheduled trip end time",-1,7331,7332,4020.5
"Post scheduled trip end time",-1,19266,19267,4020.5
"Post scheduled trip end time",-1,13114,13115,4020.5
"Post scheduled trip end time",-1,35172,35173,4020.5
"Post scheduled trip end time",-1,1075,1076,4020.5
"Post scheduled trip end time",-1,2497,2498,4020.5
"Post scheduled trip end time",-1,8511,8512,4020.5
"Post scheduled trip end time",-1,3365,3366,4020.5
"Post scheduled trip end time",-1,15285,15286,4020.5
"Post scheduled trip end time",-1,9952,9953,4020.5
"Post scheduled trip end time",-1,1324,1325,4020.5
"Post scheduled trip end time",-1,2587,2588,4020.5
"Post scheduled trip end time",-1,6394,6395,4020.5
"Post scheduled trip end time",-1,14746,14747,4020.5
"Post scheduled trip end time",-1,6000,6001,4020.5
"Post scheduled trip end time",-1,28270,28271,4020.5
"Post scheduled trip end time",-1,28890,28891,4020.5
"Post scheduled trip end time",-1,25512,25513,4020.5
"Post scheduled trip end time",-1,877,878,4020.5
"Post scheduled trip end time",-1,11626,11627,4020.5
"Post scheduled trip end time",-1,2928,2929,4020.5
"Post scheduled trip end time",-1,4520,4521,4020.5
"Post scheduled trip end time",-1,4385,4386,4020.5
"Post scheduled trip end time",-1,14285,14286,4020.5
"Post scheduled trip end time",-1,14945,14946,4020.5
"Post scheduled trip end time",-1,15385,15386,4020.5
"Post scheduled trip end time",-1,12012,12013,4020.5
"Post scheduled trip end time",-1,712,713,4020.5
"Post scheduled trip end time",-1,45,46,4020.5
"Post scheduled trip end time",-1,197,198,4020.5
"Post scheduled trip end time",-1,1634,1635,4020.5
"Post scheduled trip end time",-1,14430,14431,4020.5
"Post scheduled trip end time",-1,14590,14591,4020.5
"Post scheduled trip end time",-1,1174,1175,4020.5
"Post scheduled trip end time",-1,7300,7301,4020.5
"Post scheduled trip end time",-1,1231,1232,4020.5
"Post scheduled trip end time",-1,7766,7767,4020.5
"Post scheduled trip end time",-1,7046,7047,4020.5
"Post scheduled trip end time",-1,5500,5501,4020.5
"Post scheduled trip end time",-1,5893,5894,4020.5
"Post scheduled trip end time",-1,14670,14671,4020.5
"Post scheduled trip end time",-1,21332,21333,4020.5
"Post scheduled trip end time",-1,8794,8795,4020.5
"Post scheduled trip end time",-1,16992,16993,4020.5
"Post scheduled trip end time",-1,4540,4541,4020.5
"Post scheduled trip end time",-1,26032,26033,4020.5
"Post scheduled trip end time",-1,28072,28073,4020.5
"Post scheduled trip end time",-1,11594,11595,4020.5
"Post scheduled trip end time",-1,11352,11353,4020.5
"Post scheduled trip end time",-1,20277,20278,4020.5
"Post scheduled trip end time",-1,15392,15393,4020.5
"Post scheduled trip end time",-1,4880,4881,4020.5
"Post scheduled trip end time",-1,3572,3573,4020.5
"Post scheduled trip end time",-1,12070,12071,4020.5
"Post scheduled trip end time",-1,1194,1195,4020.5
"Post scheduled trip end time",-1,4994,4995,4020.5
"Post scheduled trip end time",-1,1910,1911,4020.5
"Post scheduled trip end time",-1,248,249,4020.5
"Post scheduled trip end time",-1,469,470,4020.5
"Post scheduled trip end time",-1,20230,20231,4020.5
"Post scheduled trip end time",-1,10821,10822,4020.5
"Post scheduled trip end time",-1,4180,4181,4020.5
"Post scheduled trip end time",-1,12901,12902,4020.5
"Post scheduled trip end time",-1,11357,11358,4020.5
"Post scheduled trip end time",-1,6451,6452,4020.5
"Post scheduled trip end time",-1,14397,14398,4020.5
"Post scheduled trip end time",-1,15597,15598,4020.5
"Post scheduled trip end time",-1,19752,19753,4020.5
"Post scheduled trip end time",-1,13572,13573,4020.5
"Post scheduled trip end time",-1,2593,2594,4020.5
"Post scheduled trip end time",-1,320,321,4020.5
"Post scheduled trip end time",-1,2992,2993,4020.5
"Post scheduled trip end time",-1,5452,5453,4020.5
"Post scheduled trip end time",-1,15352,15353,4020.5
"Post scheduled trip end time",-1,1614,1615,4020.5
"Post scheduled trip end time",-1,3934,3935,4020.5
"Post scheduled trip end time",-1,17310,17311,4020.5
"Post scheduled trip end time",-1,773,774,4020.5
"Post scheduled trip end time",-1,25272,25273,4020.5
"Post scheduled trip end time",-1,14374,14375,4020.5
"Post scheduled trip end time",-1,18617,18618,4020.5
"Post scheduled trip end time",-1,23932,23933,4020.5
"Post scheduled trip end time",-1,12557,12558,4020.5
"Post scheduled trip end time",-1,6051,6052,4020.5
"Post scheduled trip end time",-1,12691,12692,4020.5
"Post scheduled trip end time",-1,15645,15646,4020.5
"Post scheduled trip end time",-1,606,607,4020.5
"Post scheduled trip end time",-1,6730,6731,4020.5
"Post scheduled trip end time",-1,8410,8411,4020.5
"Post scheduled trip end time",-1,50,51,4020.5
"Post scheduled trip end time",-1,777,778,4020.5
"Post scheduled trip end time",-1,164,165,4020.5
"Post scheduled trip end time",-1,1710,1711,4020.5
"Post scheduled trip end time",-1,1418,1419,4020.5
"Post scheduled trip end time",-1,1191,1192,4020.5
"Post scheduled trip end time",-1,5230,5231,4020.5
"Post scheduled trip end time",-1,25052,25053,4020.5
"Post scheduled trip end time",-1,11920,11921,4020.5
"Post scheduled trip end time",-1,35272,35273,4020.5
"Post scheduled trip end time",-1,7951,7952,4020.5
"Post scheduled trip end time",-1,25404,25405,4020.5
"Post scheduled trip end time",-1,20570,20571,4020.5
"Post scheduled trip end time",-1,7010,7011,4020.5
"Post scheduled trip end time",-1,521448,521449,4020.5
"Post scheduled trip end time",-1,14231,14232,4020.5
"Post scheduled trip end time",-1,11377,11378,4020.5
"Post scheduled trip end time",-1,12854,12855,4020.5
"Post scheduled trip end time",-1,533528,533529,4020.5
"Post scheduled trip end time",-1,4252,4253,4020.5
"Post scheduled trip end time",-1,20331,20332,4020.5
"Post scheduled trip end time",-1,6652,6653,4020.5
"Post scheduled trip end time",-1,3718,3719,4020.5
"Post scheduled trip end time",-1,8331,8332,4020.5
"Post scheduled trip end time",-1,15532,15533,4020.5
"Post scheduled trip end time",-1,4052,4053,4020.5
"Post scheduled trip end time",-1,55,56,4020.5
"Post scheduled trip end time",-1,11706,11707,4020.5
"Post scheduled trip end time",-1,16230,16231,4020.5
"Post scheduled trip end time",-1,29624,29625,4020.5
"Post scheduled trip end time",-1,34270,34271,4020.5
"Post scheduled trip end time",-1,11694,11695,4020.5
"Post scheduled trip end time",-1,27192,27193,4020.5
"Post scheduled trip end time",-1,26250,26251,4020.5
"Post scheduled trip end time",-1,15314,15315,4020.5
"Post scheduled trip end time",-1,4555,4556,4020.5
"Post scheduled trip end time",-1,21990,21991,4020.5
"Post scheduled trip end time",-1,9741,9742,4020.5
"Post scheduled trip end time",-1,534248,534249,4020.5
"Post scheduled trip end time",-1,7572,7573,4020.5
"Post scheduled trip end time",-1,2488,2489,4020.5
"Post scheduled trip end time",-1,3078,3079,4020.5
"Post scheduled trip end time",-1,14785,14786,4020.5
"Post scheduled trip end time",-1,15185,15186,4020.5
"Post scheduled trip end time",-1,3370,3371,4020.5
"Post scheduled trip end time",-1,838,839,4020.5
"Post scheduled trip end time",-1,1298,1299,4020.5
"Post scheduled trip end time",-1,1827,1828,4020.5
"Post scheduled trip end time",-1,29830,29831,4020.5
"Post scheduled trip end time",-1,7411,7412,4020.5
"Post scheduled trip end time",-1,19934,19935,4020.5
"Post scheduled trip end time",-1,33370,33371,4020.5
"Post scheduled trip end time",-1,32364,32365,4020.5
"Post scheduled trip end time",-1,7011,7012,4020.5
"Post scheduled trip end time",-1,12050,12051,4020.5
"Post scheduled trip end time",-1,18858,18859,4020.5
"Post scheduled trip end time",-1,1853,1854,4020.5
"Post scheduled trip end time",-1,9148,9149,4020.5
"Post scheduled trip end time",-1,2118,2119,4020.5
"Post scheduled trip end time",-1,3641,3642,4020.5
"Post scheduled trip end time",-1,6690,6691,4020.5
"Post scheduled trip end time",-1,4454,4455,4020.5
"Post scheduled trip end time",-1,12726,12727,4020.5
"Post scheduled trip end time",-1,6591,6592,4020.5
"Post scheduled trip end time",-1,29704,29705,4020.5
"Post scheduled trip end time",-1,33590,33591,4020.5
"Post scheduled trip end time",-1,20170,20171,4020.5
"Post scheduled trip end time",-1,19097,19098,4020.5
"Post scheduled trip end time",-1,10094,10095,4020.5
"Post scheduled trip end time",-1,18212,18213,4020.5
"Post scheduled trip end time",-1,8177,8178,4020.5
"Post scheduled trip end time",-1,3297,3298,4020.5
"Post scheduled trip end time",-1,4017,4018,4020.5
"Post scheduled trip end time",-1,11552,11553,4020.5
"Post scheduled trip end time",-1,526308,526309,4020.5
"Post scheduled trip end time",-1,4972,4973,4020.5
"Post scheduled trip end time",-1,12166,12167,4020.5
"Post scheduled trip end time",-1,12101,12102,4020.5
"Post scheduled trip end time",-1,16712,16713,4020.5
"Post scheduled trip end time",-1,1716,1717,4020.5
"Post scheduled trip end time",-1,13961,13962,4020.5
"Post scheduled trip end time",-1,12,13,4020.5
"Post scheduled trip end time",-1,21,22,4020.5
"Post scheduled trip end time",-1,255,256,4020.5
"Post scheduled trip end time",-1,2218,2219,4020.5
"Post scheduled trip end time",-1,9126,9127,4020.5
"Post scheduled trip end time",-1,5093,5094,4020.5
"Post scheduled trip end time",-1,3040,3041,4020.5
"Post scheduled trip end time",-1,944,945,4020.5
"Post scheduled trip end time",-1,100,101,4020.5
"Post scheduled trip end time",-1,6630,6631,4020.5
"Post scheduled trip end time",-1,20098,20099,4020.5
"Post scheduled trip end time",-1,29992,29993,4020.5
"Post scheduled trip end time",-1,7500,7501,4020.5
"Post scheduled trip end time",-1,6497,6498,4020.5
"Post scheduled trip end time",-1,9617,9618,4020.5
"Post scheduled trip end time",-1,1789,1790,4020.5
"Post scheduled trip end time",-1,4399,4400,4020.5
"Post scheduled trip end time",-1,10492,10493,4020.5
"Post scheduled trip end time",-1,7912,7913,4020.5
"Post scheduled trip end time",-1,7445,7446,4020.5
"Post scheduled trip end time",-1,9141,9142,4020.5
"Post scheduled trip end time",-1,10565,10566,4020.5
"Post scheduled trip end time",-1,7832,7833,4020.5
"Post scheduled trip end time",-1,9472,9473,4020.5
"Post scheduled trip end time",-1,6370,6371,4020.5
"Post scheduled trip end time",-1,2270,2271,4020.5
"Post scheduled trip end time",-1,3187,3188,4020.5
"Post scheduled trip end time",-1,4706,4707,4020.5
"Post scheduled trip end time",-1,6346,6347,4020.5
"Post scheduled trip end time",-1,13554,13555,4020.5
"Post scheduled trip end time",-1,4389,4390,4020.5
"Post scheduled trip end time",-1,11100,11101,4020.5
"Post scheduled trip end time",-1,6034,6035,4020.5
"Post scheduled trip end time",-1,3631,3632,4020.5
"Post scheduled trip end time",-1,1077,1078,4020.5
"Post scheduled trip end time",-1,11494,11495,4020.5
"Post scheduled trip end time",-1,4661,4662,4020.5
"Post scheduled trip end time",-1,1657,1658,4020.5
"Post scheduled trip end time",-1,4920,4921,4020.5
"Post scheduled trip end time",-1,3592,3593,4020.5
"Post scheduled trip end time",-1,16201,16202,4020.5
"Post scheduled trip end time",-1,12685,12686,4020.5
"Post scheduled trip end time",-1,2020,2021,4020.5
"Post scheduled trip end time",-1,1107,1108,4020.5
"Post scheduled trip end time",-1,14046,14047,4020.5
"Post scheduled trip end time",-1,336,337,4020.5
"Post scheduled trip end time",-1,2498,2499,4020.5
"Post scheduled trip end time",-1,11914,11915,4020.5
"Post scheduled trip end time",-1,524,525,4020.5
"Post scheduled trip end time",-1,10038,10039,4020.5
"Post scheduled trip end time",-1,4717,4718,4020.5
"Post scheduled trip end time",-1,14197,14198,4020.5
"Post scheduled trip end time",-1,11508,11509,4020.5
"Post scheduled trip end time",-1,6141,6142,4020.5
"Post scheduled trip end time",-1,533928,533929,4020.5
"Post scheduled trip end time",-1,15497,15498,4020.5
"Post scheduled trip end time",-1,13412,13413,4020.5
"Post scheduled trip end time",-1,528328,528329,4020.5
"Post scheduled trip end time",-1,3288,3289,4020.5
"Post scheduled trip end time",-1,2046,2047,4020.5
"Post scheduled trip end time",-1,9932,9933,4020.5
"Post scheduled trip end time",-1,1359,1360,4020.5
"Post scheduled trip end time",-1,2605,2606,4020.5
"Post scheduled trip end time",-1,12052,12053,4020.5
"Post scheduled trip end time",-1,1011,1012,4020.5
"Post scheduled trip end time",-1,17574,17575,4020.5
"Post scheduled trip end time",-1,6375,6376,4020.5
"Post scheduled trip end time",-1,19394,19395,4020.5
"Post scheduled trip end time",-1,19118,19119,4020.5
"Post scheduled trip end time",-1,-15,-14,4020.5
"Post scheduled trip end time",-1,24210,24211,4020.5
"Post scheduled trip end time",-1,22010,22011,4020.5
"Post scheduled trip end time",-1,15792,15793,4020.5
"Post scheduled trip end time",-1,12841,12842,4020.5
"Post scheduled trip end time",-1,622,623,4020.5
"Post scheduled trip end time",-1,522568,522569,4020.5
"Post scheduled trip end time",-1,3041,3042,4020.5
"Post scheduled trip end time",-1,542088,542089,4020.5
"Post scheduled trip end time",-1,2192,2193,4020.5
"Post scheduled trip end time",-1,13848,13849,4020.5
"Post scheduled trip end time",-1,16165,16166,4020.5
"Post scheduled trip end time",-1,16061,16062,4020.5
"Post scheduled trip end time",-1,731,732,4020.5
"Post scheduled trip end time",-1,19030,19031,4020.5
"Post scheduled trip end time",-1,5053,5054,4020.5
"Post scheduled trip end time",-1,35352,35353,4020.5
"Post scheduled trip end time",-1,609,610,4020.5
"Post scheduled trip end time",-1,2611,2612,4020.5
"Post scheduled trip end time",-1,8854,8855,4020.5
"Post scheduled trip end time",-1,8118,8119,4020.5
"Post scheduled trip end time",-1,8341,8342,4020.5
"Post scheduled trip end time",-1,540488,540489,4020.5
"Post scheduled trip end time",-1,10188,10189,4020.5
"Post scheduled trip end time",-1,13821,13822,4020.5
"Post scheduled trip end time",-1,16612,16613,4020.5
"Post scheduled trip end time",-1,4485,4486,4020.5
"Post scheduled trip end time",-1,3701,3702,4020.5
"Post scheduled trip end time",-1,463,464,4020.5
"Post scheduled trip end time",-1,2714,2715,4020.5
"Post scheduled trip end time",-1,403,404,4020.5
"Post scheduled trip end time",-1,2258,2259,4020.5
"Post scheduled trip end time",-1,1880,1881,4020.5
"Post scheduled trip end time",-1,882,883,4020.5
"Post scheduled trip end time",-1,1847,1848,4020.5
"Post scheduled trip end time",-1,4760,4761,4020.5
"Post scheduled trip end time",-1,27444,27445,4020.5
"Post scheduled trip end time",-1,11410,11411,4020.5
"Post scheduled trip end time",-1,17718,17719,4020.5
"Post scheduled trip end time",-1,3671,3672,4020.5
"Post scheduled trip end time",-1,11874,11875,4020.5
"Post scheduled trip end time",-1,975,976,4020.5
"Post scheduled trip end time",-1,13432,13433,4020.5
"Post scheduled trip end time",-1,19152,19153,4020.5
"Post scheduled trip end time",-1,6146,6147,4020.5
"Post scheduled trip end time",-1,538428,538429,4020.5
"Post scheduled trip end time",-1,232,233,4020.5
"Post scheduled trip end time",-1,1587,1588,4020.5
"Post scheduled trip end time",-1,9366,9367,4020.5
"Post scheduled trip end time",-1,15526,15527,4020.5
"Post scheduled trip end time",-1,15310,15311,4020.5
"Post scheduled trip end time",-1,31530,31531,4020.5
"Post scheduled trip end time",-1,31912,31913,4020.5
"Post scheduled trip end time",-1,1200,1201,4020.5
"Post scheduled trip end time",-1,26332,26333,4020.5
"Post scheduled trip end time",-1,519868,519869,4020.5
"Post scheduled trip end time",-1,4712,4713,4020.5
"Post scheduled trip end time",-1,6820,6821,4020.5
"Post scheduled trip end time",-1,1786,1787,4020.5
"Post scheduled trip end time",-1,5006,5007,4020.5
"Post scheduled trip end time",-1,15272,15273,4020.5
"Post scheduled trip end time",-1,599,600,4020.5
"Post scheduled trip end time",-1,16801,16802,4020.5
"Post scheduled trip end time",-1,886,887,4020.5
"Post scheduled trip end time",-1,752,753,4020.5
"Post scheduled trip end time",-1,2563,2564,4020.5
"Post scheduled trip end time",-1,138,139,4020.5
"Post scheduled trip end time",-1,4426,4427,4020.5
"Post scheduled trip end time",-1,5826,5827,4020.5
"Post scheduled trip end time",-1,3593,3594,4020.5
"Post scheduled trip end time",-1,149,150,4020.5
"Post scheduled trip end time",-1,1665,1666,4020.5
"Post scheduled trip end time",-1,565,566,4020.5
"Post scheduled trip end time",-1,13861,13862,4020.5
"Post scheduled trip end time",-1,7497,7498,4020.5
"Post scheduled trip end time",-1,11268,11269,4020.5
"Post scheduled trip end time",-1,18972,18973,4020.5
"Post scheduled trip end time",-1,1558,1559,4020.5
"Post scheduled trip end time",-1,6078,6079,4020.5
"Post scheduled trip end time",-1,3989,3990,4020.5
"Post scheduled trip end time",-1,7192,7193,4020.5
"Post scheduled trip end time",-1,10448,10449,4020.5
"Post scheduled trip end time",-1,8077,8078,4020.5
"Post scheduled trip end time",-1,5514,5515,4020.5
"Post scheduled trip end time",-1,3665,3666,4020.5
"Post scheduled trip end time",-1,3232,3233,4020.5
"Post scheduled trip end time",-1,205,206,4020.5
"Post scheduled trip end time",-1,362,363,4020.5
"Post scheduled trip end time",-1,183,184,4020.5
"Post scheduled trip end time",-1,1595,1596,4020.5
"Post scheduled trip end time",-1,1420,1421,4020.5
"Post scheduled trip end time",-1,2220,2221,4020.5
"Post scheduled trip end time",-1,2300,2301,4020.5
"Post scheduled trip end time",-1,7600,7601,4020.5
"Post scheduled trip end time",-1,3358,3359,4020.5
"Post scheduled trip end time",-1,26984,26985,4020.5
"Post scheduled trip end time",-1,10570,10571,4020.5
"Post scheduled trip end time",-1,29364,29365,4020.5
"Post scheduled trip end time",-1,17037,17038,4020.5
"Post scheduled trip end time",-1,12118,12119,4020.5
"Post scheduled trip end time",-1,12331,12332,4020.5
"Post scheduled trip end time",-1,1898,1899,4020.5
"Post scheduled trip end time",-1,7201,7202,4020.5
"Post scheduled trip end time",-1,8868,8869,4020.5
"Post scheduled trip end time",-1,17208,17209,4020.5
"Post scheduled trip end time",-1,3008,3009,4020.5
"Post scheduled trip end time",-1,7370,7371,4020.5
"Post scheduled trip end time",-1,392,393,4020.5
"Post scheduled trip end time",-1,1378,1379,4020.5
"Post scheduled trip end time",-1,28630,28631,4020.5
"Post scheduled trip end time",-1,19626,19627,4020.5
"Post scheduled trip end time",-1,9351,9352,4020.5
"Post scheduled trip end time",-1,23012,23013,4020.5
"Post scheduled trip end time",-1,3857,3858,4020.5
"Post scheduled trip end time",-1,1909,1910,4020.5
"Post scheduled trip end time",-1,11328,11329,4020.5
"Post scheduled trip end time",-1,6041,6042,4020.5
"Post scheduled trip end time",-1,3672,3673,4020.5
"Post scheduled trip end time",-1,10528,10529,4020.5
"Post scheduled trip end time",-1,8017,8018,4020.5
"Post scheduled trip end time",-1,17012,17013,4020.5
"Post scheduled trip end time",-1,7372,7373,4020.5
"Post scheduled trip end time",-1,1635,1636,4020.5
"Post scheduled trip end time",-1,1235,1236,4020.5
"Post scheduled trip end time",-1,10290,10291,4020.5
"Post scheduled trip end time",-1,620,621,4020.5
"Post scheduled trip end time",-1,7073,7074,4020.5
"Post scheduled trip end time",-1,18026,18027,4020.5
"Post scheduled trip end time",-1,31450,31451,4020.5
"Post scheduled trip end time",-1,26390,26391,4020.5
"Post scheduled trip end time",-1,21690,21691,4020.5
"Post scheduled trip end time",-1,19852,19853,4020.5
"Post scheduled trip end time",-1,2013,2014,4020.5
"Post scheduled trip end time",-1,1666,1667,4020.5
"Post scheduled trip end time",-1,7261,7262,4020.5
"Post scheduled trip end time",-1,5012,5013,4020.5
"Post scheduled trip end time",-1,6888,6889,4020.5
"Post scheduled trip end time",-1,14348,14349,4020.5
"Post scheduled trip end time",-1,20291,20292,4020.5
"Post scheduled trip end time",-1,2176,2177,4020.5
"Post scheduled trip end time",-1,11645,11646,4020.5
"Post scheduled trip end time",-1,1781,1782,4020.5
"Post scheduled trip end time",-1,2641,2642,4020.5
"Post scheduled trip end time",-1,2129,2130,4020.5
"Post scheduled trip end time",-1,5534,5535,4020.5
"Post scheduled trip end time",-1,17350,17351,4020.5
"Post scheduled trip end time",-1,17870,17871,4020.5
"Post scheduled trip end time",-1,18490,18491,4020.5
"Post scheduled trip end time",-1,19490,19491,4020.5
"Post scheduled trip end time",-1,10246,10247,4020.5
"Post scheduled trip end time",-1,13226,13227,4020.5
"Post scheduled trip end time",-1,5986,5987,4020.5
"Post scheduled trip end time",-1,4080,4081,4020.5
"Post scheduled trip end time",-1,19666,19667,4020.5
"Post scheduled trip end time",-1,292,293,4020.5
"Post scheduled trip end time",-1,13314,13315,4020.5
"Post scheduled trip end time",-1,20610,20611,4020.5
"Post scheduled trip end time",-1,18158,18159,4020.5
"Post scheduled trip end time",-1,10300,10301,4020.5
"Post scheduled trip end time",-1,3711,3712,4020.5
"Post scheduled trip end time",-1,6851,6852,4020.5
"Post scheduled trip end time",-1,532808,532809,4020.5
"Post scheduled trip end time",-1,2746,2747,4020.5
"Post scheduled trip end time",-1,7057,7058,4020.5
"Post scheduled trip end time",-1,9221,9222,4020.5
"Post scheduled trip end time",-1,10128,10129,4020.5
"Post scheduled trip end time",-1,3978,3979,4020.5
"Post scheduled trip end time",-1,2109,2110,4020.5
"Post scheduled trip end time",-1,5320,5321,4020.5
"Post scheduled trip end time",-1,29470,29471,4020.5
"Post scheduled trip end time",-1,7571,7572,4020.5
"Post scheduled trip end time",-1,27852,27853,4020.5
"Post scheduled trip end time",-1,23310,23311,4020.5
"Post scheduled trip end time",-1,3311,3312,4020.5
"Post scheduled trip end time",-1,22972,22973,4020.5
"Post scheduled trip end time",-1,12121,12122,4020.5
"Post scheduled trip end time",-1,12211,12212,4020.5
"Post scheduled trip end time",-1,448,449,4020.5
"Post scheduled trip end time",-1,3349,3350,4020.5
"Post scheduled trip end time",-1,3649,3650,4020.5
"Post scheduled trip end time",-1,535048,535049,4020.5
"Post scheduled trip end time",-1,522468,522469,4020.5
"Post scheduled trip end time",-1,2619,2620,4020.5
"Post scheduled trip end time",-1,7852,7853,4020.5
"Post scheduled trip end time",-1,404,405,4020.5
"Post scheduled trip end time",-1,2190,2191,4020.5
"Post scheduled trip end time",-1,11072,11073,4020.5
"Post scheduled trip end time",-1,2281,2282,4020.5
"Post scheduled trip end time",-1,714,715,4020.5
"Post scheduled trip end time",-1,26852,26853,4020.5
"Post scheduled trip end time",-1,27512,27513,4020.5
"Post scheduled trip end time",-1,26030,26031,4020.5
"Post scheduled trip end time",-1,4899,4900,4020.5
"Post scheduled trip end time",-1,5449,5450,4020.5
"Post scheduled trip end time",-1,3106,3107,4020.5
"Post scheduled trip end time",-1,12172,12173,4020.5
"Post scheduled trip end time",-1,1028,1029,4020.5
"Post scheduled trip end time",-1,526808,526809,4020.5
"Post scheduled trip end time",-1,2872,2873,4020.5
"Post scheduled trip end time",-1,539008,539009,4020.5
"Post scheduled trip end time",-1,1430,1431,4020.5
"Post scheduled trip end time",-1,15990,15991,4020.5
"Post scheduled trip end time",-1,261,262,4020.5
"Post scheduled trip end time",-1,680,681,4020.5
"Post scheduled trip end time",-1,5386,5387,4020.5
"Post scheduled trip end time",-1,549,550,4020.5
"Post scheduled trip end time",-1,31170,31171,4020.5
"Post scheduled trip end time",-1,25172,25173,4020.5
"Post scheduled trip end time",-1,12574,12575,4020.5
"Post scheduled trip end time",-1,4515,4516,4020.5
"Post scheduled trip end time",-1,4809,4810,4020.5
"Post scheduled trip end time",-1,17158,17159,4020.5
"Post scheduled trip end time",-1,9918,9919,4020.5
"Post scheduled trip end time",-1,3397,3398,4020.5
"Post scheduled trip end time",-1,9806,9807,4020.5
"Post scheduled trip end time",-1,542568,542569,4020.5
"Post scheduled trip end time",-1,15872,15873,4020.5
"Post scheduled trip end time",-1,5294,5295,4020.5
"Post scheduled trip end time",-1,58,59,4020.5
"Post scheduled trip end time",-1,5081,5082,4020.5
"Post scheduled trip end time",-1,516,517,4020.5
"Post scheduled trip end time",-1,3166,3167,4020.5
"Post scheduled trip end time",-1,17106,17107,4020.5
"Post scheduled trip end time",-1,993,994,4020.5
"Post scheduled trip end time",-1,4351,4352,4020.5
"Post scheduled trip end time",-1,18197,18198,4020.5
"Post scheduled trip end time",-1,12311,12312,4020.5
"Post scheduled trip end time",-1,11317,11318,4020.5
"Post scheduled trip end time",-1,22297,22298,4020.5
"Post scheduled trip end time",-1,14688,14689,4020.5
"Post scheduled trip end time",-1,1332,1333,4020.5
"Post scheduled trip end time",-1,6612,6613,4020.5
"Post scheduled trip end time",-1,3161,3162,4020.5
"Post scheduled trip end time",-1,1140,1141,4020.5
"Post scheduled trip end time",-1,12750,12751,4020.5
"Post scheduled trip end time",-1,13610,13611,4020.5
"Post scheduled trip end time",-1,3880,3881,4020.5
"Post scheduled trip end time",-1,5300,5301,4020.5
"Post scheduled trip end time",-1,8630,8631,4020.5
"Post scheduled trip end time",-1,30944,30945,4020.5
"Post scheduled trip end time",-1,32932,32933,4020.5
"Post scheduled trip end time",-1,12814,12815,4020.5
"Post scheduled trip end time",-1,26310,26311,4020.5
"Post scheduled trip end time",-1,17277,17278,4020.5
"Post scheduled trip end time",-1,18657,18658,4020.5
"Post scheduled trip end time",-1,2274,2275,4020.5
"Post scheduled trip end time",-1,13021,13022,4020.5
"Post scheduled trip end time",-1,11031,11032,4020.5
"Post scheduled trip end time",-1,1297,1298,4020.5
"Post scheduled trip end time",-1,10186,10187,4020.5
"Post scheduled trip end time",-1,1501,1502,4020.5
"Post scheduled trip end time",-1,4441,4442,4020.5
"Post scheduled trip end time",-1,1941,1942,4020.5
"Post scheduled trip end time",-1,220,221,4020.5
"Post scheduled trip end time",-1,7107,7108,4020.5
"Post scheduled trip end time",-1,15870,15871,4020.5
"Post scheduled trip end time",-1,1562,1563,4020.5
"Post scheduled trip end time",-1,13390,13391,4020.5
"Post scheduled trip end time",-1,3494,3495,4020.5
"Post scheduled trip end time",-1,520888,520889,4020.5
"Post scheduled trip end time",-1,11071,11072,4020.5
"Post scheduled trip end time",-1,11751,11752,4020.5
"Post scheduled trip end time",-1,5730,5731,4020.5
"Post scheduled trip end time",-1,8452,8453,4020.5
"Post scheduled trip end time",-1,17212,17213,4020.5
"Post scheduled trip end time",-1,2261,2262,4020.5
"Post scheduled trip end time",-1,11781,11782,4020.5
"Post scheduled trip end time",-1,4170,4171,4020.5
"Post scheduled trip end time",-1,4890,4891,4020.5
"Post scheduled trip end time",-1,28430,28431,4020.5
"Post scheduled trip end time",-1,25312,25313,4020.5
"Post scheduled trip end time",-1,16658,16659,4020.5
"Post scheduled trip end time",-1,12871,12872,4020.5
"Post scheduled trip end time",-1,7661,7662,4020.5
"Post scheduled trip end time",-1,21217,21218,4020.5
"Post scheduled trip end time",-1,529388,529389,4020.5
"Post scheduled trip end time",-1,1020,1021,4020.5
"Post scheduled trip end time",-1,8872,8873,4020.5
"Post scheduled trip end time",-1,4412,4413,4020.5
"Post scheduled trip end time",-1,479,480,4020.5
"Post scheduled trip end time",-1,7152,7153,4020.5
"Post scheduled trip end time",-1,1311,1312,4020.5
"Post scheduled trip end time",-1,441,442,4020.5
"Post scheduled trip end time",-1,2903,2904,4020.5
"Post scheduled trip end time",-1,1929,1930,4020.5
"Post scheduled trip end time",-1,15590,15591,4020.5
"Post scheduled trip end time",-1,18394,18395,4020.5
"Post scheduled trip end time",-1,34792,34793,4020.5
"Post scheduled trip end time",-1,1026,1027,4020.5
"Post scheduled trip end time",-1,365,366,4020.5
"Post scheduled trip end time",-1,14254,14255,4020.5
"Post scheduled trip end time",-1,19757,19758,4020.5
"Post scheduled trip end time",-1,16098,16099,4020.5
"Post scheduled trip end time",-1,18292,18293,4020.5
"Post scheduled trip end time",-1,12117,12118,4020.5
"Post scheduled trip end time",-1,6561,6562,4020.5
"Post scheduled trip end time",-1,531028,531029,4020.5
"Post scheduled trip end time",-1,14052,14053,4020.5
"Post scheduled trip end time",-1,9861,9862,4020.5
"Post scheduled trip end time",-1,15741,15742,4020.5
"Post scheduled trip end time",-1,2652,2653,4020.5
"Post scheduled trip end time",-1,94,95,4020.5
"Post scheduled trip end time",-1,241,242,4020.5
"Post scheduled trip end time",-1,3130,3131,4020.5
"Post scheduled trip end time",-1,6474,6475,4020.5
"Post scheduled trip end time",-1,7446,7447,4020.5
"Post scheduled trip end time",-1,386,387,4020.5
"Post scheduled trip end time",-1,187,188,4020.5
"Post scheduled trip end time",-1,20590,20591,4020.5
"Post scheduled trip end time",-1,19937,19938,4020.5
"Post scheduled trip end time",-1,24652,24653,4020.5
"Post scheduled trip end time",-1,437,438,4020.5
"Post scheduled trip end time",-1,647,648,4020.5
"Post scheduled trip end time",-1,4021,4022,4020.5
"Post scheduled trip end time",-1,2168,2169,4020.5
"Post scheduled trip end time",-1,2092,2093,4020.5
"Post scheduled trip end time",-1,19251,19252,4020.5
"Post scheduled trip end time",-1,20151,20152,4020.5
"Post scheduled trip end time",-1,12788,12789,4020.5
"Post scheduled trip end time",-1,13745,13746,4020.5
"Post scheduled trip end time",-1,14685,14686,4020.5
"Post scheduled trip end time",-1,9650,9651,4020.5
"Post scheduled trip end time",-1,14750,14751,4020.5
"Post scheduled trip end time",-1,5746,5747,4020.5
"Post scheduled trip end time",-1,30330,30331,4020.5
"Post scheduled trip end time",-1,26850,26851,4020.5
"Post scheduled trip end time",-1,1334,1335,4020.5
"Post scheduled trip end time",-1,2674,2675,4020.5
"Post scheduled trip end time",-1,11531,11532,4020.5
"Post scheduled trip end time",-1,3400,3401,4020.5
"Post scheduled trip end time",-1,14421,14422,4020.5
"Post scheduled trip end time",-1,2449,2450,4020.5
"Post scheduled trip end time",-1,3514,3515,4020.5
"Post scheduled trip end time",-1,3674,3675,4020.5
"Post scheduled trip end time",-1,3753,3754,4020.5
"Post scheduled trip end time",-1,27864,27865,4020.5
"Post scheduled trip end time",-1,15330,15331,4020.5
"Post scheduled trip end time",-1,22598,22599,4020.5
"Post scheduled trip end time",-1,9250,9251,4020.5
"Post scheduled trip end time",-1,11178,11179,4020.5
"Post scheduled trip end time",-1,7997,7998,4020.5
"Post scheduled trip end time",-1,12337,12338,4020.5
"Post scheduled trip end time",-1,3699,3700,4020.5
"Post scheduled trip end time",-1,1609,1610,4020.5
"Post scheduled trip end time",-1,11168,11169,4020.5
"Post scheduled trip end time",-1,534408,534409,4020.5
"Post scheduled trip end time",-1,12786,12787,4020.5
"Post scheduled trip end time",-1,5714,5715,4020.5
"Post scheduled trip end time",-1,4,5,4020.5
"Post scheduled trip end time",-1,86,87,4020.5
"Post scheduled trip end time",-1,6680,6681,4020.5
"Post scheduled trip end time",-1,3413,3414,4020.5
"Post scheduled trip end time",-1,461,462,4020.5
"Post scheduled trip end time",-1,33332,33333,4020.5
"Post scheduled trip end time",-1,23504,23505,4020.5
"Post scheduled trip end time",-1,905,906,4020.5
"Post scheduled trip end time",-1,10720,10721,4020.5
"Post scheduled trip end time",-1,2025,2026,4020.5
"Post scheduled trip end time",-1,6391,6392,4020.5
"Post scheduled trip end time",-1,11337,11338,4020.5
"Post scheduled trip end time",-1,6558,6559,4020.5
"Post scheduled trip end time",-1,10661,10662,4020.5
"Post scheduled trip end time",-1,3661,3662,4020.5
"Post scheduled trip end time",-1,1654,1655,4020.5
"Post scheduled trip end time",-1,2894,2895,4020.5
"Post scheduled trip end time",-1,2049,2050,4020.5
"Post scheduled trip end time",-1,1687,1688,4020.5
"Post scheduled trip end time",-1,5413,5414,4020.5
"Post scheduled trip end time",-1,14506,14507,4020.5
"Post scheduled trip end time",-1,18294,18295,4020.5
"Post scheduled trip end time",-1,32404,32405,4020.5
"Post scheduled trip end time",-1,25224,25225,4020.5
"Post scheduled trip end time",-1,725,726,4020.5
"Post scheduled trip end time",-1,16354,16355,4020.5
"Post scheduled trip end time",-1,17077,17078,4020.5
"Post scheduled trip end time",-1,7360,7361,4020.5
"Post scheduled trip end time",-1,12372,12373,4020.5
"Post scheduled trip end time",-1,531868,531869,4020.5
"Post scheduled trip end time",-1,9028,9029,4020.5
"Post scheduled trip end time",-1,930,931,4020.5
"Post scheduled trip end time",-1,1741,1742,4020.5
"Post scheduled trip end time",-1,1091,1092,4020.5
"Post scheduled trip end time",-1,8990,8991,4020.5
"Post scheduled trip end time",-1,9390,9391,4020.5
"Post scheduled trip end time",-1,6521,6522,4020.5
"Post scheduled trip end time",-1,7200,7201,4020.5
"Post scheduled trip end time",-1,5473,5474,4020.5
"Post scheduled trip end time",-1,6833,6834,4020.5
"Post scheduled trip end time",-1,28730,28731,4020.5
"Post scheduled trip end time",-1,433,434,4020.5
"Post scheduled trip end time",-1,31730,31731,4020.5
"Post scheduled trip end time",-1,27972,27973,4020.5
"Post scheduled trip end time",-1,12230,12231,4020.5
"Post scheduled trip end time",-1,22790,22791,4020.5
"Post scheduled trip end time",-1,10618,10619,4020.5
"Post scheduled trip end time",-1,16492,16493,4020.5
"Post scheduled trip end time",-1,3617,3618,4020.5
"Post scheduled trip end time",-1,4277,4278,4020.5
"Post scheduled trip end time",-1,530848,530849,4020.5
"Post scheduled trip end time",-1,16568,16569,4020.5
"Post scheduled trip end time",-1,410,411,4020.5
"Post scheduled trip end time",-1,11390,11391,4020.5
"Post scheduled trip end time",-1,2669,2670,4020.5
"Post scheduled trip end time",-1,624,625,4020.5
"Post scheduled trip end time",-1,18066,18067,4020.5
"Post scheduled trip end time",-1,15390,15391,4020.5
"Post scheduled trip end time",-1,20154,20155,4020.5
"Post scheduled trip end time",-1,33170,33171,4020.5
"Post scheduled trip end time",-1,25572,25573,4020.5
"Post scheduled trip end time",-1,3951,3952,4020.5
"Post scheduled trip end time",-1,15074,15075,4020.5
"Post scheduled trip end time",-1,17078,17079,4020.5
"Post scheduled trip end time",-1,19832,19833,4020.5
"Post scheduled trip end time",-1,1137,1138,4020.5
"Post scheduled trip end time",-1,15575,15576,4020.5
"Post scheduled trip end time",-1,12457,12458,4020.5
"Post scheduled trip end time",-1,15557,15558,4020.5
"Post scheduled trip end time",-1,673,674,4020.5
"Post scheduled trip end time",-1,2206,2207,4020.5
"Post scheduled trip end time",-1,534508,534509,4020.5
"Post scheduled trip end time",-1,5832,5833,4020.5
"Post scheduled trip end time",-1,3308,3309,4020.5
"Post scheduled trip end time",-1,6932,6933,4020.5
"Post scheduled trip end time",-1,2710,2711,4020.5
"Post scheduled trip end time",-1,619,620,4020.5
"Post scheduled trip end time",-1,2061,2062,4020.5
"Post scheduled trip end time",-1,1983,1984,4020.5
"Post scheduled trip end time",-1,5920,5921,4020.5
"Post scheduled trip end time",-1,20526,20527,4020.5
"Post scheduled trip end time",-1,34732,34733,4020.5
"Post scheduled trip end time",-1,24610,24611,4020.5
"Post scheduled trip end time",-1,3260,3261,4020.5
"Post scheduled trip end time",-1,1385,1386,4020.5
"Post scheduled trip end time",-1,1397,1398,4020.5
"Post scheduled trip end time",-1,1387,1388,4020.5
"Post scheduled trip end time",-1,11971,11972,4020.5
"Post scheduled trip end time",-1,555,556,4020.5
"Post scheduled trip end time",-1,10008,10009,4020.5
"Post scheduled trip end time",-1,16792,16793,4020.5
"Post scheduled trip end time",-1,3561,3562,4020.5
"Post scheduled trip end time",-1,41,42,4020.5
"Post scheduled trip end time",-1,4301,4302,4020.5
"Post scheduled trip end time",-1,281,282,4020.5
"Post scheduled trip end time",-1,12190,12191,4020.5
"Post scheduled trip end time",-1,5851,5852,4020.5
"Post scheduled trip end time",-1,32950,32951,4020.5
"Post scheduled trip end time",-1,32392,32393,4020.5
"Post scheduled trip end time",-1,10430,10431,4020.5
"Post scheduled trip end time",-1,5057,5058,4020.5
"Post scheduled trip end time",-1,4728,4729,4020.5
"Post scheduled trip end time",-1,5968,5969,4020.5
"Post scheduled trip end time",-1,3648,3649,4020.5
"Post scheduled trip end time",-1,8521,8522,4020.5
"Post scheduled trip end time",-1,540,541,4020.5
"Post scheduled trip end time",-1,2609,2610,4020.5
"Post scheduled trip end time",-1,12846,12847,4020.5
"Post scheduled trip end time",-1,15866,15867,4020.5
"Post scheduled trip end time",-1,1573,1574,4020.5
"Post scheduled trip end time",-1,15630,15631,4020.5
"Post scheduled trip end time",-1,19334,19335,4020.5
"Post scheduled trip end time",-1,27992,27993,4020.5
"Post scheduled trip end time",-1,27150,27151,4020.5
"Post scheduled trip end time",-1,27252,27253,4020.5
"Post scheduled trip end time",-1,6811,6812,4020.5
"Post scheduled trip end time",-1,8251,8252,4020.5
"Post scheduled trip end time",-1,9871,9872,4020.5
"Post scheduled trip end time",-1,19472,19473,4020.5
"Post scheduled trip end time",-1,2119,2120,4020.5
"Post scheduled trip end time",-1,19391,19392,4020.5
"Post scheduled trip end time",-1,1952,1953,4020.5
"Post scheduled trip end time",-1,12228,12229,4020.5
"Post scheduled trip end time",-1,748,749,4020.5
"Post scheduled trip end time",-1,950,951,4020.5
"Post scheduled trip end time",-1,538,539,4020.5
"Post scheduled trip end time",-1,631,632,4020.5
"Post scheduled trip end time",-1,12886,12887,4020.5
"Post scheduled trip end time",-1,5646,5647,4020.5
"Post scheduled trip end time",-1,17486,17487,4020.5
"Post scheduled trip end time",-1,8130,8131,4020.5
"Post scheduled trip end time",-1,6014,6015,4020.5
"Post scheduled trip end time",-1,997,998,4020.5
"Post scheduled trip end time",-1,2717,2718,4020.5
"Post scheduled trip end time",-1,525048,525049,4020.5
"Post scheduled trip end time",-1,2788,2789,4020.5
"Post scheduled trip end time",-1,9692,9693,4020.5
"Post scheduled trip end time",-1,12912,12913,4020.5
"Post scheduled trip end time",-1,1864,1865,4020.5
"Post scheduled trip end time",-1,9292,9293,4020.5
"Post scheduled trip end time",-1,4230,4231,4020.5
"Post scheduled trip end time",-1,67,68,4020.5
"Post scheduled trip end time",-1,13270,13271,4020.5
"Post scheduled trip end time",-1,30924,30925,4020.5
"Post scheduled trip end time",-1,10354,10355,4020.5
"Post scheduled trip end time",-1,32272,32273,4020.5
"Post scheduled trip end time",-1,3571,3572,4020.5
"Post scheduled trip end time",-1,9057,9058,4020.5
"Post scheduled trip end time",-1,6428,6429,4020.5
"Post scheduled trip end time",-1,8205,8206,4020.5
"Post scheduled trip end time",-1,3065,3066,4020.5
"Post scheduled trip end time",-1,1845,1846,4020.5
"Post scheduled trip end time",-1,2405,2406,4020.5
"Post scheduled trip end time",-1,9985,9986,4020.5
"Post scheduled trip end time",-1,8672,8673,4020.5
"Post scheduled trip end time",-1,10370,10371,4020.5
"Post scheduled trip end time",-1,634,635,4020.5
"Post scheduled trip end time",-1,6221,6222,4020.5
"Post scheduled trip end time",-1,6341,6342,4020.5
"Post scheduled trip end time",-1,920,921,4020.5
"Post scheduled trip end time",-1,14870,14871,4020.5
"Post scheduled trip end time",-1,6434,6435,4020.5
"Post scheduled trip end time",-1,5233,5234,4020.5
"Post scheduled trip end time",-1,20226,20227,4020.5
"Post scheduled trip end time",-1,26550,26551,4020.5
"Post scheduled trip end time",-1,12350,12351,4020.5
"Post scheduled trip end time",-1,5417,5418,4020.5
"Post scheduled trip end time",-1,8078,8079,4020.5
"Post scheduled trip end time",-1,18112,18113,4020.5
"Post scheduled trip end time",-1,1648,1649,4020.5
"Post scheduled trip end time",-1,9572,9573,4020.5
"Post scheduled trip end time",-1,8468,8469,4020.5
"Post scheduled trip end time",-1,16332,16333,4020.5
"Post scheduled trip end time",-1,28330,28331,4020.5
"Post scheduled trip end time",-1,30044,30045,4020.5
"Post scheduled trip end time",-1,4089,4090,4020.5
"Post scheduled trip end time",-1,10958,10959,4020.5
"Post scheduled trip end time",-1,6554,6555,4020.5
"Post scheduled trip end time",-1,9991,9992,4020.5
"Post scheduled trip end time",-1,12552,12553,4020.5
"Post scheduled trip end time",-1,2298,2299,4020.5
"Post scheduled trip end time",-1,522488,522489,4020.5
"Post scheduled trip end time",-1,17868,17869,4020.5
"Post scheduled trip end time",-1,2259,2260,4020.5
"Post scheduled trip end time",-1,5430,5431,4020.5
"Post scheduled trip end time",-1,3321,3322,4020.5
"Post scheduled trip end time",-1,2110,2111,4020.5
"Post scheduled trip end time",-1,6320,6321,4020.5
"Post scheduled trip end time",-1,5393,5394,4020.5
"Post scheduled trip end time",-1,11526,11527,4020.5
"Post scheduled trip end time",-1,4373,4374,4020.5
"Post scheduled trip end time",-1,27770,27771,4020.5
"Post scheduled trip end time",-1,30524,30525,4020.5
"Post scheduled trip end time",-1,335,336,4020.5
"Post scheduled trip end time",-1,3060,3061,4020.5
"Post scheduled trip end time",-1,4094,4095,4020.5
"Post scheduled trip end time",-1,3879,3880,4020.5
"Post scheduled trip end time",-1,638,639,4020.5
"Post scheduled trip end time",-1,10137,10138,4020.5
"Post scheduled trip end time",-1,2730,2731,4020.5
"Post scheduled trip end time",-1,885,886,4020.5
"Post scheduled trip end time",-1,5181,5182,4020.5
"Post scheduled trip end time",-1,14205,14206,4020.5
"Post scheduled trip end time",-1,9192,9193,4020.5
"Post scheduled trip end time",-1,39,40,4020.5
"Post scheduled trip end time",-1,47,48,4020.5
"Post scheduled trip end time",-1,3926,3927,4020.5
"Post scheduled trip end time",-1,10206,10207,4020.5
"Post scheduled trip end time",-1,3660,3661,4020.5
"Post scheduled trip end time",-1,3980,3981,4020.5
"Post scheduled trip end time",-1,16726,16727,4020.5
"Post scheduled trip end time",-1,9451,9452,4020.5
"Post scheduled trip end time",-1,25150,25151,4020.5
"Post scheduled trip end time",-1,880,881,4020.5
"Post scheduled trip end time",-1,9881,9882,4020.5
"Post scheduled trip end time",-1,25772,25773,4020.5
"Post scheduled trip end time",-1,20892,20893,4020.5
"Post scheduled trip end time",-1,3309,3310,4020.5
"Post scheduled trip end time",-1,4952,4953,4020.5
"Post scheduled trip end time",-1,8212,8213,4020.5
"Post scheduled trip end time",-1,20071,20072,4020.5
"Post scheduled trip end time",-1,10832,10833,4020.5
"Post scheduled trip end time",-1,1870,1871,4020.5
"Post scheduled trip end time",-1,18570,18571,4020.5
"Post scheduled trip end time",-1,4213,4214,4020.5
"Post scheduled trip end time",-1,5411,5412,4020.5
"Post scheduled trip end time",-1,8231,8232,4020.5
"Post scheduled trip end time",-1,561,562,4020.5
"Post scheduled trip end time",-1,15730,15731,4020.5
"Post scheduled trip end time",-1,22590,22591,4020.5
"Post scheduled trip end time",-1,17097,17098,4020.5
"Post scheduled trip end time",-1,3780,3781,4020.5
"Post scheduled trip end time",-1,11832,11833,4020.5
"Post scheduled trip end time",-1,2906,2907,4020.5
"Post scheduled trip end time",-1,1372,1373,4020.5
"Post scheduled trip end time",-1,13208,13209,4020.5
"Post scheduled trip end time",-1,3454,3455,4020.5
"Post scheduled trip end time",-1,4714,4715,4020.5
"Post scheduled trip end time",-1,512,513,4020.5
"Post scheduled trip end time",-1,134,135,4020.5
"Post scheduled trip end time",-1,1111,1112,4020.5
"Post scheduled trip end time",-1,13346,13347,4020.5
"Post scheduled trip end time",-1,14466,14467,4020.5
"Post scheduled trip end time",-1,2538,2539,4020.5
"Post scheduled trip end time",-1,10130,10131,4020.5
"Post scheduled trip end time",-1,13870,13871,4020.5
"Post scheduled trip end time",-1,27572,27573,4020.5
"Post scheduled trip end time",-1,21070,21071,4020.5
"Post scheduled trip end time",-1,18812,18813,4020.5
"Post scheduled trip end time",-1,14041,14042,4020.5
"Post scheduled trip end time",-1,2349,2350,4020.5
"Post scheduled trip end time",-1,4519,4520,4020.5
"Post scheduled trip end time",-1,995,996,4020.5
"Post scheduled trip end time",-1,6331,6332,4020.5
"Post scheduled trip end time",-1,1168,1169,4020.5
"Post scheduled trip end time",-1,540048,540049,4020.5
"Post scheduled trip end time",-1,15628,15629,4020.5
"Post scheduled trip end time",-1,17731,17732,4020.5
"Post scheduled trip end time",-1,14732,14733,4020.5
"Post scheduled trip end time",-1,8932,8933,4020.5
"Post scheduled trip end time",-1,539108,539109,4020.5
"Post scheduled trip end time",-1,11011,11012,4020.5
"Post scheduled trip end time",-1,16432,16433,4020.5
"Post scheduled trip end time",-1,1061,1062,4020.5
"Post scheduled trip end time",-1,32,33,4020.5
"Post scheduled trip end time",-1,308,309,4020.5
"Post scheduled trip end time",-1,4470,4471,4020.5
"Post scheduled trip end time",-1,9090,9091,4020.5
"Post scheduled trip end time",-1,8100,8101,4020.5
"Post scheduled trip end time",-1,6674,6675,4020.5
"Post scheduled trip end time",-1,3686,3687,4020.5
"Post scheduled trip end time",-1,4526,4527,4020.5
"Post scheduled trip end time",-1,5630,5631,4020.5
"Post scheduled trip end time",-1,1508,1509,4020.5
"Post scheduled trip end time",-1,9270,9271,4020.5
"Post scheduled trip end time",-1,303,304,4020.5
"Post scheduled trip end time",-1,11180,11181,4020.5
"Post scheduled trip end time",-1,4071,4072,4020.5
"Post scheduled trip end time",-1,23830,23831,4020.5
"Post scheduled trip end time",-1,27090,27091,4020.5
"Post scheduled trip end time",-1,17618,17619,4020.5
"Post scheduled trip end time",-1,9734,9735,4020.5
"Post scheduled trip end time",-1,18452,18453,4020.5
"Post scheduled trip end time",-1,14221,14222,4020.5
"Post scheduled trip end time",-1,14766,14767,4020.5
"Post scheduled trip end time",-1,12934,12935,4020.5
"Post scheduled trip end time",-1,2257,2258,4020.5
"Post scheduled trip end time",-1,12791,12792,4020.5
"Post scheduled trip end time",-1,2519,2520,4020.5
"Post scheduled trip end time",-1,4410,4411,4020.5
"Post scheduled trip end time",-1,994,995,4020.5
"Post scheduled trip end time",-1,3214,3215,4020.5
"Post scheduled trip end time",-1,16206,16207,4020.5
"Post scheduled trip end time",-1,12510,12511,4020.5
"Post scheduled trip end time",-1,14034,14035,4020.5
"Post scheduled trip end time",-1,15434,15435,4020.5
"Post scheduled trip end time",-1,22632,22633,4020.5
"Post scheduled trip end time",-1,3154,3155,4020.5
"Post scheduled trip end time",-1,426,427,4020.5
"Post scheduled trip end time",-1,12591,12592,4020.5
"Post scheduled trip end time",-1,3279,3280,4020.5
"Post scheduled trip end time",-1,6598,6599,4020.5
"Post scheduled trip end time",-1,5428,5429,4020.5
"Post scheduled trip end time",-1,6348,6349,4020.5
"Post scheduled trip end time",-1,1120,1121,4020.5
"Post scheduled trip end time",-1,218,219,4020.5
"Post scheduled trip end time",-1,2181,2182,4020.5
"Post scheduled trip end time",-1,8890,8891,4020.5
"Post scheduled trip end time",-1,1178,1179,4020.5
"Post scheduled trip end time",-1,16950,16951,4020.5
"Post scheduled trip end time",-1,13906,13907,4020.5
"Post scheduled trip end time",-1,3073,3074,4020.5
"Post scheduled trip end time",-1,17134,17135,4020.5
"Post scheduled trip end time",-1,1436,1437,4020.5
"Post scheduled trip end time",-1,7791,7792,4020.5
"Post scheduled trip end time",-1,3911,3912,4020.5
"Post scheduled trip end time",-1,3575,3576,4020.5
"Post scheduled trip end time",-1,520448,520449,4020.5
"Post scheduled trip end time",-1,15917,15918,4020.5
"Post scheduled trip end time",-1,6918,6919,4020.5
"Post scheduled trip end time",-1,534448,534449,4020.5
"Post scheduled trip end time",-1,3677,3678,4020.5
"Post scheduled trip end time",-1,1432,1433,4020.5
"Post scheduled trip end time",-1,16912,16913,4020.5
"Post scheduled trip end time",-1,10352,10353,4020.5
"Post scheduled trip end time",-1,18385,18386,4020.5
"Post scheduled trip end time",-1,224,225,4020.5
"Post scheduled trip end time",-1,1714,1715,4020.5
"Post scheduled trip end time",-1,2276,2277,4020.5
"Post scheduled trip end time",-1,16510,16511,4020.5
"Post scheduled trip end time",-1,3293,3294,4020.5
"Post scheduled trip end time",-1,6854,6855,4020.5
"Post scheduled trip end time",-1,28444,28445,4020.5
"Post scheduled trip end time",-1,11274,11275,4020.5
"Post scheduled trip end time",-1,5631,5632,4020.5
"Post scheduled trip end time",-1,11954,11955,4020.5
"Post scheduled trip end time",-1,17652,17653,4020.5
"Post scheduled trip end time",-1,10228,10229,4020.5
"Post scheduled trip end time",-1,1243,1244,4020.5
"Post scheduled trip end time",-1,531788,531789,4020.5
"Post scheduled trip end time",-1,1598,1599,4020.5
"Post scheduled trip end time",-1,15412,15413,4020.5
"Post scheduled trip end time",-1,2312,2313,4020.5
"Post scheduled trip end time",-1,2469,2470,4020.5
"Post scheduled trip end time",-1,3009,3010,4020.5
"Post scheduled trip end time",-1,12266,12267,4020.5
"Post scheduled trip end time",-1,786,787,4020.5
"Post scheduled trip end time",-1,15098,15099,4020.5
"Post scheduled trip end time",-1,849,850,4020.5
"Post scheduled trip end time",-1,5721,5722,4020.5
"Post scheduled trip end time",-1,3706,3707,4020.5
"Post scheduled trip end time",-1,3792,3793,4020.5
"Post scheduled trip end time",-1,12232,12233,4020.5
"Post scheduled trip end time",-1,3448,3449,4020.5
"Post scheduled trip end time",-1,5568,5569,4020.5
"Post scheduled trip end time",-1,1832,1833,4020.5
"Post scheduled trip end time",-1,2112,2113,4020.5
"Post scheduled trip end time",-1,564,565,4020.5
"Post scheduled trip end time",-1,9970,9971,4020.5
"Post scheduled trip end time",-1,574,575,4020.5
"Post scheduled trip end time",-1,3618,3619,4020.5
"Post scheduled trip end time",-1,20486,20487,4020.5
"Post scheduled trip end time",-1,18498,18499,4020.5
"Post scheduled trip end time",-1,14931,14932,4020.5
"Post scheduled trip end time",-1,14235,14236,4020.5
"Post scheduled trip end time",-1,10931,10932,4020.5
"Post scheduled trip end time",-1,2186,2187,4020.5
"Post scheduled trip end time",-1,19527,19528,4020.5
"Post scheduled trip end time",-1,14648,14649,4020.5
"Post scheduled trip end time",-1,11848,11849,4020.5
"Post scheduled trip end time",-1,7985,7986,4020.5
"Post scheduled trip end time",-1,17985,17986,4020.5
"Post scheduled trip end time",-1,48,49,4020.5
"Post scheduled trip end time",-1,7210,7211,4020.5
"Post scheduled trip end time",-1,16250,16251,4020.5
"Post scheduled trip end time",-1,1600,1601,4020.5
"Post scheduled trip end time",-1,93,94,4020.5
"Post scheduled trip end time",-1,10594,10595,4020.5
"Post scheduled trip end time",-1,1505,1506,4020.5
"Post scheduled trip end time",-1,10098,10099,4020.5
"Post scheduled trip end time",-1,5132,5133,4020.5
"Post scheduled trip end time",-1,1006,1007,4020.5
"Post scheduled trip end time",-1,700,701,4020.5
"Post scheduled trip end time",-1,12950,12951,4020.5
"Post scheduled trip end time",-1,15670,15671,4020.5
"Post scheduled trip end time",-1,2390,2391,4020.5
"Post scheduled trip end time",-1,15090,15091,4020.5
"Post scheduled trip end time",-1,4875,4876,4020.5
"Post scheduled trip end time",-1,5275,5276,4020.5
"Post scheduled trip end time",-1,33012,33013,4020.5
"Post scheduled trip end time",-1,12460,12461,4020.5
"Post scheduled trip end time",-1,34632,34633,4020.5
"Post scheduled trip end time",-1,25890,25891,4020.5
"Post scheduled trip end time",-1,17818,17819,4020.5
"Post scheduled trip end time",-1,18312,18313,4020.5
"Post scheduled trip end time",-1,20472,20473,4020.5
"Post scheduled trip end time",-1,3357,3358,4020.5
"Post scheduled trip end time",-1,4297,4298,4020.5
"Post scheduled trip end time",-1,4639,4640,4020.5
"Post scheduled trip end time",-1,541388,541389,4020.5
"Post scheduled trip end time",-1,12461,12462,4020.5
"Post scheduled trip end time",-1,12665,12666,4020.5
"Post scheduled trip end time",-1,8370,8371,4020.5
"Post scheduled trip end time",-1,355,356,4020.5
"Post scheduled trip end time",-1,1310,1311,4020.5
"Post scheduled trip end time",-1,8606,8607,4020.5
"Post scheduled trip end time",-1,546,547,4020.5
"Post scheduled trip end time",-1,28484,28485,4020.5
"Post scheduled trip end time",-1,1608,1609,4020.5
"Post scheduled trip end time",-1,203259,203260,4020.5
"Post scheduled trip end time",-1,13674,13675,4020.5
"Post scheduled trip end time",-1,10190,10191,4020.5
"Post scheduled trip end time",-1,12130,12131,4020.5
"Post scheduled trip end time",-1,12081,12082,4020.5
"Post scheduled trip end time",-1,6477,6478,4020.5
"Post scheduled trip end time",-1,12137,12138,4020.5
"Post scheduled trip end time",-1,8170,8171,4020.5
"Post scheduled trip end time",-1,6801,6802,4020.5
"Post scheduled trip end time",-1,6361,6362,4020.5
"Post scheduled trip end time",-1,3786,3787,4020.5
"Post scheduled trip end time",-1,7941,7942,4020.5
"Post scheduled trip end time",-1,2005,2006,4020.5
"Post scheduled trip end time",-1,6912,6913,4020.5
"Post scheduled trip end time",-1,9450,9451,4020.5
"Post scheduled trip end time",-1,1567,1568,4020.5
"Post scheduled trip end time",-1,3426,3427,4020.5
"Post scheduled trip end time",-1,28970,28971,4020.5
"Post scheduled trip end time",-1,326,327,4020.5
"Post scheduled trip end time",-1,31850,31851,4020.5
"Post scheduled trip end time",-1,32430,32431,4020.5
"Post scheduled trip end time",-1,315,316,4020.5
"Post scheduled trip end time",-1,14797,14798,4020.5
"Post scheduled trip end time",-1,2249,2250,4020.5
"Post scheduled trip end time",-1,5078,5079,4020.5
"Post scheduled trip end time",-1,1017,1018,4020.5
"Post scheduled trip end time",-1,8038,8039,4020.5
"Post scheduled trip end time",-1,7528,7529,4020.5
"Post scheduled trip end time",-1,16628,16629,4020.5
"Post scheduled trip end time",-1,14572,14573,4020.5
"Post scheduled trip end time",-1,2621,2622,4020.5
"Post scheduled trip end time",-1,3523,3524,4020.5
"Post scheduled trip end time",-1,5174,5175,4020.5
"Post scheduled trip end time",-1,3526,3527,4020.5
"Post scheduled trip end time",-1,3513,3514,4020.5
"Post scheduled trip end time",-1,14950,14951,4020.5
"Post scheduled trip end time",-1,18354,18355,4020.5
"Post scheduled trip end time",-1,20018,20019,4020.5
"Post scheduled trip end time",-1,8731,8732,4020.5
"Post scheduled trip end time",-1,25130,25131,4020.5
"Post scheduled trip end time",-1,4255,4256,4020.5
"Post scheduled trip end time",-1,29852,29853,4020.5
"Post scheduled trip end time",-1,5621,5622,4020.5
"Post scheduled trip end time",-1,2566,2567,4020.5
"Post scheduled trip end time",-1,8348,8349,4020.5
"Post scheduled trip end time",-1,12512,12513,4020.5
"Post scheduled trip end time",-1,1317,1318,4020.5
"Post scheduled trip end time",-1,6592,6593,4020.5
"Post scheduled trip end time",-1,821,822,4020.5
"Post scheduled trip end time",-1,2321,2322,4020.5
"Post scheduled trip end time",-1,1035,1036,4020.5
"Post scheduled trip end time",-1,978,979,4020.5
"Post scheduled trip end time",-1,7240,7241,4020.5
"Post scheduled trip end time",-1,14786,14787,4020.5
"Post scheduled trip end time",-1,7306,7307,4020.5
"Post scheduled trip end time",-1,1593,1594,4020.5
"Post scheduled trip end time",-1,6235,6236,4020.5
"Post scheduled trip end time",-1,12380,12381,4020.5
"Post scheduled trip end time",-1,23924,23925,4020.5
"Post scheduled trip end time",-1,14138,14139,4020.5
"Post scheduled trip end time",-1,2877,2878,4020.5
"Post scheduled trip end time",-1,11551,11552,4020.5
"Post scheduled trip end time",-1,8068,8069,4020.5
"Post scheduled trip end time",-1,5152,5153,4020.5
"Post scheduled trip end time",-1,11006,11007,4020.5
"Post scheduled trip end time",-1,8632,8633,4020.5
"Post scheduled trip end time",-1,536868,536869,4020.5
"Post scheduled trip end time",-1,3632,3633,4020.5
"Post scheduled trip end time",-1,708,709,4020.5
"Post scheduled trip end time",-1,2520,2521,4020.5
"Post scheduled trip end time",-1,27410,27411,4020.5
"Post scheduled trip end time",-1,26124,26125,4020.5
"Post scheduled trip end time",-1,18466,18467,4020.5
"Post scheduled trip end time",-1,6710,6711,4020.5
"Post scheduled trip end time",-1,20418,20419,4020.5
"Post scheduled trip end time",-1,16241,16242,4020.5
"Post scheduled trip end time",-1,17692,17693,4020.5
"Post scheduled trip end time",-1,9032,9033,4020.5
"Post scheduled trip end time",-1,1469,1470,4020.5
"Post scheduled trip end time",-1,2923,2924,4020.5
"Post scheduled trip end time",-1,12746,12747,4020.5
"Post scheduled trip end time",-1,2818,2819,4020.5
"Post scheduled trip end time",-1,10630,10631,4020.5
"Post scheduled trip end time",-1,8650,8651,4020.5
"Post scheduled trip end time",-1,1626,1627,4020.5
"Post scheduled trip end time",-1,25570,25571,4020.5
"Post scheduled trip end time",-1,709,710,4020.5
"Post scheduled trip end time",-1,26992,26993,4020.5
"Post scheduled trip end time",-1,15037,15038,4020.5
"Post scheduled trip end time",-1,18772,18773,4020.5
"Post scheduled trip end time",-1,733,734,4020.5
"Post scheduled trip end time",-1,6077,6078,4020.5
"Post scheduled trip end time",-1,15931,15932,4020.5
"Post scheduled trip end time",-1,16711,16712,4020.5
"Post scheduled trip end time",-1,4458,4459,4020.5
"Post scheduled trip end time",-1,8157,8158,4020.5
"Post scheduled trip end time",-1,3583,3584,4020.5
"Post scheduled trip end time",-1,7327,7328,4020.5
"Post scheduled trip end time",-1,2340,2341,4020.5
"Post scheduled trip end time",-1,9766,9767,4020.5
"Post scheduled trip end time",-1,25844,25845,4020.5
"Post scheduled trip end time",-1,1130,1131,4020.5
"Post scheduled trip end time",-1,854,855,4020.5
"Post scheduled trip end time",-1,10814,10815,4020.5
"Post scheduled trip end time",-1,17737,17738,4020.5
"Post scheduled trip end time",-1,13812,13813,4020.5
"Post scheduled trip end time",-1,1620,1621,4020.5
"Post scheduled trip end time",-1,16448,16449,4020.5
"Post scheduled trip end time",-1,16892,16893,4020.5
"Post scheduled trip end time",-1,14601,14602,4020.5
"Post scheduled trip end time",-1,402,403,4020.5
"Post scheduled trip end time",-1,178,179,4020.5
"Post scheduled trip end time",-1,1370,1371,4020.5
"Post scheduled trip end time",-1,4701,4702,4020.5
"Post scheduled trip end time",-1,722,723,4020.5
"Post scheduled trip end time",-1,3720,3721,4020.5
"Post scheduled trip end time",-1,21578,21579,4020.5
"Post scheduled trip end time",-1,507,508,4020.5
"Post scheduled trip end time",-1,23650,23651,4020.5
"Post scheduled trip end time",-1,22112,22113,4020.5
"Post scheduled trip end time",-1,6357,6358,4020.5
"Post scheduled trip end time",-1,13271,13272,4020.5
"Post scheduled trip end time",-1,11211,11212,4020.5
"Post scheduled trip end time",-1,3689,3690,4020.5
"Post scheduled trip end time",-1,10572,10573,4020.5
"Post scheduled trip end time",-1,5658,5659,4020.5
"Post scheduled trip end time",-1,535768,535769,4020.5
"Post scheduled trip end time",-1,6250,6251,4020.5
"Post scheduled trip end time",-1,1263,1264,4020.5
"Post scheduled trip end time",-1,1092,1093,4020.5
"Post scheduled trip end time",-1,405,406,4020.5
"Post scheduled trip end time",-1,2554,2555,4020.5
"Post scheduled trip end time",-1,6800,6801,4020.5
"Post scheduled trip end time",-1,3046,3047,4020.5
"Post scheduled trip end time",-1,17710,17711,4020.5
"Post scheduled trip end time",-1,6471,6472,4020.5
"Post scheduled trip end time",-1,8571,8572,4020.5
"Post scheduled trip end time",-1,18634,18635,4020.5
"Post scheduled trip end time",-1,10334,10335,4020.5
"Post scheduled trip end time",-1,35212,35213,4020.5
"Post scheduled trip end time",-1,17257,17258,4020.5
"Post scheduled trip end time",-1,8861,8862,4020.5
"Post scheduled trip end time",-1,987,988,4020.5
"Post scheduled trip end time",-1,10811,10812,4020.5
"Post scheduled trip end time",-1,11591,11592,4020.5
"Post scheduled trip end time",-1,15997,15998,4020.5
"Post scheduled trip end time",-1,13372,13373,4020.5
"Post scheduled trip end time",-1,5328,5329,4020.5
"Post scheduled trip end time",-1,2408,2409,4020.5
"Post scheduled trip end time",-1,4588,4589,4020.5
"Post scheduled trip end time",-1,11346,11347,4020.5
"Post scheduled trip end time",-1,537748,537749,4020.5
"Post scheduled trip end time",-1,7350,7351,4020.5
"Post scheduled trip end time",-1,7410,7411,4020.5
"Post scheduled trip end time",-1,121,122,4020.5
"Post scheduled trip end time",-1,686,687,4020.5
"Post scheduled trip end time",-1,378,379,4020.5
"Post scheduled trip end time",-1,7400,7401,4020.5
"Post scheduled trip end time",-1,7820,7821,4020.5
"Post scheduled trip end time",-1,18730,18731,4020.5
"Post scheduled trip end time",-1,19050,19051,4020.5
"Post scheduled trip end time",-1,4980,4981,4020.5
"Post scheduled trip end time",-1,573,574,4020.5
"Post scheduled trip end time",-1,788,789,4020.5
"Post scheduled trip end time",-1,23484,23485,4020.5
"Post scheduled trip end time",-1,5269,5270,4020.5
"Post scheduled trip end time",-1,12250,12251,4020.5
"Post scheduled trip end time",-1,21010,21011,4020.5
"Post scheduled trip end time",-1,519848,519849,4020.5
"Post scheduled trip end time",-1,11631,11632,4020.5
"Post scheduled trip end time",-1,9737,9738,4020.5
"Post scheduled trip end time",-1,1169,1170,4020.5
"Post scheduled trip end time",-1,13312,13313,4020.5
"Post scheduled trip end time",-1,12285,12286,4020.5
"Post scheduled trip end time",-1,3163,3164,4020.5
"Post scheduled trip end time",-1,3883,3884,4020.5
"Post scheduled trip end time",-1,1580,1581,4020.5
"Post scheduled trip end time",-1,256,257,4020.5
"Post scheduled trip end time",-1,372,373,4020.5
"Post scheduled trip end time",-1,785,786,4020.5
"Post scheduled trip end time",-1,20330,20331,4020.5
"Post scheduled trip end time",-1,8530,8531,4020.5
"Post scheduled trip end time",-1,1437,1438,4020.5
"Post scheduled trip end time",-1,11137,11138,4020.5
"Post scheduled trip end time",-1,515,516,4020.5
"Post scheduled trip end time",-1,12992,12993,4020.5
"Post scheduled trip end time",-1,4808,4809,4020.5
"Post scheduled trip end time",-1,4621,4622,4020.5
"Post scheduled trip end time",-1,17625,17626,4020.5
"Post scheduled trip end time",-1,3850,3851,4020.5
"Post scheduled trip end time",-1,2303,2304,4020.5
"Post scheduled trip end time",-1,7786,7787,4020.5
"Post scheduled trip end time",-1,13946,13947,4020.5
"Post scheduled trip end time",-1,7254,7255,4020.5
"Post scheduled trip end time",-1,29690,29691,4020.5
"Post scheduled trip end time",-1,16326,16327,4020.5
"Post scheduled trip end time",-1,31564,31565,4020.5
"Post scheduled trip end time",-1,1012,1013,4020.5
"Post scheduled trip end time",-1,129,130,4020.5
"Post scheduled trip end time",-1,9198,9199,4020.5
"Post scheduled trip end time",-1,1574,1575,4020.5
"Post scheduled trip end time",-1,28332,28333,4020.5
"Post scheduled trip end time",-1,10077,10078,4020.5
"Post scheduled trip end time",-1,424,425,4020.5
"Post scheduled trip end time",-1,13014,13015,4020.5
"Post scheduled trip end time",-1,19952,19953,4020.5
"Post scheduled trip end time",-1,97,98,4020.5
"Post scheduled trip end time",-1,18810,18811,4020.5
"Post scheduled trip end time",-1,30230,30231,4020.5
"Post scheduled trip end time",-1,18954,18955,4020.5
"Post scheduled trip end time",-1,21858,21859,4020.5
"Post scheduled trip end time",-1,7811,7812,4020.5
"Post scheduled trip end time",-1,18998,18999,4020.5
"Post scheduled trip end time",-1,1805,1806,4020.5
"Post scheduled trip end time",-1,1417,1418,4020.5
"Post scheduled trip end time",-1,3517,3518,4020.5
"Post scheduled trip end time",-1,21172,21173,4020.5
"Post scheduled trip end time",-1,1393,1394,4020.5
"Post scheduled trip end time",-1,522848,522849,4020.5
"Post scheduled trip end time",-1,2224,2225,4020.5
"Post scheduled trip end time",-1,5926,5927,4020.5
"Post scheduled trip end time",-1,11488,11489,4020.5
"Post scheduled trip end time",-1,4040,4041,4020.5
"Post scheduled trip end time",-1,15725,15726,4020.5
"Post scheduled trip end time",-1,7592,7593,4020.5
"Post scheduled trip end time",-1,1383,1384,4020.5
"Post scheduled trip end time",-1,1129,1130,4020.5
"Post scheduled trip end time",-1,7167,7168,4020.5
"Post scheduled trip end time",-1,2636,2637,4020.5
"Post scheduled trip end time",-1,12890,12891,4020.5
"Post scheduled trip end time",-1,353,354,4020.5
"Post scheduled trip end time",-1,14111,14112,4020.5
"Post scheduled trip end time",-1,8917,8918,4020.5
"Post scheduled trip end time",-1,1449,1450,4020.5
"Post scheduled trip end time",-1,20992,20993,4020.5
"Post scheduled trip end time",-1,9248,9249,4020.5
"Post scheduled trip end time",-1,5192,5193,4020.5
"Post scheduled trip end time",-1,2361,2362,4020.5
"Post scheduled trip end time",-1,6300,6301,4020.5
"Post scheduled trip end time",-1,3132,3133,4020.5
"Post scheduled trip end time",-1,16205,16206,4020.5
"Post scheduled trip end time",-1,735,736,4020.5
"Post scheduled trip end time",-1,2012,2013,4020.5
"Post scheduled trip end time",-1,66,67,4020.5
"Post scheduled trip end time",-1,17,18,4020.5
"Post scheduled trip end time",-1,35,36,4020.5
"Post scheduled trip end time",-1,2229,2230,4020.5
"Post scheduled trip end time",-1,6841,6842,4020.5
"Post scheduled trip end time",-1,1491,1492,4020.5
"Post scheduled trip end time",-1,13826,13827,4020.5
"Post scheduled trip end time",-1,196,197,4020.5
"Post scheduled trip end time",-1,3238,3239,4020.5
"Post scheduled trip end time",-1,1186,1187,4020.5
"Post scheduled trip end time",-1,1535,1536,4020.5
"Post scheduled trip end time",-1,22732,22733,4020.5
"Post scheduled trip end time",-1,8981,8982,4020.5
"Post scheduled trip end time",-1,6498,6499,4020.5
"Post scheduled trip end time",-1,523908,523909,4020.5
"Post scheduled trip end time",-1,4048,4049,4020.5
"Post scheduled trip end time",-1,7110,7111,4020.5
"Post scheduled trip end time",-1,5900,5901,4020.5
"Post scheduled trip end time",-1,1809,1810,4020.5
"Post scheduled trip end time",-1,6541,6542,4020.5
"Post scheduled trip end time",-1,11046,11047,4020.5
"Post scheduled trip end time",-1,26524,26525,4020.5
"Post scheduled trip end time",-1,9431,9432,4020.5
"Post scheduled trip end time",-1,32744,32745,4020.5
"Post scheduled trip end time",-1,26490,26491,4020.5
"Post scheduled trip end time",-1,2775,2776,4020.5
"Post scheduled trip end time",-1,4709,4710,4020.5
"Post scheduled trip end time",-1,569,570,4020.5
"Post scheduled trip end time",-1,17932,17933,4020.5
"Post scheduled trip end time",-1,14798,14799,4020.5
"Post scheduled trip end time",-1,12212,12213,4020.5
"Post scheduled trip end time",-1,532648,532649,4020.5
"Post scheduled trip end time",-1,533868,533869,4020.5
"Post scheduled trip end time",-1,8928,8929,4020.5
"Post scheduled trip end time",-1,19791,19792,4020.5
"Post scheduled trip end time",-1,9388,9389,4020.5
"Post scheduled trip end time",-1,538768,538769,4020.5
"Post scheduled trip end time",-1,5290,5291,4020.5
"Post scheduled trip end time",-1,2541,2542,4020.5
"Post scheduled trip end time",-1,3201,3202,4020.5
"Post scheduled trip end time",-1,814,815,4020.5
"Post scheduled trip end time",-1,578,579,4020.5
"Post scheduled trip end time",-1,3354,3355,4020.5
"Post scheduled trip end time",-1,5194,5195,4020.5
"Post scheduled trip end time",-1,18150,18151,4020.5
"Post scheduled trip end time",-1,966,967,4020.5
"Post scheduled trip end time",-1,13330,13331,4020.5
"Post scheduled trip end time",-1,33152,33153,4020.5
"Post scheduled trip end time",-1,1445,1446,4020.5
"Post scheduled trip end time",-1,22630,22631,4020.5
"Post scheduled trip end time",-1,10401,10402,4020.5
"Post scheduled trip end time",-1,14778,14779,4020.5
"Post scheduled trip end time",-1,1717,1718,4020.5
"Post scheduled trip end time",-1,11171,11172,4020.5
"Post scheduled trip end time",-1,2369,2370,4020.5
"Post scheduled trip end time",-1,20212,20213,4020.5
"Post scheduled trip end time",-1,5352,5353,4020.5
"Post scheduled trip end time",-1,18592,18593,4020.5
"Post scheduled trip end time",-1,8011,8012,4020.5
"Post scheduled trip end time",-1,95253,95254,4020.5
"Post scheduled trip end time",-1,6,7,4020.5
"Post scheduled trip end time",-1,2401,2402,4020.5
"Post scheduled trip end time",-1,7320,7321,4020.5
"Post scheduled trip end time",-1,3893,3894,4020.5
"Post scheduled trip end time",-1,6671,6672,4020.5
"Post scheduled trip end time",-1,34010,34011,4020.5
"Post scheduled trip end time",-1,28132,28133,4020.5
"Post scheduled trip end time",-1,24284,24285,4020.5
"Post scheduled trip end time",-1,12090,12091,4020.5
"Post scheduled trip end time",-1,18458,18459,4020.5
"Post scheduled trip end time",-1,302,303,4020.5
"Post scheduled trip end time",-1,12971,12972,4020.5
"Post scheduled trip end time",-1,14911,14912,4020.5
"Post scheduled trip end time",-1,6231,6232,4020.5
"Post scheduled trip end time",-1,7810,7811,4020.5
"Post scheduled trip end time",-1,3328,3329,4020.5
"Post scheduled trip end time",-1,541288,541289,4020.5
"Post scheduled trip end time",-1,61,62,4020.5
"Post scheduled trip end time",-1,5953,5954,4020.5
"Post scheduled trip end time",-1,6240,6241,4020.5
"Post scheduled trip end time",-1,12240,12241,4020.5
"Post scheduled trip end time",-1,22258,22259,4020.5
"Post scheduled trip end time",-1,24784,24785,4020.5
"Post scheduled trip end time",-1,2451,2452,4020.5
"Post scheduled trip end time",-1,1894,1895,4020.5
"Post scheduled trip end time",-1,10914,10915,4020.5
"Post scheduled trip end time",-1,17991,17992,4020.5
"Post scheduled trip end time",-1,10288,10289,4020.5
"Post scheduled trip end time",-1,8561,8562,4020.5
"Post scheduled trip end time",-1,3105,3106,4020.5
"Post scheduled trip end time",-1,671,672,4020.5
"Post scheduled trip end time",-1,6830,6831,4020.5
"Post scheduled trip end time",-1,865,866,4020.5
"Post scheduled trip end time",-1,1434,1435,4020.5
"Post scheduled trip end time",-1,1958,1959,4020.5
"Post scheduled trip end time",-1,28450,28451,4020.5
"Post scheduled trip end time",-1,27404,27405,4020.5
"Post scheduled trip end time",-1,13470,13471,4020.5
"Post scheduled trip end time",-1,421,422,4020.5
"Post scheduled trip end time",-1,189,190,4020.5
"Post scheduled trip end time",-1,117,118,4020.5
"Post scheduled trip end time",-1,10160,10161,4020.5
"Post scheduled trip end time",-1,11061,11062,4020.5
"Post scheduled trip end time",-1,8877,8878,4020.5
"Post scheduled trip end time",-1,11472,11473,4020.5
"Post scheduled trip end time",-1,9781,9782,4020.5
"Post scheduled trip end time",-1,10001,10002,4020.5
"Post scheduled trip end time",-1,12141,12142,4020.5
"Post scheduled trip end time",-1,15665,15666,4020.5
"Post scheduled trip end time",-1,16145,16146,4020.5
"Post scheduled trip end time",-1,13245,13246,4020.5
"Post scheduled trip end time",-1,17445,17446,4020.5
"Post scheduled trip end time",-1,836,837,4020.5
"Post scheduled trip end time",-1,254,255,4020.5
"Post scheduled trip end time",-1,2709,2710,4020.5
"Post scheduled trip end time",-1,2909,2910,4020.5
"Post scheduled trip end time",-1,1374,1375,4020.5
"Post scheduled trip end time",-1,11366,11367,4020.5
"Post scheduled trip end time",-1,17786,17787,4020.5
"Post scheduled trip end time",-1,19474,19475,4020.5
"Post scheduled trip end time",-1,10177,10178,4020.5
"Post scheduled trip end time",-1,15475,15476,4020.5
"Post scheduled trip end time",-1,14657,14658,4020.5
"Post scheduled trip end time",-1,10750,10751,4020.5
"Post scheduled trip end time",-1,6337,6338,4020.5
"Post scheduled trip end time",-1,527848,527849,4020.5
"Post scheduled trip end time",-1,16812,16813,4020.5
"Post scheduled trip end time",-1,9725,9726,4020.5
"Post scheduled trip end time",-1,12705,12706,4020.5
"Post scheduled trip end time",-1,3730,3731,4020.5
"Post scheduled trip end time",-1,1314,1315,4020.5
"Post scheduled trip end time",-1,3333,3334,4020.5
"Post scheduled trip end time",-1,7051,7052,4020.5
"Post scheduled trip end time",-1,27730,27731,4020.5
"Post scheduled trip end time",-1,29724,29725,4020.5
"Post scheduled trip end time",-1,32804,32805,4020.5
"Post scheduled trip end time",-1,10714,10715,4020.5
"Post scheduled trip end time",-1,13394,13395,4020.5
"Post scheduled trip end time",-1,2215,2216,4020.5
"Post scheduled trip end time",-1,15601,15602,4020.5
"Post scheduled trip end time",-1,5651,5652,4020.5
"Post scheduled trip end time",-1,3629,3630,4020.5
"Post scheduled trip end time",-1,523408,523409,4020.5
"Post scheduled trip end time",-1,436,437,4020.5
"Post scheduled trip end time",-1,3437,3438,4020.5
"Post scheduled trip end time",-1,18868,18869,4020.5
"Post scheduled trip end time",-1,7310,7311,4020.5
"Post scheduled trip end time",-1,8350,8351,4020.5
"Post scheduled trip end time",-1,16910,16911,4020.5
"Post scheduled trip end time",-1,2370,2371,4020.5
"Post scheduled trip end time",-1,397,398,4020.5
"Post scheduled trip end time",-1,368,369,4020.5
"Post scheduled trip end time",-1,4394,4395,4020.5
"Post scheduled trip end time",-1,943,944,4020.5
"Post scheduled trip end time",-1,4500,4501,4020.5
"Post scheduled trip end time",-1,17146,17147,4020.5
"Post scheduled trip end time",-1,29324,29325,4020.5
"Post scheduled trip end time",-1,1255,1256,4020.5
"Post scheduled trip end time",-1,8141,8142,4020.5
"Post scheduled trip end time",-1,12054,12055,4020.5
"Post scheduled trip end time",-1,498,499,4020.5
"Post scheduled trip end time",-1,6768,6769,4020.5
"Post scheduled trip end time",-1,1641,1642,4020.5
"Post scheduled trip end time",-1,7697,7698,4020.5
"Post scheduled trip end time",-1,11532,11533,4020.5
"Post scheduled trip end time",-1,1984,1985,4020.5
"Post scheduled trip end time",-1,8110,8111,4020.5
"Post scheduled trip end time",-1,341,342,4020.5
"Post scheduled trip end time",-1,572,573,4020.5
"Post scheduled trip end time",-1,3750,3751,4020.5
"Post scheduled trip end time",-1,562,563,4020.5
"Post scheduled trip end time",-1,571,572,4020.5
"Post scheduled trip end time",-1,4360,4361,4020.5
"Post scheduled trip end time",-1,1673,1674,4020.5
"Post scheduled trip end time",-1,17434,17435,4020.5
"Post scheduled trip end time",-1,31724,31725,4020.5
"Post scheduled trip end time",-1,23344,23345,4020.5
"Post scheduled trip end time",-1,22450,22451,4020.5
"Post scheduled trip end time",-1,23150,23151,4020.5
"Post scheduled trip end time",-1,287,288,4020.5
"Post scheduled trip end time",-1,8671,8672,4020.5
"Post scheduled trip end time",-1,2737,2738,4020.5
"Post scheduled trip end time",-1,11217,11218,4020.5
"Post scheduled trip end time",-1,9628,9629,4020.5
"Post scheduled trip end time",-1,5488,5489,4020.5
"Post scheduled trip end time",-1,9685,9686,4020.5
"Post scheduled trip end time",-1,317,318,4020.5
"Post scheduled trip end time",-1,6006,6007,4020.5
"Post scheduled trip end time",-1,25804,25805,4020.5
"Post scheduled trip end time",-1,24590,24591,4020.5
"Post scheduled trip end time",-1,24384,24385,4020.5
"Post scheduled trip end time",-1,17392,17393,4020.5
"Post scheduled trip end time",-1,277,278,4020.5
"Post scheduled trip end time",-1,8677,8678,4020.5
"Post scheduled trip end time",-1,9937,9938,4020.5
"Post scheduled trip end time",-1,12014,12015,4020.5
"Post scheduled trip end time",-1,19312,19313,4020.5
"Post scheduled trip end time",-1,6848,6849,4020.5
"Post scheduled trip end time",-1,5330,5331,4020.5
"Post scheduled trip end time",-1,8914,8915,4020.5
"Post scheduled trip end time",-1,672,673,4020.5
"Post scheduled trip end time",-1,11241,11242,4020.5
"Post scheduled trip end time",-1,3112,3113,4020.5
"Post scheduled trip end time",-1,12752,12753,4020.5
"Post scheduled trip end time",-1,7910,7911,4020.5
"Post scheduled trip end time",-1,10550,10551,4020.5
"Post scheduled trip end time",-1,10846,10847,4020.5
"Post scheduled trip end time",-1,12466,12467,4020.5
"Post scheduled trip end time",-1,12010,12011,4020.5
"Post scheduled trip end time",-1,8950,8951,4020.5
"Post scheduled trip end time",-1,7894,7895,4020.5
"Post scheduled trip end time",-1,8534,8535,4020.5
"Post scheduled trip end time",-1,14771,14772,4020.5
"Post scheduled trip end time",-1,11411,11412,4020.5
"Post scheduled trip end time",-1,4978,4979,4020.5
"Post scheduled trip end time",-1,4988,4989,4020.5
"Post scheduled trip end time",-1,2066,2067,4020.5
"Post scheduled trip end time",-1,6072,6073,4020.5
"Post scheduled trip end time",-1,17112,17113,4020.5
"Post scheduled trip end time",-1,6665,6666,4020.5
"Post scheduled trip end time",-1,17905,17906,4020.5
"Post scheduled trip end time",-1,6230,6231,4020.5
"Post scheduled trip end time",-1,299,300,4020.5
"Post scheduled trip end time",-1,4570,4571,4020.5
"Post scheduled trip end time",-1,1949,1950,4020.5
"Post scheduled trip end time",-1,15370,15371,4020.5
"Post scheduled trip end time",-1,1454,1455,4020.5
"Post scheduled trip end time",-1,6460,6461,4020.5
"Post scheduled trip end time",-1,6173,6174,4020.5
"Post scheduled trip end time",-1,4353,4354,4020.5
"Post scheduled trip end time",-1,2820,2821,4020.5
"Post scheduled trip end time",-1,15306,15307,4020.5
"Post scheduled trip end time",-1,17190,17191,4020.5
"Post scheduled trip end time",-1,31690,31691,4020.5
"Post scheduled trip end time",-1,20678,20679,4020.5
"Post scheduled trip end time",-1,20430,20431,4020.5
"Post scheduled trip end time",-1,7490,7491,4020.5
"Post scheduled trip end time",-1,5100,5101,4020.5
"Post scheduled trip end time",-1,1885,1886,4020.5
"Post scheduled trip end time",-1,520428,520429,4020.5
"Post scheduled trip end time",-1,4849,4850,4020.5
"Post scheduled trip end time",-1,2808,2809,4020.5
"Post scheduled trip end time",-1,2099,2100,4020.5
"Post scheduled trip end time",-1,543128,543129,4020.5
"Post scheduled trip end time",-1,239,240,4020.5
"Post scheduled trip end time",-1,3373,3374,4020.5
"Post scheduled trip end time",-1,30130,30131,4020.5
"Post scheduled trip end time",-1,1476,1477,4020.5
"Post scheduled trip end time",-1,14514,14515,4020.5
"Post scheduled trip end time",-1,12410,12411,4020.5
"Post scheduled trip end time",-1,8797,8798,4020.5
"Post scheduled trip end time",-1,15197,15198,4020.5
"Post scheduled trip end time",-1,5101,5102,4020.5
"Post scheduled trip end time",-1,521768,521769,4020.5
"Post scheduled trip end time",-1,4632,4633,4020.5
"Post scheduled trip end time",-1,20031,20032,4020.5
"Post scheduled trip end time",-1,14306,14307,4020.5
"Post scheduled trip end time",-1,537088,537089,4020.5
"Post scheduled trip end time",-1,12761,12762,4020.5
"Post scheduled trip end time",-1,11465,11466,4020.5
"Post scheduled trip end time",-1,15019,15020,4020.5
"Post scheduled trip end time",-1,5541,5542,4020.5
"Post scheduled trip end time",-1,5921,5922,4020.5
"Post scheduled trip end time",-1,1124,1125,4020.5
"Post scheduled trip end time",-1,391,392,4020.5
"Post scheduled trip end time",-1,7666,7667,4020.5
"Post scheduled trip end time",-1,25004,25005,4020.5
"Post scheduled trip end time",-1,16474,16475,4020.5
"Post scheduled trip end time",-1,2471,2472,4020.5
"Post scheduled trip end time",-1,1925,1926,4020.5
"Post scheduled trip end time",-1,11294,11295,4020.5
"Post scheduled trip end time",-1,7098,7099,4020.5
"Post scheduled trip end time",-1,4192,4193,4020.5
"Post scheduled trip end time",-1,4681,4682,4020.5
"Post scheduled trip end time",-1,3628,3629,4020.5
"Post scheduled trip end time",-1,4672,4673,4020.5
"Post scheduled trip end time",-1,13288,13289,4020.5
"Post scheduled trip end time",-1,675,676,4020.5
"Post scheduled trip end time",-1,5370,5371,4020.5
"Post scheduled trip end time",-1,3390,3391,4020.5
"Post scheduled trip end time",-1,14850,14851,4020.5
"Post scheduled trip end time",-1,19586,19587,4020.5
"Post scheduled trip end time",-1,141,142,4020.5
"Post scheduled trip end time",-1,20290,20291,4020.5
"Post scheduled trip end time",-1,23070,23071,4020.5
"Post scheduled trip end time",-1,2211,2212,4020.5
"Post scheduled trip end time",-1,21792,21793,4020.5
"Post scheduled trip end time",-1,11931,11932,4020.5
"Post scheduled trip end time",-1,8937,8938,4020.5
"Post scheduled trip end time",-1,16117,16118,4020.5
"Post scheduled trip end time",-1,10054,10055,4020.5
"Post scheduled trip end time",-1,5748,5749,4020.5
"Post scheduled trip end time",-1,7830,7831,4020.5
"Post scheduled trip end time",-1,83,84,4020.5
"Post scheduled trip end time",-1,15046,15047,4020.5
"Post scheduled trip end time",-1,4130,4131,4020.5
"Post scheduled trip end time",-1,32970,32971,4020.5
"Post scheduled trip end time",-1,12180,12181,4020.5
"Post scheduled trip end time",-1,4629,4630,4020.5
"Post scheduled trip end time",-1,14451,14452,4020.5
"Post scheduled trip end time",-1,17048,17049,4020.5
"Post scheduled trip end time",-1,15471,15472,4020.5
"Post scheduled trip end time",-1,1238,1239,4020.5
"Post scheduled trip end time",-1,9581,9582,4020.5
"Post scheduled trip end time",-1,1134,1135,4020.5
"Post scheduled trip end time",-1,10146,10147,4020.5
"Post scheduled trip end time",-1,1748,1749,4020.5
"Post scheduled trip end time",-1,1545,1546,4020.5
"Post scheduled trip end time",-1,3335,3336,4020.5
"Post scheduled trip end time",-1,20090,20091,4020.5
"Post scheduled trip end time",-1,14592,14593,4020.5
"Post scheduled trip end time",-1,9921,9922,4020.5
"Post scheduled trip end time",-1,10174,10175,4020.5
"Post scheduled trip end time",-1,2626,2627,4020.5
"Post scheduled trip end time",-1,7801,7802,4020.5
"Post scheduled trip end time",-1,17136,17137,4020.5
"Post scheduled trip end time",-1,2157,2158,4020.5
"Post scheduled trip end time",-1,11086,11087,4020.5
"Post scheduled trip end time",-1,10372,10373,4020.5
"Post scheduled trip end time",-1,16112,16113,4020.5
"Post scheduled trip end time",-1,390,391,4020.5
"Post scheduled trip end time",-1,14330,14331,4020.5
"Post scheduled trip end time",-1,15290,15291,4020.5
"Post scheduled trip end time",-1,18710,18711,4020.5
"Post scheduled trip end time",-1,11586,11587,4020.5
"Post scheduled trip end time",-1,18226,18227,4020.5
"Post scheduled trip end time",-1,9151,9152,4020.5
"Post scheduled trip end time",-1,753,754,4020.5
"Post scheduled trip end time",-1,8954,8955,4020.5
"Post scheduled trip end time",-1,10717,10718,4020.5
"Post scheduled trip end time",-1,3459,3460,4020.5
"Post scheduled trip end time",-1,19512,19513,4020.5
"Post scheduled trip end time",-1,524188,524189,4020.5
"Post scheduled trip end time",-1,7012,7013,4020.5
"Post scheduled trip end time",-1,9852,9853,4020.5
"Post scheduled trip end time",-1,4641,4642,4020.5
"Post scheduled trip end time",-1,1008,1009,4020.5
"Post scheduled trip end time",-1,460,461,4020.5
"Post scheduled trip end time",-1,13850,13851,4020.5
"Post scheduled trip end time",-1,2627,2628,4020.5
"Post scheduled trip end time",-1,8746,8747,4020.5
"Post scheduled trip end time",-1,5890,5891,4020.5
"Post scheduled trip end time",-1,13046,13047,4020.5
"Post scheduled trip end time",-1,468,469,4020.5
"Post scheduled trip end time",-1,12100,12101,4020.5
"Post scheduled trip end time",-1,26650,26651,4020.5
"Post scheduled trip end time",-1,25204,25205,4020.5
"Post scheduled trip end time",-1,22550,22551,4020.5
"Post scheduled trip end time",-1,9521,9522,4020.5
"Post scheduled trip end time",-1,27212,27213,4020.5
"Post scheduled trip end time",-1,9411,9412,4020.5
"Post scheduled trip end time",-1,19712,19713,4020.5
"Post scheduled trip end time",-1,10326,10327,4020.5
"Post scheduled trip end time",-1,8592,8593,4020.5
"Post scheduled trip end time",-1,8037,8038,4020.5
"Post scheduled trip end time",-1,4941,4942,4020.5
"Post scheduled trip end time",-1,7332,7333,4020.5
"Post scheduled trip end time",-1,850,851,4020.5
"Post scheduled trip end time",-1,2550,2551,4020.5
"Post scheduled trip end time",-1,9330,9331,4020.5
"Post scheduled trip end time",-1,3398,3399,4020.5
"Post scheduled trip end time",-1,3833,3834,4020.5
"Post scheduled trip end time",-1,5169,5170,4020.5
"Post scheduled trip end time",-1,21432,21433,4020.5
"Post scheduled trip end time",-1,21672,21673,4020.5
"Post scheduled trip end time",-1,16252,16253,4020.5
"Post scheduled trip end time",-1,11961,11962,4020.5
"Post scheduled trip end time",-1,10631,10632,4020.5
"Post scheduled trip end time",-1,8401,8402,4020.5
"Post scheduled trip end time",-1,12132,12133,4020.5
"Post scheduled trip end time",-1,1823,1824,4020.5
"Post scheduled trip end time",-1,2017,2018,4020.5
"Post scheduled trip end time",-1,8771,8772,4020.5
"Post scheduled trip end time",-1,3761,3762,4020.5
"Post scheduled trip end time",-1,4210,4211,4020.5
"Post scheduled trip end time",-1,17890,17891,4020.5
"Post scheduled trip end time",-1,6446,6447,4020.5
"Post scheduled trip end time",-1,7911,7912,4020.5
"Post scheduled trip end time",-1,20026,20027,4020.5
"Post scheduled trip end time",-1,1450,1451,4020.5
"Post scheduled trip end time",-1,22270,22271,4020.5
"Post scheduled trip end time",-1,5911,5912,4020.5
"Post scheduled trip end time",-1,12497,12498,4020.5
"Post scheduled trip end time",-1,12637,12638,4020.5
"Post scheduled trip end time",-1,532768,532769,4020.5
"Post scheduled trip end time",-1,11106,11107,4020.5
"Post scheduled trip end time",-1,3500,3501,4020.5
"Post scheduled trip end time",-1,1459,1460,4020.5
"Post scheduled trip end time",-1,15105,15106,4020.5
"Post scheduled trip end time",-1,62,63,4020.5
"Post scheduled trip end time",-1,610,611,4020.5
"Post scheduled trip end time",-1,4954,4955,4020.5
"Post scheduled trip end time",-1,3598,3599,4020.5
"Post scheduled trip end time",-1,3938,3939,4020.5
"Post scheduled trip end time",-1,4586,4587,4020.5
"Post scheduled trip end time",-1,6970,6971,4020.5
"Post scheduled trip end time",-1,11074,11075,4020.5
"Post scheduled trip end time",-1,27292,27293,4020.5
"Post scheduled trip end time",-1,24552,24553,4020.5
"Post scheduled trip end time",-1,521348,521349,4020.5
"Post scheduled trip end time",-1,3491,3492,4020.5
"Post scheduled trip end time",-1,1837,1838,4020.5
"Post scheduled trip end time",-1,9951,9952,4020.5
"Post scheduled trip end time",-1,8590,8591,4020.5
"Post scheduled trip end time",-1,3446,3447,4020.5
"Post scheduled trip end time",-1,5912,5913,4020.5
"Post scheduled trip end time",-1,12401,12402,4020.5
"Post scheduled trip end time",-1,15072,15073,4020.5
"Post scheduled trip end time",-1,1468,1469,4020.5
"Post scheduled trip end time",-1,2941,2942,4020.5
"Post scheduled trip end time",-1,2734,2735,4020.5
"Post scheduled trip end time",-1,5141,5142,4020.5
"Post scheduled trip end time",-1,358,359,4020.5
"Post scheduled trip end time",-1,2847,2848,4020.5
"Post scheduled trip end time",-1,3253,3254,4020.5
"Post scheduled trip end time",-1,16826,16827,4020.5
"Post scheduled trip end time",-1,2030,2031,4020.5
"Post scheduled trip end time",-1,26292,26293,4020.5
"Post scheduled trip end time",-1,23964,23965,4020.5
"Post scheduled trip end time",-1,594,595,4020.5
"Post scheduled trip end time",-1,18378,18379,4020.5
"Post scheduled trip end time",-1,14112,14113,4020.5
"Post scheduled trip end time",-1,9901,9902,4020.5
"Post scheduled trip end time",-1,531488,531489,4020.5
"Post scheduled trip end time",-1,17525,17526,4020.5
"Post scheduled trip end time",-1,16550,16551,4020.5
"Post scheduled trip end time",-1,172,173,4020.5
"Post scheduled trip end time",-1,878,879,4020.5
"Post scheduled trip end time",-1,1577,1578,4020.5
"Post scheduled trip end time",-1,7466,7467,4020.5
"Post scheduled trip end time",-1,3218,3219,4020.5
"Post scheduled trip end time",-1,9118,9119,4020.5
"Post scheduled trip end time",-1,12881,12882,4020.5
"Post scheduled trip end time",-1,13841,13842,4020.5
"Post scheduled trip end time",-1,10691,10692,4020.5
"Post scheduled trip end time",-1,2949,2950,4020.5
"Post scheduled trip end time",-1,5099,5100,4020.5
"Post scheduled trip end time",-1,5189,5190,4020.5
"Post scheduled trip end time",-1,22357,22358,4020.5
"Post scheduled trip end time",-1,13352,13353,4020.5
"Post scheduled trip end time",-1,6808,6809,4020.5
"Post scheduled trip end time",-1,5241,5242,4020.5
"Post scheduled trip end time",-1,3552,3553,4020.5
"Post scheduled trip end time",-1,13701,13702,4020.5
"Post scheduled trip end time",-1,4801,4802,4020.5
"Post scheduled trip end time",-1,12885,12886,4020.5
"Post scheduled trip end time",-1,143,144,4020.5
"Post scheduled trip end time",-1,1994,1995,4020.5
"Post scheduled trip end time",-1,1429,1430,4020.5
"Post scheduled trip end time",-1,25744,25745,4020.5
"Post scheduled trip end time",-1,13490,13491,4020.5
"Post scheduled trip end time",-1,11200,11201,4020.5
"Post scheduled trip end time",-1,11698,11699,4020.5
"Post scheduled trip end time",-1,237,238,4020.5
"Post scheduled trip end time",-1,7637,7638,4020.5
"Post scheduled trip end time",-1,14991,14992,4020.5
"Post scheduled trip end time",-1,656,657,4020.5
"Post scheduled trip end time",-1,7188,7189,4020.5
"Post scheduled trip end time",-1,8228,8229,4020.5
"Post scheduled trip end time",-1,535148,535149,4020.5
"Post scheduled trip end time",-1,4652,4653,4020.5
"Post scheduled trip end time",-1,10981,10982,4020.5
"Post scheduled trip end time",-1,15592,15593,4020.5
"Post scheduled trip end time",-1,1181,1182,4020.5
"Post scheduled trip end time",-1,1052,1053,4020.5
"Post scheduled trip end time",-1,6154,6155,4020.5
"Post scheduled trip end time",-1,6274,6275,4020.5
"Post scheduled trip end time",-1,12346,12347,4020.5
"Post scheduled trip end time",-1,7014,7015,4020.5
"Post scheduled trip end time",-1,26824,26825,4020.5
"Post scheduled trip end time",-1,31424,31425,4020.5
"Post scheduled trip end time",-1,274,275,4020.5
"Post scheduled trip end time",-1,413,414,4020.5
"Post scheduled trip end time",-1,11910,11911,4020.5
"Post scheduled trip end time",-1,4909,4910,4020.5
"Post scheduled trip end time",-1,517,518,4020.5
"Post scheduled trip end time",-1,4751,4752,4020.5
"Post scheduled trip end time",-1,427,428,4020.5
"Post scheduled trip end time",-1,7437,7438,4020.5
"Post scheduled trip end time",-1,15637,15638,4020.5
"Post scheduled trip end time",-1,6845,6846,4020.5
"Post scheduled trip end time",-1,3339,3340,4020.5
"Post scheduled trip end time",-1,1355,1356,4020.5
"Post scheduled trip end time",-1,6321,6322,4020.5
"Post scheduled trip end time",-1,1582,1583,4020.5
"Post scheduled trip end time",-1,286,287,4020.5
"Post scheduled trip end time",-1,2967,2968,4020.5
"Post scheduled trip end time",-1,871,872,4020.5
"Post scheduled trip end time",-1,5995,5996,4020.5
"Post scheduled trip end time",-1,31550,31551,4020.5
"Post scheduled trip end time",-1,32110,32111,4020.5
"Post scheduled trip end time",-1,18357,18358,4020.5
"Post scheduled trip end time",-1,2991,2992,4020.5
"Post scheduled trip end time",-1,6874,6875,4020.5
"Post scheduled trip end time",-1,17832,17833,4020.5
"Post scheduled trip end time",-1,11448,11449,4020.5
"Post scheduled trip end time",-1,19412,19413,4020.5
"Post scheduled trip end time",-1,5292,5293,4020.5
"Post scheduled trip end time",-1,15152,15153,4020.5
"Post scheduled trip end time",-1,264,265,4020.5
"Post scheduled trip end time",-1,9510,9511,4020.5
"Post scheduled trip end time",-1,7047,7048,4020.5
"Post scheduled trip end time",-1,12910,12911,4020.5
"Post scheduled trip end time",-1,18070,18071,4020.5
"Post scheduled trip end time",-1,13606,13607,4020.5
"Post scheduled trip end time",-1,13030,13031,4020.5
"Post scheduled trip end time",-1,5015,5016,4020.5
"Post scheduled trip end time",-1,1556,1557,4020.5
"Post scheduled trip end time",-1,24444,24445,4020.5
"Post scheduled trip end time",-1,24712,24713,4020.5
"Post scheduled trip end time",-1,13878,13879,4020.5
"Post scheduled trip end time",-1,15011,15012,4020.5
"Post scheduled trip end time",-1,3646,3647,4020.5
"Post scheduled trip end time",-1,17148,17149,4020.5
"Post scheduled trip end time",-1,9434,9435,4020.5
"Post scheduled trip end time",-1,8737,8738,4020.5
"Post scheduled trip end time",-1,3030,3031,4020.5
"Post scheduled trip end time",-1,1770,1771,4020.5
"Post scheduled trip end time",-1,654,655,4020.5
"Post scheduled trip end time",-1,3383,3384,4020.5
"Post scheduled trip end time",-1,1691,1692,4020.5
"Post scheduled trip end time",-1,18430,18431,4020.5
"Post scheduled trip end time",-1,4806,4807,4020.5
"Post scheduled trip end time",-1,4340,4341,4020.5
"Post scheduled trip end time",-1,17394,17395,4020.5
"Post scheduled trip end time",-1,10654,10655,4020.5
"Post scheduled trip end time",-1,4509,4510,4020.5
"Post scheduled trip end time",-1,19572,19573,4020.5
"Post scheduled trip end time",-1,3789,3790,4020.5
"Post scheduled trip end time",-1,15772,15773,4020.5
"Post scheduled trip end time",-1,8841,8842,4020.5
"Post scheduled trip end time",-1,4981,4982,4020.5
"Post scheduled trip end time",-1,4780,4781,4020.5
"Post scheduled trip end time",-1,1410,1411,4020.5
"Post scheduled trip end time",-1,30870,30871,4020.5
"Post scheduled trip end time",-1,32170,32171,4020.5
"Post scheduled trip end time",-1,35152,35153,4020.5
"Post scheduled trip end time",-1,22238,22239,4020.5
"Post scheduled trip end time",-1,8651,8652,4020.5
"Post scheduled trip end time",-1,9371,9372,4020.5
"Post scheduled trip end time",-1,845,846,4020.5
"Post scheduled trip end time",-1,20470,20471,4020.5
"Post scheduled trip end time",-1,11080,11081,4020.5
"Post scheduled trip end time",-1,14398,14399,4020.5
"Post scheduled trip end time",-1,1865,1866,4020.5
"Post scheduled trip end time",-1,10890,10891,4020.5
"Post scheduled trip end time",-1,7001,7002,4020.5
"Post scheduled trip end time",-1,72,73,4020.5
"Post scheduled trip end time",-1,1165,1166,4020.5
"Post scheduled trip end time",-1,1883,1884,4020.5
"Post scheduled trip end time",-1,29490,29491,4020.5
"Post scheduled trip end time",-1,24064,24065,4020.5
"Post scheduled trip end time",-1,3834,3835,4020.5
"Post scheduled trip end time",-1,519948,519949,4020.5
"Post scheduled trip end time",-1,13077,13078,4020.5
"Post scheduled trip end time",-1,11548,11549,4020.5
"Post scheduled trip end time",-1,21477,21478,4020.5
"Post scheduled trip end time",-1,2608,2609,4020.5
"Post scheduled trip end time",-1,20251,20252,4020.5
"Post scheduled trip end time",-1,8185,8186,4020.5
"Post scheduled trip end time",-1,4234,4235,4020.5
"Post scheduled trip end time",-1,6340,6341,4020.5
"Post scheduled trip end time",-1,162,163,4020.5
"Post scheduled trip end time",-1,4581,4582,4020.5
"Post scheduled trip end time",-1,344,345,4020.5
"Post scheduled trip end time",-1,10990,10991,4020.5
"Post scheduled trip end time",-1,5901,5902,4020.5
"Post scheduled trip end time",-1,151,152,4020.5
"Post scheduled trip end time",-1,13646,13647,4020.5
"Post scheduled trip end time",-1,14666,14667,4020.5
"Post scheduled trip end time",-1,25764,25765,4020.5
"Post scheduled trip end time",-1,7151,7152,4020.5
"Post scheduled trip end time",-1,23430,23431,4020.5
"Post scheduled trip end time",-1,17131,17132,4020.5
"Post scheduled trip end time",-1,2232,2233,4020.5
"Post scheduled trip end time",-1,9308,9309,4020.5
"Post scheduled trip end time",-1,9568,9569,4020.5
"Post scheduled trip end time",-1,2719,2720,4020.5
"Post scheduled trip end time",-1,13765,13766,4020.5
"Post scheduled trip end time",-1,148,149,4020.5
"Post scheduled trip end time",-1,9290,9291,4020.5
"Post scheduled trip end time",-1,1818,1819,4020.5
"Post scheduled trip end time",-1,1004,1005,4020.5
"Post scheduled trip end time",-1,26924,26925,4020.5
"Post scheduled trip end time",-1,32952,32953,4020.5
"Post scheduled trip end time",-1,8071,8072,4020.5
"Post scheduled trip end time",-1,4511,4512,4020.5
"Post scheduled trip end time",-1,23244,23245,4020.5
"Post scheduled trip end time",-1,13714,13715,4020.5
"Post scheduled trip end time",-1,14417,14418,4020.5
"Post scheduled trip end time",-1,2412,2413,4020.5
"Post scheduled trip end time",-1,12541,12542,4020.5
"Post scheduled trip end time",-1,9206,9207,4020.5
"Post scheduled trip end time",-1,3233,3234,4020.5
"Post scheduled trip end time",-1,28944,28945,4020.5
"Post scheduled trip end time",-1,13010,13011,4020.5
"Post scheduled trip end time",-1,19617,19618,4020.5
"Post scheduled trip end time",-1,3379,3380,4020.5
"Post scheduled trip end time",-1,4059,4060,4020.5
"Post scheduled trip end time",-1,10992,10993,4020.5
"Post scheduled trip end time",-1,5798,5799,4020.5
"Post scheduled trip end time",-1,12392,12393,4020.5
"Post scheduled trip end time",-1,533048,533049,4020.5
"Post scheduled trip end time",-1,4388,4389,4020.5
"Post scheduled trip end time",-1,13972,13973,4020.5
"Post scheduled trip end time",-1,3330,3331,4020.5
"Post scheduled trip end time",-1,14325,14326,4020.5
"Post scheduled trip end time",-1,1992,1993,4020.5
"Post scheduled trip end time",-1,6750,6751,4020.5
"Post scheduled trip end time",-1,856,857,4020.5
"Post scheduled trip end time",-1,1557,1558,4020.5
"Post scheduled trip end time",-1,4946,4947,4020.5
"Post scheduled trip end time",-1,16526,16527,4020.5
"Post scheduled trip end time",-1,488919,488920,4020.5
"Post scheduled trip end time",-1,32572,32573,4020.5
"Post scheduled trip end time",-1,12710,12711,4020.5
"Post scheduled trip end time",-1,2371,2372,4020.5
"Post scheduled trip end time",-1,30092,30093,4020.5
"Post scheduled trip end time",-1,8554,8555,4020.5
"Post scheduled trip end time",-1,5038,5039,4020.5
"Post scheduled trip end time",-1,1093,1094,4020.5
"Post scheduled trip end time",-1,14272,14273,4020.5
"Post scheduled trip end time",-1,16641,16642,4020.5
"Post scheduled trip end time",-1,3172,3173,4020.5
"Post scheduled trip end time",-1,1594,1595,4020.5
"Post scheduled trip end time",-1,5841,5842,4020.5
"Post scheduled trip end time",-1,762,763,4020.5
"Post scheduled trip end time",-1,8180,8181,4020.5
"Post scheduled trip end time",-1,8971,8972,4020.5
"Post scheduled trip end time",-1,31270,31271,4020.5
"Post scheduled trip end time",-1,33330,33331,4020.5
"Post scheduled trip end time",-1,21818,21819,4020.5
"Post scheduled trip end time",-1,17152,17153,4020.5
"Post scheduled trip end time",-1,3960,3961,4020.5
"Post scheduled trip end time",-1,1185,1186,4020.5
"Post scheduled trip end time",-1,13111,13112,4020.5
"Post scheduled trip end time",-1,11752,11753,4020.5
"Post scheduled trip end time",-1,8721,8722,4020.5
"Post scheduled trip end time",-1,1934,1935,4020.5
"Post scheduled trip end time",-1,8577,8578,4020.5
"Post scheduled trip end time",-1,221,222,4020.5
"Post scheduled trip end time",-1,2130,2131,4020.5
"Post scheduled trip end time",-1,2260,2261,4020.5
"Post scheduled trip end time",-1,15570,15571,4020.5
"Post scheduled trip end time",-1,31110,31111,4020.5
"Post scheduled trip end time",-1,34072,34073,4020.5
"Post scheduled trip end time",-1,35512,35513,4020.5
"Post scheduled trip end time",-1,3111,3112,4020.5
"Post scheduled trip end time",-1,7280,7281,4020.5
"Post scheduled trip end time",-1,14211,14212,4020.5
"Post scheduled trip end time",-1,10011,10012,4020.5
"Post scheduled trip end time",-1,15355,15356,4020.5
"Post scheduled trip end time",-1,875,876,4020.5
"Post scheduled trip end time",-1,9048,9049,4020.5
"Post scheduled trip end time",-1,15248,15249,4020.5
"Post scheduled trip end time",-1,3872,3873,4020.5
"Post scheduled trip end time",-1,17351,17352,4020.5
"Post scheduled trip end time",-1,7537,7538,4020.5
"Post scheduled trip end time",-1,8785,8786,4020.5
"Post scheduled trip end time",-1,3570,3571,4020.5
"Post scheduled trip end time",-1,3194,3195,4020.5
"Post scheduled trip end time",-1,5894,5895,4020.5
"Post scheduled trip end time",-1,396,397,4020.5
"Post scheduled trip end time",-1,9730,9731,4020.5
"Post scheduled trip end time",-1,321,322,4020.5
"Post scheduled trip end time",-1,32590,32591,4020.5
"Post scheduled trip end time",-1,25352,25353,4020.5
"Post scheduled trip end time",-1,2355,2356,4020.5
"Post scheduled trip end time",-1,20770,20771,4020.5
"Post scheduled trip end time",-1,10740,10741,4020.5
"Post scheduled trip end time",-1,12931,12932,4020.5
"Post scheduled trip end time",-1,157,158,4020.5
"Post scheduled trip end time",-1,3319,3320,4020.5
"Post scheduled trip end time",-1,4859,4860,4020.5
"Post scheduled trip end time",-1,662,663,4020.5
"Post scheduled trip end time",-1,4510,4511,4020.5
"Post scheduled trip end time",-1,1732,1733,4020.5
"Post scheduled trip end time",-1,9681,9682,4020.5
"Post scheduled trip end time",-1,5470,5471,4020.5
"Post scheduled trip end time",-1,1694,1695,4020.5
"Post scheduled trip end time",-1,2843,2844,4020.5
"Post scheduled trip end time",-1,12850,12851,4020.5
"Post scheduled trip end time",-1,6093,6094,4020.5
"Post scheduled trip end time",-1,18006,18007,4020.5
"Post scheduled trip end time",-1,5070,5071,4020.5
"Post scheduled trip end time",-1,219,220,4020.5
"Post scheduled trip end time",-1,30464,30465,4020.5
"Post scheduled trip end time",-1,13521,13522,4020.5
"Post scheduled trip end time",-1,15055,15056,4020.5
"Post scheduled trip end time",-1,20357,20358,4020.5
"Post scheduled trip end time",-1,3948,3949,4020.5
"Post scheduled trip end time",-1,770,771,4020.5
"Post scheduled trip end time",-1,15821,15822,4020.5
"Post scheduled trip end time",-1,102,103,4020.5
"Post scheduled trip end time",-1,25932,25933,4020.5
"Post scheduled trip end time",-1,28292,28293,4020.5
"Post scheduled trip end time",-1,7311,7312,4020.5
"Post scheduled trip end time",-1,5529,5530,4020.5
"Post scheduled trip end time",-1,4409,4410,4020.5
"Post scheduled trip end time",-1,530108,530109,4020.5
"Post scheduled trip end time",-1,2657,2658,4020.5
"Post scheduled trip end time",-1,531988,531989,4020.5
"Post scheduled trip end time",-1,9792,9793,4020.5
"Post scheduled trip end time",-1,661,662,4020.5
"Post scheduled trip end time",-1,7081,7082,4020.5
"Post scheduled trip end time",-1,1735,1736,4020.5
"Post scheduled trip end time",-1,744,745,4020.5
"Post scheduled trip end time",-1,1661,1662,4020.5
"Post scheduled trip end time",-1,2590,2591,4020.5
"Post scheduled trip end time",-1,235,236,4020.5
"Post scheduled trip end time",-1,8140,8141,4020.5
"Post scheduled trip end time",-1,10806,10807,4020.5
"Post scheduled trip end time",-1,27350,27351,4020.5
"Post scheduled trip end time",-1,30090,30091,4020.5
"Post scheduled trip end time",-1,16894,16895,4020.5
"Post scheduled trip end time",-1,21052,21053,4020.5
"Post scheduled trip end time",-1,366,367,4020.5
"Post scheduled trip end time",-1,11131,11132,4020.5
"Post scheduled trip end time",-1,5398,5399,4020.5
"Post scheduled trip end time",-1,7858,7859,4020.5
"Post scheduled trip end time",-1,2729,2730,4020.5
"Post scheduled trip end time",-1,20231,20232,4020.5
"Post scheduled trip end time",-1,17948,17949,4020.5
"Post scheduled trip end time",-1,13286,13287,4020.5
"Post scheduled trip end time",-1,9421,9422,4020.5
"Post scheduled trip end time",-1,16685,16686,4020.5
"Post scheduled trip end time",-1,12105,12106,4020.5
"Post scheduled trip end time",-1,10,11,4020.5
"Post scheduled trip end time",-1,4401,4402,4020.5
"Post scheduled trip end time",-1,2158,2159,4020.5
"Post scheduled trip end time",-1,19970,19971,4020.5
"Post scheduled trip end time",-1,8826,8827,4020.5
"Post scheduled trip end time",-1,6070,6071,4020.5
"Post scheduled trip end time",-1,4093,4094,4020.5
"Post scheduled trip end time",-1,6871,6872,4020.5
"Post scheduled trip end time",-1,1813,1814,4020.5
"Post scheduled trip end time",-1,453,454,4020.5
"Post scheduled trip end time",-1,31650,31651,4020.5
"Post scheduled trip end time",-1,30284,30285,4020.5
"Post scheduled trip end time",-1,1046,1047,4020.5
"Post scheduled trip end time",-1,13831,13832,4020.5
"Post scheduled trip end time",-1,9610,9611,4020.5
"Post scheduled trip end time",-1,1633,1634,4020.5
"Post scheduled trip end time",-1,2313,2314,4020.5
"Post scheduled trip end time",-1,19751,19752,4020.5
"Post scheduled trip end time",-1,16891,16892,4020.5
"Post scheduled trip end time",-1,539368,539369,4020.5
"Post scheduled trip end time",-1,1601,1602,4020.5
"Post scheduled trip end time",-1,4181,4182,4020.5
"Post scheduled trip end time",-1,6381,6382,4020.5
"Post scheduled trip end time",-1,938,939,4020.5
"Post scheduled trip end time",-1,718,719,4020.5
"Post scheduled trip end time",-1,19450,19451,4020.5
"Post scheduled trip end time",-1,6466,6467,4020.5
"Post scheduled trip end time",-1,21286,21287,4020.5
"Post scheduled trip end time",-1,11150,11151,4020.5
"Post scheduled trip end time",-1,24052,24053,4020.5
"Post scheduled trip end time",-1,10940,10941,4020.5
"Post scheduled trip end time",-1,14132,14133,4020.5
"Post scheduled trip end time",-1,10857,10858,4020.5
"Post scheduled trip end time",-1,12177,12178,4020.5
"Post scheduled trip end time",-1,20091,20092,4020.5
"Post scheduled trip end time",-1,1681,1682,4020.5
"Post scheduled trip end time",-1,116,117,4020.5
"Post scheduled trip end time",-1,1369,1370,4020.5
"Post scheduled trip end time",-1,949,950,4020.5
"Post scheduled trip end time",-1,15710,15711,4020.5
"Post scheduled trip end time",-1,1067,1068,4020.5
"Post scheduled trip end time",-1,6214,6215,4020.5
"Post scheduled trip end time",-1,5273,5274,4020.5
"Post scheduled trip end time",-1,4493,4494,4020.5
"Post scheduled trip end time",-1,5235,5236,4020.5
"Post scheduled trip end time",-1,3909,3910,4020.5
"Post scheduled trip end time",-1,18077,18078,4020.5
"Post scheduled trip end time",-1,15718,15719,4020.5
"Post scheduled trip end time",-1,10140,10141,4020.5
"Post scheduled trip end time",-1,10218,10219,4020.5
"Post scheduled trip end time",-1,28012,28013,4020.5
"Post scheduled trip end time",-1,1905,1906,4020.5
"Post scheduled trip end time",-1,10537,10538,4020.5
"Post scheduled trip end time",-1,12572,12573,4020.5
"Post scheduled trip end time",-1,524548,524549,4020.5
"Post scheduled trip end time",-1,1878,1879,4020.5
"Post scheduled trip end time",-1,17651,17652,4020.5
"Post scheduled trip end time",-1,9672,9673,4020.5
"Post scheduled trip end time",-1,1381,1382,4020.5
"Post scheduled trip end time",-1,4405,4406,4020.5
"Post scheduled trip end time",-1,520,521,4020.5
"Post scheduled trip end time",-1,2381,2382,4020.5
"Post scheduled trip end time",-1,301,302,4020.5
"Post scheduled trip end time",-1,4874,4875,4020.5
"Post scheduled trip end time",-1,4046,4047,4020.5
"Post scheduled trip end time",-1,1876,1877,4020.5
"Post scheduled trip end time",-1,19706,19707,4020.5
"Post scheduled trip end time",-1,1745,1746,4020.5
"Post scheduled trip end time",-1,20898,20899,4020.5
"Post scheduled trip end time",-1,2755,2756,4020.5
"Post scheduled trip end time",-1,22810,22811,4020.5
"Post scheduled trip end time",-1,21712,21713,4020.5
"Post scheduled trip end time",-1,12817,12818,4020.5
"Post scheduled trip end time",-1,3381,3382,4020.5
"Post scheduled trip end time",-1,13931,13932,4020.5
"Post scheduled trip end time",-1,20372,20373,4020.5
"Post scheduled trip end time",-1,2139,2140,4020.5
"Post scheduled trip end time",-1,7761,7762,4020.5
"Post scheduled trip end time",-1,8986,8987,4020.5
"Post scheduled trip end time",-1,10706,10707,4020.5
"Post scheduled trip end time",-1,14326,14327,4020.5
"Post scheduled trip end time",-1,5406,5407,4020.5
"Post scheduled trip end time",-1,2758,2759,4020.5
"Post scheduled trip end time",-1,5530,5531,4020.5
"Post scheduled trip end time",-1,1565,1566,4020.5
"Post scheduled trip end time",-1,17837,17838,4020.5
"Post scheduled trip end time",-1,19737,19738,4020.5
"Post scheduled trip end time",-1,7000,7001,4020.5
"Post scheduled trip end time",-1,6411,6412,4020.5
"Post scheduled trip end time",-1,497,498,4020.5
"Post scheduled trip end time",-1,5817,5818,4020.5
"Post scheduled trip end time",-1,11157,11158,4020.5
"Post scheduled trip end time",-1,18992,18993,4020.5
"Post scheduled trip end time",-1,8708,8709,4020.5
"Post scheduled trip end time",-1,5508,5509,4020.5
"Post scheduled trip end time",-1,8692,8693,4020.5
"Post scheduled trip end time",-1,1361,1362,4020.5
"Post scheduled trip end time",-1,2445,2446,4020.5
"Post scheduled trip end time",-1,4012,4013,4020.5
"Post scheduled trip end time",-1,15361,15362,4020.5
"Post scheduled trip end time",-1,20,21,4020.5
"Post scheduled trip end time",-1,2989,2990,4020.5
"Post scheduled trip end time",-1,1327,1328,4020.5
"Post scheduled trip end time",-1,4474,4475,4020.5
"Post scheduled trip end time",-1,3450,3451,4020.5
"Post scheduled trip end time",-1,3910,3911,4020.5
"Post scheduled trip end time",-1,26152,26153,4020.5
"Post scheduled trip end time",-1,2555,2556,4020.5
"Post scheduled trip end time",-1,4529,4530,4020.5
"Post scheduled trip end time",-1,2191,2192,4020.5
"Post scheduled trip end time",-1,8978,8979,4020.5
"Post scheduled trip end time",-1,3020,3021,4020.5
"Post scheduled trip end time",-1,11981,11982,4020.5
"Post scheduled trip end time",-1,26672,26673,4020.5
"Post scheduled trip end time",-1,11237,11238,4020.5
"Post scheduled trip end time",-1,1002,1003,4020.5
"Post scheduled trip end time",-1,6021,6022,4020.5
"Post scheduled trip end time",-1,12548,12549,4020.5
"Post scheduled trip end time",-1,921,922,4020.5
"Post scheduled trip end time",-1,17805,17806,4020.5
"Post scheduled trip end time",-1,1446,1447,4020.5
"Post scheduled trip end time",-1,51,52,4020.5
"Post scheduled trip end time",-1,13886,13887,4020.5
"Post scheduled trip end time",-1,17886,17887,4020.5
"Post scheduled trip end time",-1,31444,31445,4020.5
"Post scheduled trip end time",-1,19578,19579,4020.5
"Post scheduled trip end time",-1,27012,27013,4020.5
"Post scheduled trip end time",-1,493,494,4020.5
"Post scheduled trip end time",-1,23944,23945,4020.5
"Post scheduled trip end time",-1,16757,16758,4020.5
"Post scheduled trip end time",-1,2171,2172,4020.5
"Post scheduled trip end time",-1,637,638,4020.5
"Post scheduled trip end time",-1,1323,1324,4020.5
"Post scheduled trip end time",-1,5361,5362,4020.5
"Post scheduled trip end time",-1,796,797,4020.5
"Post scheduled trip end time",-1,1699,1700,4020.5
"Post scheduled trip end time",-1,16701,16702,4020.5
"Post scheduled trip end time",-1,12945,12946,4020.5
"Post scheduled trip end time",-1,243,244,4020.5
"Post scheduled trip end time",-1,843,844,4020.5
"Post scheduled trip end time",-1,1105,1106,4020.5
"Post scheduled trip end time",-1,14070,14071,4020.5
"Post scheduled trip end time",-1,1647,1648,4020.5
"Post scheduled trip end time",-1,3574,3575,4020.5
"Post scheduled trip end time",-1,5694,5695,4020.5
"Post scheduled trip end time",-1,4050,4051,4020.5
"Post scheduled trip end time",-1,7851,7852,4020.5
"Post scheduled trip end time",-1,19034,19035,4020.5
"Post scheduled trip end time",-1,33570,33571,4020.5
"Post scheduled trip end time",-1,13474,13475,4020.5
"Post scheduled trip end time",-1,23690,23691,4020.5
"Post scheduled trip end time",-1,2911,2912,4020.5
"Post scheduled trip end time",-1,29272,29273,4020.5
"Post scheduled trip end time",-1,24372,24373,4020.5
"Post scheduled trip end time",-1,1190,1191,4020.5
"Post scheduled trip end time",-1,799,800,4020.5
"Post scheduled trip end time",-1,200,201,4020.5
"Post scheduled trip end time",-1,2018,2019,4020.5
"Post scheduled trip end time",-1,1411,1412,4020.5
"Post scheduled trip end time",-1,2335,2336,4020.5
"Post scheduled trip end time",-1,19857,19858,4020.5
"Post scheduled trip end time",-1,19018,19019,4020.5
"Post scheduled trip end time",-1,28192,28193,4020.5
"Post scheduled trip end time",-1,14355,14356,4020.5
"Post scheduled trip end time",-1,3697,3698,4020.5
"Post scheduled trip end time",-1,9897,9898,4020.5
"Post scheduled trip end time",-1,12097,12098,4020.5
"Post scheduled trip end time",-1,1509,1510,4020.5
"Post scheduled trip end time",-1,9170,9171,4020.5
"Post scheduled trip end time",-1,7198,7199,4020.5
"Post scheduled trip end time",-1,19492,19493,4020.5
"Post scheduled trip end time",-1,9632,9633,4020.5
"Post scheduled trip end time",-1,2990,2991,4020.5
"Post scheduled trip end time",-1,14645,14646,4020.5
"Post scheduled trip end time",-1,15885,15886,4020.5
"Post scheduled trip end time",-1,452,453,4020.5
"Post scheduled trip end time",-1,614,615,4020.5
"Post scheduled trip end time",-1,1234,1235,4020.5
"Post scheduled trip end time",-1,7706,7707,4020.5
"Post scheduled trip end time",-1,3573,3574,4020.5
"Post scheduled trip end time",-1,30310,30311,4020.5
"Post scheduled trip end time",-1,20298,20299,4020.5
"Post scheduled trip end time",-1,893,894,4020.5
"Post scheduled trip end time",-1,22890,22891,4020.5
"Post scheduled trip end time",-1,11681,11682,4020.5
"Post scheduled trip end time",-1,20972,20973,4020.5
"Post scheduled trip end time",-1,11688,11689,4020.5
"Post scheduled trip end time",-1,535648,535649,4020.5
"Post scheduled trip end time",-1,10426,10427,4020.5
"Post scheduled trip end time",-1,1937,1938,4020.5
"Post scheduled trip end time",-1,5060,5061,4020.5
"Post scheduled trip end time",-1,2472,2473,4020.5
"Post scheduled trip end time",-1,1,2,4020.5
"Post scheduled trip end time",-1,2201,2202,4020.5
"Post scheduled trip end time",-1,4261,4262,4020.5
"Post scheduled trip end time",-1,2580,2581,4020.5
"Post scheduled trip end time",-1,6840,6841,4020.5
"Post scheduled trip end time",-1,559,560,4020.5
"Post scheduled trip end time",-1,9391,9392,4020.5
"Post scheduled trip end time",-1,24812,24813,4020.5
"Post scheduled trip end time",-1,22750,22751,4020.5
"Post scheduled trip end time",-1,1225,1226,4020.5
"Post scheduled trip end time",-1,3777,3778,4020.5
"Post scheduled trip end time",-1,20591,20592,4020.5
"Post scheduled trip end time",-1,12032,12033,4020.5
"Post scheduled trip end time",-1,156,157,4020.5
"Post scheduled trip end time",-1,458,459,4020.5
"Post scheduled trip end time",-1,1927,1928,4020.5
"Post scheduled trip end time",-1,17994,17995,4020.5
"Post scheduled trip end time",-1,925,926,4020.5
"Post scheduled trip end time",-1,5970,5971,4020.5
"Post scheduled trip end time",-1,1280,1281,4020.5
"Post scheduled trip end time",-1,9201,9202,4020.5
"Post scheduled trip end time",-1,526668,526669,4020.5
"Post scheduled trip end time",-1,6108,6109,4020.5
"Post scheduled trip end time",-1,8585,8586,4020.5
"Post scheduled trip end time",-1,518,519,4020.5
"Post scheduled trip end time",-1,17650,17651,4020.5
"Post scheduled trip end time",-1,4486,4487,4020.5
"Post scheduled trip end time",-1,14830,14831,4020.5
"Post scheduled trip end time",-1,26770,26771,4020.5
"Post scheduled trip end time",-1,2913,2914,4020.5
"Post scheduled trip end time",-1,1375,1376,4020.5
"Post scheduled trip end time",-1,19417,19418,4020.5
"Post scheduled trip end time",-1,17532,17533,4020.5
"Post scheduled trip end time",-1,13551,13552,4020.5
"Post scheduled trip end time",-1,6551,6552,4020.5
"Post scheduled trip end time",-1,4429,4430,4020.5
"Post scheduled trip end time",-1,13212,13213,4020.5
"Post scheduled trip end time",-1,8114,8115,4020.5
"Post scheduled trip end time",-1,15012,15013,4020.5
"Post scheduled trip end time",-1,5092,5093,4020.5
"Post scheduled trip end time",-1,7732,7733,4020.5
"Post scheduled trip end time",-1,812,813,4020.5
"Post scheduled trip end time",-1,247,248,4020.5
"Post scheduled trip end time",-1,467,468,4020.5
"Post scheduled trip end time",-1,14150,14151,4020.5
"Post scheduled trip end time",-1,6155,6156,4020.5
"Post scheduled trip end time",-1,19658,19659,4020.5
"Post scheduled trip end time",-1,18597,18598,4020.5
"Post scheduled trip end time",-1,9394,9395,4020.5
"Post scheduled trip end time",-1,8658,8659,4020.5
"Post scheduled trip end time",-1,9414,9415,4020.5
"Post scheduled trip end time",-1,1232,1233,4020.5
"Post scheduled trip end time",-1,2458,2459,4020.5
"Post scheduled trip end time",-1,11021,11022,4020.5
"Post scheduled trip end time",-1,2612,2613,4020.5
"Post scheduled trip end time",-1,2070,2071,4020.5
"Post scheduled trip end time",-1,16486,16487,4020.5
"Post scheduled trip end time",-1,15190,15191,4020.5
"Post scheduled trip end time",-1,5375,5376,4020.5
"Post scheduled trip end time",-1,6215,6216,4020.5
"Post scheduled trip end time",-1,32124,32125,4020.5
"Post scheduled trip end time",-1,24504,24505,4020.5
"Post scheduled trip end time",-1,519448,519449,4020.5
"Post scheduled trip end time",-1,12432,12433,4020.5
"Post scheduled trip end time",-1,10788,10789,4020.5
"Post scheduled trip end time",-1,15901,15902,4020.5
"Post scheduled trip end time",-1,1161,1162,4020.5
"Post scheduled trip end time",-1,4561,4562,4020.5
"Post scheduled trip end time",-1,6954,6955,4020.5
"Post scheduled trip end time",-1,6994,6995,4020.5
"Post scheduled trip end time",-1,26104,26105,4020.5
"Post scheduled trip end time",-1,15270,15271,4020.5
"Post scheduled trip end time",-1,5555,5556,4020.5
"Post scheduled trip end time",-1,307,308,4020.5
"Post scheduled trip end time",-1,333,334,4020.5
"Post scheduled trip end time",-1,4131,4132,4020.5
"Post scheduled trip end time",-1,190,191,4020.5
"Post scheduled trip end time",-1,28652,28653,4020.5
"Post scheduled trip end time",-1,25552,25553,4020.5
"Post scheduled trip end time",-1,5531,5532,4020.5
"Post scheduled trip end time",-1,5157,5158,4020.5
"Post scheduled trip end time",-1,15417,15418,4020.5
"Post scheduled trip end time",-1,7992,7993,4020.5
"Post scheduled trip end time",-1,746,747,4020.5
"Post scheduled trip end time",-1,7890,7891,4020.5
"Post scheduled trip end time",-1,765,766,4020.5
"Post scheduled trip end time",-1,7487,7488,4020.5
"Post scheduled trip end time",-1,1085,1086,4020.5
"Post scheduled trip end time",-1,23570,23571,4020.5
"Post scheduled trip end time",-1,817,818,4020.5
"Post scheduled trip end time",-1,13991,13992,4020.5
"Post scheduled trip end time",-1,11817,11818,4020.5
"Post scheduled trip end time",-1,8652,8653,4020.5
"Post scheduled trip end time",-1,4334,4335,4020.5
"Post scheduled trip end time",-1,8201,8202,4020.5
"Post scheduled trip end time",-1,1915,1916,4020.5
"Post scheduled trip end time",-1,124,125,4020.5
"Post scheduled trip end time",-1,2100,2101,4020.5
"Post scheduled trip end time",-1,4430,4431,4020.5
"Post scheduled trip end time",-1,5150,5151,4020.5
"Post scheduled trip end time",-1,8790,8791,4020.5
"Post scheduled trip end time",-1,4011,4012,4020.5
"Post scheduled trip end time",-1,31872,31873,4020.5
"Post scheduled trip end time",-1,10938,10939,4020.5
"Post scheduled trip end time",-1,25472,25473,4020.5
"Post scheduled trip end time",-1,13958,13959,4020.5
"Post scheduled trip end time",-1,1458,1459,4020.5
"Post scheduled trip end time",-1,7178,7179,4020.5
"Post scheduled trip end time",-1,7358,7359,4020.5
"Post scheduled trip end time",-1,533168,533169,4020.5
"Post scheduled trip end time",-1,8408,8409,4020.5
"Post scheduled trip end time",-1,9068,9069,4020.5
"Post scheduled trip end time",-1,4420,4421,4020.5
"Post scheduled trip end time",-1,4825,4826,4020.5
"Post scheduled trip end time",-1,5981,5982,4020.5
"Post scheduled trip end time",-1,759,760,4020.5
"Post scheduled trip end time",-1,210,211,4020.5
"Post scheduled trip end time",-1,14770,14771,4020.5
"Post scheduled trip end time",-1,11330,11331,4020.5
"Post scheduled trip end time",-1,9130,9131,4020.5
"Post scheduled trip end time",-1,32332,32333,4020.5
"Post scheduled trip end time",-1,576,577,4020.5
"Post scheduled trip end time",-1,16817,16818,4020.5
"Post scheduled trip end time",-1,24192,24193,4020.5
"Post scheduled trip end time",-1,9561,9562,4020.5
"Post scheduled trip end time",-1,3921,3922,4020.5
"Post scheduled trip end time",-1,1553,1554,4020.5
"Post scheduled trip end time",-1,4932,4933,4020.5
"Post scheduled trip end time",-1,17608,17609,4020.5
"Post scheduled trip end time",-1,8297,8298,4020.5
"Post scheduled trip end time",-1,12672,12673,4020.5
"Post scheduled trip end time",-1,825,826,4020.5
"Post scheduled trip end time",-1,474,475,4020.5
"Post scheduled trip end time",-1,6441,6442,4020.5
"Post scheduled trip end time",-1,6881,6882,4020.5
"Post scheduled trip end time",-1,6114,6115,4020.5
"Post scheduled trip end time",-1,7886,7887,4020.5
"Post scheduled trip end time",-1,8486,8487,4020.5
"Post scheduled trip end time",-1,28990,28991,4020.5
"Post scheduled trip end time",-1,9191,9192,4020.5
"Post scheduled trip end time",-1,26630,26631,4020.5
"Post scheduled trip end time",-1,21810,21811,4020.5
"Post scheduled trip end time",-1,3460,3461,4020.5
"Post scheduled trip end time",-1,6980,6981,4020.5
"Post scheduled trip end time",-1,8417,8418,4020.5
"Post scheduled trip end time",-1,8977,8978,4020.5
"Post scheduled trip end time",-1,758,759,4020.5
"Post scheduled trip end time",-1,3152,3153,4020.5
"Post scheduled trip end time",-1,536628,536629,4020.5
"Post scheduled trip end time",-1,8891,8892,4020.5
"Post scheduled trip end time",-1,35824,35825,4020.5
"Post scheduled trip end time",-1,8670,8671,4020.5
"Post scheduled trip end time",-1,1068,1069,4020.5
"Post scheduled trip end time",-1,454,455,4020.5
"Post scheduled trip end time",-1,5854,5855,4020.5
"Post scheduled trip end time",-1,9926,9927,4020.5
"Post scheduled trip end time",-1,10306,10307,4020.5
"Post scheduled trip end time",-1,17746,17747,4020.5
"Post scheduled trip end time",-1,10460,10461,4020.5
"Post scheduled trip end time",-1,16672,16673,4020.5
"Post scheduled trip end time",-1,3994,3995,4020.5
"Post scheduled trip end time",-1,2974,2975,4020.5
"Post scheduled trip end time",-1,14141,14142,4020.5
"Post scheduled trip end time",-1,3188,3189,4020.5
"Post scheduled trip end time",-1,681,682,4020.5
"Post scheduled trip end time",-1,11161,11162,4020.5
"Post scheduled trip end time",-1,10341,10342,4020.5
"Post scheduled trip end time",-1,4152,4153,4020.5
"Post scheduled trip end time",-1,15121,15122,4020.5
"Post scheduled trip end time",-1,16690,16691,4020.5
"Post scheduled trip end time",-1,295,296,4020.5
"Post scheduled trip end time",-1,6581,6582,4020.5
"Post scheduled trip end time",-1,8106,8107,4020.5
"Post scheduled trip end time",-1,6246,6247,4020.5
"Post scheduled trip end time",-1,20246,20247,4020.5
"Post scheduled trip end time",-1,20906,20907,4020.5
"Post scheduled trip end time",-1,31324,31325,4020.5
"Post scheduled trip end time",-1,3851,3852,4020.5
"Post scheduled trip end time",-1,26890,26891,4020.5
"Post scheduled trip end time",-1,20810,20811,4020.5
"Post scheduled trip end time",-1,2591,2592,4020.5
"Post scheduled trip end time",-1,9594,9595,4020.5
"Post scheduled trip end time",-1,520988,520989,4020.5
"Post scheduled trip end time",-1,2897,2898,4020.5
"Post scheduled trip end time",-1,4918,4919,4020.5
"Post scheduled trip end time",-1,1973,1974,4020.5
"Post scheduled trip end time",-1,530688,530689,4020.5
"Post scheduled trip end time",-1,7454,7455,4020.5
"Post scheduled trip end time",-1,10201,10202,4020.5
"Post scheduled trip end time",-1,11388,11389,4020.5
"Post scheduled trip end time",-1,13645,13646,4020.5
"Post scheduled trip end time",-1,11225,11226,4020.5
"Post scheduled trip end time",-1,7530,7531,4020.5
"Post scheduled trip end time",-1,411,412,4020.5
"Post scheduled trip end time",-1,186,187,4020.5
"Post scheduled trip end time",-1,1329,1330,4020.5
"Post scheduled trip end time",-1,1769,1770,4020.5
"Post scheduled trip end time",-1,112,113,4020.5
"Post scheduled trip end time",-1,1364,1365,4020.5
"Post scheduled trip end time",-1,13070,13071,4020.5
"Post scheduled trip end time",-1,3080,3081,4020.5
"Post scheduled trip end time",-1,27464,27465,4020.5
"Post scheduled trip end time",-1,32550,32551,4020.5
"Post scheduled trip end time",-1,1494,1495,4020.5
"Post scheduled trip end time",-1,25612,25613,4020.5
"Post scheduled trip end time",-1,26112,26113,4020.5
"Post scheduled trip end time",-1,25070,25071,4020.5
"Post scheduled trip end time",-1,2895,2896,4020.5
"Post scheduled trip end time",-1,18258,18259,4020.5
"Post scheduled trip end time",-1,13741,13742,4020.5
"Post scheduled trip end time",-1,337,338,4020.5
"Post scheduled trip end time",-1,6271,6272,4020.5
"Post scheduled trip end time",-1,477,478,4020.5
"Post scheduled trip end time",-1,8117,8118,4020.5
"Post scheduled trip end time",-1,5457,5458,4020.5
"Post scheduled trip end time",-1,1999,2000,4020.5
"Post scheduled trip end time",-1,2221,2222,4020.5
"Post scheduled trip end time",-1,9997,9998,4020.5
"Post scheduled trip end time",-1,4225,4226,4020.5
"Post scheduled trip end time",-1,14185,14186,4020.5
"Post scheduled trip end time",-1,15661,15662,4020.5
"Post scheduled trip end time",-1,1114,1115,4020.5
"Post scheduled trip end time",-1,5861,5862,4020.5
"Post scheduled trip end time",-1,1227,1228,4020.5
"Post scheduled trip end time",-1,6533,6534,4020.5
"Post scheduled trip end time",-1,5910,5911,4020.5
"Post scheduled trip end time",-1,3038,3039,4020.5
"Post scheduled trip end time",-1,17826,17827,4020.5
"Post scheduled trip end time",-1,19486,19487,4020.5
"Post scheduled trip end time",-1,2410,2411,4020.5
"Post scheduled trip end time",-1,1625,1626,4020.5
"Post scheduled trip end time",-1,9700,9701,4020.5
"Post scheduled trip end time",-1,11891,11892,4020.5
"Post scheduled trip end time",-1,14957,14958,4020.5
"Post scheduled trip end time",-1,5218,5219,4020.5
"Post scheduled trip end time",-1,1233,1234,4020.5
"Post scheduled trip end time",-1,541488,541489,4020.5
"Post scheduled trip end time",-1,8608,8609,4020.5
"Post scheduled trip end time",-1,15621,15622,4020.5
"Post scheduled trip end time",-1,2821,2822,4020.5
"Post scheduled trip end time",-1,216,217,4020.5
"Post scheduled trip end time",-1,4310,4311,4020.5
"Post scheduled trip end time",-1,4606,4607,4020.5
"Post scheduled trip end time",-1,4690,4691,4020.5
"Post scheduled trip end time",-1,57833,57834,4020.5
"Post scheduled trip end time",-1,34030,34031,4020.5
"Post scheduled trip end time",-1,32872,32873,4020.5
"Post scheduled trip end time",-1,17197,17198,4020.5
"Post scheduled trip end time",-1,6691,6692,4020.5
"Post scheduled trip end time",-1,7318,7319,4020.5
"Post scheduled trip end time",-1,1057,1058,4020.5
"Post scheduled trip end time",-1,6697,6698,4020.5
"Post scheduled trip end time",-1,18165,18166,4020.5
"Post scheduled trip end time",-1,3072,3073,4020.5
"Post scheduled trip end time",-1,1274,1275,4020.5
"Post scheduled trip end time",-1,2209,2210,4020.5
"Post scheduled trip end time",-1,6540,6541,4020.5
"Post scheduled trip end time",-1,3378,3379,4020.5
"Post scheduled trip end time",-1,13186,13187,4020.5
"Post scheduled trip end time",-1,13926,13927,4020.5
"Post scheduled trip end time",-1,8551,8552,4020.5
"Post scheduled trip end time",-1,24744,24745,4020.5
"Post scheduled trip end time",-1,25044,25045,4020.5
"Post scheduled trip end time",-1,30992,30993,4020.5
"Post scheduled trip end time",-1,13341,13342,4020.5
"Post scheduled trip end time",-1,12371,12372,4020.5
"Post scheduled trip end time",-1,8717,8718,4020.5
"Post scheduled trip end time",-1,10171,10172,4020.5
"Post scheduled trip end time",-1,533828,533829,4020.5
"Post scheduled trip end time",-1,530608,530609,4020.5
"Post scheduled trip end time",-1,5680,5681,4020.5
"Post scheduled trip end time",-1,538868,538869,4020.5
"Post scheduled trip end time",-1,5214,5215,4020.5
"Post scheduled trip end time",-1,4106,4107,4020.5
"Post scheduled trip end time",-1,3100,3101,4020.5
"Post scheduled trip end time",-1,1646,1647,4020.5
"Post scheduled trip end time",-1,16272,16273,4020.5
"Post scheduled trip end time",-1,1237,1238,4020.5
"Post scheduled trip end time",-1,6437,6438,4020.5
"Post scheduled trip end time",-1,536408,536409,4020.5
"Post scheduled trip end time",-1,2380,2381,4020.5
"Post scheduled trip end time",-1,3772,3773,4020.5
"Post scheduled trip end time",-1,12225,12226,4020.5
"Post scheduled trip end time",-1,17785,17786,4020.5
"Post scheduled trip end time",-1,19,20,4020.5
"Post scheduled trip end time",-1,490,491,4020.5
"Post scheduled trip end time",-1,10686,10687,4020.5
"Post scheduled trip end time",-1,10986,10987,4020.5
"Post scheduled trip end time",-1,27450,27451,4020.5
"Post scheduled trip end time",-1,813,814,4020.5
"Post scheduled trip end time",-1,19098,19099,4020.5
"Post scheduled trip end time",-1,12954,12955,4020.5
"Post scheduled trip end time",-1,16957,16958,4020.5
"Post scheduled trip end time",-1,4829,4830,4020.5
"Post scheduled trip end time",-1,10440,10441,4020.5
"Post scheduled trip end time",-1,1474,1475,4020.5
"Post scheduled trip end time",-1,10301,10302,4020.5
"Post scheduled trip end time",-1,2634,2635,4020.5
"Post scheduled trip end time",-1,2629,2630,4020.5
"Post scheduled trip end time",-1,3449,3450,4020.5
"Post scheduled trip end time",-1,533068,533069,4020.5
"Post scheduled trip end time",-1,21357,21358,4020.5
"Post scheduled trip end time",-1,527368,527369,4020.5
"Post scheduled trip end time",-1,3108,3109,4020.5
"Post scheduled trip end time",-1,524648,524649,4020.5
"Post scheduled trip end time",-1,14232,14233,4020.5
"Post scheduled trip end time",-1,15032,15033,4020.5
"Post scheduled trip end time",-1,16581,16582,4020.5
"Post scheduled trip end time",-1,3541,3542,4020.5
"Post scheduled trip end time",-1,126,127,4020.5
"Post scheduled trip end time",-1,3463,3464,4020.5
"Post scheduled trip end time",-1,6721,6722,4020.5
"Post scheduled trip end time",-1,2267,2268,4020.5
"Post scheduled trip end time",-1,15986,15987,4020.5
"Post scheduled trip end time",-1,7390,7391,4020.5
"Post scheduled trip end time",-1,4455,4456,4020.5
"Post scheduled trip end time",-1,17437,17438,4020.5
"Post scheduled trip end time",-1,384,385,4020.5
"Post scheduled trip end time",-1,19177,19178,4020.5
"Post scheduled trip end time",-1,6310,6311,4020.5
"Post scheduled trip end time",-1,6880,6881,4020.5
"Post scheduled trip end time",-1,13797,13798,4020.5
"Post scheduled trip end time",-1,2529,2530,4020.5
"Post scheduled trip end time",-1,3821,3822,4020.5
"Post scheduled trip end time",-1,6678,6679,4020.5
"Post scheduled trip end time",-1,2068,2069,4020.5
"Post scheduled trip end time",-1,1792,1793,4020.5
"Post scheduled trip end time",-1,8388,8389,4020.5
"Post scheduled trip end time",-1,551,552,4020.5
"Post scheduled trip end time",-1,13910,13911,4020.5
"Post scheduled trip end time",-1,19010,19011,4020.5
"Post scheduled trip end time",-1,376,377,4020.5
"Post scheduled trip end time",-1,6266,6267,4020.5
"Post scheduled trip end time",-1,31350,31351,4020.5
"Post scheduled trip end time",-1,646,647,4020.5
"Post scheduled trip end time",-1,17298,17299,4020.5
"Post scheduled trip end time",-1,5872,5873,4020.5
"Post scheduled trip end time",-1,528728,528729,4020.5
"Post scheduled trip end time",-1,3197,3198,4020.5
"Post scheduled trip end time",-1,540208,540209,4020.5
"Post scheduled trip end time",-1,16192,16193,4020.5
"Post scheduled trip end time",-1,2014,2015,4020.5
"Post scheduled trip end time",-1,226,227,4020.5
"Post scheduled trip end time",-1,17550,17551,4020.5
"Post scheduled trip end time",-1,3858,3859,4020.5
"Post scheduled trip end time",-1,4660,4661,4020.5
"Post scheduled trip end time",-1,19366,19367,4020.5
"Post scheduled trip end time",-1,19418,19419,4020.5
"Post scheduled trip end time",-1,32832,32833,4020.5
"Post scheduled trip end time",-1,12040,12041,4020.5
"Post scheduled trip end time",-1,4675,4676,4020.5
"Post scheduled trip end time",-1,8748,8749,4020.5
"Post scheduled trip end time",-1,5788,5789,4020.5
"Post scheduled trip end time",-1,7972,7973,4020.5
"Post scheduled trip end time",-1,1572,1573,4020.5
"Post scheduled trip end time",-1,2798,2799,4020.5
"Post scheduled trip end time",-1,14392,14393,4020.5
"Post scheduled trip end time",-1,6786,6787,4020.5
"Post scheduled trip end time",-1,13932,13933,4020.5
"Post scheduled trip end time",-1,14721,14722,4020.5
"Post scheduled trip end time",-1,319,320,4020.5
"Post scheduled trip end time",-1,617,618,4020.5
"Post scheduled trip end time",-1,1821,1822,4020.5
"Post scheduled trip end time",-1,423,424,4020.5
"Post scheduled trip end time",-1,3830,3831,4020.5
"Post scheduled trip end time",-1,892,893,4020.5
"Post scheduled trip end time",-1,894,895,4020.5
"Post scheduled trip end time",-1,12270,12271,4020.5
"Post scheduled trip end time",-1,3334,3335,4020.5
"Post scheduled trip end time",-1,19150,19151,4020.5
"Post scheduled trip end time",-1,19910,19911,4020.5
"Post scheduled trip end time",-1,3630,3631,4020.5
"Post scheduled trip end time",-1,9531,9532,4020.5
"Post scheduled trip end time",-1,20806,20807,4020.5
"Post scheduled trip end time",-1,7250,7251,4020.5
"Post scheduled trip end time",-1,6055,6056,4020.5
"Post scheduled trip end time",-1,585,586,4020.5
"Post scheduled trip end time",-1,23450,23451,4020.5
"Post scheduled trip end time",-1,3131,3132,4020.5
"Post scheduled trip end time",-1,6990,6991,4020.5
"Post scheduled trip end time",-1,22772,22773,4020.5
"Post scheduled trip end time",-1,18638,18639,4020.5
"Post scheduled trip end time",-1,19452,19453,4020.5
"Post scheduled trip end time",-1,13758,13759,4020.5
"Post scheduled trip end time",-1,757,758,4020.5
"Post scheduled trip end time",-1,10972,10973,4020.5
"Post scheduled trip end time",-1,526248,526249,4020.5
"Post scheduled trip end time",-1,2639,2640,4020.5
"Post scheduled trip end time",-1,9505,9506,4020.5
"Post scheduled trip end time",-1,15585,15586,4020.5
"Post scheduled trip end time",-1,5892,5893,4020.5
"Post scheduled trip end time",-1,10685,10686,4020.5
"Post scheduled trip end time",-1,11765,11766,4020.5
"Post scheduled trip end time",-1,8770,8771,4020.5
"Post scheduled trip end time",-1,1481,1482,4020.5
"Post scheduled trip end time",-1,3323,3324,4020.5
"Post scheduled trip end time",-1,1836,1837,4020.5
"Post scheduled trip end time",-1,2076,2077,4020.5
"Post scheduled trip end time",-1,12306,12307,4020.5
"Post scheduled trip end time",-1,13534,13535,4020.5
"Post scheduled trip end time",-1,14361,14362,4020.5
"Post scheduled trip end time",-1,14077,14078,4020.5
"Post scheduled trip end time",-1,18572,18573,4020.5
"Post scheduled trip end time",-1,12872,12873,4020.5
"Post scheduled trip end time",-1,521848,521849,4020.5
"Post scheduled trip end time",-1,6090,6091,4020.5
"Post scheduled trip end time",-1,13492,13493,4020.5
"Post scheduled trip end time",-1,3712,3713,4020.5
"Post scheduled trip end time",-1,324,325,4020.5
"Post scheduled trip end time",-1,5260,5261,4020.5
"Post scheduled trip end time",-1,990,991,4020.5
"Post scheduled trip end time",-1,32664,32665,4020.5
"Post scheduled trip end time",-1,19438,19439,4020.5
"Post scheduled trip end time",-1,11520,11521,4020.5
"Post scheduled trip end time",-1,19552,19553,4020.5
"Post scheduled trip end time",-1,1877,1878,4020.5
"Post scheduled trip end time",-1,10877,10878,4020.5
"Post scheduled trip end time",-1,4998,4999,4020.5
"Post scheduled trip end time",-1,11588,11589,4020.5
"Post scheduled trip end time",-1,4212,4213,4020.5
"Post scheduled trip end time",-1,521648,521649,4020.5
"Post scheduled trip end time",-1,4128,4129,4020.5
"Post scheduled trip end time",-1,6110,6111,4020.5
"Post scheduled trip end time",-1,12806,12807,4020.5
"Post scheduled trip end time",-1,18111,18112,4020.5
"Post scheduled trip end time",-1,11968,11969,4020.5
"Post scheduled trip end time",-1,17205,17206,4020.5
"Post scheduled trip end time",-1,548,549,4020.5
"Post scheduled trip end time",-1,5286,5287,4020.5
"Post scheduled trip end time",-1,5040,5041,4020.5
"Post scheduled trip end time",-1,5171,5172,4020.5
"Post scheduled trip end time",-1,9990,9991,4020.5
"Post scheduled trip end time",-1,19374,19375,4020.5
"Post scheduled trip end time",-1,19694,19695,4020.5
"Post scheduled trip end time",-1,22038,22039,4020.5
"Post scheduled trip end time",-1,25384,25385,4020.5
"Post scheduled trip end time",-1,22352,22353,4020.5
"Post scheduled trip end time",-1,14492,14493,4020.5
"Post scheduled trip end time",-1,4791,4792,4020.5
"Post scheduled trip end time",-1,5148,5149,4020.5
"Post scheduled trip end time",-1,7028,7029,4020.5
"Post scheduled trip end time",-1,531408,531409,4020.5
"Post scheduled trip end time",-1,710,711,4020.5
"Post scheduled trip end time",-1,16752,16753,4020.5
"Post scheduled trip end time",-1,1919,1920,4020.5
"Post scheduled trip end time",-1,7301,7302,4020.5
"Post scheduled trip end time",-1,1901,1902,4020.5
"Post scheduled trip end time",-1,266,267,4020.5
"Post scheduled trip end time",-1,14490,14491,4020.5
"Post scheduled trip end time",-1,462,463,4020.5
"Post scheduled trip end time",-1,1250,1251,4020.5
"Post scheduled trip end time",-1,10886,10887,4020.5
"Post scheduled trip end time",-1,16286,16287,4020.5
"Post scheduled trip end time",-1,13770,13771,4020.5
"Post scheduled trip end time",-1,8491,8492,4020.5
"Post scheduled trip end time",-1,32152,32153,4020.5
"Post scheduled trip end time",-1,11010,11011,4020.5
"Post scheduled trip end time",-1,11090,11091,4020.5
"Post scheduled trip end time",-1,6717,6718,4020.5
"Post scheduled trip end time",-1,11471,11472,4020.5
"Post scheduled trip end time",-1,6718,6719,4020.5
"Post scheduled trip end time",-1,542608,542609,4020.5
"Post scheduled trip end time",-1,8992,8993,4020.5
"Post scheduled trip end time",-1,5046,5047,4020.5
"Post scheduled trip end time",-1,13465,13466,4020.5
"Post scheduled trip end time",-1,1155,1156,4020.5
"Post scheduled trip end time",-1,10050,10051,4020.5
"Post scheduled trip end time",-1,11270,11271,4020.5
"Post scheduled trip end time",-1,960,961,4020.5
"Post scheduled trip end time",-1,19270,19271,4020.5
"Post scheduled trip end time",-1,9666,9667,4020.5
"Post scheduled trip end time",-1,19746,19747,4020.5
"Post scheduled trip end time",-1,19054,19055,4020.5
"Post scheduled trip end time",-1,11661,11662,4020.5
"Post scheduled trip end time",-1,6877,6878,4020.5
"Post scheduled trip end time",-1,716,717,4020.5
"Post scheduled trip end time",-1,298,299,4020.5
"Post scheduled trip end time",-1,9748,9749,4020.5
"Post scheduled trip end time",-1,2178,2179,4020.5
"Post scheduled trip end time",-1,4292,4293,4020.5
"Post scheduled trip end time",-1,10028,10029,4020.5
"Post scheduled trip end time",-1,8385,8386,4020.5
"Post scheduled trip end time",-1,3485,3486,4020.5
"Post scheduled trip end time",-1,12145,12146,4020.5
"Post scheduled trip end time",-1,176,177,4020.5
"Post scheduled trip end time",-1,2683,2684,4020.5
"Post scheduled trip end time",-1,-9,-8,4020.5
"Post scheduled trip end time",-1,984,985,4020.5
"Post scheduled trip end time",-1,649,650,4020.5
"Post scheduled trip end time",-1,4654,4655,4020.5
"Post scheduled trip end time",-1,11026,11027,4020.5
"Post scheduled trip end time",-1,3650,3651,4020.5
"Post scheduled trip end time",-1,27790,27791,4020.5
"Post scheduled trip end time",-1,4975,4976,4020.5
"Post scheduled trip end time",-1,33650,33651,4020.5
"Post scheduled trip end time",-1,34772,34773,4020.5
"Post scheduled trip end time",-1,2655,2656,4020.5
"Post scheduled trip end time",-1,13898,13899,4020.5
"Post scheduled trip end time",-1,9877,9878,4020.5
"Post scheduled trip end time",-1,16237,16238,4020.5
"Post scheduled trip end time",-1,6317,6318,4020.5
"Post scheduled trip end time",-1,2577,2578,4020.5
"Post scheduled trip end time",-1,10141,10142,4020.5
"Post scheduled trip end time",-1,3418,3419,4020.5
"Post scheduled trip end time",-1,3120,3121,4020.5
"Post scheduled trip end time",-1,539,540,4020.5
"Post scheduled trip end time",-1,-10,-9,4020.5
"Post scheduled trip end time",-1,8490,8491,4020.5
"Post scheduled trip end time",-1,24264,24265,4020.5
"Post scheduled trip end time",-1,2753,2754,4020.5
"Post scheduled trip end time",-1,2594,2595,4020.5
"Post scheduled trip end time",-1,12618,12619,4020.5
"Post scheduled trip end time",-1,12471,12472,4020.5
"Post scheduled trip end time",-1,575,576,4020.5
"Post scheduled trip end time",-1,1569,1570,4020.5
"Post scheduled trip end time",-1,11152,11153,4020.5
"Post scheduled trip end time",-1,20412,20413,4020.5
"Post scheduled trip end time",-1,4288,4289,4020.5
"Post scheduled trip end time",-1,937,938,4020.5
"Post scheduled trip end time",-1,542328,542329,4020.5
"Post scheduled trip end time",-1,10611,10612,4020.5
"Post scheduled trip end time",-1,10625,10626,4020.5
"Post scheduled trip end time",-1,9612,9613,4020.5
"Post scheduled trip end time",-1,78,79,4020.5
"Post scheduled trip end time",-1,3841,3842,4020.5
"Post scheduled trip end time",-1,18790,18791,4020.5
"Post scheduled trip end time",-1,8306,8307,4020.5
"Post scheduled trip end time",-1,14206,14207,4020.5
"Post scheduled trip end time",-1,29970,29971,4020.5
"Post scheduled trip end time",-1,11790,11791,4020.5
"Post scheduled trip end time",-1,13930,13931,4020.5
"Post scheduled trip end time",-1,5635,5636,4020.5
"Post scheduled trip end time",-1,13594,13595,4020.5
"Post scheduled trip end time",-1,24864,24865,4020.5
"Post scheduled trip end time",-1,19771,19772,4020.5
"Post scheduled trip end time",-1,7272,7273,4020.5
"Post scheduled trip end time",-1,521,522,4020.5
"Post scheduled trip end time",-1,10261,10262,4020.5
"Post scheduled trip end time",-1,9,10,4020.5
"Post scheduled trip end time",-1,4421,4422,4020.5
"Post scheduled trip end time",-1,2154,2155,4020.5
"Post scheduled trip end time",-1,5561,5562,4020.5
"Post scheduled trip end time",-1,278,279,4020.5
"Post scheduled trip end time",-1,988,989,4020.5
"Post scheduled trip end time",-1,4354,4355,4020.5
"Post scheduled trip end time",-1,3066,3067,4020.5
"Post scheduled trip end time",-1,1290,1291,4020.5
"Post scheduled trip end time",-1,3738,3739,4020.5
"Post scheduled trip end time",-1,509,510,4020.5
"Post scheduled trip end time",-1,32784,32785,4020.5
"Post scheduled trip end time",-1,1466,1467,4020.5
"Post scheduled trip end time",-1,11358,11359,4020.5
"Post scheduled trip end time",-1,14261,14262,4020.5
"Post scheduled trip end time",-1,520128,520129,4020.5
"Post scheduled trip end time",-1,13611,13612,4020.5
"Post scheduled trip end time",-1,10394,10395,4020.5
"Post scheduled trip end time",-1,19191,19192,4020.5
"Post scheduled trip end time",-1,6412,6413,4020.5
"Post scheduled trip end time",-1,4834,4835,4020.5
"Post scheduled trip end time",-1,25,26,4020.5
"Post scheduled trip end time",-1,377,378,4020.5
"Post scheduled trip end time",-1,605,606,4020.5
"Post scheduled trip end time",-1,1094,1095,4020.5
"Post scheduled trip end time",-1,3846,3847,4020.5
"Post scheduled trip end time",-1,5313,5314,4020.5
"Post scheduled trip end time",-1,1104,1105,4020.5
"Post scheduled trip end time",-1,209,210,4020.5
"Post scheduled trip end time",-1,24850,24851,4020.5
"Post scheduled trip end time",-1,24004,24005,4020.5
"Post scheduled trip end time",-1,1405,1406,4020.5
"Post scheduled trip end time",-1,19817,19818,4020.5
"Post scheduled trip end time",-1,3854,3855,4020.5
"Post scheduled trip end time",-1,6738,6739,4020.5
"Post scheduled trip end time",-1,7548,7549,4020.5
"Post scheduled trip end time",-1,8308,8309,4020.5
"Post scheduled trip end time",-1,21277,21278,4020.5
"Post scheduled trip end time",-1,530248,530249,4020.5
"Post scheduled trip end time",-1,5392,5393,4020.5
"Post scheduled trip end time",-1,75,76,4020.5
"Post scheduled trip end time",-1,535,536,4020.5
"Post scheduled trip end time",-1,104,105,4020.5
"Post scheduled trip end time",-1,394,395,4020.5
"Post scheduled trip end time",-1,17930,17931,4020.5
"Post scheduled trip end time",-1,6506,6507,4020.5
"Post scheduled trip end time",-1,9291,9292,4020.5
"Post scheduled trip end time",-1,32224,32225,4020.5
"Post scheduled trip end time",-1,23384,23385,4020.5
"Post scheduled trip end time",-1,8438,8439,4020.5
"Post scheduled trip end time",-1,1247,1248,4020.5
"Post scheduled trip end time",-1,11651,11652,4020.5
"Post scheduled trip end time",-1,5258,5259,4020.5
"Post scheduled trip end time",-1,12472,12473,4020.5
"Post scheduled trip end time",-1,9346,9347,4020.5
"Post scheduled trip end time",-1,10681,10682,4020.5
"Post scheduled trip end time",-1,6481,6482,4020.5
"Post scheduled trip end time",-1,7270,7271,4020.5
"Post scheduled trip end time",-1,119,120,4020.5
"Post scheduled trip end time",-1,2870,2871,4020.5
"Post scheduled trip end time",-1,1675,1676,4020.5
"Post scheduled trip end time",-1,3006,3007,4020.5
"Post scheduled trip end time",-1,18970,18971,4020.5
"Post scheduled trip end time",-1,27830,27831,4020.5
"Post scheduled trip end time",-1,16886,16887,4020.5
"Post scheduled trip end time",-1,17546,17547,4020.5
"Post scheduled trip end time",-1,273,274,4020.5
"Post scheduled trip end time",-1,24250,24251,4020.5
"Post scheduled trip end time",-1,4600,4601,4020.5
"Post scheduled trip end time",-1,422,423,4020.5
"Post scheduled trip end time",-1,532288,532289,4020.5
"Post scheduled trip end time",-1,13971,13972,4020.5
"Post scheduled trip end time",-1,15052,15053,4020.5
"Post scheduled trip end time",-1,3003,3004,4020.5
"Post scheduled trip end time",-1,14710,14711,4020.5
"Post scheduled trip end time",-1,6590,6591,4020.5
"Post scheduled trip end time",-1,7131,7132,4020.5
"Post scheduled trip end time",-1,20786,20787,4020.5
"Post scheduled trip end time",-1,389,390,4020.5
"Post scheduled trip end time",-1,29564,29565,4020.5
"Post scheduled trip end time",-1,31924,31925,4020.5
"Post scheduled trip end time",-1,19618,19619,4020.5
"Post scheduled trip end time",-1,11960,11961,4020.5
"Post scheduled trip end time",-1,15994,15995,4020.5
"Post scheduled trip end time",-1,20092,20093,4020.5
"Post scheduled trip end time",-1,7491,7492,4020.5
"Post scheduled trip end time",-1,4878,4879,4020.5
"Post scheduled trip end time",-1,13552,13553,4020.5
"Post scheduled trip end time",-1,10512,10513,4020.5
"Post scheduled trip end time",-1,1198,1199,4020.5
"Post scheduled trip end time",-1,1720,1721,4020.5
"Post scheduled trip end time",-1,10297,10298,4020.5
"Post scheduled trip end time",-1,9845,9846,4020.5
"Post scheduled trip end time",-1,6601,6602,4020.5
"Post scheduled trip end time",-1,17485,17486,4020.5
"Post scheduled trip end time",-1,382,383,4020.5
"Post scheduled trip end time",-1,1303,1304,4020.5
"Post scheduled trip end time",-1,5381,5382,4020.5
"Post scheduled trip end time",-1,522,523,4020.5
"Post scheduled trip end time",-1,367,368,4020.5
"Post scheduled trip end time",-1,14726,14727,4020.5
"Post scheduled trip end time",-1,325,326,4020.5
"Post scheduled trip end time",-1,1525,1526,4020.5
"Post scheduled trip end time",-1,4651,4652,4020.5
"Post scheduled trip end time",-1,15515,15516,4020.5
"Post scheduled trip end time",-1,7878,7879,4020.5
"Post scheduled trip end time",-1,535588,535589,4020.5
"Post scheduled trip end time",-1,6028,6029,4020.5
"Post scheduled trip end time",-1,523288,523289,4020.5
"Post scheduled trip end time",-1,772,773,4020.5
"Post scheduled trip end time",-1,8921,8922,4020.5
"Post scheduled trip end time",-1,11992,11993,4020.5
"Post scheduled trip end time",-1,2812,2813,4020.5
"Post scheduled trip end time",-1,2095,2096,4020.5
"Post scheduled trip end time",-1,4730,4731,4020.5
"Post scheduled trip end time",-1,6807,6808,4020.5
"Post scheduled trip end time",-1,8026,8027,4020.5
"Post scheduled trip end time",-1,4553,4554,4020.5
"Post scheduled trip end time",-1,6511,6512,4020.5
"Post scheduled trip end time",-1,29090,29091,4020.5
"Post scheduled trip end time",-1,496,497,4020.5
"Post scheduled trip end time",-1,7290,7291,4020.5
"Post scheduled trip end time",-1,8710,8711,4020.5
"Post scheduled trip end time",-1,30644,30645,4020.5
"Post scheduled trip end time",-1,30744,30745,4020.5
"Post scheduled trip end time",-1,11114,11115,4020.5
"Post scheduled trip end time",-1,24490,24491,4020.5
"Post scheduled trip end time",-1,385,386,4020.5
"Post scheduled trip end time",-1,3415,3416,4020.5
"Post scheduled trip end time",-1,12518,12519,4020.5
"Post scheduled trip end time",-1,14078,14079,4020.5
"Post scheduled trip end time",-1,12477,12478,4020.5
"Post scheduled trip end time",-1,12674,12675,4020.5
"Post scheduled trip end time",-1,4601,4602,4020.5
"Post scheduled trip end time",-1,2597,2598,4020.5
"Post scheduled trip end time",-1,539748,539749,4020.5
"Post scheduled trip end time",-1,9121,9122,4020.5
"Post scheduled trip end time",-1,981,982,4020.5
"Post scheduled trip end time",-1,10081,10082,4020.5
"Post scheduled trip end time",-1,16661,16662,4020.5
"Post scheduled trip end time",-1,2447,2448,4020.5
"Post scheduled trip end time",-1,2660,2661,4020.5
"Post scheduled trip end time",-1,5880,5881,4020.5
"Post scheduled trip end time",-1,5451,5452,4020.5
"Post scheduled trip end time",-1,17806,17807,4020.5
"Post scheduled trip end time",-1,693,694,4020.5
"Post scheduled trip end time",-1,553,554,4020.5
"Post scheduled trip end time",-1,54904,54905,4020.5
"Post scheduled trip end time",-1,22990,22991,4020.5
"Post scheduled trip end time",-1,8740,8741,4020.5
"Post scheduled trip end time",-1,12361,12362,4020.5
"Post scheduled trip end time",-1,14338,14339,4020.5
"Post scheduled trip end time",-1,20792,20793,4020.5
"Post scheduled trip end time",-1,4937,4938,4020.5
"Post scheduled trip end time",-1,4668,4669,4020.5
"Post scheduled trip end time",-1,1326,1327,4020.5
"Post scheduled trip end time",-1,15208,15209,4020.5
"Post scheduled trip end time",-1,5770,5771,4020.5
"Post scheduled trip end time",-1,13790,13791,4020.5
"Post scheduled trip end time",-1,11986,11987,4020.5
"Post scheduled trip end time",-1,3700,3701,4020.5
"Post scheduled trip end time",-1,26344,26345,4020.5
"Post scheduled trip end time",-1,5509,5510,4020.5
"Post scheduled trip end time",-1,14474,14475,4020.5
"Post scheduled trip end time",-1,16917,16918,4020.5
"Post scheduled trip end time",-1,14772,14773,4020.5
"Post scheduled trip end time",-1,357,358,4020.5
"Post scheduled trip end time",-1,8657,8658,4020.5
"Post scheduled trip end time",-1,2997,2998,4020.5
"Post scheduled trip end time",-1,11492,11493,4020.5
"Post scheduled trip end time",-1,1772,1773,4020.5
"Post scheduled trip end time",-1,536548,536549,4020.5
"Post scheduled trip end time",-1,11685,11686,4020.5
"Post scheduled trip end time",-1,2238,2239,4020.5
"Post scheduled trip end time",-1,7020,7021,4020.5
"Post scheduled trip end time",-1,8000,8001,4020.5
"Post scheduled trip end time",-1,2450,2451,4020.5
"Post scheduled trip end time",-1,1023,1024,4020.5
"Post scheduled trip end time",-1,7506,7507,4020.5
"Post scheduled trip end time",-1,11810,11811,4020.5
"Post scheduled trip end time",-1,31224,31225,4020.5
"Post scheduled trip end time",-1,25930,25931,4020.5
"Post scheduled trip end time",-1,26190,26191,4020.5
"Post scheduled trip end time",-1,7157,7158,4020.5
"Post scheduled trip end time",-1,3497,3498,4020.5
"Post scheduled trip end time",-1,5017,5018,4020.5
"Post scheduled trip end time",-1,10772,10773,4020.5
"Post scheduled trip end time",-1,7838,7839,4020.5
"Post scheduled trip end time",-1,9228,9229,4020.5
"Post scheduled trip end time",-1,1810,1811,4020.5
"Post scheduled trip end time",-1,8286,8287,4020.5
"Post scheduled trip end time",-1,5950,5951,4020.5
"Post scheduled trip end time",-1,16421,16422,4020.5
"Post scheduled trip end time",-1,8257,8258,4020.5
"Post scheduled trip end time",-1,10477,10478,4020.5
"Post scheduled trip end time",-1,11637,11638,4020.5
"Post scheduled trip end time",-1,6032,6033,4020.5
"Post scheduled trip end time",-1,7834,7835,4020.5
"Post scheduled trip end time",-1,15391,15392,4020.5
"Post scheduled trip end time",-1,5554,5555,4020.5
"Post scheduled trip end time",-1,1581,1582,4020.5
"Post scheduled trip end time",-1,64,65,4020.5
"Post scheduled trip end time",-1,1794,1795,4020.5
"Post scheduled trip end time",-1,4494,4495,4020.5
"Post scheduled trip end time",-1,4566,4567,4020.5
"Post scheduled trip end time",-1,7334,7335,4020.5
"Post scheduled trip end time",-1,30990,30991,4020.5
"Post scheduled trip end time",-1,4869,4870,4020.5
"Post scheduled trip end time",-1,520528,520529,4020.5
"Post scheduled trip end time",-1,520608,520609,4020.5
"Post scheduled trip end time",-1,4871,4872,4020.5
"Post scheduled trip end time",-1,4557,4558,4020.5
"Post scheduled trip end time",-1,2879,2880,4020.5
"Post scheduled trip end time",-1,9608,9609,4020.5
"Post scheduled trip end time",-1,6632,6633,4020.5
"Post scheduled trip end time",-1,529768,529769,4020.5
"Post scheduled trip end time",-1,13368,13369,4020.5
"Post scheduled trip end time",-1,18505,18506,4020.5
"Post scheduled trip end time",-1,2640,2641,4020.5
"Post scheduled trip end time",-1,12610,12611,4020.5
"Post scheduled trip end time",-1,29510,29511,4020.5
"Post scheduled trip end time",-1,4291,4292,4020.5
"Post scheduled trip end time",-1,805,806,4020.5
"Post scheduled trip end time",-1,11890,11891,4020.5
"Post scheduled trip end time",-1,11831,11832,4020.5
"Post scheduled trip end time",-1,7977,7978,4020.5
"Post scheduled trip end time",-1,4539,4540,4020.5
"Post scheduled trip end time",-1,275,276,4020.5
"Post scheduled trip end time",-1,720,721,4020.5
"Post scheduled trip end time",-1,6950,6951,4020.5
"Post scheduled trip end time",-1,17891,17892,4020.5
"Post scheduled trip end time",-1,1761,1762,4020.5
"Post scheduled trip end time",-1,2077,2078,4020.5
"Post scheduled trip end time",-1,17192,17193,4020.5
"Post scheduled trip end time",-1,691,692,4020.5
"Post scheduled trip end time",-1,16050,16051,4020.5
"Post scheduled trip end time",-1,730,731,4020.5
"Post scheduled trip end time",-1,5201,5202,4020.5
"Post scheduled trip end time",-1,2643,2644,4020.5
"Post scheduled trip end time",-1,4023,4024,4020.5
"Post scheduled trip end time",-1,212,213,4020.5
"Post scheduled trip end time",-1,650,651,4020.5
"Post scheduled trip end time",-1,4434,4435,4020.5
"Post scheduled trip end time",-1,556,557,4020.5
"Post scheduled trip end time",-1,17566,17567,4020.5
"Post scheduled trip end time",-1,20386,20387,4020.5
"Post scheduled trip end time",-1,20038,20039,4020.5
"Post scheduled trip end time",-1,12570,12571,4020.5
"Post scheduled trip end time",-1,12158,12159,4020.5
"Post scheduled trip end time",-1,14251,14252,4020.5
"Post scheduled trip end time",-1,11057,11058,4020.5
"Post scheduled trip end time",-1,18132,18133,4020.5
"Post scheduled trip end time",-1,798,799,4020.5
"Post scheduled trip end time",-1,5858,5859,4020.5
"Post scheduled trip end time",-1,534728,534729,4020.5
"Post scheduled trip end time",-1,20537,20538,4020.5
"Post scheduled trip end time",-1,11012,11013,4020.5
"Post scheduled trip end time",-1,2532,2533,4020.5
"Post scheduled trip end time",-1,10221,10222,4020.5
"Post scheduled trip end time",-1,3099,3100,4020.5
"Post scheduled trip end time",-1,2,3,4020.5
"Post scheduled trip end time",-1,304,305,4020.5
"Post scheduled trip end time",-1,2400,2401,4020.5
"Post scheduled trip end time",-1,3206,3207,4020.5
"Post scheduled trip end time",-1,4970,4971,4020.5
"Post scheduled trip end time",-1,225,226,4020.5
"Post scheduled trip end time",-1,16261,16262,4020.5
"Post scheduled trip end time",-1,24692,24693,4020.5
"Post scheduled trip end time",-1,4911,4912,4020.5
"Post scheduled trip end time",-1,11417,11418,4020.5
"Post scheduled trip end time",-1,7578,7579,4020.5
"Post scheduled trip end time",-1,8258,8259,4020.5
"Post scheduled trip end time",-1,5129,5130,4020.5
"Post scheduled trip end time",-1,17068,17069,4020.5
"Post scheduled trip end time",-1,7412,7413,4020.5
"Post scheduled trip end time",-1,2678,2679,4020.5
"Post scheduled trip end time",-1,3025,3026,4020.5
"Post scheduled trip end time",-1,5472,5473,4020.5
"Post scheduled trip end time",-1,443,444,4020.5
"Post scheduled trip end time",-1,3270,3271,4020.5
"Post scheduled trip end time",-1,1727,1728,4020.5
"Post scheduled trip end time",-1,5754,5755,4020.5
"Post scheduled trip end time",-1,6254,6255,4020.5
"Post scheduled trip end time",-1,5706,5707,4020.5
"Post scheduled trip end time",-1,26544,26545,4020.5
"Post scheduled trip end time",-1,19906,19907,4020.5
"Post scheduled trip end time",-1,4211,4212,4020.5
"Post scheduled trip end time",-1,25244,25245,4020.5
"Post scheduled trip end time",-1,14494,14495,4020.5
"Post scheduled trip end time",-1,4357,4358,4020.5
"Post scheduled trip end time",-1,5191,5192,4020.5
"Post scheduled trip end time",-1,15217,15218,4020.5
"Post scheduled trip end time",-1,10434,10435,4020.5
"Post scheduled trip end time",-1,6921,6922,4020.5
"Post scheduled trip end time",-1,8008,8009,4020.5
"Post scheduled trip end time",-1,20317,20318,4020.5
"Post scheduled trip end time",-1,12906,12907,4020.5
"Post scheduled trip end time",-1,14372,14373,4020.5
"Post scheduled trip end time",-1,9570,9571,4020.5
"Post scheduled trip end time",-1,2574,2575,4020.5
"Post scheduled trip end time",-1,300,301,4020.5
"Post scheduled trip end time",-1,3353,3354,4020.5
"Post scheduled trip end time",-1,6220,6221,4020.5
"Post scheduled trip end time",-1,16274,16275,4020.5
"Post scheduled trip end time",-1,17477,17478,4020.5
"Post scheduled trip end time",-1,25152,25153,4020.5
"Post scheduled trip end time",-1,957,958,4020.5
"Post scheduled trip end time",-1,10757,10758,4020.5
"Post scheduled trip end time",-1,964,965,4020.5
"Post scheduled trip end time",-1,10308,10309,4020.5
"Post scheduled trip end time",-1,2701,2702,4020.5
"Post scheduled trip end time",-1,4061,4062,4020.5
"Post scheduled trip end time",-1,9506,9507,4020.5
"Post scheduled trip end time",-1,14968,14969,4020.5
"Post scheduled trip end time",-1,2252,2253,4020.5
"Post scheduled trip end time",-1,9021,9022,4020.5
"Post scheduled trip end time",-1,37,38,4020.5
"Post scheduled trip end time",-1,1414,1415,4020.5
"Post scheduled trip end time",-1,5773,5774,4020.5
"Post scheduled trip end time",-1,26784,26785,4020.5
"Post scheduled trip end time",-1,32710,32711,4020.5
"Post scheduled trip end time",-1,25810,25811,4020.5
"Post scheduled trip end time",-1,24704,24705,4020.5
"Post scheduled trip end time",-1,3695,3696,4020.5
"Post scheduled trip end time",-1,4689,4690,4020.5
"Post scheduled trip end time",-1,2034,2035,4020.5
"Post scheduled trip end time",-1,2033,2034,4020.5
"Post scheduled trip end time",-1,523228,523229,4020.5
"Post scheduled trip end time",-1,2219,2220,4020.5
"Post scheduled trip end time",-1,15805,15806,4020.5
"Post scheduled trip end time",-1,16750,16751,4020.5
"Post scheduled trip end time",-1,1869,1870,4020.5
"Post scheduled trip end time",-1,2187,2188,4020.5
"Post scheduled trip end time",-1,6873,6874,4020.5
"Post scheduled trip end time",-1,13166,13167,4020.5
"Post scheduled trip end time",-1,16366,16367,4020.5
"Post scheduled trip end time",-1,2235,2236,4020.5
"Post scheduled trip end time",-1,1954,1955,4020.5
"Post scheduled trip end time",-1,12198,12199,4020.5
"Post scheduled trip end time",-1,14578,14579,4020.5
"Post scheduled trip end time",-1,857,858,4020.5
"Post scheduled trip end time",-1,10431,10432,4020.5
"Post scheduled trip end time",-1,249,250,4020.5
"Post scheduled trip end time",-1,1106,1107,4020.5
"Post scheduled trip end time",-1,2900,2901,4020.5
"Post scheduled trip end time",-1,17565,17566,4020.5
"Post scheduled trip end time",-1,6992,6993,4020.5
"Post scheduled trip end time",-1,14,15,4020.5
"Post scheduled trip end time",-1,3843,3844,4020.5
"Post scheduled trip end time",-1,1138,1139,4020.5
"Post scheduled trip end time",-1,12770,12771,4020.5
"Post scheduled trip end time",-1,14510,14511,4020.5
"Post scheduled trip end time",-1,7980,7981,4020.5
"Post scheduled trip end time",-1,6031,6032,4020.5
"Post scheduled trip end time",-1,18877,18878,4020.5
"Post scheduled trip end time",-1,10037,10038,4020.5
"Post scheduled trip end time",-1,10672,10673,4020.5
"Post scheduled trip end time",-1,11748,11749,4020.5
"Post scheduled trip end time",-1,3626,3627,4020.5
"Post scheduled trip end time",-1,539628,539629,4020.5
"Post scheduled trip end time",-1,327,328,4020.5
"Post scheduled trip end time",-1,532,533,4020.5
"Post scheduled trip end time",-1,15146,15147,4020.5
"Post scheduled trip end time",-1,537488,537489,4020.5
"Post scheduled trip end time",-1,6965,6966,4020.5
"Post scheduled trip end time",-1,3801,3802,4020.5
"Post scheduled trip end time",-1,17945,17946,4020.5
"Post scheduled trip end time",-1,6790,6791,4020.5
"Post scheduled trip end time",-1,3958,3959,4020.5
"Post scheduled trip end time",-1,16914,16915,4020.5
"Post scheduled trip end time",-1,31570,31571,4020.5
"Post scheduled trip end time",-1,31830,31831,4020.5
"Post scheduled trip end time",-1,1266,1267,4020.5
"Post scheduled trip end time",-1,25530,25531,4020.5
"Post scheduled trip end time",-1,12441,12442,4020.5
"Post scheduled trip end time",-1,11297,11298,4020.5
"Post scheduled trip end time",-1,13397,13398,4020.5
"Post scheduled trip end time",-1,1766,1767,4020.5
"Post scheduled trip end time",-1,1218,1219,4020.5
"Post scheduled trip end time",-1,2739,2740,4020.5
"Post scheduled trip end time",-1,231,232,4020.5
"Post scheduled trip end time",-1,6620,6621,4020.5
"Post scheduled trip end time",-1,5993,5994,4020.5
"Post scheduled trip end time",-1,15830,15831,4020.5
"Post scheduled trip end time",-1,31610,31611,4020.5
"Post scheduled trip end time",-1,31072,31073,4020.5
"Post scheduled trip end time",-1,17052,17053,4020.5
"Post scheduled trip end time",-1,11801,11802,4020.5
"Post scheduled trip end time",-1,26872,26873,4020.5
"Post scheduled trip end time",-1,113,114,4020.5
"Post scheduled trip end time",-1,4391,4392,4020.5
"Post scheduled trip end time",-1,5032,5033,4020.5
"Post scheduled trip end time",-1,3128,3129,4020.5
"Post scheduled trip end time",-1,523928,523929,4020.5
"Post scheduled trip end time",-1,528888,528889,4020.5
"Post scheduled trip end time",-1,14652,14653,4020.5
"Post scheduled trip end time",-1,2421,2422,4020.5
"Post scheduled trip end time",-1,12450,12451,4020.5
"Post scheduled trip end time",-1,13426,13427,4020.5
"Post scheduled trip end time",-1,5126,5127,4020.5
"Post scheduled trip end time",-1,3973,3974,4020.5
"Post scheduled trip end time",-1,7451,7452,4020.5
"Post scheduled trip end time",-1,7591,7592,4020.5
"Post scheduled trip end time",-1,841,842,4020.5
"Post scheduled trip end time",-1,1765,1766,4020.5
"Post scheduled trip end time",-1,33812,33813,4020.5
"Post scheduled trip end time",-1,13094,13095,4020.5
"Post scheduled trip end time",-1,15694,15695,4020.5
"Post scheduled trip end time",-1,30732,30733,4020.5
"Post scheduled trip end time",-1,11040,11041,4020.5
"Post scheduled trip end time",-1,9001,9002,4020.5
"Post scheduled trip end time",-1,5357,5358,4020.5
"Post scheduled trip end time",-1,12714,12715,4020.5
"Post scheduled trip end time",-1,522968,522969,4020.5
"Post scheduled trip end time",-1,2748,2749,4020.5
"Post scheduled trip end time",-1,4534,4535,4020.5
"Post scheduled trip end time",-1,2625,2626,4020.5
"Post scheduled trip end time",-1,13045,13046,4020.5
"Post scheduled trip end time",-1,6910,6911,4020.5
"Post scheduled trip end time",-1,7950,7951,4020.5
"Post scheduled trip end time",-1,3723,3724,4020.5
"Post scheduled trip end time",-1,27344,27345,4020.5
"Post scheduled trip end time",-1,3231,3232,4020.5
"Post scheduled trip end time",-1,980,981,4020.5
"Post scheduled trip end time",-1,12821,12822,4020.5
"Post scheduled trip end time",-1,9957,9958,4020.5
"Post scheduled trip end time",-1,5458,5459,4020.5
"Post scheduled trip end time",-1,9968,9969,4020.5
"Post scheduled trip end time",-1,529368,529369,4020.5
"Post scheduled trip end time",-1,531148,531149,4020.5
"Post scheduled trip end time",-1,3401,3402,4020.5
"Post scheduled trip end time",-1,3601,3602,4020.5
"Post scheduled trip end time",-1,539128,539129,4020.5
"Post scheduled trip end time",-1,1090,1091,4020.5
"Post scheduled trip end time",-1,7190,7191,4020.5
"Post scheduled trip end time",-1,9490,9491,4020.5
"Post scheduled trip end time",-1,417,418,4020.5
"Post scheduled trip end time",-1,3167,3168,4020.5
"Post scheduled trip end time",-1,491,492,4020.5
"Post scheduled trip end time",-1,19886,19887,4020.5
"Post scheduled trip end time",-1,32352,32353,4020.5
"Post scheduled trip end time",-1,8314,8315,4020.5
"Post scheduled trip end time",-1,15418,15419,4020.5
"Post scheduled trip end time",-1,5079,5080,4020.5
"Post scheduled trip end time",-1,7628,7629,4020.5
"Post scheduled trip end time",-1,1078,1079,4020.5
"Post scheduled trip end time",-1,529648,529649,4020.5
"Post scheduled trip end time",-1,692,693,4020.5
"Post scheduled trip end time",-1,9652,9653,4020.5
"Post scheduled trip end time",-1,5594,5595,4020.5
"Post scheduled trip end time",-1,6081,6082,4020.5
"Post scheduled trip end time",-1,7120,7121,4020.5
"Post scheduled trip end time",-1,6194,6195,4020.5
"Post scheduled trip end time",-1,19290,19291,4020.5
"Post scheduled trip end time",-1,7554,7555,4020.5
"Post scheduled trip end time",-1,9810,9811,4020.5
"Post scheduled trip end time",-1,26170,26171,4020.5
"Post scheduled trip end time",-1,11250,11251,4020.5
"Post scheduled trip end time",-1,15177,15178,4020.5
"Post scheduled trip end time",-1,7818,7819,4020.5
"Post scheduled trip end time",-1,522008,522009,4020.5
"Post scheduled trip end time",-1,1828,1829,4020.5
"Post scheduled trip end time",-1,17631,17632,4020.5
"Post scheduled trip end time",-1,537188,537189,4020.5
"Post scheduled trip end time",-1,11421,11422,4020.5
"Post scheduled trip end time",-1,1850,1851,4020.5
"Post scheduled trip end time",-1,1415,1416,4020.5
"Post scheduled trip end time",-1,12290,12291,4020.5
"Post scheduled trip end time",-1,15510,15511,4020.5
"Post scheduled trip end time",-1,3890,3891,4020.5
"Post scheduled trip end time",-1,30384,30385,4020.5
"Post scheduled trip end time",-1,10610,10611,4020.5
"Post scheduled trip end time",-1,2680,2681,4020.5
"Post scheduled trip end time",-1,217,218,4020.5
"Post scheduled trip end time",-1,20612,20613,4020.5
"Post scheduled trip end time",-1,1537,1538,4020.5
"Post scheduled trip end time",-1,5977,5978,4020.5
"Post scheduled trip end time",-1,13851,13852,4020.5
"Post scheduled trip end time",-1,14675,14676,4020.5
"Post scheduled trip end time",-1,9854,9855,4020.5
"Post scheduled trip end time",-1,1746,1747,4020.5
"Post scheduled trip end time",-1,4332,4333,4020.5
"Post scheduled trip end time",-1,2152,2153,4020.5
"Post scheduled trip end time",-1,4260,4261,4020.5
"Post scheduled trip end time",-1,15212,15213,4020.5
"Post scheduled trip end time",-1,5685,5686,4020.5
"Post scheduled trip end time",-1,9532,9533,4020.5
"Post scheduled trip end time",-1,4163,4164,4020.5
"Post scheduled trip end time",-1,504,505,4020.5
"Post scheduled trip end time",-1,5586,5587,4020.5
"Post scheduled trip end time",-1,26144,26145,4020.5
"Post scheduled trip end time",-1,16292,16293,4020.5
"Post scheduled trip end time",-1,11571,11572,4020.5
"Post scheduled trip end time",-1,11517,11518,4020.5
"Post scheduled trip end time",-1,4821,4822,4020.5
"Post scheduled trip end time",-1,1478,1479,4020.5
"Post scheduled trip end time",-1,12832,12833,4020.5
"Post scheduled trip end time",-1,8,9,4020.5
"Post scheduled trip end time",-1,3621,3622,4020.5
"Post scheduled trip end time",-1,146,147,4020.5
"Post scheduled trip end time",-1,4934,4935,4020.5
"Post scheduled trip end time",-1,12330,12331,4020.5
"Post scheduled trip end time",-1,7991,7992,4020.5
"Post scheduled trip end time",-1,621,622,4020.5
"Post scheduled trip end time",-1,24844,24845,4020.5
"Post scheduled trip end time",-1,14794,14795,4020.5
"Post scheduled trip end time",-1,12531,12532,4020.5
"Post scheduled trip end time",-1,13511,13512,4020.5
"Post scheduled trip end time",-1,5598,5599,4020.5
"Post scheduled trip end time",-1,12612,12613,4020.5
"Post scheduled trip end time",-1,2828,2829,4020.5
"Post scheduled trip end time",-1,1412,1413,4020.5
"Post scheduled trip end time",-1,2301,2302,4020.5
"Post scheduled trip end time",-1,6641,6642,4020.5
"Post scheduled trip end time",-1,15065,15066,4020.5
"Post scheduled trip end time",-1,4032,4033,4020.5
"Post scheduled trip end time",-1,-1,0,4020.5
"Post scheduled trip end time",-1,5870,5871,4020.5
"Post scheduled trip end time",-1,6010,6011,4020.5
"Post scheduled trip end time",-1,234,235,4020.5
"Post scheduled trip end time",-1,233,234,4020.5
"Post scheduled trip end time",-1,4850,4851,4020.5
"Post scheduled trip end time",-1,525,526,4020.5
"Post scheduled trip end time",-1,7006,7007,4020.5
"Post scheduled trip end time",-1,26364,26365,4020.5
"Post scheduled trip end time",-1,28190,28191,4020.5
"Post scheduled trip end time",-1,581,582,4020.5
"Post scheduled trip end time",-1,23770,23771,4020.5
"Post scheduled trip end time",-1,282,283,4020.5
"Post scheduled trip end time",-1,14661,14662,4020.5
"Post scheduled trip end time",-1,1217,1218,4020.5
"Post scheduled trip end time",-1,4837,4838,4020.5
"Post scheduled trip end time",-1,14895,14896,4020.5
"Post scheduled trip end time",-1,12737,12738,4020.5
"Post scheduled trip end time",-1,696,697,4020.5
"Post scheduled trip end time",-1,5159,5160,4020.5
"Post scheduled trip end time",-1,11092,11093,4020.5
"Post scheduled trip end time",-1,6728,6729,4020.5
"Post scheduled trip end time",-1,530948,530949,4020.5
"Post scheduled trip end time",-1,16428,16429,4020.5
"Post scheduled trip end time",-1,541968,541969,4020.5
"Post scheduled trip end time",-1,17492,17493,4020.5
"Post scheduled trip end time",-1,1514,1515,4020.5
"Post scheduled trip end time",-1,15932,15933,4020.5
"Post scheduled trip end time",-1,6866,6867,4020.5
"Post scheduled trip end time",-1,9585,9586,4020.5
"Post scheduled trip end time",-1,82,83,4020.5
"Post scheduled trip end time",-1,2443,2444,4020.5
"Post scheduled trip end time",-1,136,137,4020.5
"Post scheduled trip end time",-1,346,347,4020.5
"Post scheduled trip end time",-1,29424,29425,4020.5
"Post scheduled trip end time",-1,32204,32205,4020.5
"Post scheduled trip end time",-1,33952,33953,4020.5
"Post scheduled trip end time",-1,25710,25711,4020.5
"Post scheduled trip end time",-1,1855,1856,4020.5
"Post scheduled trip end time",-1,2031,2032,4020.5
"Post scheduled trip end time",-1,22392,22393,4020.5
"Post scheduled trip end time",-1,1037,1038,4020.5
"Post scheduled trip end time",-1,807,808,4020.5
"Post scheduled trip end time",-1,12632,12633,4020.5
"Post scheduled trip end time",-1,4788,4789,4020.5
"Post scheduled trip end time",-1,651,652,4020.5
"Post scheduled trip end time",-1,430,431,4020.5
"Post scheduled trip end time",-1,1492,1493,4020.5
"Post scheduled trip end time",-1,11601,11602,4020.5
"Post scheduled trip end time",-1,163,164,4020.5
"Post scheduled trip end time",-1,191,192,4020.5
"Post scheduled trip end time",-1,6421,6422,4020.5
"Post scheduled trip end time",-1,11246,11247,4020.5
"Post scheduled trip end time",-1,26484,26485,4020.5
"Post scheduled trip end time",-1,16070,16071,4020.5
"Post scheduled trip end time",-1,7211,7212,4020.5
"Post scheduled trip end time",-1,2551,2552,4020.5
"Post scheduled trip end time",-1,14101,14102,4020.5
"Post scheduled trip end time",-1,3991,3992,4020.5
"Post scheduled trip end time",-1,1529,1530,4020.5
"Post scheduled trip end time",-1,12412,12413,4020.5
"Post scheduled trip end time",-1,480,481,4020.5
"Post scheduled trip end time",-1,4617,4618,4020.5
"Post scheduled trip end time",-1,10386,10387,4020.5
"Post scheduled trip end time",-1,12115,12116,4020.5
"Post scheduled trip end time",-1,10357,10358,4020.5
"Post scheduled trip end time",-1,26304,26305,4020.5
"Post scheduled trip end time",-1,20106,20107,4020.5
"Post scheduled trip end time",-1,530,531,4020.5
"Post scheduled trip end time",-1,28552,28553,4020.5
"Post scheduled trip end time",-1,11701,11702,4020.5
"Post scheduled trip end time",-1,8057,8058,4020.5
"Post scheduled trip end time",-1,592,593,4020.5
"Post scheduled trip end time",-1,3949,3950,4020.5
"Post scheduled trip end time",-1,2153,2154,4020.5
"Post scheduled trip end time",-1,4348,4349,4020.5
"Post scheduled trip end time",-1,524468,524469,4020.5
"Post scheduled trip end time",-1,8901,8902,4020.5
"Post scheduled trip end time",-1,1325,1326,4020.5
"Post scheduled trip end time",-1,15765,15766,4020.5
"Post scheduled trip end time",-1,659,660,4020.5
"Post scheduled trip end time",-1,8970,8971,4020.5
"Post scheduled trip end time",-1,7187,7188,4020.5
"Post scheduled trip end time",-1,1160,1161,4020.5
"Post scheduled trip end time",-1,7053,7054,4020.5
"Post scheduled trip end time",-1,4293,4294,4020.5
"Post scheduled trip end time",-1,766,767,4020.5
"Post scheduled trip end time",-1,29864,29865,4020.5
"Post scheduled trip end time",-1,34512,34513,4020.5
"Post scheduled trip end time",-1,26750,26751,4020.5
"Post scheduled trip end time",-1,1645,1646,4020.5
"Post scheduled trip end time",-1,30472,30473,4020.5
"Post scheduled trip end time",-1,13018,13019,4020.5
"Post scheduled trip end time",-1,8611,8612,4020.5
"Post scheduled trip end time",-1,4609,4610,4020.5
"Post scheduled trip end time",-1,6058,6059,4020.5
"Post scheduled trip end time",-1,4761,4762,4020.5
"Post scheduled trip end time",-1,4841,4842,4020.5
"Post scheduled trip end time",-1,20572,20573,4020.5
"Post scheduled trip end time",-1,17851,17852,4020.5
"Post scheduled trip end time",-1,7617,7618,4020.5
"Post scheduled trip end time",-1,12521,12522,4020.5
"Post scheduled trip end time",-1,322,323,4020.5
"Post scheduled trip end time",-1,182,183,4020.5
"Post scheduled trip end time",-1,1630,1631,4020.5
"Post scheduled trip end time",-1,5333,5334,4020.5
"Post scheduled trip end time",-1,5533,5534,4020.5
"Post scheduled trip end time",-1,8751,8752,4020.5
"Post scheduled trip end time",-1,3550,3551,4020.5
"Post scheduled trip end time",-1,31944,31945,4020.5
"Post scheduled trip end time",-1,1086,1087,4020.5
"Post scheduled trip end time",-1,24244,24245,4020.5
"Post scheduled trip end time",-1,9800,9801,4020.5
"Post scheduled trip end time",-1,7117,7118,4020.5
"Post scheduled trip end time",-1,10337,10338,4020.5
"Post scheduled trip end time",-1,14617,14618,4020.5
"Post scheduled trip end time",-1,13952,13953,4020.5
"Post scheduled trip end time",-1,3329,3330,4020.5
"Post scheduled trip end time",-1,533148,533149,4020.5
"Post scheduled trip end time",-1,10208,10209,4020.5
"Post scheduled trip end time",-1,5248,5249,4020.5
"Post scheduled trip end time",-1,524488,524489,4020.5
"Post scheduled trip end time",-1,541228,541229,4020.5
"Post scheduled trip end time",-1,10101,10102,4020.5
"Post scheduled trip end time",-1,615,616,4020.5
"Post scheduled trip end time",-1,10445,10446,4020.5
"Post scheduled trip end time",-1,1935,1936,4020.5
"Post scheduled trip end time",-1,103,104,4020.5
"Post scheduled trip end time",-1,159,160,4020.5
"Post scheduled trip end time",-1,1143,1144,4020.5
"Post scheduled trip end time",-1,227,228,4020.5
"Post scheduled trip end time",-1,10826,10827,4020.5
"Post scheduled trip end time",-1,24010,24011,4020.5
"Post scheduled trip end time",-1,9294,9295,4020.5
"Post scheduled trip end time",-1,3874,3875,4020.5
"Post scheduled trip end time",-1,847,848,4020.5
"Post scheduled trip end time",-1,2766,2767,4020.5
"Post scheduled trip end time",-1,527928,527929,4020.5
"Post scheduled trip end time",-1,529308,529309,4020.5
"Post scheduled trip end time",-1,16285,16286,4020.5
"Post scheduled trip end time",-1,8280,8281,4020.5
"Post scheduled trip end time",-1,13626,13627,4020.5
"Post scheduled trip end time",-1,2418,2419,4020.5
"Post scheduled trip end time",-1,5131,5132,4020.5
"Post scheduled trip end time",-1,17086,17087,4020.5
"Post scheduled trip end time",-1,11334,11335,4020.5
"Post scheduled trip end time",-1,16737,16738,4020.5
"Post scheduled trip end time",-1,2414,2415,4020.5
"Post scheduled trip end time",-1,6901,6902,4020.5
"Post scheduled trip end time",-1,263,264,4020.5
"Post scheduled trip end time",-1,1100,1101,4020.5
"Post scheduled trip end time",-1,90,91,4020.5
"Post scheduled trip end time",-1,5094,5095,4020.5
"Post scheduled trip end time",-1,5753,5754,4020.5
"Post scheduled trip end time",-1,31684,31685,4020.5
"Post scheduled trip end time",-1,2993,2994,4020.5
"Post scheduled trip end time",-1,23412,23413,4020.5
"Post scheduled trip end time",-1,5220,5221,4020.5
"Post scheduled trip end time",-1,7017,7018,4020.5
"Post scheduled trip end time",-1,3877,3878,4020.5
"Post scheduled trip end time",-1,729,730,4020.5
"Post scheduled trip end time",-1,6281,6282,4020.5
"Post scheduled trip end time",-1,12908,12909,4020.5
"Post scheduled trip end time",-1,10921,10922,4020.5
"Post scheduled trip end time",-1,3414,3415,4020.5
"Post scheduled trip end time",-1,528,529,4020.5
"Post scheduled trip end time",-1,60,61,4020.5
"Post scheduled trip end time",-1,1974,1975,4020.5
"Post scheduled trip end time",-1,3914,3915,4020.5
"Post scheduled trip end time",-1,3638,3639,4020.5
"Post scheduled trip end time",-1,4993,4994,4020.5
"Post scheduled trip end time",-1,25112,25113,4020.5
"Post scheduled trip end time",-1,2891,2892,4020.5
"Post scheduled trip end time",-1,1294,1295,4020.5
"Post scheduled trip end time",-1,3029,3030,4020.5
"Post scheduled trip end time",-1,10454,10455,4020.5
"Post scheduled trip end time",-1,6017,6018,4020.5
"Post scheduled trip end time",-1,22177,22178,4020.5
"Post scheduled trip end time",-1,4392,4393,4020.5
"Post scheduled trip end time",-1,10697,10698,4020.5
"Post scheduled trip end time",-1,5965,5966,4020.5
"Post scheduled trip end time",-1,1331,1332,4020.5
"Post scheduled trip end time",-1,1586,1587,4020.5
"Post scheduled trip end time",-1,177,178,4020.5
"Post scheduled trip end time",-1,291,292,4020.5
"Post scheduled trip end time",-1,3590,3591,4020.5
"Post scheduled trip end time",-1,10674,10675,4020.5
"Post scheduled trip end time",-1,19918,19919,4020.5
"Post scheduled trip end time",-1,3273,3274,4020.5
"Post scheduled trip end time",-1,1895,1896,4020.5
"Post scheduled trip end time",-1,20930,20931,4020.5
"Post scheduled trip end time",-1,16477,16478,4020.5
"Post scheduled trip end time",-1,18337,18338,4020.5
"Post scheduled trip end time",-1,19777,19778,4020.5
"Post scheduled trip end time",-1,15397,15398,4020.5
"Post scheduled trip end time",-1,3059,3060,4020.5
"Post scheduled trip end time",-1,11288,11289,4020.5
"Post scheduled trip end time",-1,7978,7979,4020.5
"Post scheduled trip end time",-1,1621,1622,4020.5
"Post scheduled trip end time",-1,8441,8442,4020.5
"Post scheduled trip end time",-1,2910,2911,4020.5
"Post scheduled trip end time",-1,1427,1428,4020.5
"Post scheduled trip end time",-1,25824,25825,4020.5
"Post scheduled trip end time",-1,30470,30471,4020.5
"Post scheduled trip end time",-1,13274,13275,4020.5
"Post scheduled trip end time",-1,16121,16122,4020.5
"Post scheduled trip end time",-1,4571,4572,4020.5
"Post scheduled trip end time",-1,5988,5989,4020.5
"Post scheduled trip end time",-1,10252,10253,4020.5
"Post scheduled trip end time",-1,9168,9169,4020.5
"Post scheduled trip end time",-1,74,75,4020.5
"Post scheduled trip end time",-1,36,37,4020.5
"Post scheduled trip end time",-1,1798,1799,4020.5
"Post scheduled trip end time",-1,1617,1618,4020.5
"Post scheduled trip end time",-1,17490,17491,4020.5
"Post scheduled trip end time",-1,5266,5267,4020.5
"Post scheduled trip end time",-1,8791,8792,4020.5
"Post scheduled trip end time",-1,5115,5116,4020.5
"Post scheduled trip end time",-1,19717,19718,4020.5
"Post scheduled trip end time",-1,10217,10218,4020.5
"Post scheduled trip end time",-1,10577,10578,4020.5
"Post scheduled trip end time",-1,1182,1183,4020.5
"Post scheduled trip end time",-1,1546,1547,4020.5
"Post scheduled trip end time",-1,1800,1801,4020.5
"Post scheduled trip end time",-1,3140,3141,4020.5
"Post scheduled trip end time",-1,7914,7915,4020.5
"Post scheduled trip end time",-1,5072,5073,4020.5
"Post scheduled trip end time",-1,14445,14446,4020.5
"Post scheduled trip end time",-1,10292,10293,4020.5
"Post scheduled trip end time",-1,8390,8391,4020.5
"Post scheduled trip end time",-1,1914,1915,4020.5
"Post scheduled trip end time",-1,5501,5502,4020.5
"Post scheduled trip end time",-1,1268,1269,4020.5
"Post scheduled trip end time",-1,1774,1775,4020.5
"Post scheduled trip end time",-1,400,401,4020.5
"Post scheduled trip end time",-1,9271,9272,4020.5
"Post scheduled trip end time",-1,31370,31371,4020.5
"Post scheduled trip end time",-1,16677,16678,4020.5
"Post scheduled trip end time",-1,18217,18218,4020.5
"Post scheduled trip end time",-1,11378,11379,4020.5
"Post scheduled trip end time",-1,13721,13722,4020.5
"Post scheduled trip end time",-1,2105,2106,4020.5
"Post scheduled trip end time",-1,12851,12852,4020.5
"Post scheduled trip end time",-1,14737,14738,4020.5
"Post scheduled trip end time",-1,6948,6949,4020.5
"Post scheduled trip end time",-1,5161,5162,4020.5
"Post scheduled trip end time",-1,18228,18229,4020.5
"Post scheduled trip end time",-1,18668,18669,4020.5
"Post scheduled trip end time",-1,15992,15993,4020.5
"Post scheduled trip end time",-1,8470,8471,4020.5
"Post scheduled trip end time",-1,13290,13291,4020.5
"Post scheduled trip end time",-1,14386,14387,4020.5
"Post scheduled trip end time",-1,3810,3811,4020.5
"Post scheduled trip end time",-1,15154,15155,4020.5
"Post scheduled trip end time",-1,2514,2515,4020.5
"Post scheduled trip end time",-1,10732,10733,4020.5
"Post scheduled trip end time",-1,6698,6699,4020.5
"Post scheduled trip end time",-1,9381,9382,4020.5
"Post scheduled trip end time",-1,11432,11433,4020.5
"Post scheduled trip end time",-1,527808,527809,4020.5
"Post scheduled trip end time",-1,6754,6755,4020.5
"Post scheduled trip end time",-1,13086,13087,4020.5
"Post scheduled trip end time",-1,11670,11671,4020.5
"Post scheduled trip end time",-1,3007,3008,4020.5
"Post scheduled trip end time",-1,6473,6474,4020.5
"Post scheduled trip end time",-1,5690,5691,4020.5
"Post scheduled trip end time",-1,7850,7851,4020.5
"Post scheduled trip end time",-1,15070,15071,4020.5
"Post scheduled trip end time",-1,25230,25231,4020.5
"Post scheduled trip end time",-1,2571,2572,4020.5
"Post scheduled trip end time",-1,1814,1815,4020.5
"Post scheduled trip end time",-1,4480,4481,4020.5
"Post scheduled trip end time",-1,520328,520329,4020.5
"Post scheduled trip end time",-1,3451,3452,4020.5
"Post scheduled trip end time",-1,12077,12078,4020.5
"Post scheduled trip end time",-1,1749,1750,4020.5
"Post scheduled trip end time",-1,10952,10953,4020.5
"Post scheduled trip end time",-1,11972,11973,4020.5
"Post scheduled trip end time",-1,1313,1314,4020.5
"Post scheduled trip end time",-1,4306,4307,4020.5
"Post scheduled trip end time",-1,13472,13473,4020.5
"Post scheduled trip end time",-1,687,688,4020.5
"Post scheduled trip end time",-1,3808,3809,4020.5
"Post scheduled trip end time",-1,14491,14492,4020.5
"Post scheduled trip end time",-1,823,824,4020.5
"Post scheduled trip end time",-1,11568,11569,4020.5
"Post scheduled trip end time",-1,13545,13546,4020.5
"Post scheduled trip end time",-1,5741,5742,4020.5
"Post scheduled trip end time",-1,14470,14471,4020.5
"Post scheduled trip end time",-1,6190,6191,4020.5
"Post scheduled trip end time",-1,873,874,4020.5
"Post scheduled trip end time",-1,1034,1035,4020.5
"Post scheduled trip end time",-1,32990,32991,4020.5
"Post scheduled trip end time",-1,20238,20239,4020.5
"Post scheduled trip end time",-1,8091,8092,4020.5
"Post scheduled trip end time",-1,9120,9121,4020.5
"Post scheduled trip end time",-1,20032,20033,4020.5
"Post scheduled trip end time",-1,6257,6258,4020.5
"Post scheduled trip end time",-1,464,465,4020.5
"Post scheduled trip end time",-1,678,679,4020.5
"Post scheduled trip end time",-1,522088,522089,4020.5
"Post scheduled trip end time",-1,4892,4893,4020.5
"Post scheduled trip end time",-1,10361,10362,4020.5
"Post scheduled trip end time",-1,13708,13709,4020.5
"Post scheduled trip end time",-1,2814,2815,4020.5
"Post scheduled trip end time",-1,11641,11642,4020.5
"Post scheduled trip end time",-1,2305,2306,4020.5
"Post scheduled trip end time",-1,8290,8291,4020.5
"Post scheduled trip end time",-1,7640,7641,4020.5
"Post scheduled trip end time",-1,9486,9487,4020.5
"Post scheduled trip end time",-1,6406,6407,4020.5
"Post scheduled trip end time",-1,5760,5761,4020.5
"Post scheduled trip end time",-1,6991,6992,4020.5
"Post scheduled trip end time",-1,14375,14376,4020.5
"Post scheduled trip end time",-1,1289,1290,4020.5
"Post scheduled trip end time",-1,7981,7982,4020.5
"Post scheduled trip end time",-1,11952,11953,4020.5
"Post scheduled trip end time",-1,6468,6469,4020.5
"Post scheduled trip end time",-1,20532,20533,4020.5
"Post scheduled trip end time",-1,9654,9655,4020.5
"Post scheduled trip end time",-1,9661,9662,4020.5
"Post scheduled trip end time",-1,939,940,4020.5
"Post scheduled trip end time",-1,11145,11146,4020.5
"Post scheduled trip end time",-1,1403,1404,4020.5
"Post scheduled trip end time",-1,25304,25305,4020.5
"Post scheduled trip end time",-1,13498,13499,4020.5
"Post scheduled trip end time",-1,27052,27053,4020.5
"Post scheduled trip end time",-1,11771,11772,4020.5
"Post scheduled trip end time",-1,2389,2390,4020.5
"Post scheduled trip end time",-1,522888,522889,4020.5
"Post scheduled trip end time",-1,5705,5706,4020.5
"Post scheduled trip end time",-1,16,17,4020.5
"Post scheduled trip end time",-1,4630,4631,4020.5
"Post scheduled trip end time",-1,998,999,4020.5
"Post scheduled trip end time",-1,17630,17631,4020.5
"Post scheduled trip end time",-1,9186,9187,4020.5
"Post scheduled trip end time",-1,5671,5672,4020.5
"Post scheduled trip end time",-1,16090,16091,4020.5
"Post scheduled trip end time",-1,5415,5416,4020.5
"Post scheduled trip end time",-1,22298,22299,4020.5
"Post scheduled trip end time",-1,26150,26151,4020.5
"Post scheduled trip end time",-1,26370,26371,4020.5
"Post scheduled trip end time",-1,26410,26411,4020.5
"Post scheduled trip end time",-1,15594,15595,4020.5
"Post scheduled trip end time",-1,7601,7602,4020.5
"Post scheduled trip end time",-1,15752,15753,4020.5
"Post scheduled trip end time",-1,10930,10931,4020.5
"Post scheduled trip end time",-1,13194,13195,4020.5
"Post scheduled trip end time",-1,4329,4330,4020.5
"Post scheduled trip end time",-1,8461,8462,4020.5
"Post scheduled trip end time",-1,22,23,4020.5
"Post scheduled trip end time",-1,11370,11371,4020.5
"Post scheduled trip end time",-1,418,419,4020.5
"Post scheduled trip end time",-1,18090,18091,4020.5
"Post scheduled trip end time",-1,570,571,4020.5
"Post scheduled trip end time",-1,13090,13091,4020.5
"Post scheduled trip end time",-1,10320,10321,4020.5
"Post scheduled trip end time",-1,10978,10979,4020.5
"Post scheduled trip end time",-1,14117,14118,4020.5
"Post scheduled trip end time",-1,5957,5958,4020.5
"Post scheduled trip end time",-1,540808,540809,4020.5
"Post scheduled trip end time",-1,15708,15709,4020.5
"Post scheduled trip end time",-1,4352,4353,4020.5
"Post scheduled trip end time",-1,4238,4239,4020.5
"Post scheduled trip end time",-1,9705,9706,4020.5
"Post scheduled trip end time",-1,1963,1964,4020.5
"Post scheduled trip end time",-1,14570,14571,4020.5
"Post scheduled trip end time",-1,28210,28211,4020.5
"Post scheduled trip end time",-1,21210,21211,4020.5
"Post scheduled trip end time",-1,31152,31153,4020.5
"Post scheduled trip end time",-1,3189,3190,4020.5
"Post scheduled trip end time",-1,802,803,4020.5
"Post scheduled trip end time",-1,12652,12653,4020.5
"Post scheduled trip end time",-1,2233,2234,4020.5
"Post scheduled trip end time",-1,8181,8182,4020.5
"Post scheduled trip end time",-1,9528,9529,4020.5
"Post scheduled trip end time",-1,4552,4553,4020.5
"Post scheduled trip end time",-1,5460,5461,4020.5
"Post scheduled trip end time",-1,3612,3613,4020.5
"Post scheduled trip end time",-1,4592,4593,4020.5
"Post scheduled trip end time",-1,9905,9906,4020.5
"Post scheduled trip end time",-1,11185,11186,4020.5
"Post scheduled trip end time",-1,15261,15262,4020.5
"Post scheduled trip end time",-1,167,168,4020.5
"Post scheduled trip end time",-1,2203,2204,4020.5
"Post scheduled trip end time",-1,7307,7308,4020.5
"Post scheduled trip end time",-1,12990,12991,4020.5
"Post scheduled trip end time",-1,1688,1689,4020.5
"Post scheduled trip end time",-1,285,286,4020.5
"Post scheduled trip end time",-1,593,594,4020.5
"Post scheduled trip end time",-1,10331,10332,4020.5
"Post scheduled trip end time",-1,11191,11192,4020.5
"Post scheduled trip end time",-1,21797,21798,4020.5
"Post scheduled trip end time",-1,4268,4269,4020.5
"Post scheduled trip end time",-1,526688,526689,4020.5
"Post scheduled trip end time",-1,4248,4249,4020.5
"Post scheduled trip end time",-1,9012,9013,4020.5
"Post scheduled trip end time",-1,15511,15512,4020.5
"Post scheduled trip end time",-1,18465,18466,4020.5
"Post scheduled trip end time",-1,179,180,4020.5
"Post scheduled trip end time",-1,742,743,4020.5
"Post scheduled trip end time",-1,4030,4031,4020.5
"Post scheduled trip end time",-1,21126,21127,4020.5
"Post scheduled trip end time",-1,32870,32871,4020.5
"Post scheduled trip end time",-1,26812,26813,4020.5
"Post scheduled trip end time",-1,3669,3670,4020.5
"Post scheduled trip end time",-1,616,617,4020.5
"Post scheduled trip end time",-1,2741,2742,4020.5
"Post scheduled trip end time",-1,5601,5602,4020.5
"Post scheduled trip end time",-1,7792,7793,4020.5
"Post scheduled trip end time",-1,1966,1967,4020.5
"Post scheduled trip end time",-1,8108,8109,4020.5
"Post scheduled trip end time",-1,3018,3019,4020.5
"Post scheduled trip end time",-1,4634,4635,4020.5
"Post scheduled trip end time",-1,1423,1424,4020.5
"Post scheduled trip end time",-1,5874,5875,4020.5
"Post scheduled trip end time",-1,4626,4627,4020.5
"Post scheduled trip end time",-1,6706,6707,4020.5
"Post scheduled trip end time",-1,7566,7567,4020.5
"Post scheduled trip end time",-1,11990,11991,4020.5
"Post scheduled trip end time",-1,31144,31145,4020.5
"Post scheduled trip end time",-1,11320,11321,4020.5
"Post scheduled trip end time",-1,4989,4990,4020.5
"Post scheduled trip end time",-1,26772,26773,4020.5
"Post scheduled trip end time",-1,1797,1798,4020.5
"Post scheduled trip end time",-1,7651,7652,4020.5
"Post scheduled trip end time",-1,13272,13273,4020.5
"Post scheduled trip end time",-1,5277,5278,4020.5
"Post scheduled trip end time",-1,5317,5318,4020.5
"Post scheduled trip end time",-1,3352,3353,4020.5
"Post scheduled trip end time",-1,6532,6533,4020.5
"Post scheduled trip end time",-1,4208,4209,4020.5
"Post scheduled trip end time",-1,4290,4291,4020.5
"Post scheduled trip end time",-1,1575,1576,4020.5
"Post scheduled trip end time",-1,14630,14631,4020.5
"Post scheduled trip end time",-1,2750,2751,4020.5
"Post scheduled trip end time",-1,11646,11647,4020.5
"Post scheduled trip end time",-1,17966,17967,4020.5
"Post scheduled trip end time",-1,10650,10651,4020.5
"Post scheduled trip end time",-1,19994,19995,4020.5
"Post scheduled trip end time",-1,11740,11741,4020.5
"Post scheduled trip end time",-1,22078,22079,4020.5
"Post scheduled trip end time",-1,27250,27251,4020.5
"Post scheduled trip end time",-1,15981,15982,4020.5
"Post scheduled trip end time",-1,15732,15733,4020.5
"Post scheduled trip end time",-1,19612,19613,4020.5
"Post scheduled trip end time",-1,15158,15159,4020.5
"Post scheduled trip end time",-1,2957,2958,4020.5
"Post scheduled trip end time",-1,3737,3738,4020.5
"Post scheduled trip end time",-1,4517,4518,4020.5
"Post scheduled trip end time",-1,4101,4102,4020.5
"Post scheduled trip end time",-1,534668,534669,4020.5
"Post scheduled trip end time",-1,5628,5629,4020.5
"Post scheduled trip end time",-1,521888,521889,4020.5
"Post scheduled trip end time",-1,542828,542829,4020.5
"Post scheduled trip end time",-1,18628,18629,4020.5
"Post scheduled trip end time",-1,11301,11302,4020.5
"Post scheduled trip end time",-1,9941,9942,4020.5
"Post scheduled trip end time",-1,2950,2951,4020.5
"Post scheduled trip end time",-1,11690,11691,4020.5
"Post scheduled trip end time",-1,3094,3095,4020.5
"Post scheduled trip end time",-1,5480,5481,4020.5
"Post scheduled trip end time",-1,17706,17707,4020.5
"Post scheduled trip end time",-1,18166,18167,4020.5
"Post scheduled trip end time",-1,19106,19107,4020.5
"Post scheduled trip end time",-1,20606,20607,4020.5
"Post scheduled trip end time",-1,476,477,4020.5
"Post scheduled trip end time",-1,20414,20415,4020.5
"Post scheduled trip end time",-1,19358,19359,4020.5
"Post scheduled trip end time",-1,5289,5290,4020.5
"Post scheduled trip end time",-1,1117,1118,4020.5
"Post scheduled trip end time",-1,618,619,4020.5
"Post scheduled trip end time",-1,7021,7022,4020.5
"Post scheduled trip end time",-1,7754,7755,4020.5
"Post scheduled trip end time",-1,10212,10213,4020.5
"Post scheduled trip end time",-1,3894,3895,4020.5
"Post scheduled trip end time",-1,3299,3300,4020.5
"Post scheduled trip end time",-1,9212,9213,4020.5
"Post scheduled trip end time",-1,745,746,4020.5
"Post scheduled trip end time",-1,5990,5991,4020.5
"Post scheduled trip end time",-1,19686,19687,4020.5
"Post scheduled trip end time",-1,1044,1045,4020.5
"Post scheduled trip end time",-1,1605,1606,4020.5
"Post scheduled trip end time",-1,4414,4415,4020.5
"Post scheduled trip end time",-1,19772,19773,4020.5
"Post scheduled trip end time",-1,9511,9512,4020.5
"Post scheduled trip end time",-1,533748,533749,4020.5
"Post scheduled trip end time",-1,18752,18753,4020.5
"Post scheduled trip end time",-1,20691,20692,4020.5
"Post scheduled trip end time",-1,9265,9266,4020.5
"Post scheduled trip end time",-1,4860,4861,4020.5
"Post scheduled trip end time",-1,347,348,4020.5
"Post scheduled trip end time",-1,591,592,4020.5
"Post scheduled trip end time",-1,10786,10787,4020.5
"Post scheduled trip end time",-1,526,527,4020.5
"Post scheduled trip end time",-1,27032,27033,4020.5
"Post scheduled trip end time",-1,12210,12211,4020.5
"Post scheduled trip end time",-1,10234,10235,4020.5
"Post scheduled trip end time",-1,3440,3441,4020.5
"Post scheduled trip end time",-1,6997,6998,4020.5
"Post scheduled trip end time",-1,14752,14753,4020.5
"Post scheduled trip end time",-1,3849,3850,4020.5
"Post scheduled trip end time",-1,20072,20073,4020.5
"Post scheduled trip end time",-1,3409,3410,4020.5
"Post scheduled trip end time",-1,7228,7229,4020.5
"Post scheduled trip end time",-1,3348,3349,4020.5
"Post scheduled trip end time",-1,1917,1918,4020.5
"Post scheduled trip end time",-1,9392,9393,4020.5
"Post scheduled trip end time",-1,15692,15693,4020.5
"Post scheduled trip end time",-1,6450,6451,4020.5
"Post scheduled trip end time",-1,10510,10511,4020.5
"Post scheduled trip end time",-1,2863,2864,4020.5
"Post scheduled trip end time",-1,4203,4204,4020.5
"Post scheduled trip end time",-1,3930,3931,4020.5
"Post scheduled trip end time",-1,12986,12987,4020.5
"Post scheduled trip end time",-1,16030,16031,4020.5
"Post scheduled trip end time",-1,3430,3431,4020.5
"Post scheduled trip end time",-1,19974,19975,4020.5
"Post scheduled trip end time",-1,24030,24031,4020.5
"Post scheduled trip end time",-1,24664,24665,4020.5
"Post scheduled trip end time",-1,1695,1696,4020.5
"Post scheduled trip end time",-1,3135,3136,4020.5
"Post scheduled trip end time",-1,17178,17179,4020.5
"Post scheduled trip end time",-1,11991,11992,4020.5
"Post scheduled trip end time",-1,12511,12512,4020.5
"Post scheduled trip end time",-1,13792,13793,4020.5
"Post scheduled trip end time",-1,7434,7435,4020.5
"Post scheduled trip end time",-1,8294,8295,4020.5
"Post scheduled trip end time",-1,2146,2147,4020.5
"Post scheduled trip end time",-1,19831,19832,4020.5
"Post scheduled trip end time",-1,14146,14147,4020.5
"Post scheduled trip end time",-1,11441,11442,4020.5
"Post scheduled trip end time",-1,8845,8846,4020.5
"Post scheduled trip end time",-1,5654,5655,4020.5
"Post scheduled trip end time",-1,1055,1056,4020.5
"Post scheduled trip end time",-1,26,27,4020.5
"Post scheduled trip end time",-1,1707,1708,4020.5
"Post scheduled trip end time",-1,7026,7027,4020.5
"Post scheduled trip end time",-1,7394,7395,4020.5
"Post scheduled trip end time",-1,2840,2841,4020.5
"Post scheduled trip end time",-1,449,450,4020.5
"Post scheduled trip end time",-1,9470,9471,4020.5
"Post scheduled trip end time",-1,21352,21353,4020.5
"Post scheduled trip end time",-1,24612,24613,4020.5
"Post scheduled trip end time",-1,2125,2126,4020.5
"Post scheduled trip end time",-1,11737,11738,4020.5
"Post scheduled trip end time",-1,3259,3260,4020.5
"Post scheduled trip end time",-1,9370,9371,4020.5
"Post scheduled trip end time",-1,22397,22398,4020.5
"Post scheduled trip end time",-1,5521,5522,4020.5
"Post scheduled trip end time",-1,1386,1387,4020.5
"Post scheduled trip end time",-1,2432,2433,4020.5
"Post scheduled trip end time",-1,8048,8049,4020.5
"Post scheduled trip end time",-1,13445,13446,4020.5
"Post scheduled trip end time",-1,1300,1301,4020.5
"Post scheduled trip end time",-1,5054,5055,4020.5
"Post scheduled trip end time",-1,10166,10167,4020.5
"Post scheduled trip end time",-1,18014,18015,4020.5
"Post scheduled trip end time",-1,6335,6336,4020.5
"Post scheduled trip end time",-1,30144,30145,4020.5
"Post scheduled trip end time",-1,22150,22151,4020.5
"Post scheduled trip end time",-1,447,448,4020.5
"Post scheduled trip end time",-1,4839,4840,4020.5
"Post scheduled trip end time",-1,5219,5220,4020.5
"Post scheduled trip end time",-1,6151,6152,4020.5
"Post scheduled trip end time",-1,6177,6178,4020.5
"Post scheduled trip end time",-1,528628,528629,4020.5
"Post scheduled trip end time",-1,522228,522229,4020.5
"Post scheduled trip end time",-1,14568,14569,4020.5
"Post scheduled trip end time",-1,3338,3339,4020.5
"Post scheduled trip end time",-1,999,1000,4020.5
"Post scheduled trip end time",-1,4481,4482,4020.5
"Post scheduled trip end time",-1,16921,16922,4020.5
"Post scheduled trip end time",-1,470,471,4020.5
"Post scheduled trip end time",-1,1306,1307,4020.5
"Post scheduled trip end time",-1,204,205,4020.5
"Post scheduled trip end time",-1,2494,2495,4020.5
"Post scheduled trip end time",-1,1389,1390,4020.5
"Post scheduled trip end time",-1,1489,1490,4020.5
"Post scheduled trip end time",-1,19790,19791,4020.5
"Post scheduled trip end time",-1,4326,4327,4020.5
"Post scheduled trip end time",-1,27050,27051,4020.5
"Post scheduled trip end time",-1,16734,16735,4020.5
"Post scheduled trip end time",-1,4469,4470,4020.5
"Post scheduled trip end time",-1,14192,14193,4020.5
"Post scheduled trip end time",-1,3931,3932,4020.5
"Post scheduled trip end time",-1,12831,12832,4020.5
"Post scheduled trip end time",-1,723,724,4020.5
"Post scheduled trip end time",-1,11677,11678,4020.5
"Post scheduled trip end time",-1,535488,535489,4020.5
"Post scheduled trip end time",-1,20817,20818,4020.5
"Post scheduled trip end time",-1,525308,525309,4020.5
"Post scheduled trip end time",-1,529328,529329,4020.5
"Post scheduled trip end time",-1,2299,2300,4020.5
"Post scheduled trip end time",-1,4425,4426,4020.5
"Post scheduled trip end time",-1,6245,6246,4020.5
"Post scheduled trip end time",-1,2743,2744,4020.5
"Post scheduled trip end time",-1,6161,6162,4020.5
"Post scheduled trip end time",-1,16890,16891,4020.5
"Post scheduled trip end time",-1,4333,4334,4020.5
"Post scheduled trip end time",-1,10941,10942,4020.5
"Post scheduled trip end time",-1,9550,9551,4020.5
"Post scheduled trip end time",-1,24290,24291,4020.5
"Post scheduled trip end time",-1,16637,16638,4020.5
"Post scheduled trip end time",-1,5591,5592,4020.5
"Post scheduled trip end time",-1,3277,3278,4020.5
"Post scheduled trip end time",-1,11177,11178,4020.5
"Post scheduled trip end time",-1,12377,12378,4020.5
"Post scheduled trip end time",-1,11732,11733,4020.5
"Post scheduled trip end time",-1,13192,13193,4020.5
"Post scheduled trip end time",-1,4086,4087,4020.5
"Post scheduled trip end time",-1,4072,4073,4020.5
"Post scheduled trip end time",-1,14611,14612,4020.5
"Post scheduled trip end time",-1,5440,5441,4020.5
"Post scheduled trip end time",-1,18191,18192,4020.5
"Post scheduled trip end time",-1,3881,3882,4020.5
"Post scheduled trip end time",-1,7161,7162,4020.5
"Post scheduled trip end time",-1,17181,17182,4020.5
"Post scheduled trip end time",-1,9812,9813,4020.5
"Post scheduled trip end time",-1,588,589,4020.5
"Post scheduled trip end time",-1,14846,14847,4020.5
"Post scheduled trip end time",-1,276,277,4020.5
"Post scheduled trip end time",-1,32304,32305,4020.5
"Post scheduled trip end time",-1,17337,17338,4020.5
"Post scheduled trip end time",-1,3074,3075,4020.5
"Post scheduled trip end time",-1,13418,13419,4020.5
"Post scheduled trip end time",-1,13371,13372,4020.5
"Post scheduled trip end time",-1,15255,15256,4020.5
"Post scheduled trip end time",-1,929,930,4020.5
"Post scheduled trip end time",-1,8481,8482,4020.5
"Post scheduled trip end time",-1,14472,14473,4020.5
"Post scheduled trip end time",-1,536448,536449,4020.5
"Post scheduled trip end time",-1,8305,8306,4020.5
"Post scheduled trip end time",-1,9145,9146,4020.5
"Post scheduled trip end time",-1,552,553,4020.5
"Post scheduled trip end time",-1,4070,4071,4020.5
"Post scheduled trip end time",-1,478,479,4020.5
"Post scheduled trip end time",-1,15650,15651,4020.5
"Post scheduled trip end time",-1,8160,8161,4020.5
"Post scheduled trip end time",-1,2107,2108,4020.5
"Post scheduled trip end time",-1,983,984,4020.5
"Post scheduled trip end time",-1,4186,4187,4020.5
"Post scheduled trip end time",-1,7594,7595,4020.5
"Post scheduled trip end time",-1,26464,26465,4020.5
"Post scheduled trip end time",-1,12858,12859,4020.5
"Post scheduled trip end time",-1,10554,10555,4020.5
"Post scheduled trip end time",-1,3999,4000,4020.5
"Post scheduled trip end time",-1,13512,13513,4020.5
"Post scheduled trip end time",-1,13672,13673,4020.5
"Post scheduled trip end time",-1,2368,2369,4020.5
"Post scheduled trip end time",-1,16012,16013,4020.5
"Post scheduled trip end time",-1,10748,10749,4020.5
"Post scheduled trip end time",-1,7246,7247,4020.5
"Post scheduled trip end time",-1,10771,10772,4020.5
"Post scheduled trip end time",-1,2801,2802,4020.5
"Post scheduled trip end time",-1,2849,2850,4020.5
"Post scheduled trip end time",-1,8346,8347,4020.5
"Post scheduled trip end time",-1,11886,11887,4020.5
"Post scheduled trip end time",-1,4926,4927,4020.5
"Post scheduled trip end time",-1,18414,18415,4020.5
"Post scheduled trip end time",-1,25504,25505,4020.5
"Post scheduled trip end time",-1,31932,31933,4020.5
"Post scheduled trip end time",-1,13218,13219,4020.5
"Post scheduled trip end time",-1,10971,10972,4020.5
"Post scheduled trip end time",-1,808,809,4020.5
"Post scheduled trip end time",-1,532508,532509,4020.5
"Post scheduled trip end time",-1,2786,2787,4020.5
"Post scheduled trip end time",-1,528808,528809,4020.5
"Post scheduled trip end time",-1,2601,2602,4020.5
"Post scheduled trip end time",-1,19532,19533,4020.5
"Post scheduled trip end time",-1,2778,2779,4020.5
"Post scheduled trip end time",-1,19271,19272,4020.5
"Post scheduled trip end time",-1,8152,8153,4020.5
"Post scheduled trip end time",-1,16952,16953,4020.5
"Post scheduled trip end time",-1,5546,5547,4020.5
"Post scheduled trip end time",-1,7065,7066,4020.5
"Post scheduled trip end time",-1,1606,1607,4020.5
"Post scheduled trip end time",-1,3192,3193,4020.5
"Post scheduled trip end time",-1,17545,17546,4020.5
"Post scheduled trip end time",-1,3421,3422,4020.5
"Post scheduled trip end time",-1,5170,5171,4020.5
"Post scheduled trip end time",-1,12390,12391,4020.5
"Post scheduled trip end time",-1,12870,12871,4020.5
"Post scheduled trip end time",-1,15430,15431,4020.5
"Post scheduled trip end time",-1,6354,6355,4020.5
"Post scheduled trip end time",-1,8706,8707,4020.5
"Post scheduled trip end time",-1,5431,5432,4020.5
"Post scheduled trip end time",-1,30910,30911,4020.5
"Post scheduled trip end time",-1,4715,4716,4020.5
"Post scheduled trip end time",-1,12317,12318,4020.5
"Post scheduled trip end time",-1,472,473,4020.5
"Post scheduled trip end time",-1,1382,1383,4020.5
"Post scheduled trip end time",-1,21597,21598,4020.5
"Post scheduled trip end time",-1,6212,6213,4020.5
"Post scheduled trip end time",-1,2508,2509,4020.5
"Post scheduled trip end time",-1,3190,3191,4020.5
"Post scheduled trip end time",-1,10801,10802,4020.5
"Post scheduled trip end time",-1,1354,1355,4020.5
"Post scheduled trip end time",-1,12370,12371,4020.5
"Post scheduled trip end time",-1,3763,3764,4020.5
"Post scheduled trip end time",-1,867,868,4020.5
"Post scheduled trip end time",-1,6573,6574,4020.5
"Post scheduled trip end time",-1,5600,5601,4020.5
"Post scheduled trip end time",-1,5860,5861,4020.5
"Post scheduled trip end time",-1,27244,27245,4020.5
"Post scheduled trip end time",-1,7711,7712,4020.5
"Post scheduled trip end time",-1,1933,1934,4020.5
"Post scheduled trip end time",-1,19674,19675,4020.5
"Post scheduled trip end time",-1,27732,27733,4020.5
"Post scheduled trip end time",-1,11450,11451,4020.5
"Post scheduled trip end time",-1,21830,21831,4020.5
"Post scheduled trip end time",-1,22110,22111,4020.5
"Post scheduled trip end time",-1,10598,10599,4020.5
"Post scheduled trip end time",-1,9831,9832,4020.5
"Post scheduled trip end time",-1,1158,1159,4020.5
"Post scheduled trip end time",-1,3289,3290,4020.5
"Post scheduled trip end time",-1,6628,6629,4020.5
"Post scheduled trip end time",-1,530328,530329,4020.5
"Post scheduled trip end time",-1,8786,8787,4020.5
"Post scheduled trip end time",-1,14412,14413,4020.5
"Post scheduled trip end time",-1,9621,9622,4020.5
"Post scheduled trip end time",-1,992,993,4020.5
"Post scheduled trip end time",-1,11750,11751,4020.5
"Post scheduled trip end time",-1,544,545,4020.5
"Post scheduled trip end time",-1,4633,4634,4020.5
"Post scheduled trip end time",-1,5140,5141,4020.5
"Post scheduled trip end time",-1,18946,18947,4020.5
"Post scheduled trip end time",-1,19386,19387,4020.5
"Post scheduled trip end time",-1,192820,192821,4020.5
"Post scheduled trip end time",-1,24164,24165,4020.5
"Post scheduled trip end time",-1,18238,18239,4020.5
"Post scheduled trip end time",-1,4320,4321,4020.5
"Post scheduled trip end time",-1,12718,12719,4020.5
"Post scheduled trip end time",-1,3757,3758,4020.5
"Post scheduled trip end time",-1,9597,9598,4020.5
"Post scheduled trip end time",-1,15957,15958,4020.5
"Post scheduled trip end time",-1,13154,13155,4020.5
"Post scheduled trip end time",-1,6137,6138,4020.5
"Post scheduled trip end time",-1,528648,528649,4020.5
"Post scheduled trip end time",-1,8634,8635,4020.5
"Post scheduled trip end time",-1,2028,2029,4020.5
"Post scheduled trip end time",-1,6605,6606,4020.5
"Post scheduled trip end time",-1,5254,5255,4020.5
"Post scheduled trip end time",-1,2699,2700,4020.5
"Post scheduled trip end time",-1,4132,4133,4020.5
"Post scheduled trip end time",-1,165,166,4020.5
"Post scheduled trip end time",-1,70,71,4020.5
"Post scheduled trip end time",-1,16790,16791,4020.5
"Post scheduled trip end time",-1,2307,2308,4020.5
"Post scheduled trip end time",-1,3566,3567,4020.5
"Post scheduled trip end time",-1,17634,17635,4020.5
"Post scheduled trip end time",-1,19414,19415,4020.5
"Post scheduled trip end time",-1,14674,14675,4020.5
"Post scheduled trip end time",-1,4335,4336,4020.5
"Post scheduled trip end time",-1,6030,6031,4020.5
"Post scheduled trip end time",-1,6550,6551,4020.5
"Post scheduled trip end time",-1,9020,9021,4020.5
"Post scheduled trip end time",-1,2960,2961,4020.5
"Post scheduled trip end time",-1,2059,2060,4020.5
"Post scheduled trip end time",-1,7150,7151,4020.5
"Post scheduled trip end time",-1,8248,8249,4020.5
"Post scheduled trip end time",-1,15572,15573,4020.5
"Post scheduled trip end time",-1,8601,8602,4020.5
"Post scheduled trip end time",-1,3181,3182,4020.5
"Post scheduled trip end time",-1,4381,4382,4020.5
"Post scheduled trip end time",-1,645,646,4020.5
"Post scheduled trip end time",-1,5761,5762,4020.5
"Post scheduled trip end time",-1,858,859,4020.5
"Post scheduled trip end time",-1,582,583,4020.5
"Post scheduled trip end time",-1,17290,17291,4020.5
"Post scheduled trip end time",-1,8506,8507,4020.5
"Post scheduled trip end time",-1,9026,9027,4020.5
"Post scheduled trip end time",-1,34310,34311,4020.5
"Post scheduled trip end time",-1,11660,11661,4020.5
"Post scheduled trip end time",-1,24190,24191,4020.5
"Post scheduled trip end time",-1,25632,25633,4020.5
"Post scheduled trip end time",-1,5200,5201,4020.5
"Post scheduled trip end time",-1,16294,16295,4020.5
"Post scheduled trip end time",-1,3101,3102,4020.5
"Post scheduled trip end time",-1,11126,11127,4020.5
"Post scheduled trip end time",-1,6705,6706,4020.5
"Post scheduled trip end time",-1,1062,1063,4020.5
"Post scheduled trip end time",-1,15001,15002,4020.5
"Post scheduled trip end time",-1,7352,7353,4020.5
"Post scheduled trip end time",-1,1698,1699,4020.5
"Post scheduled trip end time",-1,3614,3615,4020.5
"Post scheduled trip end time",-1,4120,4121,4020.5
"Post scheduled trip end time",-1,6071,6072,4020.5
"Post scheduled trip end time",-1,11630,11631,4020.5
"Post scheduled trip end time",-1,4935,4936,4020.5
"Post scheduled trip end time",-1,22278,22279,4020.5
"Post scheduled trip end time",-1,2933,2934,4020.5
"Post scheduled trip end time",-1,11230,11231,4020.5
"Post scheduled trip end time",-1,9454,9455,4020.5
"Post scheduled trip end time",-1,7921,7922,4020.5
"Post scheduled trip end time",-1,6121,6122,4020.5
"Post scheduled trip end time",-1,20232,20233,4020.5
"Post scheduled trip end time",-1,17988,17989,4020.5
"Post scheduled trip end time",-1,1829,1830,4020.5
"Post scheduled trip end time",-1,820,821,4020.5
"Post scheduled trip end time",-1,2869,2870,4020.5
"Post scheduled trip end time",-1,2787,2788,4020.5
"Post scheduled trip end time",-1,1591,1592,4020.5
"Post scheduled trip end time",-1,4766,4767,4020.5
"Post scheduled trip end time",-1,6091,6092,4020.5
"Post scheduled trip end time",-1,27550,27551,4020.5
"Post scheduled trip end time",-1,19226,19227,4020.5
"Post scheduled trip end time",-1,19274,19275,4020.5
"Post scheduled trip end time",-1,13054,13055,4020.5
"Post scheduled trip end time",-1,15774,15775,4020.5
"Post scheduled trip end time",-1,21150,21151,4020.5
"Post scheduled trip end time",-1,17617,17618,4020.5
"Post scheduled trip end time",-1,16021,16022,4020.5
"Post scheduled trip end time",-1,8230,8231,4020.5
"Post scheduled trip end time",-1,17992,17993,4020.5
"Post scheduled trip end time",-1,7297,7298,4020.5
"Post scheduled trip end time",-1,3932,3933,4020.5
"Post scheduled trip end time",-1,1123,1124,4020.5
"Post scheduled trip end time",-1,19792,19793,4020.5
"Post scheduled trip end time",-1,20211,20212,4020.5
"Post scheduled trip end time",-1,5626,5627,4020.5
"Post scheduled trip end time",-1,4594,4595,4020.5
"Post scheduled trip end time",-1,1715,1716,4020.5
"Post scheduled trip end time",-1,139,140,4020.5
"Post scheduled trip end time",-1,1014,1015,4020.5
"Post scheduled trip end time",-1,19650,19651,4020.5
"Post scheduled trip end time",-1,9566,9567,4020.5
"Post scheduled trip end time",-1,8190,8191,4020.5
"Post scheduled trip end time",-1,32012,32013,4020.5
"Post scheduled trip end time",-1,23704,23705,4020.5
"Post scheduled trip end time",-1,12470,12471,4020.5
"Post scheduled trip end time",-1,8361,8362,4020.5
"Post scheduled trip end time",-1,9161,9162,4020.5
"Post scheduled trip end time",-1,6971,6972,4020.5
"Post scheduled trip end time",-1,13417,13418,4020.5
"Post scheduled trip end time",-1,451,452,4020.5
"Post scheduled trip end time",-1,12234,12235,4020.5
"Post scheduled trip end time",-1,14711,14712,4020.5
"Post scheduled trip end time",-1,11866,11867,4020.5
"Post scheduled trip end time",-1,19272,19273,4020.5
"Post scheduled trip end time",-1,230,231,4020.5
"Post scheduled trip end time",-1,2703,2704,4020.5
"Post scheduled trip end time",-1,14410,14411,4020.5
"Post scheduled trip end time",-1,3610,3611,4020.5
"Post scheduled trip end time",-1,6894,6895,4020.5
"Post scheduled trip end time",-1,27390,27391,4020.5
"Post scheduled trip end time",-1,29670,29671,4020.5
"Post scheduled trip end time",-1,15326,15327,4020.5
"Post scheduled trip end time",-1,8131,8132,4020.5
"Post scheduled trip end time",-1,19546,19547,4020.5
"Post scheduled trip end time",-1,34372,34373,4020.5
"Post scheduled trip end time",-1,953,954,4020.5
"Post scheduled trip end time",-1,24092,24093,4020.5
"Post scheduled trip end time",-1,7971,7972,4020.5
"Post scheduled trip end time",-1,14037,14038,4020.5
"Post scheduled trip end time",-1,12792,12793,4020.5
"Post scheduled trip end time",-1,7398,7399,4020.5
"Post scheduled trip end time",-1,3266,3267,4020.5
"Post scheduled trip end time",-1,523988,523989,4020.5
"Post scheduled trip end time",-1,7806,7807,4020.5
"Post scheduled trip end time",-1,8146,8147,4020.5
"Post scheduled trip end time",-1,16785,16786,4020.5
"Post scheduled trip end time",-1,2620,2621,4020.5
"Post scheduled trip end time",-1,3089,3090,4020.5
"Post scheduled trip end time",-1,2600,2601,4020.5
"Post scheduled trip end time",-1,7160,7161,4020.5
"Post scheduled trip end time",-1,18410,18411,4020.5
"Post scheduled trip end time",-1,12966,12967,4020.5
"Post scheduled trip end time",-1,5786,5787,4020.5
"Post scheduled trip end time",-1,8531,8532,4020.5
"Post scheduled trip end time",-1,19314,19315,4020.5
"Post scheduled trip end time",-1,12598,12599,4020.5
"Post scheduled trip end time",-1,2874,2875,4020.5
"Post scheduled trip end time",-1,677,678,4020.5
"Post scheduled trip end time",-1,8397,8398,4020.5
"Post scheduled trip end time",-1,1209,1210,4020.5
"Post scheduled trip end time",-1,6398,6399,4020.5
"Post scheduled trip end time",-1,3508,3509,4020.5
"Post scheduled trip end time",-1,529188,529189,4020.5
"Post scheduled trip end time",-1,2712,2713,4020.5
"Post scheduled trip end time",-1,10751,10752,4020.5
"Post scheduled trip end time",-1,3045,3046,4020.5
"Post scheduled trip end time",-1,11265,11266,4020.5
"Post scheduled trip end time",-1,3481,3482,4020.5
"Post scheduled trip end time",-1,9350,9351,4020.5
"Post scheduled trip end time",-1,598,599,4020.5
"Post scheduled trip end time",-1,2647,2648,4020.5
"Post scheduled trip end time",-1,31010,31011,4020.5
"Post scheduled trip end time",-1,31070,31071,4020.5
"Post scheduled trip end time",-1,7351,7352,4020.5
"Post scheduled trip end time",-1,7771,7772,4020.5
"Post scheduled trip end time",-1,24710,24711,4020.5
"Post scheduled trip end time",-1,9614,9615,4020.5
"Post scheduled trip end time",-1,12398,12399,4020.5
"Post scheduled trip end time",-1,4341,4342,4020.5
"Post scheduled trip end time",-1,526608,526609,4020.5
"Post scheduled trip end time",-1,14191,14192,4020.5
"Post scheduled trip end time",-1,8437,8438,4020.5
"Post scheduled trip end time",-1,8725,8726,4020.5
"Post scheduled trip end time",-1,4045,4046,4020.5
"Post scheduled trip end time",-1,1390,1391,4020.5
"Post scheduled trip end time",-1,3147,3148,4020.5
"Post scheduled trip end time",-1,1462,1463,4020.5
"Post scheduled trip end time",-1,11506,11507,4020.5
"Post scheduled trip end time",-1,2871,2872,4020.5
"Post scheduled trip end time",-1,25432,25433,4020.5
"Post scheduled trip end time",-1,11541,11542,4020.5
"Post scheduled trip end time",-1,526968,526969,4020.5
"Post scheduled trip end time",-1,6588,6589,4020.5
"Post scheduled trip end time",-1,8906,8907,4020.5
"Post scheduled trip end time",-1,8477,8478,4020.5
"Post scheduled trip end time",-1,7746,7747,4020.5
"Post scheduled trip end time",-1,5946,5947,4020.5
"Post scheduled trip end time",-1,8270,8271,4020.5
"Post scheduled trip end time",-1,10254,10255,4020.5
"Post scheduled trip end time",-1,24292,24293,4020.5
"Post scheduled trip end time",-1,5871,5872,4020.5
"Post scheduled trip end time",-1,4749,4750,4020.5
"Post scheduled trip end time",-1,4732,4733,4020.5
"Post scheduled trip end time",-1,528948,528949,4020.5
"Post scheduled trip end time",-1,12051,12052,4020.5
"Post scheduled trip end time",-1,5160,5161,4020.5
"Post scheduled trip end time",-1,4025,4026,4020.5
"Post scheduled trip end time",-1,15241,15242,4020.5
"Post scheduled trip end time",-1,7690,7691,4020.5
"Post scheduled trip end time",-1,8070,8071,4020.5
"Post scheduled trip end time",-1,690,691,4020.5
"Post scheduled trip end time",-1,3534,3535,4020.5
"Post scheduled trip end time",-1,5633,5634,4020.5
"Post scheduled trip end time",-1,2998,2999,4020.5
"Post scheduled trip end time",-1,5111,5112,4020.5
"Post scheduled trip end time",-1,26564,26565,4020.5
"Post scheduled trip end time",-1,28930,28931,4020.5
"Post scheduled trip end time",-1,5610,5611,4020.5
"Post scheduled trip end time",-1,215,216,4020.5
"Post scheduled trip end time",-1,4915,4916,4020.5
"Post scheduled trip end time",-1,33730,33731,4020.5
"Post scheduled trip end time",-1,33950,33951,4020.5
"Post scheduled trip end time",-1,24950,24951,4020.5
"Post scheduled trip end time",-1,4449,4450,4020.5
"Post scheduled trip end time",-1,21812,21813,4020.5
"Post scheduled trip end time",-1,519588,519589,4020.5
"Post scheduled trip end time",-1,6111,6112,4020.5
"Post scheduled trip end time",-1,727,728,4020.5
"Post scheduled trip end time",-1,6897,6898,4020.5
"Post scheduled trip end time",-1,2169,2170,4020.5
"Post scheduled trip end time",-1,3759,3760,4020.5
"Post scheduled trip end time",-1,5801,5802,4020.5
"Post scheduled trip end time",-1,6297,6298,4020.5
"Post scheduled trip end time",-1,522068,522069,4020.5
"Post scheduled trip end time",-1,2817,2818,4020.5
"Post scheduled trip end time",-1,860,861,4020.5
"Post scheduled trip end time",-1,537368,537369,4020.5
"Post scheduled trip end time",-1,4221,4222,4020.5
"Post scheduled trip end time",-1,244,245,4020.5
"Post scheduled trip end time",-1,206,207,4020.5
"Post scheduled trip end time",-1,484,485,4020.5
"Post scheduled trip end time",-1,14730,14731,4020.5
"Post scheduled trip end time",-1,88,89,4020.5
"Post scheduled trip end time",-1,7274,7275,4020.5
"Post scheduled trip end time",-1,6180,6181,4020.5
"Post scheduled trip end time",-1,26804,26805,4020.5
"Post scheduled trip end time",-1,11030,11031,4020.5
"Post scheduled trip end time",-1,7731,7732,4020.5
"Post scheduled trip end time",-1,12134,12135,4020.5
"Post scheduled trip end time",-1,21338,21339,4020.5
"Post scheduled trip end time",-1,3675,3676,4020.5
"Post scheduled trip end time",-1,22350,22351,4020.5
"Post scheduled trip end time",-1,8730,8731,4020.5
"Post scheduled trip end time",-1,17478,17479,4020.5
"Post scheduled trip end time",-1,23892,23893,4020.5
"Post scheduled trip end time",-1,20592,20593,4020.5
"Post scheduled trip end time",-1,519628,519629,4020.5
"Post scheduled trip end time",-1,5737,5738,4020.5
"Post scheduled trip end time",-1,5437,5438,4020.5
"Post scheduled trip end time",-1,15577,15578,4020.5
"Post scheduled trip end time",-1,862,863,4020.5
"Post scheduled trip end time",-1,5249,5250,4020.5
"Post scheduled trip end time",-1,6798,6799,4020.5
"Post scheduled trip end time",-1,523428,523429,4020.5
"Post scheduled trip end time",-1,532208,532209,4020.5
"Post scheduled trip end time",-1,17372,17373,4020.5
"Post scheduled trip end time",-1,6814,6815,4020.5
"Post scheduled trip end time",-1,6832,6833,4020.5
"Post scheduled trip end time",-1,15751,15752,4020.5
"Post scheduled trip end time",-1,14806,14807,4020.5
"Post scheduled trip end time",-1,9992,9993,4020.5
"Post scheduled trip end time",-1,4165,4166,4020.5
"Post scheduled trip end time",-1,11372,11373,4020.5
"Post scheduled trip end time",-1,11512,11513,4020.5
"Post scheduled trip end time",-1,16390,16391,4020.5
"Post scheduled trip end time",-1,19090,19091,4020.5
"Post scheduled trip end time",-1,9286,9287,4020.5
"Post scheduled trip end time",-1,3818,3819,4020.5
"Post scheduled trip end time",-1,706,707,4020.5
"Post scheduled trip end time",-1,13890,13891,4020.5
"Post scheduled trip end time",-1,31210,31211,4020.5
"Post scheduled trip end time",-1,25792,25793,4020.5
"Post scheduled trip end time",-1,34232,34233,4020.5
"Post scheduled trip end time",-1,2480,2481,4020.5
"Post scheduled trip end time",-1,521308,521309,4020.5
"Post scheduled trip end time",-1,6817,6818,4020.5
"Post scheduled trip end time",-1,7477,7478,4020.5
"Post scheduled trip end time",-1,7498,7499,4020.5
"Post scheduled trip end time",-1,532628,532629,4020.5
"Post scheduled trip end time",-1,8988,8989,4020.5
"Post scheduled trip end time",-1,523848,523849,4020.5
"Post scheduled trip end time",-1,1843,1844,4020.5
"Post scheduled trip end time",-1,540468,540469,4020.5
"Post scheduled trip end time",-1,9701,9702,4020.5
"Post scheduled trip end time",-1,419,420,4020.5
"Post scheduled trip end time",-1,7341,7342,4020.5
"Post scheduled trip end time",-1,13985,13986,4020.5
"Post scheduled trip end time",-1,12205,12206,4020.5
"Post scheduled trip end time",-1,6491,6492,4020.5
"Post scheduled trip end time",-1,30864,30865,4020.5
"Post scheduled trip end time",-1,11440,11441,4020.5
"Post scheduled trip end time",-1,20158,20159,4020.5
"Post scheduled trip end time",-1,8211,8212,4020.5
"Post scheduled trip end time",-1,26810,26811,4020.5
"Post scheduled trip end time",-1,434,435,4020.5
"Post scheduled trip end time",-1,1005,1006,4020.5
"Post scheduled trip end time",-1,9054,9055,4020.5
"Post scheduled trip end time",-1,25372,25373,4020.5
"Post scheduled trip end time",-1,20152,20153,4020.5
"Post scheduled trip end time",-1,6660,6661,4020.5
"Post scheduled trip end time",-1,15635,15636,4020.5
"Post scheduled trip end time",-1,10432,10433,4020.5
"Post scheduled trip end time",-1,2133,2134,4020.5
"Post scheduled trip end time",-1,4514,4515,4020.5
"Post scheduled trip end time",-1,11005,11006,4020.5
"Post scheduled trip end time",-1,1251,1252,4020.5
"Post scheduled trip end time",-1,125,126,4020.5
"Post scheduled trip end time",-1,3558,3559,4020.5
"Post scheduled trip end time",-1,4173,4174,4020.5
"Post scheduled trip end time",-1,15530,15531,4020.5
"Post scheduled trip end time",-1,5309,5310,4020.5
"Post scheduled trip end time",-1,2231,2232,4020.5
"Post scheduled trip end time",-1,17792,17793,4020.5
"Post scheduled trip end time",-1,520408,520409,4020.5
"Post scheduled trip end time",-1,2917,2918,4020.5
"Post scheduled trip end time",-1,2937,2938,4020.5
"Post scheduled trip end time",-1,8881,8882,4020.5
"Post scheduled trip end time",-1,3752,3753,4020.5
"Post scheduled trip end time",-1,3799,3800,4020.5
"Post scheduled trip end time",-1,18225,18226,4020.5
"Post scheduled trip end time",-1,130,131,4020.5
"Post scheduled trip end time",-1,1970,1971,4020.5
"Post scheduled trip end time",-1,534,535,4020.5
"Post scheduled trip end time",-1,909,910,4020.5
"Post scheduled trip end time",-1,4961,4962,4020.5
"Post scheduled trip end time",-1,12046,12047,4020.5
"Post scheduled trip end time",-1,352,353,4020.5
"Post scheduled trip end time",-1,5931,5932,4020.5
"Post scheduled trip end time",-1,13230,13231,4020.5
"Post scheduled trip end time",-1,34390,34391,4020.5
"Post scheduled trip end time",-1,33372,33373,4020.5
"Post scheduled trip end time",-1,806,807,4020.5
"Post scheduled trip end time",-1,23712,23713,4020.5
"Post scheduled trip end time",-1,2934,2935,4020.5
"Post scheduled trip end time",-1,11581,11582,4020.5
"Post scheduled trip end time",-1,12161,12162,4020.5
"Post scheduled trip end time",-1,15235,15236,4020.5
"Post scheduled trip end time",-1,12034,12035,4020.5
"Post scheduled trip end time",-1,18072,18073,4020.5
"Post scheduled trip end time",-1,6821,6822,4020.5
"Post scheduled trip end time",-1,20897,20898,4020.5
"Post scheduled trip end time",-1,22157,22158,4020.5
"Post scheduled trip end time",-1,1472,1473,4020.5
"Post scheduled trip end time",-1,537628,537629,4020.5
"Post scheduled trip end time",-1,5000,5001,4020.5
"Post scheduled trip end time",-1,9081,9082,4020.5
"Post scheduled trip end time",-1,1025,1026,4020.5
"Post scheduled trip end time",-1,3010,3011,4020.5
"Post scheduled trip end time",-1,8850,8851,4020.5
"Post scheduled trip end time",-1,9890,9891,4020.5
"Post scheduled trip end time",-1,874,875,4020.5
"Post scheduled trip end time",-1,1589,1590,4020.5
"Post scheduled trip end time",-1,4881,4882,4020.5
"Post scheduled trip end time",-1,3274,3275,4020.5
"Post scheduled trip end time",-1,4114,4115,4020.5
"Post scheduled trip end time",-1,10486,10487,4020.5
"Post scheduled trip end time",-1,3530,3531,4020.5
"Post scheduled trip end time",-1,19006,19007,4020.5
"Post scheduled trip end time",-1,1084,1085,4020.5
"Post scheduled trip end time",-1,596,597,4020.5
"Post scheduled trip end time",-1,22832,22833,4020.5
"Post scheduled trip end time",-1,19112,19113,4020.5
"Post scheduled trip end time",-1,27692,27693,4020.5
"Post scheduled trip end time",-1,520748,520749,4020.5
"Post scheduled trip end time",-1,12154,12155,4020.5
"Post scheduled trip end time",-1,5221,5222,4020.5
"Post scheduled trip end time",-1,5461,5462,4020.5
"Post scheduled trip end time",-1,2213,2214,4020.5
"Post scheduled trip end time",-1,20371,20372,4020.5
"Post scheduled trip end time",-1,7788,7789,4020.5
"Post scheduled trip end time",-1,11721,11722,4020.5
"Post scheduled trip end time",-1,1844,1845,4020.5
"Post scheduled trip end time",-1,969,970,4020.5
"Post scheduled trip end time",-1,2403,2404,4020.5
"Post scheduled trip end time",-1,5681,5682,4020.5
"Post scheduled trip end time",-1,1069,1070,4020.5
"Post scheduled trip end time",-1,2180,2181,4020.5
"Post scheduled trip end time",-1,6693,6694,4020.5
"Post scheduled trip end time",-1,2338,2339,4020.5
"Post scheduled trip end time",-1,30890,30891,4020.5
"Post scheduled trip end time",-1,34412,34413,4020.5
"Post scheduled trip end time",-1,24370,24371,4020.5
"Post scheduled trip end time",-1,8454,8455,4020.5
"Post scheduled trip end time",-1,30232,30233,4020.5
"Post scheduled trip end time",-1,25032,25033,4020.5
"Post scheduled trip end time",-1,2225,2226,4020.5
"Post scheduled trip end time",-1,4271,4272,4020.5
"Post scheduled trip end time",-1,1267,1268,4020.5
"Post scheduled trip end time",-1,14097,14098,4020.5
"Post scheduled trip end time",-1,1453,1454,4020.5
"Post scheduled trip end time",-1,3806,3807,4020.5
"Post scheduled trip end time",-1,532068,532069,4020.5
"Post scheduled trip end time",-1,542628,542629,4020.5
"Post scheduled trip end time",-1,8354,8355,4020.5
"Post scheduled trip end time",-1,6100,6101,4020.5
"Post scheduled trip end time",-1,2881,2882,4020.5
"Post scheduled trip end time",-1,13365,13366,4020.5
"Post scheduled trip end time",-1,4541,4542,4020.5
"Post scheduled trip end time",-1,1282,1283,4020.5
"Post scheduled trip end time",-1,906,907,4020.5
"Post scheduled trip end time",-1,19926,19927,4020.5
"Post scheduled trip end time",-1,31290,31291,4020.5
"Post scheduled trip end time",-1,23844,23845,4020.5
"Post scheduled trip end time",-1,24144,24145,4020.5
"Post scheduled trip end time",-1,10321,10322,4020.5
"Post scheduled trip end time",-1,695,696,4020.5
"Post scheduled trip end time",-1,12292,12293,4020.5
"Post scheduled trip end time",-1,7872,7873,4020.5
"Post scheduled trip end time",-1,1515,1516,4020.5
"Post scheduled trip end time",-1,4450,4451,4020.5
"Post scheduled trip end time",-1,4840,4841,4020.5
"Post scheduled trip end time",-1,28570,28571,4020.5
"Post scheduled trip end time",-1,17374,17375,4020.5
"Post scheduled trip end time",-1,32084,32085,4020.5
"Post scheduled trip end time",-1,25610,25611,4020.5
"Post scheduled trip end time",-1,4475,4476,4020.5
"Post scheduled trip end time",-1,16574,16575,4020.5
"Post scheduled trip end time",-1,20530,20531,4020.5
"Post scheduled trip end time",-1,525068,525069,4020.5
"Post scheduled trip end time",-1,11148,11149,4020.5
"Post scheduled trip end time",-1,5354,5355,4020.5
"Post scheduled trip end time",-1,11361,11362,4020.5
"Post scheduled trip end time",-1,14485,14486,4020.5
"Post scheduled trip end time",-1,16041,16042,4020.5
"Post scheduled trip end time",-1,12185,12186,4020.5
"Post scheduled trip end time",-1,1201,1202,4020.5
"Post scheduled trip end time",-1,92,93,4020.5
"Post scheduled trip end time",-1,132,133,4020.5
"Post scheduled trip end time",-1,1060,1061,4020.5
"Post scheduled trip end time",-1,1058,1059,4020.5
"Post scheduled trip end time",-1,68,69,4020.5
"Post scheduled trip end time",-1,1602,1603,4020.5
"Post scheduled trip end time",-1,29910,29911,4020.5
"Post scheduled trip end time",-1,2475,2476,4020.5
"Post scheduled trip end time",-1,16534,16535,4020.5
"Post scheduled trip end time",-1,16614,16615,4020.5
"Post scheduled trip end time",-1,14977,14978,4020.5
"Post scheduled trip end time",-1,18372,18373,4020.5
"Post scheduled trip end time",-1,1873,1874,4020.5
"Post scheduled trip end time",-1,8321,8322,4020.5
"Post scheduled trip end time",-1,2417,2418,4020.5
"Post scheduled trip end time",-1,4278,4279,4020.5
"Post scheduled trip end time",-1,536048,536049,4020.5
"Post scheduled trip end time",-1,9601,9602,4020.5
"Post scheduled trip end time",-1,3710,3711,4020.5
"Post scheduled trip end time",-1,2540,2541,4020.5
"Post scheduled trip end time",-1,4314,4315,4020.5
"Post scheduled trip end time",-1,27784,27785,4020.5
"Post scheduled trip end time",-1,16086,16087,4020.5
"Post scheduled trip end time",-1,15950,15951,4020.5
"Post scheduled trip end time",-1,34492,34493,4020.5
"Post scheduled trip end time",-1,11401,11402,4020.5
"Post scheduled trip end time",-1,14237,14238,4020.5
"Post scheduled trip end time",-1,3569,3570,4020.5
"Post scheduled trip end time",-1,2961,2962,4020.5
"Post scheduled trip end time",-1,11621,11622,4020.5
"Post scheduled trip end time",-1,18365,18366,4020.5
"Post scheduled trip end time",-1,10250,10251,4020.5
"Post scheduled trip end time",-1,193,194,4020.5
"Post scheduled trip end time",-1,822,823,4020.5
"Post scheduled trip end time",-1,12506,12507,4020.5
"Post scheduled trip end time",-1,466,467,4020.5
"Post scheduled trip end time",-1,19166,19167,4020.5
"Post scheduled trip end time",-1,1226,1227,4020.5
"Post scheduled trip end time",-1,16014,16015,4020.5
"Post scheduled trip end time",-1,10090,10091,4020.5
"Post scheduled trip end time",-1,7520,7521,4020.5
"Post scheduled trip end time",-1,520508,520509,4020.5
"Post scheduled trip end time",-1,8097,8098,4020.5
"Post scheduled trip end time",-1,14511,14512,4020.5
"Post scheduled trip end time",-1,4197,4198,4020.5
"Post scheduled trip end time",-1,13177,13178,4020.5
"Post scheduled trip end time",-1,4688,4689,4020.5
"Post scheduled trip end time",-1,9552,9553,4020.5
"Post scheduled trip end time",-1,13268,13269,4020.5
"Post scheduled trip end time",-1,7625,7626,4020.5
"Post scheduled trip end time",-1,1719,1720,4020.5
"Post scheduled trip end time",-1,30,31,4020.5
"Post scheduled trip end time",-1,5830,5831,4020.5
"Post scheduled trip end time",-1,18550,18551,4020.5
"Post scheduled trip end time",-1,3150,3151,4020.5
"Post scheduled trip end time",-1,5340,5341,4020.5
"Post scheduled trip end time",-1,456,457,4020.5
"Post scheduled trip end time",-1,7091,7092,4020.5
"Post scheduled trip end time",-1,29650,29651,4020.5
"Post scheduled trip end time",-1,19074,19075,4020.5
"Post scheduled trip end time",-1,30224,30225,4020.5
"Post scheduled trip end time",-1,32810,32811,4020.5
"Post scheduled trip end time",-1,589,590,4020.5
"Post scheduled trip end time",-1,18432,18433,4020.5
"Post scheduled trip end time",-1,17712,17713,4020.5
"Post scheduled trip end time",-1,3169,3170,4020.5
"Post scheduled trip end time",-1,524408,524409,4020.5
"Post scheduled trip end time",-1,5088,5089,4020.5
"Post scheduled trip end time",-1,4041,4042,4020.5
"Post scheduled trip end time",-1,455,456,4020.5
"Post scheduled trip end time",-1,5701,5702,4020.5
"Post scheduled trip end time",-1,834,835,4020.5
"Post scheduled trip end time",-1,1291,1292,4020.5
"Post scheduled trip end time",-1,11766,11767,4020.5
"Post scheduled trip end time",-1,4986,4987,4020.5
"Post scheduled trip end time",-1,28044,28045,4020.5
"Post scheduled trip end time",-1,9251,9252,4020.5
"Post scheduled trip end time",-1,2050,2051,4020.5
"Post scheduled trip end time",-1,19634,19635,4020.5
"Post scheduled trip end time",-1,1286,1287,4020.5
"Post scheduled trip end time",-1,531228,531229,4020.5
"Post scheduled trip end time",-1,14188,14189,4020.5
"Post scheduled trip end time",-1,7465,7466,4020.5
"Post scheduled trip end time",-1,2150,2151,4020.5
"Post scheduled trip end time",-1,7281,7282,4020.5
"Post scheduled trip end time",-1,13585,13586,4020.5
"Post scheduled trip end time",-1,17061,17062,4020.5
"Post scheduled trip end time",-1,15050,15051,4020.5
"Post scheduled trip end time",-1,442,443,4020.5
"Post scheduled trip end time",-1,6594,6595,4020.5
"Post scheduled trip end time",-1,25444,25445,4020.5
"Post scheduled trip end time",-1,22290,22291,4020.5
"Post scheduled trip end time",-1,23512,23513,4020.5
"Post scheduled trip end time",-1,22032,22033,4020.5
"Post scheduled trip end time",-1,9541,9542,4020.5
"Post scheduled trip end time",-1,11271,11272,4020.5
"Post scheduled trip end time",-1,10117,10118,4020.5
"Post scheduled trip end time",-1,10268,10269,4020.5
"Post scheduled trip end time",-1,10281,10282,4020.5
"Post scheduled trip end time",-1,721,722,4020.5
"Post scheduled trip end time",-1,5560,5561,4020.5
"Post scheduled trip end time",-1,161,162,4020.5
"Post scheduled trip end time",-1,890,891,4020.5
"Post scheduled trip end time",-1,1309,1310,4020.5
"Post scheduled trip end time",-1,19250,19251,4020.5
"Post scheduled trip end time",-1,6891,6892,4020.5
"Post scheduled trip end time",-1,25732,25733,4020.5
"Post scheduled trip end time",-1,14734,14735,4020.5
"Post scheduled trip end time",-1,21250,21251,4020.5
"Post scheduled trip end time",-1,23490,23491,4020.5
"Post scheduled trip end time",-1,2311,2312,4020.5
"Post scheduled trip end time",-1,26132,26133,4020.5
"Post scheduled trip end time",-1,27712,27713,4020.5
"Post scheduled trip end time",-1,9246,9247,4020.5
"Post scheduled trip end time",-1,1839,1840,4020.5
"Post scheduled trip end time",-1,4000,4001,4020.5
"Post scheduled trip end time",-1,10601,10602,4020.5
"Post scheduled trip end time",-1,3160,3161,4020.5
"Post scheduled trip end time",-1,2141,2142,4020.5
"Post scheduled trip end time",-1,1874,1875,4020.5
"Post scheduled trip end time",-1,6867,6868,4020.5
"Post scheduled trip end time",-1,12830,12831,4020.5
"Post scheduled trip end time",-1,5771,5772,4020.5
"Post scheduled trip end time",-1,10270,10271,4020.5
"Post scheduled trip end time",-1,19877,19878,4020.5
"Post scheduled trip end time",-1,7720,7721,4020.5
"Post scheduled trip end time",-1,8498,8499,4020.5
"Post scheduled trip end time",-1,12758,12759,4020.5
"Post scheduled trip end time",-1,11791,11792,4020.5
"Post scheduled trip end time",-1,11251,11252,4020.5
"Post scheduled trip end time",-1,15075,15076,4020.5
"Post scheduled trip end time",-1,12961,12962,4020.5
"Post scheduled trip end time",-1,5608,5609,4020.5
"Post scheduled trip end time",-1,2677,2678,4020.5
"Post scheduled trip end time",-1,1215,1216,4020.5
"Post scheduled trip end time",-1,6794,6795,4020.5
"Post scheduled trip end time",-1,8125,8126,4020.5
"Post scheduled trip end time",-1,5994,5995,4020.5
"Post scheduled trip end time",-1,10592,10593,4020.5
"Post scheduled trip end time",-1,11805,11806,4020.5
"Post scheduled trip end time",-1,6852,6853,4020.5
"Post scheduled trip end time",-1,18,19,4020.5
"Post scheduled trip end time",-1,252,253,4020.5
"Post scheduled trip end time",-1,2200,2201,4020.5
"Post scheduled trip end time",-1,6170,6171,4020.5
"Post scheduled trip end time",-1,25664,25665,4020.5
"Post scheduled trip end time",-1,27964,27965,4020.5
"Post scheduled trip end time",-1,21006,21007,4020.5
"Post scheduled trip end time",-1,16358,16359,4020.5
"Post scheduled trip end time",-1,21572,21573,4020.5
"Post scheduled trip end time",-1,3531,3532,4020.5
"Post scheduled trip end time",-1,13071,13072,4020.5
"Post scheduled trip end time",-1,809,810,4020.5
"Post scheduled trip end time",-1,12952,12953,4020.5
"Post scheduled trip end time",-1,540088,540089,4020.5
"Post scheduled trip end time",-1,541348,541349,4020.5
"Post scheduled trip end time",-1,2898,2899,4020.5
"Post scheduled trip end time",-1,2759,2760,4020.5
"Post scheduled trip end time",-1,676,677,4020.5
"Post scheduled trip end time",-1,71,72,4020.5
"Post scheduled trip end time",-1,1330,1331,4020.5
"Post scheduled trip end time",-1,6646,6647,4020.5
"Post scheduled trip end time",-1,7230,7231,4020.5
"Post scheduled trip end time",-1,5775,5776,4020.5
"Post scheduled trip end time",-1,4249,4250,4020.5
"Post scheduled trip end time",-1,12458,12459,4020.5
"Post scheduled trip end time",-1,19592,19593,4020.5
"Post scheduled trip end time",-1,531008,531009,4020.5
"Post scheduled trip end time",-1,7428,7429,4020.5
"Post scheduled trip end time",-1,7432,7433,4020.5
"Post scheduled trip end time",-1,536588,536589,4020.5
"Post scheduled trip end time",-1,10651,10652,4020.5
"Post scheduled trip end time",-1,4845,4846,4020.5
"Post scheduled trip end time",-1,12605,12606,4020.5
"Post scheduled trip end time",-1,1528,1529,4020.5
"Post scheduled trip end time",-1,1089,1090,4020.5
"Post scheduled trip end time",-1,7180,7181,4020.5
"Post scheduled trip end time",-1,23584,23585,4020.5
"Post scheduled trip end time",-1,3095,3096,4020.5
"Post scheduled trip end time",-1,17677,17678,4020.5
"Post scheduled trip end time",-1,1846,1847,4020.5
"Post scheduled trip end time",-1,9214,9215,4020.5
"Post scheduled trip end time",-1,18728,18729,4020.5
"Post scheduled trip end time",-1,5445,5446,4020.5
"Post scheduled trip end time",-1,6870,6871,4020.5
"Post scheduled trip end time",-1,2889,2890,4020.5
"Post scheduled trip end time",-1,1667,1668,4020.5
"Post scheduled trip end time",-1,7526,7527,4020.5
"Post scheduled trip end time",-1,5291,5292,4020.5
"Post scheduled trip end time",-1,23744,23745,4020.5
"Post scheduled trip end time",-1,2195,2196,4020.5
"Post scheduled trip end time",-1,11970,11971,4020.5
"Post scheduled trip end time",-1,22332,22333,4020.5
"Post scheduled trip end time",-1,5757,5758,4020.5
"Post scheduled trip end time",-1,3829,3830,4020.5
"Post scheduled trip end time",-1,11894,11895,4020.5
"Post scheduled trip end time",-1,5918,5919,4020.5
"Post scheduled trip end time",-1,9352,9353,4020.5
"Post scheduled trip end time",-1,16131,16132,4020.5
"Post scheduled trip end time",-1,8772,8773,4020.5
"Post scheduled trip end time",-1,1021,1022,4020.5
"Post scheduled trip end time",-1,6907,6908,4020.5
"Post scheduled trip end time",-1,7906,7907,4020.5
"Post scheduled trip end time",-1,13586,13587,4020.5
"Post scheduled trip end time",-1,15790,15791,4020.5
"Post scheduled trip end time",-1,33090,33091,4020.5
"Post scheduled trip end time",-1,1126,1127,4020.5
"Post scheduled trip end time",-1,26430,26431,4020.5
"Post scheduled trip end time",-1,11610,11611,4020.5
"Post scheduled trip end time",-1,4149,4150,4020.5
"Post scheduled trip end time",-1,11871,11872,4020.5
"Post scheduled trip end time",-1,15437,15438,4020.5
"Post scheduled trip end time",-1,22437,22438,4020.5
"Post scheduled trip end time",-1,10868,10869,4020.5
"Post scheduled trip end time",-1,364,365,4020.5
"Post scheduled trip end time",-1,2394,2395,4020.5
"Post scheduled trip end time",-1,10985,10986,4020.5
"Post scheduled trip end time",-1,3263,3264,4020.5
"Post scheduled trip end time",-1,6753,6754,4020.5
"Post scheduled trip end time",-1,17050,17051,4020.5
"Post scheduled trip end time",-1,17170,17171,4020.5
"Post scheduled trip end time",-1,5806,5807,4020.5
"Post scheduled trip end time",-1,870,871,4020.5
"Post scheduled trip end time",-1,13350,13351,4020.5
"Post scheduled trip end time",-1,30004,30005,4020.5
"Post scheduled trip end time",-1,32384,32385,4020.5
"Post scheduled trip end time",-1,5669,5670,4020.5
"Post scheduled trip end time",-1,10831,10832,4020.5
"Post scheduled trip end time",-1,14937,14938,4020.5
"Post scheduled trip end time",-1,9908,9909,4020.5
"Post scheduled trip end time",-1,18248,18249,4020.5
"Post scheduled trip end time",-1,383,384,4020.5
"Post scheduled trip end time",-1,3039,3040,4020.5
"Post scheduled trip end time",-1,11605,11606,4020.5
"Post scheduled trip end time",-1,99,100,4020.5
"Post scheduled trip end time",-1,147,148,4020.5
"Post scheduled trip end time",-1,16430,16431,4020.5
"Post scheduled trip end time",-1,1554,1555,4020.5
"Post scheduled trip end time",-1,2829,2830,4020.5
"Post scheduled trip end time",-1,2120,2121,4020.5
"Post scheduled trip end time",-1,15030,15031,4020.5
"Post scheduled trip end time",-1,49,50,4020.5
"Post scheduled trip end time",-1,4713,4714,4020.5
"Post scheduled trip end time",-1,926,927,4020.5
"Post scheduled trip end time",-1,2395,2396,4020.5
"Post scheduled trip end time",-1,15914,15915,4020.5
"Post scheduled trip end time",-1,10310,10311,4020.5
"Post scheduled trip end time",-1,3717,3718,4020.5
"Post scheduled trip end time",-1,14357,14358,4020.5
"Post scheduled trip end time",-1,11028,11029,4020.5
"Post scheduled trip end time",-1,5881,5882,4020.5
"Post scheduled trip end time",-1,20737,20738,4020.5
"Post scheduled trip end time",-1,528868,528869,4020.5
"Post scheduled trip end time",-1,4372,4373,4020.5
"Post scheduled trip end time",-1,4812,4813,4020.5
"Post scheduled trip end time",-1,6765,6766,4020.5
"Post scheduled trip end time",-1,8565,8566,4020.5
"Post scheduled trip end time",-1,4854,4855,4020.5
"Post scheduled trip end time",-1,1856,1857,4020.5
"Post scheduled trip end time",-1,12985,12986,4020.5
"Post scheduled trip end time",-1,18325,18326,4020.5
"Post scheduled trip end time",-1,95,96,4020.5
"Post scheduled trip end time",-1,914,915,4020.5
"Post scheduled trip end time",-1,840,841,4020.5
"Post scheduled trip end time",-1,803,804,4020.5
"Post scheduled trip end time",-1,28130,28131,4020.5
"Post scheduled trip end time",-1,1416,1417,4020.5
"Post scheduled trip end time",-1,16694,16695,4020.5
"Post scheduled trip end time",-1,283,284,4020.5
"Post scheduled trip end time",-1,11461,11462,4020.5
"Post scheduled trip end time",-1,18332,18333,4020.5
"Post scheduled trip end time",-1,20297,20298,4020.5
"Post scheduled trip end time",-1,8892,8893,4020.5
"Post scheduled trip end time",-1,9112,9113,4020.5
"Post scheduled trip end time",-1,1738,1739,4020.5
"Post scheduled trip end time",-1,536668,536669,4020.5
"Post scheduled trip end time",-1,7881,7882,4020.5
"Post scheduled trip end time",-1,11025,11026,4020.5
"Post scheduled trip end time",-1,2681,2682,4020.5
"Post scheduled trip end time",-1,323,324,4020.5
"Post scheduled trip end time",-1,318,319,4020.5
"Post scheduled trip end time",-1,1540,1541,4020.5
"Post scheduled trip end time",-1,398,399,4020.5
"Post scheduled trip end time",-1,8210,8211,4020.5
"Post scheduled trip end time",-1,9950,9951,4020.5
"Post scheduled trip end time",-1,29344,29345,4020.5
"Post scheduled trip end time",-1,5077,5078,4020.5
"Post scheduled trip end time",-1,15537,15538,4020.5
"Post scheduled trip end time",-1,20752,20753,4020.5
"Post scheduled trip end time",-1,2760,2761,4020.5
"Post scheduled trip end time",-1,17771,17772,4020.5
"Post scheduled trip end time",-1,10988,10989,4020.5
"Post scheduled trip end time",-1,8166,8167,4020.5
"Post scheduled trip end time",-1,15341,15342,4020.5
"Post scheduled trip end time",-1,24350,24351,4020.5
"Post scheduled trip end time",-1,23290,23291,4020.5
"Post scheduled trip end time",-1,18917,18918,4020.5
"Post scheduled trip end time",-1,18358,18359,4020.5
"Post scheduled trip end time",-1,5777,5778,4020.5
"Post scheduled trip end time",-1,4798,4799,4020.5
"Post scheduled trip end time",-1,1148,1149,4020.5
"Post scheduled trip end time",-1,2159,2160,4020.5
"Post scheduled trip end time",-1,8952,8953,4020.5
"Post scheduled trip end time",-1,2278,2279,4020.5
"Post scheduled trip end time",-1,9197,9198,4020.5
"Post scheduled trip end time",-1,59,60,4020.5
"Post scheduled trip end time",-1,16970,16971,4020.5
"Post scheduled trip end time",-1,4990,4991,4020.5
"Post scheduled trip end time",-1,7207,7208,4020.5
"Post scheduled trip end time",-1,3067,3068,4020.5
"Post scheduled trip end time",-1,13730,13731,4020.5
"Post scheduled trip end time",-1,787,788,4020.5
"Post scheduled trip end time",-1,1890,1891,4020.5
"Post scheduled trip end time",-1,8206,8207,4020.5
"Post scheduled trip end time",-1,5700,5701,4020.5
"Post scheduled trip end time",-1,5371,5372,4020.5
"Post scheduled trip end time",-1,28770,28771,4020.5
"Post scheduled trip end time",-1,29284,29285,4020.5
"Post scheduled trip end time",-1,11458,11459,4020.5
"Post scheduled trip end time",-1,715,716,4020.5
"Post scheduled trip end time",-1,3109,3110,4020.5
"Post scheduled trip end time",-1,5637,5638,4020.5
"Post scheduled trip end time",-1,7168,7169,4020.5
"Post scheduled trip end time",-1,541148,541149,4020.5
"Post scheduled trip end time",-1,7252,7253,4020.5
"Post scheduled trip end time",-1,7005,7006,4020.5
"Post scheduled trip end time",-1,8145,8146,4020.5
"Post scheduled trip end time",-1,3320,3321,4020.5
"Post scheduled trip end time",-1,11261,11262,4020.5
"Post scheduled trip end time",-1,6681,6682,4020.5
"Post scheduled trip end time",-1,492,493,4020.5
"Post scheduled trip end time",-1,5930,5931,4020.5
"Post scheduled trip end time",-1,811,812,4020.5
"Post scheduled trip end time",-1,145,146,4020.5
"Post scheduled trip end time",-1,2250,2251,4020.5
"Post scheduled trip end time",-1,6787,6788,4020.5
"Post scheduled trip end time",-1,6766,6767,4020.5
"Post scheduled trip end time",-1,486,487,4020.5
"Post scheduled trip end time",-1,7691,7692,4020.5
"Post scheduled trip end time",-1,1750,1751,4020.5
"Post scheduled trip end time",-1,32510,32511,4020.5
"Post scheduled trip end time",-1,1032,1033,4020.5
"Post scheduled trip end time",-1,23304,23305,4020.5
"Post scheduled trip end time",-1,27010,27011,4020.5
"Post scheduled trip end time",-1,2140,2141,4020.5
"Post scheduled trip end time",-1,3920,3921,4020.5
"Post scheduled trip end time",-1,3791,3792,4020.5
"Post scheduled trip end time",-1,667,668,4020.5
"Post scheduled trip end time",-1,18952,18953,4020.5
"Post scheduled trip end time",-1,533708,533709,4020.5
"Post scheduled trip end time",-1,3306,3307,4020.5
"Post scheduled trip end time",-1,2419,2420,4020.5
"Post scheduled trip end time",-1,14745,14746,4020.5
"Post scheduled trip end time",-1,866,867,4020.5
"Post scheduled trip end time",-1,9210,9211,4020.5
"Post scheduled trip end time",-1,2383,2384,4020.5
"Post scheduled trip end time",-1,127,128,4020.5
"Post scheduled trip end time",-1,16710,16711,4020.5
"Post scheduled trip end time",-1,9446,9447,4020.5
"Post scheduled trip end time",-1,6126,6127,4020.5
"Post scheduled trip end time",-1,4153,4154,4020.5
"Post scheduled trip end time",-1,4800,4801,4020.5
"Post scheduled trip end time",-1,8911,8912,4020.5
"Post scheduled trip end time",-1,15410,15411,4020.5
"Post scheduled trip end time",-1,3071,3072,4020.5
"Post scheduled trip end time",-1,14598,14599,4020.5
"Post scheduled trip end time",-1,20732,20733,4020.5
"Post scheduled trip end time",-1,13772,13773,4020.5
"Post scheduled trip end time",-1,5837,5838,4020.5
"Post scheduled trip end time",-1,6432,6433,4020.5
"Post scheduled trip end time",-1,7368,7369,4020.5
"Post scheduled trip end time",-1,8545,8546,4020.5
"Post scheduled trip end time",-1,4574,4575,4020.5
"Post scheduled trip end time",-1,8690,8691,4020.5
"Post scheduled trip end time",-1,251,252,4020.5
"Post scheduled trip end time",-1,4270,4271,4020.5
"Post scheduled trip end time",-1,816,817,4020.5
"Post scheduled trip end time",-1,2080,2081,4020.5
"Post scheduled trip end time",-1,2560,2561,4020.5
"Post scheduled trip end time",-1,1371,1372,4020.5
"Post scheduled trip end time",-1,5091,5092,4020.5
"Post scheduled trip end time",-1,29070,29071,4020.5
"Post scheduled trip end time",-1,8750,8751,4020.5
"Post scheduled trip end time",-1,884,885,4020.5
"Post scheduled trip end time",-1,22912,22913,4020.5
"Post scheduled trip end time",-1,6857,6858,4020.5
"Post scheduled trip end time",-1,13561,13562,4020.5
"Post scheduled trip end time",-1,5645,5646,4020.5
"Post scheduled trip end time",-1,783,784,4020.5
"Post scheduled trip end time",-1,11950,11951,4020.5
"Post scheduled trip end time",-1,4950,4951,4020.5
"Post scheduled trip end time",-1,3993,3994,4020.5
"Post scheduled trip end time",-1,312,313,4020.5
"Post scheduled trip end time",-1,11154,11155,4020.5
"Post scheduled trip end time",-1,5209,5210,4020.5
"Post scheduled trip end time",-1,519548,519549,4020.5
"Post scheduled trip end time",-1,3489,3490,4020.5
"Post scheduled trip end time",-1,9708,9709,4020.5
"Post scheduled trip end time",-1,12041,12042,4020.5
"Post scheduled trip end time",-1,17245,17246,4020.5
"Post scheduled trip end time",-1,4081,4082,4020.5
"Post scheduled trip end time",-1,7247,7248,4020.5
"Post scheduled trip end time",-1,1660,1661,4020.5
"Post scheduled trip end time",-1,602,603,4020.5
"Post scheduled trip end time",-1,2630,2631,4020.5
"Post scheduled trip end time",-1,14486,14487,4020.5
"Post scheduled trip end time",-1,566,567,4020.5
"Post scheduled trip end time",-1,28704,28705,4020.5
"Post scheduled trip end time",-1,199,200,4020.5
"Post scheduled trip end time",-1,973,974,4020.5
"Post scheduled trip end time",-1,2495,2496,4020.5
"Post scheduled trip end time",-1,18477,18478,4020.5
"Post scheduled trip end time",-1,2111,2112,4020.5
"Post scheduled trip end time",-1,17812,17813,4020.5
"Post scheduled trip end time",-1,259,260,4020.5
"Post scheduled trip end time",-1,11477,11478,4020.5
"Post scheduled trip end time",-1,12594,12595,4020.5
"Post scheduled trip end time",-1,2473,2474,4020.5
"Post scheduled trip end time",-1,6328,6329,4020.5
"Post scheduled trip end time",-1,524348,524349,4020.5
"Post scheduled trip end time",-1,1019,1020,4020.5
"Post scheduled trip end time",-1,3310,3311,4020.5
"Post scheduled trip end time",-1,1029,1030,4020.5
"Post scheduled trip end time",-1,195,196,4020.5
"Post scheduled trip end time",-1,387,388,4020.5
"Post scheduled trip end time",-1,5833,5834,4020.5
"Post scheduled trip end time",-1,6033,6034,4020.5
"Post scheduled trip end time",-1,7574,7575,4020.5
"Post scheduled trip end time",-1,2800,2801,4020.5
"Post scheduled trip end time",-1,20646,20647,4020.5
"Post scheduled trip end time",-1,22970,22971,4020.5
"Post scheduled trip end time",-1,3014,3015,4020.5
"Post scheduled trip end time",-1,520048,520049,4020.5
"Post scheduled trip end time",-1,535428,535429,4020.5
"Post scheduled trip end time",-1,13588,13589,4020.5
"Post scheduled trip end time",-1,3305,3306,4020.5
"Post scheduled trip end time",-1,13105,13106,4020.5
"Post scheduled trip end time",-1,639,640,4020.5
"Post scheduled trip end time",-1,17030,17031,4020.5
"Post scheduled trip end time",-1,1477,1478,4020.5
"Post scheduled trip end time",-1,3726,3727,4020.5
"Post scheduled trip end time",-1,4150,4151,4020.5
"Post scheduled trip end time",-1,4330,4331,4020.5
"Post scheduled trip end time",-1,26624,26625,4020.5
"Post scheduled trip end time",-1,17506,17507,4020.5
"Post scheduled trip end time",-1,726,727,4020.5
"Post scheduled trip end time",-1,23390,23391,4020.5
"Post scheduled trip end time",-1,4109,4110,4020.5
"Post scheduled trip end time",-1,7441,7442,4020.5
"Post scheduled trip end time",-1,25072,25073,4020.5
"Post scheduled trip end time",-1,6158,6159,4020.5
"Post scheduled trip end time",-1,21032,21033,4020.5
"Post scheduled trip end time",-1,360,361,4020.5
"Post scheduled trip end time",-1,2799,2800,4020.5
"Post scheduled trip end time",-1,18105,18106,4020.5
"Post scheduled trip end time",-1,683,684,4020.5
"Post scheduled trip end time",-1,5750,5751,4020.5
"Post scheduled trip end time",-1,40,41,4020.5
"Post scheduled trip end time",-1,795,796,4020.5
"Post scheduled trip end time",-1,240,241,4020.5
"Post scheduled trip end time",-1,19470,19471,4020.5
"Post scheduled trip end time",-1,2700,2701,4020.5
"Post scheduled trip end time",-1,17234,17235,4020.5
"Post scheduled trip end time",-1,329,330,4020.5
"Post scheduled trip end time",-1,21890,21891,4020.5
"Post scheduled trip end time",-1,3114,3115,4020.5
"Post scheduled trip end time",-1,767,768,4020.5
"Post scheduled trip end time",-1,11772,11773,4020.5
"Post scheduled trip end time",-1,22237,22238,4020.5
"Post scheduled trip end time",-1,2399,2400,4020.5
"Post scheduled trip end time",-1,1426,1427,4020.5
"Post scheduled trip end time",-1,2052,2053,4020.5
"Post scheduled trip end time",-1,15605,15606,4020.5
"Post scheduled trip end time",-1,13085,13086,4020.5
"Post scheduled trip end time",-1,3272,3273,4020.5
"Post scheduled trip end time",-1,4666,4667,4020.5
"Post scheduled trip end time",-1,15490,15491,4020.5
"Post scheduled trip end time",-1,429,430,4020.5
"Post scheduled trip end time",-1,32032,32033,4020.5
"Post scheduled trip end time",-1,3995,3996,4020.5
"Post scheduled trip end time",-1,9041,9042,4020.5
"Post scheduled trip end time",-1,17892,17893,4020.5
"Post scheduled trip end time",-1,13032,13033,4020.5
"Post scheduled trip end time",-1,5308,5309,4020.5
"Post scheduled trip end time",-1,7365,7366,4020.5
"Post scheduled trip end time",-1,8165,8166,4020.5
"Post scheduled trip end time",-1,56,57,4020.5
"Post scheduled trip end time",-1,3250,3251,4020.5
"Post scheduled trip end time",-1,4530,4531,4020.5
"Post scheduled trip end time",-1,1118,1119,4020.5
"Post scheduled trip end time",-1,2420,2421,4020.5
"Post scheduled trip end time",-1,590,591,4020.5
"Post scheduled trip end time",-1,27330,27331,4020.5
"Post scheduled trip end time",-1,11394,11395,4020.5
"Post scheduled trip end time",-1,8061,8062,4020.5
"Post scheduled trip end time",-1,6654,6655,4020.5
"Post scheduled trip end time",-1,4957,4958,4020.5
"Post scheduled trip end time",-1,2086,2087,4020.5
"Post scheduled trip end time",-1,8741,8742,4020.5
"Post scheduled trip end time",-1,738,739,4020.5
"Post scheduled trip end time",-1,5820,5821,4020.5
"Post scheduled trip end time",-1,15271,15272,4020.5
"Post scheduled trip end time",-1,9821,9822,4020.5
"Post scheduled trip end time",-1,6634,6635,4020.5
"Post scheduled trip end time",-1,2490,2491,4020.5
"Post scheduled trip end time",-1,6073,6074,4020.5
"Post scheduled trip end time",-1,349,350,4020.5
"Post scheduled trip end time",-1,19726,19727,4020.5
"Post scheduled trip end time",-1,1210,1211,4020.5
"Post scheduled trip end time",-1,2015,2016,4020.5
"Post scheduled trip end time",-1,20630,20631,4020.5
"Post scheduled trip end time",-1,6860,6861,4020.5
"Post scheduled trip end time",-1,7338,7339,4020.5
"Post scheduled trip end time",-1,11285,11286,4020.5
"Post scheduled trip end time",-1,4141,4142,4020.5
"Post scheduled trip end time",-1,85,86,4020.5
"Post scheduled trip end time",-1,180,181,4020.5
"Post scheduled trip end time",-1,4123,4124,4020.5
"Post scheduled trip end time",-1,1288,1289,4020.5
"Post scheduled trip end time",-1,611,612,4020.5
"Post scheduled trip end time",-1,18030,18031,4020.5
"Post scheduled trip end time",-1,188,189,4020.5
"Post scheduled trip end time",-1,1010,1011,4020.5
"Post scheduled trip end time",-1,17934,17935,4020.5
"Post scheduled trip end time",-1,11834,11835,4020.5
"Post scheduled trip end time",-1,20210,20211,4020.5
"Post scheduled trip end time",-1,24152,24153,4020.5
"Post scheduled trip end time",-1,3694,3695,4020.5
"Post scheduled trip end time",-1,2205,2206,4020.5
"Post scheduled trip end time",-1,4049,4050,4020.5
"Post scheduled trip end time",-1,534228,534229,4020.5
"Post scheduled trip end time",-1,4321,4322,4020.5
"Post scheduled trip end time",-1,8821,8822,4020.5
"Post scheduled trip end time",-1,9770,9771,4020.5
"Post scheduled trip end time",-1,16866,16867,4020.5
"Post scheduled trip end time",-1,9050,9051,4020.5
"Post scheduled trip end time",-1,9031,9032,4020.5
"Post scheduled trip end time",-1,14914,14915,4020.5
"Post scheduled trip end time",-1,21892,21893,4020.5
"Post scheduled trip end time",-1,17852,17853,4020.5
"Post scheduled trip end time",-1,9971,9972,4020.5
"Post scheduled trip end time",-1,13857,13858,4020.5
"Post scheduled trip end time",-1,12074,12075,4020.5
"Post scheduled trip end time",-1,6958,6959,4020.5
"Post scheduled trip end time",-1,7298,7299,4020.5
"Post scheduled trip end time",-1,1506,1507,4020.5
"Post scheduled trip end time",-1,20597,20598,4020.5
"Post scheduled trip end time",-1,21837,21838,4020.5
"Post scheduled trip end time",-1,530008,530009,4020.5
"Post scheduled trip end time",-1,8094,8095,4020.5
"Post scheduled trip end time",-1,14926,14927,4020.5
"Post scheduled trip end time",-1,4018,4019,4020.5
"Post scheduled trip end time",-1,10328,10329,4020.5
"Post scheduled trip end time",-1,5821,5822,4020.5
"Post scheduled trip end time",-1,11190,11191,4020.5
"Post scheduled trip end time",-1,1571,1572,4020.5
"Post scheduled trip end time",-1,27610,27611,4020.5
"Post scheduled trip end time",-1,8451,8452,4020.5
"Post scheduled trip end time",-1,14290,14291,4020.5
"Post scheduled trip end time",-1,33412,33413,4020.5
"Post scheduled trip end time",-1,14574,14575,4020.5
"Post scheduled trip end time",-1,11170,11171,4020.5
"Post scheduled trip end time",-1,17957,17958,4020.5
"Post scheduled trip end time",-1,28272,28273,4020.5
"Post scheduled trip end time",-1,4577,4578,4020.5
"Post scheduled trip end time",-1,11814,11815,4020.5
"Post scheduled trip end time",-1,2177,2178,4020.5
"Post scheduled trip end time",-1,9094,9095,4020.5
"Post scheduled trip end time",-1,8512,8513,4020.5
"Post scheduled trip end time",-1,538208,538209,4020.5
"Post scheduled trip end time",-1,15801,15802,4020.5
"Post scheduled trip end time",-1,444,445,4020.5
"Post scheduled trip end time",-1,6890,6891,4020.5
"Post scheduled trip end time",-1,10666,10667,4020.5
"Post scheduled trip end time",-1,6306,6307,4020.5
"Post scheduled trip end time",-1,6731,6732,4020.5
"Post scheduled trip end time",-1,11110,11111,4020.5
"Post scheduled trip end time",-1,18586,18587,4020.5
"Post scheduled trip end time",-1,6957,6958,4020.5
"Post scheduled trip end time",-1,3837,3838,4020.5
"Post scheduled trip end time",-1,10074,10075,4020.5
"Post scheduled trip end time",-1,2769,2770,4020.5
"Post scheduled trip end time",-1,4828,4829,4020.5
"Post scheduled trip end time",-1,10451,10452,4020.5
"Post scheduled trip end time",-1,11212,11213,4020.5
"Post scheduled trip end time",-1,6810,6811,4020.5
"Post scheduled trip end time",-1,294,295,4020.5
"Post scheduled trip end time",-1,19346,19347,4020.5
"Post scheduled trip end time",-1,21878,21879,4020.5
"Post scheduled trip end time",-1,8381,8382,4020.5
"Post scheduled trip end time",-1,10798,10799,4020.5
"Post scheduled trip end time",-1,12738,12739,4020.5
"Post scheduled trip end time",-1,26832,26833,4020.5
"Post scheduled trip end time",-1,1485,1486,4020.5
"Post scheduled trip end time",-1,12651,12652,4020.5
"Post scheduled trip end time",-1,4177,4178,4020.5
"Post scheduled trip end time",-1,6631,6632,4020.5
"Post scheduled trip end time",-1,3589,3590,4020.5
"Post scheduled trip end time",-1,13172,13173,4020.5
"Post scheduled trip end time",-1,535268,535269,4020.5
"Post scheduled trip end time",-1,531088,531089,4020.5
"Post scheduled trip end time",-1,17632,17633,4020.5
"Post scheduled trip end time",-1,3228,3229,4020.5
"Post scheduled trip end time",-1,1752,1753,4020.5
"Post scheduled trip end time",-1,536008,536009,4020.5
"Post scheduled trip end time",-1,8072,8073,4020.5
"Post scheduled trip end time",-1,1249,1250,4020.5
"Post scheduled trip end time",-1,18530,18531,4020.5
"Post scheduled trip end time",-1,29144,29145,4020.5
"Post scheduled trip end time",-1,20366,20367,4020.5
"Post scheduled trip end time",-1,20506,20507,4020.5
"Post scheduled trip end time",-1,15750,15751,4020.5
"Post scheduled trip end time",-1,32324,32325,4020.5
"Post scheduled trip end time",-1,3055,3056,4020.5
"Post scheduled trip end time",-1,3895,3896,4020.5
"Post scheduled trip end time",-1,20130,20131,4020.5
"Post scheduled trip end time",-1,14672,14673,4020.5
"Post scheduled trip end time",-1,1560,1561,4020.5
"Post scheduled trip end time",-1,2149,2150,4020.5
"Post scheduled trip end time",-1,526068,526069,4020.5
"Post scheduled trip end time",-1,528848,528849,4020.5
"Post scheduled trip end time",-1,1166,1167,4020.5
"Post scheduled trip end time",-1,15006,15007,4020.5
"Post scheduled trip end time",-1,2770,2771,4020.5
"Post scheduled trip end time",-1,3790,3791,4020.5
"Post scheduled trip end time",-1,10810,10811,4020.5
"Post scheduled trip end time",-1,10906,10907,4020.5
"Post scheduled trip end time",-1,13486,13487,4020.5
"Post scheduled trip end time",-1,5270,5271,4020.5
"Post scheduled trip end time",-1,29924,29925,4020.5
"Post scheduled trip end time",-1,32150,32151,4020.5
"Post scheduled trip end time",-1,12110,12111,4020.5
"Post scheduled trip end time",-1,15195,15196,4020.5
"Post scheduled trip end time",-1,15157,15158,4020.5
"Post scheduled trip end time",-1,7032,7033,4020.5
"Post scheduled trip end time",-1,2170,2171,4020.5
"Post scheduled trip end time",-1,4785,4786,4020.5
"Post scheduled trip end time",-1,3472,3473,4020.5
"Post scheduled trip end time",-1,15,16,4020.5
"Post scheduled trip end time",-1,2690,2691,4020.5
"Post scheduled trip end time",-1,2074,2075,4020.5
"Post scheduled trip end time",-1,6206,6207,4020.5
"Post scheduled trip end time",-1,2880,2881,4020.5
"Post scheduled trip end time",-1,18078,18079,4020.5
"Post scheduled trip end time",-1,1074,1075,4020.5
"Post scheduled trip end time",-1,531948,531949,4020.5
"Post scheduled trip end time",-1,8712,8713,4020.5
"Post scheduled trip end time",-1,539228,539229,4020.5
"Post scheduled trip end time",-1,11525,11526,4020.5
"Post scheduled trip end time",-1,13265,13266,4020.5
"Post scheduled trip end time",-1,600,601,4020.5
"Post scheduled trip end time",-1,6600,6601,4020.5
"Post scheduled trip end time",-1,3474,3475,4020.5
"Post scheduled trip end time",-1,2476,2477,4020.5
"Post scheduled trip end time",-1,2210,2211,4020.5
"Post scheduled trip end time",-1,2350,2351,4020.5
"Post scheduled trip end time",-1,7266,7267,4020.5
"Post scheduled trip end time",-1,12790,12791,4020.5
"Post scheduled trip end time",-1,2570,2571,4020.5
"Post scheduled trip end time",-1,31584,31585,4020.5
"Post scheduled trip end time",-1,406,407,4020.5
"Post scheduled trip end time",-1,5891,5892,4020.5
"Post scheduled trip end time",-1,535748,535749,4020.5
"Post scheduled trip end time",-1,6952,6953,4020.5
"Post scheduled trip end time",-1,3412,3413,4020.5
"Post scheduled trip end time",-1,6792,6793,4020.5
"Post scheduled trip end time",-1,10588,10589,4020.5
"Post scheduled trip end time",-1,5086,5087,4020.5
"Post scheduled trip end time",-1,8377,8378,4020.5
"Post scheduled trip end time",-1,10581,10582,4020.5
"Post scheduled trip end time",-1,1706,1707,4020.5
"Post scheduled trip end time",-1,13112,13113,4020.5
"Post scheduled trip end time",-1,10705,10706,4020.5
"Post scheduled trip end time",-1,2852,2853,4020.5
"Post scheduled trip end time",-1,1229,1230,4020.5
"Post scheduled trip end time",-1,7260,7261,4020.5
"Post scheduled trip end time",-1,9546,9547,4020.5
"Post scheduled trip end time",-1,8691,8692,4020.5
"Post scheduled trip end time",-1,20378,20379,4020.5
"Post scheduled trip end time",-1,9430,9431,4020.5
"Post scheduled trip end time",-1,16018,16019,4020.5
"Post scheduled trip end time",-1,4240,4241,4020.5
"Post scheduled trip end time",-1,8137,8138,4020.5
"Post scheduled trip end time",-1,11368,11369,4020.5
"Post scheduled trip end time",-1,694,695,4020.5
"Post scheduled trip end time",-1,14530,14531,4020.5
"Post scheduled trip end time",-1,3478,3479,4020.5
"Post scheduled trip end time",-1,5790,5791,4020.5
"Post scheduled trip end time",-1,22230,22231,4020.5
"Post scheduled trip end time",-1,17377,17378,4020.5
"Post scheduled trip end time",-1,1985,1986,4020.5
"Post scheduled trip end time",-1,16077,16078,4020.5
"Post scheduled trip end time",-1,6968,6969,4020.5
"Post scheduled trip end time",-1,15232,15233,4020.5
"Post scheduled trip end time",-1,5441,5442,4020.5
"Post scheduled trip end time",-1,9706,9707,4020.5
"Post scheduled trip end time",-1,14990,14991,4020.5
"Post scheduled trip end time",-1,29524,29525,4020.5
"Post scheduled trip end time",-1,5069,5070,4020.5
"Post scheduled trip end time",-1,28932,28933,4020.5
"Post scheduled trip end time",-1,31772,31773,4020.5
"Post scheduled trip end time",-1,8898,8899,4020.5
"Post scheduled trip end time",-1,3639,3640,4020.5
"Post scheduled trip end time",-1,3049,3050,4020.5
"Post scheduled trip end time",-1,1686,1687,4020.5
"Post scheduled trip end time",-1,534588,534589,4020.5
"Post scheduled trip end time",-1,526368,526369,4020.5
"Post scheduled trip end time",-1,1908,1909,4020.5
"Post scheduled trip end time",-1,8081,8082,4020.5
"Post scheduled trip end time",-1,14541,14542,4020.5
"Post scheduled trip end time",-1,2295,2296,4020.5
"Post scheduled trip end time",-1,8310,8311,4020.5
"Post scheduled trip end time",-1,16450,16451,4020.5
"Post scheduled trip end time",-1,6614,6615,4020.5
"Post scheduled trip end time",-1,3540,3541,4020.5
"Post scheduled trip end time",-1,313,314,4020.5
"Post scheduled trip end time",-1,16994,16995,4020.5
"Post scheduled trip end time",-1,381,382,4020.5
"Post scheduled trip end time",-1,20598,20599,4020.5
"Post scheduled trip end time",-1,3971,3972,4020.5
"Post scheduled trip end time",-1,4771,4772,4020.5
"Post scheduled trip end time",-1,12994,12995,4020.5
"Post scheduled trip end time",-1,1758,1759,4020.5
"Post scheduled trip end time",-1,2021,2022,4020.5
"Post scheduled trip end time",-1,450,451,4020.5
"Post scheduled trip end time",-1,657,658,4020.5
"Post scheduled trip end time",-1,10710,10711,4020.5
"Post scheduled trip end time",-1,790,791,4020.5
"Post scheduled trip end time",-1,13530,13531,4020.5
"Post scheduled trip end time",-1,18390,18391,4020.5
"Post scheduled trip end time",-1,6026,6027,4020.5
"Post scheduled trip end time",-1,28824,28825,4020.5
"Post scheduled trip end time",-1,30790,30791,4020.5
"Post scheduled trip end time",-1,1356,1357,4020.5
"Post scheduled trip end time",-1,6410,6411,4020.5
"Post scheduled trip end time",-1,109,110,4020.5
"Post scheduled trip end time",-1,22852,22853,4020.5
"Post scheduled trip end time",-1,1109,1110,4020.5
"Post scheduled trip end time",-1,5708,5709,4020.5
"Post scheduled trip end time",-1,5888,5889,4020.5
"Post scheduled trip end time",-1,9374,9375,4020.5
"Post scheduled trip end time",-1,4205,4206,4020.5
"Post scheduled trip end time",-1,5585,5586,4020.5
"Post scheduled trip end time",-1,15465,15466,4020.5
"Post scheduled trip end time",-1,1511,1512,4020.5
"Post scheduled trip end time",-1,18210,18211,4020.5
"Post scheduled trip end time",-1,5090,5091,4020.5
"Post scheduled trip end time",-1,31790,31791,4020.5
"Post scheduled trip end time",-1,34430,34431,4020.5
"Post scheduled trip end time",-1,26372,26373,4020.5
"Post scheduled trip end time",-1,2035,2036,4020.5
"Post scheduled trip end time",-1,6974,6975,4020.5
"Post scheduled trip end time",-1,3434,3435,4020.5
"Post scheduled trip end time",-1,5877,5878,4020.5
"Post scheduled trip end time",-1,4697,4698,4020.5
"Post scheduled trip end time",-1,532828,532829,4020.5
"Post scheduled trip end time",-1,542148,542149,4020.5
"Post scheduled trip end time",-1,1912,1913,4020.5
"Post scheduled trip end time",-1,10948,10949,4020.5
"Post scheduled trip end time",-1,10091,10092,4020.5
"Post scheduled trip end time",-1,3652,3653,4020.5
"Post scheduled trip end time",-1,10552,10553,4020.5
"Post scheduled trip end time",-1,2334,2335,4020.5
"Post scheduled trip end time",-1,779,780,4020.5
"Post scheduled trip end time",-1,1790,1791,4020.5
"Post scheduled trip end time",-1,895,896,4020.5
"Post scheduled trip end time",-1,1254,1255,4020.5
"Post scheduled trip end time",-1,658,659,4020.5
"Post scheduled trip end time",-1,16770,16771,4020.5
"Post scheduled trip end time",-1,3770,3771,4020.5
"Post scheduled trip end time",-1,2578,2579,4020.5
"Post scheduled trip end time",-1,30204,30205,4020.5
"Post scheduled trip end time",-1,13974,13975,4020.5
"Post scheduled trip end time",-1,15612,15613,4020.5
"Post scheduled trip end time",-1,5634,5635,4020.5
"Post scheduled trip end time",-1,1988,1989,4020.5
"Post scheduled trip end time",-1,522108,522109,4020.5
"Post scheduled trip end time",-1,3668,3669,4020.5
"Post scheduled trip end time",-1,14288,14289,4020.5
"Post scheduled trip end time",-1,10192,10193,4020.5
"Post scheduled trip end time",-1,12308,12309,4020.5
"Post scheduled trip end time",-1,8261,8262,4020.5
"Post scheduled trip end time",-1,1072,1073,4020.5
"Post scheduled trip end time",-1,2075,2076,4020.5
"Post scheduled trip end time",-1,27,28,4020.5
"Post scheduled trip end time",-1,824,825,4020.5
"Post scheduled trip end time",-1,1960,1961,4020.5
"Post scheduled trip end time",-1,258,259,4020.5
"Post scheduled trip end time",-1,16406,16407,4020.5
"Post scheduled trip end time",-1,17150,17151,4020.5
"Post scheduled trip end time",-1,8010,8011,4020.5
"Post scheduled trip end time",-1,14390,14391,4020.5
"Post scheduled trip end time",-1,10854,10855,4020.5
"Post scheduled trip end time",-1,11210,11211,4020.5
"Post scheduled trip end time",-1,14594,14595,4020.5
"Post scheduled trip end time",-1,22830,22831,4020.5
"Post scheduled trip end time",-1,17877,17878,4020.5
"Post scheduled trip end time",-1,15041,15042,4020.5
"Post scheduled trip end time",-1,2314,2315,4020.5
"Post scheduled trip end time",-1,13137,13138,4020.5
"Post scheduled trip end time",-1,1628,1629,4020.5
"Post scheduled trip end time",-1,18528,18529,4020.5
"Post scheduled trip end time",-1,11565,11566,4020.5
"Post scheduled trip end time",-1,554,555,4020.5
"Post scheduled trip end time",-1,5933,5934,4020.5
"Post scheduled trip end time",-1,19110,19111,4020.5
"Post scheduled trip end time",-1,7946,7947,4020.5
"Post scheduled trip end time",-1,2698,2699,4020.5
"Post scheduled trip end time",-1,6751,6752,4020.5
"Post scheduled trip end time",-1,305,306,4020.5
"Post scheduled trip end time",-1,25430,25431,4020.5
"Post scheduled trip end time",-1,5629,5630,4020.5
"Post scheduled trip end time",-1,23852,23853,4020.5
"Post scheduled trip end time",-1,4720,4721,4020.5
"Post scheduled trip end time",-1,13311,13312,4020.5
"Post scheduled trip end time",-1,14471,14472,4020.5
"Post scheduled trip end time",-1,1672,1673,4020.5
"Post scheduled trip end time",-1,2434,2435,4020.5
"Post scheduled trip end time",-1,2063,2064,4020.5
"Post scheduled trip end time",-1,908,909,4020.5
"Post scheduled trip end time",-1,1642,1643,4020.5
"Post scheduled trip end time",-1,907,908,4020.5
"Post scheduled trip end time",-1,1636,1637,4020.5
"Post scheduled trip end time",-1,8926,8927,4020.5
"Post scheduled trip end time",-1,4090,4091,4020.5
"Post scheduled trip end time",-1,7494,7495,4020.5
"Post scheduled trip end time",-1,26084,26085,4020.5
"Post scheduled trip end time",-1,31344,31345,4020.5
"Post scheduled trip end time",-1,33770,33771,4020.5
"Post scheduled trip end time",-1,14354,14355,4020.5
"Post scheduled trip end time",-1,14918,14919,4020.5
"Post scheduled trip end time",-1,3177,3178,4020.5
"Post scheduled trip end time",-1,9851,9852,4020.5
"Post scheduled trip end time",-1,4237,4238,4020.5
"Post scheduled trip end time",-1,13217,13218,4020.5
"Post scheduled trip end time",-1,15257,15258,4020.5
"Post scheduled trip end time",-1,15877,15878,4020.5
"Post scheduled trip end time",-1,3659,3660,4020.5
"Post scheduled trip end time",-1,3501,3502,4020.5
"Post scheduled trip end time",-1,19331,19332,4020.5
"Post scheduled trip end time",-1,2899,2900,4020.5
"Post scheduled trip end time",-1,4461,4462,4020.5
"Post scheduled trip end time",-1,3439,3440,4020.5
"Post scheduled trip end time",-1,6052,6053,4020.5
"Post scheduled trip end time",-1,3461,3462,4020.5
"Post scheduled trip end time",-1,18230,18231,4020.5
"Post scheduled trip end time",-1,4933,4934,4020.5
"Post scheduled trip end time",-1,4220,4221,4020.5
"Post scheduled trip end time",-1,25624,25625,4020.5
"Post scheduled trip end time",-1,27084,27085,4020.5
"Post scheduled trip end time",-1,29050,29051,4020.5
"Post scheduled trip end time",-1,5250,5251,4020.5
"Post scheduled trip end time",-1,12834,12835,4020.5
"Post scheduled trip end time",-1,10790,10791,4020.5
"Post scheduled trip end time",-1,24332,24333,4020.5
"Post scheduled trip end time",-1,9501,9502,4020.5
"Post scheduled trip end time",-1,17472,17473,4020.5
"Post scheduled trip end time",-1,3477,3478,4020.5
"Post scheduled trip end time",-1,21297,21298,4020.5
"Post scheduled trip end time",-1,10892,10893,4020.5
"Post scheduled trip end time",-1,827,828,4020.5
"Post scheduled trip end time",-1,3061,3062,4020.5
"Post scheduled trip end time",-1,1938,1939,4020.5
"Post scheduled trip end time",-1,9492,9493,4020.5
"Post scheduled trip end time",-1,4112,4113,4020.5
"Post scheduled trip end time",-1,16525,16526,4020.5
"Post scheduled trip end time",-1,14781,14782,4020.5
"Post scheduled trip end time",-1,15541,15542,4020.5
"Post scheduled trip end time",-1,174,175,4020.5
"Post scheduled trip end time",-1,6861,6862,4020.5
"Post scheduled trip end time",-1,245,246,4020.5
"Post scheduled trip end time",-1,438,439,4020.5
"Post scheduled trip end time",-1,25864,25865,4020.5
"Post scheduled trip end time",-1,32790,32791,4020.5
"Post scheduled trip end time",-1,27272,27273,4020.5
"Post scheduled trip end time",-1,20492,20493,4020.5
"Post scheduled trip end time",-1,485,486,4020.5
"Post scheduled trip end time",-1,4377,4378,4020.5
"Post scheduled trip end time",-1,12437,12438,4020.5
"Post scheduled trip end time",-1,10114,10115,4020.5
"Post scheduled trip end time",-1,3868,3869,4020.5
"Post scheduled trip end time",-1,5941,5942,4020.5
"Post scheduled trip end time",-1,18811,18812,4020.5
"Post scheduled trip end time",-1,9712,9713,4020.5
"Post scheduled trip end time",-1,11001,11002,4020.5
"Post scheduled trip end time",-1,1932,1933,4020.5
"Post scheduled trip end time",-1,1281,1282,4020.5
"Post scheduled trip end time",-1,131,132,4020.5
"Post scheduled trip end time",-1,184,185,4020.5
"Post scheduled trip end time",-1,514,515,4020.5
"Post scheduled trip end time",-1,2489,2490,4020.5
"Post scheduled trip end time",-1,1616,1617,4020.5
"Post scheduled trip end time",-1,14626,14627,4020.5
"Post scheduled trip end time",-1,14681,14682,4020.5
"Post scheduled trip end time",-1,4201,4202,4020.5
"Post scheduled trip end time",-1,534748,534749,4020.5
"Post scheduled trip end time",-1,713,714,4020.5
"Post scheduled trip end time",-1,15441,15442,4020.5
"Post scheduled trip end time",-1,2175,2176,4020.5
"Post scheduled trip end time",-1,3092,3093,4020.5
"Post scheduled trip end time",-1,3290,3291,4020.5
"Post scheduled trip end time",-1,774,775,4020.5
"Post scheduled trip end time",-1,1048,1049,4020.5
"Post scheduled trip end time",-1,5314,5315,4020.5
"Post scheduled trip end time",-1,6234,6235,4020.5
"Post scheduled trip end time",-1,5906,5907,4020.5
"Post scheduled trip end time",-1,13970,13971,4020.5
"Post scheduled trip end time",-1,8870,8871,4020.5
"Post scheduled trip end time",-1,19838,19839,4020.5
"Post scheduled trip end time",-1,7234,7235,4020.5
"Post scheduled trip end time",-1,30972,30973,4020.5
"Post scheduled trip end time",-1,519468,519469,4020.5
"Post scheduled trip end time",-1,5011,5012,4020.5
"Post scheduled trip end time",-1,8757,8758,4020.5
"Post scheduled trip end time",-1,9611,9612,4020.5
"Post scheduled trip end time",-1,11634,11635,4020.5
"Post scheduled trip end time",-1,5341,5342,4020.5
"Post scheduled trip end time",-1,7641,7642,4020.5
"Post scheduled trip end time",-1,89115,89116,4020.5
"Post scheduled trip end time",-1,14305,14306,4020.5
"Post scheduled trip end time",-1,9772,9773,4020.5
"Post scheduled trip end time",-1,202,203,4020.5
"Post scheduled trip end time",-1,6987,6988,4020.5
"Post scheduled trip end time",-1,1518,1519,4020.5
"Post scheduled trip end time",-1,3974,3975,4020.5
"Post scheduled trip end time",-1,11966,11967,4020.5
"Post scheduled trip end time",-1,5351,5352,4020.5
"Post scheduled trip end time",-1,28170,28171,4020.5
"Post scheduled trip end time",-1,33210,33211,4020.5
"Post scheduled trip end time",-1,33290,33291,4020.5
"Post scheduled trip end time",-1,21158,21159,4020.5
"Post scheduled trip end time",-1,1146,1147,4020.5
"Post scheduled trip end time",-1,24790,24791,4020.5
"Post scheduled trip end time",-1,24624,24625,4020.5
"Post scheduled trip end time",-1,309,310,4020.5
"Post scheduled trip end time",-1,519728,519729,4020.5
"Post scheduled trip end time",-1,13377,13378,4020.5
"Post scheduled trip end time",-1,16217,16218,4020.5
"Post scheduled trip end time",-1,5021,5022,4020.5
"Post scheduled trip end time",-1,913,914,4020.5
"Post scheduled trip end time",-1,7561,7562,4020.5
"Post scheduled trip end time",-1,10745,10746,4020.5
"Post scheduled trip end time",-1,122,123,4020.5
"Post scheduled trip end time",-1,2981,2982,4020.5
"Post scheduled trip end time",-1,354,355,4020.5
"Post scheduled trip end time",-1,1127,1128,4020.5
"Post scheduled trip end time",-1,10106,10107,4020.5
"Post scheduled trip end time",-1,33512,33513,4020.5
"Post scheduled trip end time",-1,17797,17798,4020.5
"Post scheduled trip end time",-1,7577,7578,4020.5
"Post scheduled trip end time",-1,439,440,4020.5
"Post scheduled trip end time",-1,11925,11926,4020.5
"Post scheduled trip end time",-1,1081,1082,4020.5
"Post scheduled trip end time",-1,6653,6654,4020.5
"Post scheduled trip end time",-1,18350,18351,4020.5
"Post scheduled trip end time",-1,4906,4907,4020.5
"Post scheduled trip end time",-1,18606,18607,4020.5
"Post scheduled trip end time",-1,12554,12555,4020.5
"Post scheduled trip end time",-1,27552,27553,4020.5
"Post scheduled trip end time",-1,15638,15639,4020.5
"Post scheduled trip end time",-1,9160,9161,4020.5
"Post scheduled trip end time",-1,8714,8715,4020.5
"Post scheduled trip end time",-1,19192,19193,4020.5
"Post scheduled trip end time",-1,14298,14299,4020.5
"Post scheduled trip end time",-1,15198,15199,4020.5
"Post scheduled trip end time",-1,20112,20113,4020.5
"Post scheduled trip end time",-1,13171,13172,4020.5
"Post scheduled trip end time",-1,11606,11607,4020.5
"Post scheduled trip end time",-1,16106,16107,4020.5
"Post scheduled trip end time",-1,4772,4773,4020.5
"Post scheduled trip end time",-1,1541,1542,4020.5
"Post scheduled trip end time",-1,5281,5282,4020.5
"Post scheduled trip end time",-1,29,30,4020.5
"Post scheduled trip end time",-1,1421,1422,4020.5
"Post scheduled trip end time",-1,6001,6002,4020.5
"Post scheduled trip end time",-1,356,357,4020.5
"Post scheduled trip end time",-1,14790,14791,4020.5
"Post scheduled trip end time",-1,1407,1408,4020.5
"Post scheduled trip end time",-1,5030,5031,4020.5
"Post scheduled trip end time",-1,3133,3134,4020.5
"Post scheduled trip end time",-1,4753,4754,4020.5
"Post scheduled trip end time",-1,5013,5014,4020.5
"Post scheduled trip end time",-1,6291,6292,4020.5
"Post scheduled trip end time",-1,29610,29611,4020.5
"Post scheduled trip end time",-1,10490,10491,4020.5
"Post scheduled trip end time",-1,633,634,4020.5
"Post scheduled trip end time",-1,27412,27413,4020.5
"Post scheduled trip end time",-1,3871,3872,4020.5
"Post scheduled trip end time",-1,446,447,4020.5
"Post scheduled trip end time",-1,4215,4216,4020.5
"Post scheduled trip end time",-1,5389,5390,4020.5
"Post scheduled trip end time",-1,5980,5981,4020.5
"Post scheduled trip end time",-1,14301,14302,4020.5
"Post scheduled trip end time",-1,1177,1178,4020.5
"Post scheduled trip end time",-1,3606,3607,4020.5
"Post scheduled trip end time",-1,20757,20758,4020.5
"Post scheduled trip end time",-1,6788,6789,4020.5
"Post scheduled trip end time",-1,1488,1489,4020.5
"Post scheduled trip end time",-1,1848,1849,4020.5
"Post scheduled trip end time",-1,3301,3302,4020.5
"Post scheduled trip end time",-1,2332,2333,4020.5
"Post scheduled trip end time",-1,2492,2493,4020.5
"Post scheduled trip end time",-1,1801,1802,4020.5
"Post scheduled trip end time",-1,6165,6166,4020.5
"Post scheduled trip end time",-1,18565,18566,4020.5
"Post scheduled trip end time",-1,1275,1276,4020.5
"Post scheduled trip end time",-1,339,340,4020.5
"Post scheduled trip end time",-1,3210,3211,4020.5
"Post scheduled trip end time",-1,2569,2570,4020.5
"Post scheduled trip end time",-1,13590,13591,4020.5
"Post scheduled trip end time",-1,10446,10447,4020.5
"Post scheduled trip end time",-1,12286,12287,4020.5
"Post scheduled trip end time",-1,17654,17655,4020.5
"Post scheduled trip end time",-1,19878,19879,4020.5
"Post scheduled trip end time",-1,12734,12735,4020.5
"Post scheduled trip end time",-1,17017,17018,4020.5
"Post scheduled trip end time",-1,18218,18219,4020.5
"Post scheduled trip end time",-1,933,934,4020.5
"Post scheduled trip end time",-1,7288,7289,4020.5
"Post scheduled trip end time",-1,4786,4787,4020.5
"Post scheduled trip end time",-1,6688,6689,4020.5
"Post scheduled trip end time",-1,4038,4039,4020.5
"Post scheduled trip end time",-1,9892,9893,4020.5
"Post scheduled trip end time",-1,2839,2840,4020.5
"Post scheduled trip end time",-1,432,433,4020.5
"Post scheduled trip end time",-1,2589,2590,4020.5
"Post scheduled trip end time",-1,265,266,4020.5
"Post scheduled trip end time",-1,702,703,4020.5
"Post scheduled trip end time",-1,6080,6081,4020.5
"Post scheduled trip end time",-1,31330,31331,4020.5
"Post scheduled trip end time",-1,19958,19959,4020.5
"Post scheduled trip end time",-1,15094,15095,4020.5
"Post scheduled trip end time",-1,10258,10259,4020.5
"Post scheduled trip end time",-1,28352,28353,4020.5
"Post scheduled trip end time",-1,7197,7198,4020.5
"Post scheduled trip end time",-1,20917,20918,4020.5
"Post scheduled trip end time",-1,1968,1969,4020.5
"Post scheduled trip end time",-1,2032,2033,4020.5
"Post scheduled trip end time",-1,538808,538809,4020.5
"Post scheduled trip end time",-1,7945,7946,4020.5
"Post scheduled trip end time",-1,12181,12182,4020.5
"Post scheduled trip end time",-1,15492,15493,4020.5
"Post scheduled trip end time",-1,14941,14942,4020.5
"Post scheduled trip end time",-1,12585,12586,4020.5
"Post scheduled trip end time",-1,142,143,4020.5
"Post scheduled trip end time",-1,4166,4167,4020.5
"Post scheduled trip end time",-1,28110,28111,4020.5
"Post scheduled trip end time",-1,28884,28885,4020.5
"Post scheduled trip end time",-1,10870,10871,4020.5
"Post scheduled trip end time",-1,13370,13371,4020.5
"Post scheduled trip end time",-1,5310,5311,4020.5
"Post scheduled trip end time",-1,27152,27153,4020.5
"Post scheduled trip end time",-1,4057,4058,4020.5
"Post scheduled trip end time",-1,9208,9209,4020.5
"Post scheduled trip end time",-1,11691,11692,4020.5
"Post scheduled trip end time",-1,9752,9753,4020.5
"Post scheduled trip end time",-1,10541,10542,4020.5
"Post scheduled trip end time",-1,4974,4975,4020.5
"Post scheduled trip end time",-1,828,829,4020.5
"Post scheduled trip end time",-1,5110,5111,4020.5
"Post scheduled trip end time",-1,1308,1309,4020.5
"Post scheduled trip end time",-1,2289,2290,4020.5
"Post scheduled trip end time",-1,4814,4815,4020.5
"Post scheduled trip end time",-1,16570,16571,4020.5
"Post scheduled trip end time",-1,16590,16591,4020.5
"Post scheduled trip end time",-1,4750,4751,4020.5
"Post scheduled trip end time",-1,393,394,4020.5
"Post scheduled trip end time",-1,21470,21471,4020.5
"Post scheduled trip end time",-1,9410,9411,4020.5
"Post scheduled trip end time",-1,18517,18518,4020.5
"Post scheduled trip end time",-1,10580,10581,4020.5
"Post scheduled trip end time",-1,13012,13013,4020.5
"Post scheduled trip end time",-1,523068,523069,4020.5
"Post scheduled trip end time",-1,3637,3638,4020.5
"Post scheduled trip end time",-1,123,124,4020.5
"Post scheduled trip end time",-1,876,877,4020.5
"Post scheduled trip end time",-1,2487,2488,4020.5
"Post scheduled trip end time",-1,2256,2257,4020.5
"Post scheduled trip end time",-1,4546,4547,4020.5
"Post scheduled trip end time",-1,32752,32753,4020.5
"Post scheduled trip end time",-1,23990,23991,4020.5
"Post scheduled trip end time",-1,15798,15799,4020.5
"Post scheduled trip end time",-1,8060,8061,4020.5
"Post scheduled trip end time",-1,22052,22053,4020.5
"Post scheduled trip end time",-1,31172,31173,4020.5
"Post scheduled trip end time",-1,2534,2535,4020.5
"Post scheduled trip end time",-1,13231,13232,4020.5
"Post scheduled trip end time",-1,15937,15938,4020.5
"Post scheduled trip end time",-1,3420,3421,4020.5
"Post scheduled trip end time",-1,4578,4579,4020.5
"Post scheduled trip end time",-1,10891,10892,4020.5
"Post scheduled trip end time",-1,7870,7871,4020.5
"Post scheduled trip end time",-1,310,311,4020.5
"Post scheduled trip end time",-1,24,25,4020.5
"Post scheduled trip end time",-1,8446,8447,4020.5
"Post scheduled trip end time",-1,29884,29885,4020.5
"Post scheduled trip end time",-1,29904,29905,4020.5
"Post scheduled trip end time",-1,32004,32005,4020.5
"Post scheduled trip end time",-1,25030,25031,4020.5
"Post scheduled trip end time",-1,5109,5110,4020.5
"Post scheduled trip end time",-1,2951,2952,4020.5
"Post scheduled trip end time",-1,8414,8415,4020.5
"Post scheduled trip end time",-1,4820,4821,4020.5
"Post scheduled trip end time",-1,16097,16098,4020.5
"Post scheduled trip end time",-1,6278,6279,4020.5
"Post scheduled trip end time",-1,2058,2059,4020.5
"Post scheduled trip end time",-1,13892,13893,4020.5
"Post scheduled trip end time",-1,1763,1764,4020.5
"Post scheduled trip end time",-1,7512,7513,4020.5
"Post scheduled trip end time",-1,11068,11069,4020.5
"Post scheduled trip end time",-1,6060,6061,4020.5
"Post scheduled trip end time",-1,13292,13293,4020.5
"Post scheduled trip end time",-1,7692,7693,4020.5
"Post scheduled trip end time",-1,5570,5571,4020.5
"Post scheduled trip end time",-1,128,129,4020.5
"Post scheduled trip end time",-1,3961,3962,4020.5
"Post scheduled trip end time",-1,5001,5002,4020.5
"Post scheduled trip end time",-1,3503,3504,4020.5
"Post scheduled trip end time",-1,13310,13311,4020.5
"Post scheduled trip end time",-1,14170,14171,4020.5
"Post scheduled trip end time",-1,1502,1503,4020.5
"Post scheduled trip end time",-1,711,712,4020.5
"Post scheduled trip end time",-1,1351,1352,4020.5
"Post scheduled trip end time",-1,3670,3671,4020.5
"Post scheduled trip end time",-1,28964,28965,4020.5
"Post scheduled trip end time",-1,17946,17947,4020.5
"Post scheduled trip end time",-1,9311,9312,4020.5
"Post scheduled trip end time",-1,15110,15111,4020.5
"Post scheduled trip end time",-1,21038,21039,4020.5
"Post scheduled trip end time",-1,21498,21499,4020.5
"Post scheduled trip end time",-1,23610,23611,4020.5
"Post scheduled trip end time",-1,3380,3381,4020.5
"Post scheduled trip end time",-1,12258,12259,4020.5
"Post scheduled trip end time",-1,7438,7439,4020.5
"Post scheduled trip end time",-1,6252,6253,4020.5
"Post scheduled trip end time",-1,6472,6473,4020.5
"Post scheduled trip end time",-1,542048,542049,4020.5
"Post scheduled trip end time",-1,3028,3029,4020.5
"Post scheduled trip end time",-1,13248,13249,4020.5
"Post scheduled trip end time",-1,10741,10742,4020.5
"Post scheduled trip end time",-1,8085,8086,4020.5
"Post scheduled trip end time",-1,5845,5846,4020.5
"Post scheduled trip end time",-1,1854,1855,4020.5
"Post scheduled trip end time",-1,2429,2430,4020.5
"Post scheduled trip end time",-1,3794,3795,4020.5
"Post scheduled trip end time",-1,17130,17131,4020.5
"Post scheduled trip end time",-1,5426,5427,4020.5
"Post scheduled trip end time",-1,3000,3001,4020.5
"Post scheduled trip end time",-1,557,558,4020.5
"Post scheduled trip end time",-1,1125,1126,4020.5
"Post scheduled trip end time",-1,11770,11771,4020.5
"Post scheduled trip end time",-1,25952,25953,4020.5
"Post scheduled trip end time",-1,12751,12752,4020.5
"Post scheduled trip end time",-1,608,609,4020.5
"Post scheduled trip end time",-1,6038,6039,4020.5
"Post scheduled trip end time",-1,19052,19053,4020.5
"Post scheduled trip end time",-1,6938,6939,4020.5
"Post scheduled trip end time",-1,5588,5589,4020.5
"Post scheduled trip end time",-1,1112,1113,4020.5
"Post scheduled trip end time",-1,8471,8472,4020.5
"Post scheduled trip end time",-1,9397,9398,4020.5
"Post scheduled trip end time",-1,6205,6206,4020.5
"Post scheduled trip end time",-1,3361,3362,4020.5
"Post scheduled trip end time",-1,4550,4551,4020.5
"Post scheduled trip end time",-1,332,333,4020.5
"Post scheduled trip end time",-1,152,153,4020.5
"Post scheduled trip end time",-1,7367,7368,4020.5
"Post scheduled trip end time",-1,2147,2148,4020.5
"Post scheduled trip end time",-1,2576,2577,4020.5
"Post scheduled trip end time",-1,373,374,4020.5
"Post scheduled trip end time",-1,3510,3511,4020.5
"Post scheduled trip end time",-1,17274,17275,4020.5
"Post scheduled trip end time",-1,5615,5616,4020.5
"Post scheduled trip end time",-1,6395,6396,4020.5
"Post scheduled trip end time",-1,1465,1466,4020.5
"Post scheduled trip end time",-1,7381,7382,4020.5
"Post scheduled trip end time",-1,23132,23133,4020.5
"Post scheduled trip end time",-1,1337,1338,4020.5
"Post scheduled trip end time",-1,9677,9678,4020.5
"Post scheduled trip end time",-1,14817,14818,4020.5
"Post scheduled trip end time",-1,1913,1914,4020.5
"Post scheduled trip end time",-1,9128,9129,4020.5
"Post scheduled trip end time",-1,524808,524809,4020.5
"Post scheduled trip end time",-1,542788,542789,4020.5
"Post scheduled trip end time",-1,18951,18952,4020.5
"Post scheduled trip end time",-1,3912,3913,4020.5
"Post scheduled trip end time",-1,10765,10766,4020.5
"Post scheduled trip end time",-1,342,343,4020.5
"Post scheduled trip end time",-1,155,156,4020.5
"Post scheduled trip end time",-1,670,671,4020.5
"Post scheduled trip end time",-1,2160,2161,4020.5
"Post scheduled trip end time",-1,4286,4287,4020.5
"Post scheduled trip end time",-1,2618,2619,4020.5
"Post scheduled trip end time",-1,30550,30551,4020.5
"Post scheduled trip end time",-1,8431,8432,4020.5
"Post scheduled trip end time",-1,17777,17778,4020.5
"Post scheduled trip end time",-1,9078,9079,4020.5
"Post scheduled trip end time",-1,5019,5020,4020.5
"Post scheduled trip end time",-1,522288,522289,4020.5
"Post scheduled trip end time",-1,542908,542909,4020.5
"Post scheduled trip end time",-1,4752,4753,4020.5
"Post scheduled trip end time",-1,16152,16153,4020.5
"Post scheduled trip end time",-1,5225,5226,4020.5
"Post scheduled trip end time",-1,5485,5486,4020.5
"Post scheduled trip end time",-1,6130,6131,4020.5
"Post scheduled trip end time",-1,1583,1584,4020.5
"Post scheduled trip end time",-1,9030,9031,4020.5
"Post scheduled trip end time",-1,12530,12531,4020.5
"Post scheduled trip end time",-1,4174,4175,4020.5
"Post scheduled trip end time",-1,3470,3471,4020.5
"Post scheduled trip end time",-1,17166,17167,4020.5
"Post scheduled trip end time",-1,21490,21491,4020.5
"Post scheduled trip end time",-1,2671,2672,4020.5
"Post scheduled trip end time",-1,10240,10241,4020.5
"Post scheduled trip end time",-1,18912,18913,4020.5
"Post scheduled trip end time",-1,1024,1025,4020.5
"Post scheduled trip end time",-1,10852,10853,4020.5
"Post scheduled trip end time",-1,11652,11653,4020.5
"Post scheduled trip end time",-1,535128,535129,4020.5
"Post scheduled trip end time",-1,17268,17269,4020.5
"Post scheduled trip end time",-1,10152,10153,4020.5
"Post scheduled trip end time",-1,16932,16933,4020.5
"Post scheduled trip end time",-1,10461,10462,4020.5
"Post scheduled trip end time",-1,13125,13126,4020.5
"Post scheduled trip end time",-1,1530,1531,4020.5
"Post scheduled trip end time",-1,16870,16871,4020.5
"Post scheduled trip end time",-1,4190,4191,4020.5
"Post scheduled trip end time",-1,567,568,4020.5
"Post scheduled trip end time",-1,262,263,4020.5
"Post scheduled trip end time",-1,4266,4267,4020.5
"Post scheduled trip end time",-1,4453,4454,4020.5
"Post scheduled trip end time",-1,4640,4641,4020.5
"Post scheduled trip end time",-1,27844,27845,4020.5
"Post scheduled trip end time",-1,734,735,4020.5
"Post scheduled trip end time",-1,46267,46268,4020.5
"Post scheduled trip end time",-1,3193,3194,4020.5
"Post scheduled trip end time",-1,3433,3434,4020.5
"Post scheduled trip end time",-1,3975,3976,4020.5
"Post scheduled trip end time",-1,4189,4190,4020.5
"Post scheduled trip end time",-1,15172,15173,4020.5
"Post scheduled trip end time",-1,3954,3955,4020.5
"Post scheduled trip end time",-1,4551,4552,4020.5
"Post scheduled trip end time",-1,8391,8392,4020.5
"Post scheduled trip end time",-1,9757,9758,4020.5
"Post scheduled trip end time",-1,15375,15376,4020.5
"Post scheduled trip end time",-1,3129,3130,4020.5
"Post scheduled trip end time",-1,8301,8302,4020.5
"Post scheduled trip end time",-1,316,317,4020.5
"Post scheduled trip end time",-1,11045,11046,4020.5
"Post scheduled trip end time",-1,12065,12066,4020.5
"Post scheduled trip end time",-1,7930,7931,4020.5
"Post scheduled trip end time",-1,250,251,4020.5
"Post scheduled trip end time",-1,53,54,4020.5
"Post scheduled trip end time",-1,778,779,4020.5
"Post scheduled trip end time",-1,7346,7347,4020.5
"Post scheduled trip end time",-1,27990,27991,4020.5
"Post scheduled trip end time",-1,28010,28011,4020.5
"Post scheduled trip end time",-1,27324,27325,4020.5
"Post scheduled trip end time",-1,-7,-6,4020.5
"Post scheduled trip end time",-1,4531,4532,4020.5
"Post scheduled trip end time",-1,153,154,4020.5
"Post scheduled trip end time",-1,14454,14455,4020.5
"Post scheduled trip end time",-1,9494,9495,4020.5
"Post scheduled trip end time",-1,24072,24073,4020.5
"Post scheduled trip end time",-1,11878,11879,4020.5
"Post scheduled trip end time",-1,25012,25013,4020.5
"Post scheduled trip end time",-1,4940,4941,4020.5
"Post scheduled trip end time",-1,20852,20853,4020.5
"Post scheduled trip end time",-1,4091,4092,4020.5
"Post scheduled trip end time",-1,412,413,4020.5
"Post scheduled trip end time",-1,495,496,4020.5
"Post scheduled trip end time",-1,8812,8813,4020.5
"Post scheduled trip end time",-1,7821,7822,4020.5
"Post scheduled trip end time",-1,16765,16766,4020.5
"Post scheduled trip end time",-1,108,109,4020.5
"Post scheduled trip end time",-1,208,209,4020.5
"Post scheduled trip end time",-1,16170,16171,4020.5
"Post scheduled trip end time",-1,1734,1735,4020.5
"Post scheduled trip end time",-1,465,466,4020.5
"Post scheduled trip end time",-1,4133,4134,4020.5
"Post scheduled trip end time",-1,17606,17607,4020.5
"Post scheduled trip end time",-1,14250,14251,4020.5
"Post scheduled trip end time",-1,29744,29745,4020.5
"Post scheduled trip end time",-1,473,474,4020.5
"Post scheduled trip end time",-1,16697,16698,4020.5
"Post scheduled trip end time",-1,10471,10472,4020.5
"Post scheduled trip end time",-1,5097,5098,4020.5
"Post scheduled trip end time",-1,7518,7519,4020.5
"Post scheduled trip end time",-1,3428,3429,4020.5
"Post scheduled trip end time",-1,5728,5729,4020.5
"Post scheduled trip end time",-1,11888,11889,4020.5
"Post scheduled trip end time",-1,8985,8986,4020.5
"Post scheduled trip end time",-1,1241,1242,4020.5
"Post scheduled trip end time",-1,4465,4466,4020.5
"Post scheduled trip end time",-1,11305,11306,4020.5
"Post scheduled trip end time",-1,9452,9453,4020.5
"Post scheduled trip end time",-1,2752,2753,4020.5
"Post scheduled trip end time",-1,246,247,4020.5
"Post scheduled trip end time",-1,904,905,4020.5
"Post scheduled trip end time",-1,13706,13707,4020.5
"Post scheduled trip end time",-1,5751,5752,4020.5
"Post scheduled trip end time",-1,793,794,4020.5
"Post scheduled trip end time",-1,3891,3892,4020.5
"Post scheduled trip end time",-1,49114,49115,4020.5
"Post scheduled trip end time",-1,2693,2694,4020.5
"Post scheduled trip end time",-1,14741,14742,4020.5
"Post scheduled trip end time",-1,4051,4052,4020.5
"Post scheduled trip end time",-1,12351,12352,4020.5
"Post scheduled trip end time",-1,5432,5433,4020.5
"Post scheduled trip end time",-1,16031,16032,4020.5
"Post scheduled trip end time",-1,15346,15347,4020.5
"Post scheduled trip end time",-1,5766,5767,4020.5
"Post scheduled trip end time",-1,3594,3595,4020.5
"Post scheduled trip end time",-1,14765,14766,4020.5
"Post scheduled trip end time",-1,4521,4522,4020.5
"Post scheduled trip end time",-1,1703,1704,4020.5
"Post scheduled trip end time",-1,14050,14051,4020.5
"Post scheduled trip end time",-1,6334,6335,4020.5
"Post scheduled trip end time",-1,2890,2891,4020.5
"Post scheduled trip end time",-1,7414,7415,4020.5
"Post scheduled trip end time",-1,16066,16067,4020.5
"Post scheduled trip end time",-1,18306,18307,4020.5
"Post scheduled trip end time",-1,29604,29605,4020.5
"Post scheduled trip end time",-1,12274,12275,4020.5
"Post scheduled trip end time",-1,2234,2235,4020.5
"Post scheduled trip end time",-1,4419,4420,4020.5
"Post scheduled trip end time",-1,4789,4790,4020.5
"Post scheduled trip end time",-1,11292,11293,4020.5
"Post scheduled trip end time",-1,20312,20313,4020.5
"Post scheduled trip end time",-1,525188,525189,4020.5
"Post scheduled trip end time",-1,3368,3369,4020.5
"Post scheduled trip end time",-1,18691,18692,4020.5
"Post scheduled trip end time",-1,18731,18732,4020.5
"Post scheduled trip end time",-1,6732,6733,4020.5
"Post scheduled trip end time",-1,8291,8292,4020.5
"Post scheduled trip end time",-1,5625,5626,4020.5
"Post scheduled trip end time",-1,15381,15382,4020.5
"Post scheduled trip end time",-1,9232,9233,4020.5
"Post scheduled trip end time",-1,1555,1556,4020.5
"Post scheduled trip end time",-1,630,631,4020.5
"Post scheduled trip end time",-1,669,670,4020.5
"Post scheduled trip end time",-1,12650,12651,4020.5
"Post scheduled trip end time",-1,10086,10087,4020.5
"Post scheduled trip end time",-1,14986,14987,4020.5
"Post scheduled trip end time",-1,11050,11051,4020.5
"Post scheduled trip end time",-1,25852,25853,4020.5
"Post scheduled trip end time",-1,4491,4492,4020.5
"Post scheduled trip end time",-1,17557,17558,4020.5
"Post scheduled trip end time",-1,927,928,4020.5
"Post scheduled trip end time",-1,10917,10918,4020.5
"Post scheduled trip end time",-1,4459,4460,4020.5
"Post scheduled trip end time",-1,9088,9089,4020.5
"Post scheduled trip end time",-1,2461,2462,4020.5
"Post scheduled trip end time",-1,2761,2762,4020.5
"Post scheduled trip end time",-1,531508,531509,4020.5
"Post scheduled trip end time",-1,5420,5421,4020.5
"Post scheduled trip end time",-1,9368,9369,4020.5
"Post scheduled trip end time",-1,2310,2311,4020.5
"Post scheduled trip end time",-1,3012,3013,4020.5
"Post scheduled trip end time",-1,4312,4313,4020.5
"Post scheduled trip end time",-1,11,12,4020.5
"Post scheduled trip end time",-1,494,495,4020.5
"Post scheduled trip end time",-1,2143,2144,4020.5
"Post scheduled trip end time",-1,5401,5402,4020.5
"Post scheduled trip end time",-1,3223,3224,4020.5
"Post scheduled trip end time",-1,7800,7801,4020.5
"Post scheduled trip end time",-1,4460,4461,4020.5
"Post scheduled trip end time",-1,27510,27511,4020.5
"Post scheduled trip end time",-1,17926,17927,4020.5
"Post scheduled trip end time",-1,14581,14582,4020.5
"Post scheduled trip end time",-1,5298,5299,4020.5
"Post scheduled trip end time",-1,13031,13032,4020.5
"Post scheduled trip end time",-1,3528,3529,4020.5
"Post scheduled trip end time",-1,7868,7869,4020.5
"Post scheduled trip end time",-1,3479,3480,4020.5
"Post scheduled trip end time",-1,12525,12526,4020.5
"Post scheduled trip end time",-1,6150,6151,4020.5
"Post scheduled trip end time",-1,1998,1999,4020.5
"Post scheduled trip end time",-1,14370,14371,4020.5
"Post scheduled trip end time",-1,3733,3734,4020.5
"Post scheduled trip end time",-1,27124,27125,4020.5
"Post scheduled trip end time",-1,19454,19455,4020.5
"Post scheduled trip end time",-1,1260,1261,4020.5
"Post scheduled trip end time",-1,9731,9732,4020.5
"Post scheduled trip end time",-1,4857,4858,4020.5
"Post scheduled trip end time",-1,10494,10495,4020.5
"Post scheduled trip end time",-1,11314,11315,4020.5
"Post scheduled trip end time",-1,6157,6158,4020.5
"Post scheduled trip end time",-1,10248,10249,4020.5
"Post scheduled trip end time",-1,21157,21158,4020.5
"Post scheduled trip end time",-1,3692,3693,4020.5
"Post scheduled trip end time",-1,6772,6773,4020.5
"Post scheduled trip end time",-1,4488,4489,4020.5
"Post scheduled trip end time",-1,14948,14949,4020.5
"Post scheduled trip end time",-1,1301,1302,4020.5
"Post scheduled trip end time",-1,13332,13333,4020.5
"Post scheduled trip end time",-1,105,106,4020.5
"Post scheduled trip end time",-1,7630,7631,4020.5
"Post scheduled trip end time",-1,25684,25685,4020.5
"Post scheduled trip end time",-1,13874,13875,4020.5
"Post scheduled trip end time",-1,170,171,4020.5
"Post scheduled trip end time",-1,6757,6758,4020.5
"Post scheduled trip end time",-1,9217,9218,4020.5
"Post scheduled trip end time",-1,4319,4320,4020.5
"Post scheduled trip end time",-1,5158,5159,4020.5
"Post scheduled trip end time",-1,7308,7309,4020.5
"Post scheduled trip end time",-1,10068,10069,4020.5
"Post scheduled trip end time",-1,20677,20678,4020.5
"Post scheduled trip end time",-1,21197,21198,4020.5
"Post scheduled trip end time",-1,18232,18233,4020.5
"Post scheduled trip end time",-1,9732,9733,4020.5
"Post scheduled trip end time",-1,7931,7932,4020.5
"Post scheduled trip end time",-1,6945,6946,4020.5
"Post scheduled trip end time",-1,17021,17022,4020.5
"Post scheduled trip end time",-1,3,4,4020.5
"Post scheduled trip end time",-1,911,912,4020.5
"Post scheduled trip end time",-1,1523,1524,4020.5
"Post scheduled trip end time",-1,1258,1259,4020.5
"Post scheduled trip end time",-1,14086,14087,4020.5
"Post scheduled trip end time",-1,173,174,4020.5
"Post scheduled trip end time",-1,30970,30971,4020.5
"Post scheduled trip end time",-1,16114,16115,4020.5
"Post scheduled trip end time",-1,2131,2132,4020.5
"Post scheduled trip end time",-1,2691,2692,4020.5
"Post scheduled trip end time",-1,14671,14672,4020.5
"Post scheduled trip end time",-1,8991,8992,4020.5
"Post scheduled trip end time",-1,10597,10598,4020.5
"Post scheduled trip end time",-1,22197,22198,4020.5
"Post scheduled trip end time",-1,524748,524749,4020.5
"Post scheduled trip end time",-1,5408,5409,4020.5
"Post scheduled trip end time",-1,6666,6667,4020.5
"Post scheduled trip end time",-1,3985,3986,4020.5
"Post scheduled trip end time",-1,15461,15462,4020.5
"Post scheduled trip end time",-1,8752,8753,4020.5
"Post scheduled trip end time",-1,10350,10351,4020.5
"Post scheduled trip end time",-1,16650,16651,4020.5
"Post scheduled trip end time",-1,1955,1956,4020.5
"Post scheduled trip end time",-1,31412,31413,4020.5
"Post scheduled trip end time",-1,12958,12959,4020.5
"Post scheduled trip end time",-1,2145,2146,4020.5
"Post scheduled trip end time",-1,12611,12612,4020.5
"Post scheduled trip end time",-1,3549,3550,4020.5
"Post scheduled trip end time",-1,3981,3982,4020.5
"Post scheduled trip end time",-1,19072,19073,4020.5
"Post scheduled trip end time",-1,1318,1319,4020.5
"Post scheduled trip end time",-1,3480,3481,4020.5
"Post scheduled trip end time",-1,2372,2373,4020.5
"Post scheduled trip end time",-1,2592,2593,4020.5
"Post scheduled trip end time",-1,14152,14153,4020.5
"Post scheduled trip end time",-1,12688,12689,4020.5
"Post scheduled trip end time",-1,104826,104827,4020.5
"Post scheduled trip end time",-1,15525,15526,4020.5
"Post scheduled trip end time",-1,764,765,4020.5
"Post scheduled trip end time",-1,844,845,4020.5
"Post scheduled trip end time",-1,133,134,4020.5
"Post scheduled trip end time",-1,14930,14931,4020.5
"Post scheduled trip end time",-1,6850,6851,4020.5
"Post scheduled trip end time",-1,29224,29225,4020.5
"Post scheduled trip end time",-1,24990,24991,4020.5
"Post scheduled trip end time",-1,24912,24913,4020.5
"Post scheduled trip end time",-1,6040,6041,4020.5
"Post scheduled trip end time",-1,13151,13152,4020.5
"Post scheduled trip end time",-1,5271,5272,4020.5
"Post scheduled trip end time",-1,2253,2254,4020.5
"Post scheduled trip end time",-1,534648,534649,4020.5
"Post scheduled trip end time",-1,6454,6455,4020.5
"Post scheduled trip end time",-1,7052,7053,4020.5
"Post scheduled trip end time",-1,537168,537169,4020.5
"Post scheduled trip end time",-1,12281,12282,4020.5
"Post scheduled trip end time",-1,1659,1660,4020.5
"Post scheduled trip end time",-1,5041,5042,4020.5
"Post scheduled trip end time",-1,16105,16106,4020.5
"Post scheduled trip end time",-1,11032,11033,4020.5
"Post scheduled trip end time",-1,10405,10406,4020.5
"Post scheduled trip end time",-1,1550,1551,4020.5
"Post scheduled trip end time",-1,107,108,4020.5
"Post scheduled trip end time",-1,830,831,4020.5
"Post scheduled trip end time",-1,6560,6561,4020.5
"Post scheduled trip end time",-1,3966,3967,4020.5
"Post scheduled trip end time",-1,2236,2237,4020.5
"Post scheduled trip end time",-1,3820,3821,4020.5
"Post scheduled trip end time",-1,29264,29265,4020.5
"Post scheduled trip end time",-1,23710,23711,4020.5
"Post scheduled trip end time",-1,16654,16655,4020.5
"Post scheduled trip end time",-1,17297,17298,4020.5
"Post scheduled trip end time",-1,5810,5811,4020.5
"Post scheduled trip end time",-1,4794,4795,4020.5
"Post scheduled trip end time",-1,965,966,4020.5
"Post scheduled trip end time",-1,521488,521489,4020.5
"Post scheduled trip end time",-1,13337,13338,4020.5
"Post scheduled trip end time",-1,2328,2329,4020.5
"Post scheduled trip end time",-1,3488,3489,4020.5
"Post scheduled trip end time",-1,6760,6761,4020.5
"Post scheduled trip end time",-1,7990,7991,4020.5
"Post scheduled trip end time",-1,954,955,4020.5
"Post scheduled trip end time",-1,1768,1769,4020.5
"Post scheduled trip end time",-1,15150,15151,4020.5
"Post scheduled trip end time",-1,2616,2617,4020.5
"Post scheduled trip end time",-1,168,169,4020.5
"Post scheduled trip end time",-1,20666,20667,4020.5
"Post scheduled trip end time",-1,5255,5256,4020.5
"Post scheduled trip end time",-1,1316,1317,4020.5
"Post scheduled trip end time",-1,6470,6471,4020.5
"Post scheduled trip end time",-1,289,290,4020.5
"Post scheduled trip end time",-1,5279,5280,4020.5
"Post scheduled trip end time",-1,3729,3730,4020.5
"Post scheduled trip end time",-1,11312,11313,4020.5
"Post scheduled trip end time",-1,229,230,4020.5
"Post scheduled trip end time",-1,523108,523109,4020.5
"Post scheduled trip end time",-1,540728,540729,4020.5
"Post scheduled trip end time",-1,17088,17089,4020.5
"Post scheduled trip end time",-1,4432,4433,4020.5
"Post scheduled trip end time",-1,3081,3082,4020.5
"Post scheduled trip end time",-1,11825,11826,4020.5
"Post scheduled trip end time",-1,10970,10971,4020.5
"Post scheduled trip end time",-1,2329,2330,4020.5
"Post scheduled trip end time",-1,14610,14611,4020.5
"Post scheduled trip end time",-1,531,532,4020.5
"Post scheduled trip end time",-1,11466,11467,4020.5
"Post scheduled trip end time",-1,6931,6932,4020.5
"Post scheduled trip end time",-1,26184,26185,4020.5
"Post scheduled trip end time",-1,28024,28025,4020.5
"Post scheduled trip end time",-1,11070,11071,4020.5
"Post scheduled trip end time",-1,30504,30505,4020.5
"Post scheduled trip end time",-1,31304,31305,4020.5
"Post scheduled trip end time",-1,14921,14922,4020.5
"Post scheduled trip end time",-1,17038,17039,4020.5
"Post scheduled trip end time",-1,16872,16873,4020.5
"Post scheduled trip end time",-1,4331,4332,4020.5
"Post scheduled trip end time",-1,8371,8372,4020.5
"Post scheduled trip end time",-1,2749,2750,4020.5
"Post scheduled trip end time",-1,435,436,4020.5
"Post scheduled trip end time",-1,8488,8489,4020.5
"Post scheduled trip end time",-1,7631,7632,4020.5
"Post scheduled trip end time",-1,9412,9413,4020.5
"Post scheduled trip end time",-1,536508,536509,4020.5
"Post scheduled trip end time",-1,538888,538889,4020.5
"Post scheduled trip end time",-1,16065,16066,4020.5
"Post scheduled trip end time",-1,623,624,4020.5
"Post scheduled trip end time",-1,290,291,4020.5
"Post scheduled trip end time",-1,4650,4651,4020.5
"Post scheduled trip end time",-1,595,596,4020.5
"Post scheduled trip end time",-1,-13,-12,4020.5
"Post scheduled trip end time",-1,4400,4401,4020.5
"Post scheduled trip end time",-1,4900,4901,4020.5
"Post scheduled trip end time",-1,5471,5472,4020.5
"Post scheduled trip end time",-1,10230,10231,4020.5
"Post scheduled trip end time",-1,11560,11561,4020.5
"Post scheduled trip end time",-1,8518,8519,4020.5
"Post scheduled trip end time",-1,7397,7398,4020.5
"Post scheduled trip end time",-1,3579,3580,4020.5
"Post scheduled trip end time",-1,2780,2781,4020.5
"Post scheduled trip end time",-1,16925,16926,4020.5
"Post scheduled trip end time",-1,13072,13073,4020.5
"Post scheduled trip end time",-1,18065,18066,4020.5
"Post scheduled trip end time",-1,1995,1996,4020.5
"Post scheduled trip end time",-1,2155,2156,4020.5
"Post scheduled trip end time",-1,4610,4611,4020.5
"Post scheduled trip end time",-1,43,44,4020.5
"Post scheduled trip end time",-1,1588,1589,4020.5
"Post scheduled trip end time",-1,8440,8441,4020.5
"Post scheduled trip end time",-1,30444,30445,4020.5
"Post scheduled trip end time",-1,25132,25133,4020.5
"Post scheduled trip end time",-1,24090,24091,4020.5
"Post scheduled trip end time",-1,25104,25105,4020.5
"Post scheduled trip end time",-1,18152,18153,4020.5
"Post scheduled trip end time",-1,4912,4913,4020.5
"Post scheduled trip end time",-1,521868,521869,4020.5
"Post scheduled trip end time",-1,3788,3789,4020.5
"Post scheduled trip end time",-1,15092,15093,4020.5
"Post scheduled trip end time",-1,6685,6686,4020.5
"Post scheduled trip end time",-1,1039,1040,4020.5
"Post scheduled trip end time",-1,2465,2466,4020.5
"Post scheduled trip end time",-1,16181,16182,4020.5
"Post scheduled trip end time",-1,18125,18126,4020.5
"Post scheduled trip end time",-1,140,141,4020.5
"Post scheduled trip end time",-1,1384,1385,4020.5
"Post scheduled trip end time",-1,311,312,4020.5
"Post scheduled trip end time",-1,4206,4207,4020.5
"Post scheduled trip end time",-1,18732,18733,4020.5
"Post scheduled trip end time",-1,27312,27313,4020.5
"Post scheduled trip end time",-1,1857,1858,4020.5
"Post scheduled trip end time",-1,1897,1898,4020.5
"Post scheduled trip end time",-1,11911,11912,4020.5
"Post scheduled trip end time",-1,9637,9638,4020.5
"Post scheduled trip end time",-1,3375,3376,4020.5
"Post scheduled trip end time",-1,4741,4742,4020.5
"Post scheduled trip end time",-1,3286,3287,4020.5
"Post scheduled trip end time",-1,542668,542669,4020.5
"Post scheduled trip end time",-1,2738,2739,4020.5
"Post scheduled trip end time",-1,13481,13482,4020.5
"Post scheduled trip end time",-1,15561,15562,4020.5
"Post scheduled trip end time",-1,2409,2410,4020.5
"Post scheduled trip end time",-1,14350,14351,4020.5
"Post scheduled trip end time",-1,3486,3487,4020.5
"Post scheduled trip end time",-1,5495,5496,4020.5
"Post scheduled trip end time",-1,3755,3756,4020.5
"Post scheduled trip end time",-1,18737,18738,4020.5
"Post scheduled trip end time",-1,28632,28633,4020.5
"Post scheduled trip end time",-1,4194,4195,4020.5
"Post scheduled trip end time",-1,13938,13939,4020.5
"Post scheduled trip end time",-1,15318,15319,4020.5
"Post scheduled trip end time",-1,5677,5678,4020.5
"Post scheduled trip end time",-1,14935,14936,4020.5
"Post scheduled trip end time",-1,10410,10411,4020.5
"Post scheduled trip end time",-1,12532,12533,4020.5
"Post scheduled trip end time",-1,4637,4638,4020.5
"Post scheduled trip end time",-1,13992,13993,4020.5
"Post scheduled trip end time",-1,15651,15652,4020.5
"Post scheduled trip end time",-1,11921,11922,4020.5
"Post scheduled trip end time",-1,9765,9766,4020.5
"Post scheduled trip end time",-1,10645,10646,4020.5
"Post scheduled trip end time",-1,7492,7493,4020.5
"Post scheduled trip end time",-1,6610,6611,4020.5
"Post scheduled trip end time",-1,7680,7681,4020.5
"Post scheduled trip end time",-1,2036,2037,4020.5
"Post scheduled trip end time",-1,11430,11431,4020.5
"Post scheduled trip end time",-1,9231,9232,4020.5
"Post scheduled trip end time",-1,19514,19515,4020.5
"Post scheduled trip end time",-1,23910,23911,4020.5
"Post scheduled trip end time",-1,16497,16498,4020.5
"Post scheduled trip end time",-1,30632,30633,4020.5
"Post scheduled trip end time",-1,13517,13518,4020.5
"Post scheduled trip end time",-1,1778,1779,4020.5
"Post scheduled trip end time",-1,4691,4692,4020.5
"Post scheduled trip end time",-1,14108,14109,4020.5
"Post scheduled trip end time",-1,9526,9527,4020.5
"Post scheduled trip end time",-1,2688,2689,4020.5
"Post scheduled trip end time",-1,14512,14513,4020.5
"Post scheduled trip end time",-1,14901,14902,4020.5
"Post scheduled trip end time",-1,268,269,4020.5
"Post scheduled trip end time",-1,9471,9472,4020.5
"Post scheduled trip end time",-1,25590,25591,4020.5
"Post scheduled trip end time",-1,2291,2292,4020.5
"Post scheduled trip end time",-1,416,417,4020.5
"Post scheduled trip end time",-1,8798,8799,4020.5
"Post scheduled trip end time",-1,2114,2115,4020.5
"Post scheduled trip end time",-1,6557,6558,4020.5
"Post scheduled trip end time",-1,8846,8847,4020.5
"Post scheduled trip end time",-1,540308,540309,4020.5
"Post scheduled trip end time",-1,16271,16272,4020.5
"Post scheduled trip end time",-1,10928,10929,4020.5
"Post scheduled trip end time",-1,536728,536729,4020.5
"Post scheduled trip end time",-1,87,88,4020.5
"Post scheduled trip end time",-1,6570,6571,4020.5
"Post scheduled trip end time",-1,31644,31645,4020.5
"Post scheduled trip end time",-1,11500,11501,4020.5
"Post scheduled trip end time",-1,12000,12001,4020.5
"Post scheduled trip end time",-1,14774,14775,4020.5
"Post scheduled trip end time",-1,7970,7971,4020.5
"Post scheduled trip end time",-1,10058,10059,4020.5
"Post scheduled trip end time",-1,11298,11299,4020.5
"Post scheduled trip end time",-1,6480,6481,4020.5
"Post scheduled trip end time",-1,13052,13053,4020.5
"Post scheduled trip end time",-1,13252,13253,4020.5
"Post scheduled trip end time",-1,6892,6893,4020.5
"Post scheduled trip end time",-1,13748,13749,4020.5
"Post scheduled trip end time",-1,4614,4615,4020.5
"Post scheduled trip end time",-1,5572,5573,4020.5
"Post scheduled trip end time",-1,17010,17011,4020.5
"Post scheduled trip end time",-1,80,81,4020.5
"Post scheduled trip end time",-1,3423,3424,4020.5
"Post scheduled trip end time",-1,1788,1789,4020.5
"Post scheduled trip end time",-1,5014,5015,4020.5
"Post scheduled trip end time",-1,2536,2537,4020.5
"Post scheduled trip end time",-1,14110,14111,4020.5
"Post scheduled trip end time",-1,31870,31871,4020.5
"Post scheduled trip end time",-1,21318,21319,4020.5
"Post scheduled trip end time",-1,9474,9475,4020.5
"Post scheduled trip end time",-1,10121,10122,4020.5
"Post scheduled trip end time",-1,11341,11342,4020.5
"Post scheduled trip end time",-1,20012,20013,4020.5
"Post scheduled trip end time",-1,529408,529409,4020.5
"Post scheduled trip end time",-1,3580,3581,4020.5
"Post scheduled trip end time",-1,13232,13233,4020.5
"Post scheduled trip end time",-1,1452,1453,4020.5
"Post scheduled trip end time",-1,5301,5302,4020.5
"Post scheduled trip end time",-1,664,665,4020.5
"Post scheduled trip end time",-1,407,408,4020.5
"Post scheduled trip end time",-1,2047,2048,4020.5
"Post scheduled trip end time",-1,12146,12147,4020.5
"Post scheduled trip end time",-1,14686,14687,4020.5
"Post scheduled trip end time",-1,7106,7107,4020.5
"Post scheduled trip end time",-1,2435,2436,4020.5
"Post scheduled trip end time",-1,19077,19078,4020.5
"Post scheduled trip end time",-1,18872,18873,4020.5
"Post scheduled trip end time",-1,8897,8898,4020.5
"Post scheduled trip end time",-1,9377,9378,4020.5
"Post scheduled trip end time",-1,583,584,4020.5
"Post scheduled trip end time",-1,5331,5332,4020.5
"Post scheduled trip end time",-1,11214,11215,4020.5
"Post scheduled trip end time",-1,523708,523709,4020.5
"Post scheduled trip end time",-1,1339,1340,4020.5
"Post scheduled trip end time",-1,171,172,4020.5
"Post scheduled trip end time",-1,1740,1741,4020.5
"Post scheduled trip end time",-1,267,268,4020.5
"Post scheduled trip end time",-1,5306,5307,4020.5
"Post scheduled trip end time",-1,5580,5581,4020.5
"Post scheduled trip end time",-1,15426,15427,4020.5
"Post scheduled trip end time",-1,260,261,4020.5
"Post scheduled trip end time",-1,19806,19807,4020.5
"Post scheduled trip end time",-1,177340,177341,4020.5
"Post scheduled trip end time",-1,29464,29465,4020.5
"Post scheduled trip end time",-1,29644,29645,4020.5
"Post scheduled trip end time",-1,5349,5350,4020.5
"Post scheduled trip end time",-1,5589,5590,4020.5
"Post scheduled trip end time",-1,21132,21133,4020.5
"Post scheduled trip end time",-1,520688,520689,4020.5
"Post scheduled trip end time",-1,20217,20218,4020.5
"Post scheduled trip end time",-1,5112,5113,4020.5
"Post scheduled trip end time",-1,528708,528709,4020.5
"Post scheduled trip end time",-1,523368,523369,4020.5
"Post scheduled trip end time",-1,8392,8393,4020.5
"Post scheduled trip end time",-1,203,204,4020.5
"Post scheduled trip end time",-1,6761,6762,4020.5
"Post scheduled trip end time",-1,13710,13711,4020.5
"Post scheduled trip end time",-1,5611,5612,4020.5
"Post scheduled trip end time",-1,27704,27705,4020.5
"Post scheduled trip end time",-1,18146,18147,4020.5
"Post scheduled trip end time",-1,18326,18327,4020.5
"Post scheduled trip end time",-1,28712,28713,4020.5
"Post scheduled trip end time",-1,8237,8238,4020.5
"Post scheduled trip end time",-1,2792,2793,4020.5
"Post scheduled trip end time",-1,8528,8529,4020.5
"Post scheduled trip end time",-1,10621,10622,4020.5
"Post scheduled trip end time",-1,8485,8486,4020.5
"Post scheduled trip end time",-1,8961,8962,4020.5
"Post scheduled trip end time",-1,2552,2553,4020.5
"Post scheduled trip end time",-1,144,145,4020.5
"Post scheduled trip end time",-1,3050,3051,4020.5
"Post scheduled trip end time",-1,1322,1323,4020.5
"Post scheduled trip end time",-1,17510,17511,4020.5
"Post scheduled trip end time",-1,12106,12107,4020.5
"Post scheduled trip end time",-1,12386,12387,4020.5
"Post scheduled trip end time",-1,508,509,4020.5
"Post scheduled trip end time",-1,4613,4614,4020.5
"Post scheduled trip end time",-1,4231,4232,4020.5
"Post scheduled trip end time",-1,2837,2838,4020.5
"Post scheduled trip end time",-1,9131,9132,4020.5
"Post scheduled trip end time",-1,4901,4902,4020.5
"Post scheduled trip end time",-1,5740,5741,4020.5
"Post scheduled trip end time",-1,17151,17152,4020.5
"Post scheduled trip end time",-1,1701,1702,4020.5
"Post scheduled trip end time",-1,2987,2988,4020.5
"Post scheduled trip end time",-1,7371,7372,4020.5
"Post scheduled trip end time",-1,11194,11195,4020.5
"Post scheduled trip end time",-1,34952,34953,4020.5
"Post scheduled trip end time",-1,14757,14758,4020.5
"Post scheduled trip end time",-1,521668,521669,4020.5
"Post scheduled trip end time",-1,15288,15289,4020.5
"Post scheduled trip end time",-1,1338,1339,4020.5
"Post scheduled trip end time",-1,5932,5933,4020.5
"Post scheduled trip end time",-1,15266,15267,4020.5
"Post scheduled trip end time",-1,8028,8029,4020.5
"Post scheduled trip end time",-1,483,484,4020.5
"Post scheduled trip end time",-1,3521,3522,4020.5
"Post scheduled trip end time",-1,370,371,4020.5
"Post scheduled trip end time",-1,2374,2375,4020.5
"Post scheduled trip end time",-1,1940,1941,4020.5
"Post scheduled trip end time",-1,18630,18631,4020.5
"Post scheduled trip end time",-1,4590,4591,4020.5
"Post scheduled trip end time",-1,6831,6832,4020.5
"Post scheduled trip end time",-1,26204,26205,4020.5
"Post scheduled trip end time",-1,28184,28185,4020.5
"Post scheduled trip end time",-1,5075,5076,4020.5
"Post scheduled trip end time",-1,601,602,4020.5
"Post scheduled trip end time",-1,33230,33231,4020.5
"Post scheduled trip end time",-1,11534,11535,4020.5
"Post scheduled trip end time",-1,12170,12171,4020.5
"Post scheduled trip end time",-1,4769,4770,4020.5
"Post scheduled trip end time",-1,17318,17319,4020.5
"Post scheduled trip end time",-1,31552,31553,4020.5
"Post scheduled trip end time",-1,9874,9875,4020.5
"Post scheduled trip end time",-1,14212,14213,4020.5
"Post scheduled trip end time",-1,18412,18413,4020.5
"Post scheduled trip end time",-1,4917,4918,4020.5
"Post scheduled trip end time",-1,4309,4310,4020.5
"Post scheduled trip end time",-1,5397,5398,4020.5
"Post scheduled trip end time",-1,20877,20878,4020.5
"Post scheduled trip end time",-1,16412,16413,4020.5
"Post scheduled trip end time",-1,8412,8413,4020.5
"Post scheduled trip end time",-1,2694,2695,4020.5
"Post scheduled trip end time",-1,7100,7101,4020.5
"Post scheduled trip end time",-1,9066,9067,4020.5
"Post scheduled trip end time",-1,30350,30351,4020.5
"Post scheduled trip end time",-1,5215,5216,4020.5
"Post scheduled trip end time",-1,32764,32765,4020.5
"Post scheduled trip end time",-1,934,935,4020.5
"Post scheduled trip end time",-1,25390,25391,4020.5
"Post scheduled trip end time",-1,2733,2734,4020.5
"Post scheduled trip end time",-1,16657,16658,4020.5
"Post scheduled trip end time",-1,11101,11102,4020.5
"Post scheduled trip end time",-1,4280,4281,4020.5
"Post scheduled trip end time",-1,13131,13132,4020.5
"Post scheduled trip end time",-1,2969,2970,4020.5
"Post scheduled trip end time",-1,13752,13753,4020.5
"Post scheduled trip end time",-1,3141,3142,4020.5
"Post scheduled trip end time",-1,8572,8573,4020.5
"Post scheduled trip end time",-1,6046,6047,4020.5
"Post scheduled trip end time",-1,10161,10162,4020.5
"Post scheduled trip end time",-1,15825,15826,4020.5
"Post scheduled trip end time",-1,17825,17826,4020.5
"Post scheduled trip end time",-1,33,34,4020.5
"Post scheduled trip end time",-1,2309,2310,4020.5
"Post scheduled trip end time",-1,3240,3241,4020.5
"Post scheduled trip end time",-1,33592,33593,4020.5
"Post scheduled trip end time",-1,12694,12695,4020.5
"Post scheduled trip end time",-1,3031,3032,4020.5
"Post scheduled trip end time",-1,7570,7571,4020.5
"Post scheduled trip end time",-1,18652,18653,4020.5
"Post scheduled trip end time",-1,6611,6612,4020.5
"Post scheduled trip end time",-1,4699,4700,4020.5
"Post scheduled trip end time",-1,10692,10693,4020.5
"Post scheduled trip end time",-1,7158,7159,4020.5
"Post scheduled trip end time",-1,6201,6202,4020.5
"Post scheduled trip end time",-1,2388,2389,4020.5
"Post scheduled trip end time",-1,20171,20172,4020.5
"Post scheduled trip end time",-1,2901,2902,4020.5
"Post scheduled trip end time",-1,13501,13502,4020.5
"Post scheduled trip end time",-1,7681,7682,4020.5
"Post scheduled trip end time",-1,10805,10806,4020.5
"Post scheduled trip end time",-1,6492,6493,4020.5
"Post scheduled trip end time",-1,2672,2673,4020.5
"Post scheduled trip end time",-1,794,795,4020.5
"Post scheduled trip end time",-1,1889,1890,4020.5
"Post scheduled trip end time",-1,1471,1472,4020.5
"Post scheduled trip end time",-1,31064,31065,4020.5
"Post scheduled trip end time",-1,653,654,4020.5
"Post scheduled trip end time",-1,7871,7872,4020.5
"Post scheduled trip end time",-1,43127,43128,4020.5
"Post scheduled trip end time",-1,20990,20991,4020.5
"Post scheduled trip end time",-1,379,380,4020.5
"Post scheduled trip end time",-1,22992,22993,4020.5
"Post scheduled trip end time",-1,5154,5155,4020.5
"Post scheduled trip end time",-1,6237,6238,4020.5
"Post scheduled trip end time",-1,1033,1034,4020.5
"Post scheduled trip end time",-1,9468,9469,4020.5
"Post scheduled trip end time",-1,21777,21778,4020.5
"Post scheduled trip end time",-1,1817,1818,4020.5
"Post scheduled trip end time",-1,2517,2518,4020.5
"Post scheduled trip end time",-1,5850,5851,4020.5
"Post scheduled trip end time",-1,288,289,4020.5
"Post scheduled trip end time",-1,4490,4491,4020.5
"Post scheduled trip end time",-1,2189,2190,4020.5
"Post scheduled trip end time",-1,5293,5294,4020.5
"Post scheduled trip end time",-1,13170,13171,4020.5
"Post scheduled trip end time",-1,26690,26691,4020.5
"Post scheduled trip end time",-1,25604,25605,4020.5
"Post scheduled trip end time",-1,15738,15739,4020.5
"Post scheduled trip end time",-1,14997,14998,4020.5
"Post scheduled trip end time",-1,21577,21578,4020.5
"Post scheduled trip end time",-1,13652,13653,4020.5
"Post scheduled trip end time",-1,399,400,4020.5
"Post scheduled trip end time",-1,6712,6713,4020.5
"Post scheduled trip end time",-1,3898,3899,4020.5
"Post scheduled trip end time",-1,891,892,4020.5
"Post scheduled trip end time",-1,2861,2862,4020.5
"Post scheduled trip end time",-1,10110,10111,4020.5
"Post scheduled trip end time",-1,13570,13571,4020.5
"Post scheduled trip end time",-1,7294,7295,4020.5
"Post scheduled trip end time",-1,28584,28585,4020.5
"Post scheduled trip end time",-1,2455,2456,4020.5
"Post scheduled trip end time",-1,21430,21431,4020.5
"Post scheduled trip end time",-1,27832,27833,4020.5
"Post scheduled trip end time",-1,6571,6572,4020.5
"Post scheduled trip end time",-1,12551,12552,4020.5
"Post scheduled trip end time",-1,19692,19693,4020.5
"Post scheduled trip end time",-1,6837,6838,4020.5
"Post scheduled trip end time",-1,527008,527009,4020.5
"Post scheduled trip end time",-1,8552,8553,4020.5
"Post scheduled trip end time",-1,1548,1549,4020.5
"Post scheduled trip end time",-1,76,77,4020.5
"Post scheduled trip end time",-1,1729,1730,4020.5
"Post scheduled trip end time",-1,5120,5121,4020.5
"Post scheduled trip end time",-1,27850,27851,4020.5
"Post scheduled trip end time",-1,32030,32031,4020.5
"Post scheduled trip end time",-1,24170,24171,4020.5
"Post scheduled trip end time",-1,14458,14459,4020.5
"Post scheduled trip end time",-1,3657,3658,4020.5
"Post scheduled trip end time",-1,11717,11718,4020.5
"Post scheduled trip end time",-1,1095,1096,4020.5
"Post scheduled trip end time",-1,17388,17389,4020.5
"Post scheduled trip end time",-1,9288,9289,4020.5
"Post scheduled trip end time",-1,9592,9593,4020.5
"Post scheduled trip end time",-1,8541,8542,4020.5
"Post scheduled trip end time",-1,4721,4722,4020.5
"Post scheduled trip end time",-1,17845,17846,4020.5
"Post scheduled trip end time",-1,3441,3442,4020.5
"Post scheduled trip end time",-1,3870,3871,4020.5
"Post scheduled trip end time",-1,7647,7648,4020.5
"Post scheduled trip end time",-1,1460,1461,4020.5
"Post scheduled trip end time",-1,13250,13251,4020.5
"Post scheduled trip end time",-1,15810,15811,4020.5
"Post scheduled trip end time",-1,17330,17331,4020.5
"Post scheduled trip end time",-1,29430,29431,4020.5
"Post scheduled trip end time",-1,30590,30591,4020.5
"Post scheduled trip end time",-1,13750,13751,4020.5
"Post scheduled trip end time",-1,19246,19247,4020.5
"Post scheduled trip end time",-1,19534,19535,4020.5
"Post scheduled trip end time",-1,32290,32291,4020.5
"Post scheduled trip end time",-1,23204,23205,4020.5
"Post scheduled trip end time",-1,24984,24985,4020.5
"Post scheduled trip end time",-1,4635,4636,4020.5
"Post scheduled trip end time",-1,2811,2812,4020.5
"Post scheduled trip end time",-1,6191,6192,4020.5
"Post scheduled trip end time",-1,13532,13533,4020.5
"Post scheduled trip end time",-1,4949,4950,4020.5
"Post scheduled trip end time",-1,19571,19572,4020.5
"Post scheduled trip end time",-1,7932,7933,4020.5
"Post scheduled trip end time",-1,4054,4055,4020.5
"Post scheduled trip end time",-1,901,902,4020.5
"Post scheduled trip end time",-1,13285,13286,4020.5
"Post scheduled trip end time",-1,804,805,4020.5
"Post scheduled trip end time",-1,527,528,4020.5
"Post scheduled trip end time",-1,5114,5115,4020.5
"Post scheduled trip end time",-1,6813,6814,4020.5
"Post scheduled trip end time",-1,-6,-5,4020.5
"Post scheduled trip end time",-1,17294,17295,4020.5
"Post scheduled trip end time",-1,14234,14235,4020.5
"Post scheduled trip end time",-1,9438,9439,4020.5
"Post scheduled trip end time",-1,12617,12618,4020.5
"Post scheduled trip end time",-1,7108,7109,4020.5
"Post scheduled trip end time",-1,528128,528129,4020.5
"Post scheduled trip end time",-1,522808,522809,4020.5
"Post scheduled trip end time",-1,7452,7453,4020.5
"Post scheduled trip end time",-1,9525,9526,4020.5
"Post scheduled trip end time",-1,6920,6921,4020.5
"Post scheduled trip end time",-1,207,208,4020.5
"Post scheduled trip end time",-1,3294,3295,4020.5
"Post scheduled trip end time",-1,6686,6687,4020.5
"Post scheduled trip end time",-1,20346,20347,4020.5
"Post scheduled trip end time",-1,30532,30533,4020.5
"Post scheduled trip end time",-1,1945,1946,4020.5
"Post scheduled trip end time",-1,14871,14872,4020.5
"Post scheduled trip end time",-1,9077,9078,4020.5
"Post scheduled trip end time",-1,11208,11209,4020.5
"Post scheduled trip end time",-1,534608,534609,4020.5
"Post scheduled trip end time",-1,20471,20472,4020.5
"Post scheduled trip end time",-1,17611,17612,4020.5
"Post scheduled trip end time",-1,8012,8013,4020.5
"Post scheduled trip end time",-1,9711,9712,4020.5
"Post scheduled trip end time",-1,2345,2346,4020.5
"Post scheduled trip end time",-1,14761,14762,4020.5
"Post scheduled trip end time",-1,663,664,4020.5
"Post scheduled trip end time",-1,63,64,4020.5
"Post scheduled trip end time",-1,2001,2002,4020.5
"Post scheduled trip end time",-1,3690,3691,4020.5
"Post scheduled trip end time",-1,6501,6502,4020.5
"Post scheduled trip end time",-1,6413,6414,4020.5
"Post scheduled trip end time",-1,27824,27825,4020.5
"Post scheduled trip end time",-1,20166,20167,4020.5
"Post scheduled trip end time",-1,31630,31631,4020.5
"Post scheduled trip end time",-1,34230,34231,4020.5
"Post scheduled trip end time",-1,9560,9561,4020.5
"Post scheduled trip end time",-1,11501,11502,4020.5
"Post scheduled trip end time",-1,18832,18833,4020.5
"Post scheduled trip end time",-1,4374,4375,4020.5
"Post scheduled trip end time",-1,11851,11852,4020.5
"Post scheduled trip end time",-1,14171,14172,4020.5
"Post scheduled trip end time",-1,14791,14792,4020.5
"Post scheduled trip end time",-1,1989,1990,4020.5
"Post scheduled trip end time",-1,11872,11873,4020.5
"Post scheduled trip end time",-1,529568,529569,4020.5
"Post scheduled trip end time",-1,2172,2173,4020.5
"Post scheduled trip end time",-1,9205,9206,4020.5
"Post scheduled trip end time",-1,14981,14982,4020.5
"Post scheduled trip end time",-1,46,47,4020.5
"Post scheduled trip end time",-1,1038,1039,4020.5
"Post scheduled trip end time",-1,1442,1443,4020.5
"Post scheduled trip end time",-1,7606,7607,4020.5
"Post scheduled trip end time",-1,3533,3534,4020.5
"Post scheduled trip end time",-1,5071,5072,4020.5
"Post scheduled trip end time",-1,16652,16653,4020.5
"Post scheduled trip end time",-1,13118,13119,4020.5
"Post scheduled trip end time",-1,4734,4735,4020.5
"Post scheduled trip end time",-1,4251,4252,4020.5
"Post scheduled trip end time",-1,13677,13678,4020.5
"Post scheduled trip end time",-1,542588,542589,4020.5
"Post scheduled trip end time",-1,2859,2860,4020.5
"Post scheduled trip end time",-1,4472,4473,4020.5
"Post scheduled trip end time",-1,5405,5406,4020.5
"Post scheduled trip end time",-1,102338,102339,4020.5
"Post scheduled trip end time",-1,330,331,4020.5
"Post scheduled trip end time",-1,359,360,4020.5
"Post scheduled trip end time",-1,2921,2922,4020.5
"Post scheduled trip end time",-1,222,223,4020.5
"Post scheduled trip end time",-1,3246,3247,4020.5
"Post scheduled trip end time",-1,29244,29245,4020.5
"Post scheduled trip end time",-1,12320,12321,4020.5
"Post scheduled trip end time",-1,18937,18938,4020.5
"Post scheduled trip end time",-1,6270,6271,4020.5
"Post scheduled trip end time",-1,22092,22093,4020.5
"Post scheduled trip end time",-1,6251,6252,4020.5
"Post scheduled trip end time",-1,7737,7738,4020.5
"Post scheduled trip end time",-1,532468,532469,4020.5
"Post scheduled trip end time",-1,22117,22118,4020.5
"Post scheduled trip end time",-1,537828,537829,4020.5
"Post scheduled trip end time",-1,4781,4782,4020.5
"Post scheduled trip end time",-1,13825,13826,4020.5
"Post scheduled trip end time",-1,1221,1222,4020.5
"Post scheduled trip end time",-1,272,273,4020.5
"Post scheduled trip end time",-1,3950,3951,4020.5
"Post scheduled trip end time",-1,13450,13451,4020.5
"Post scheduled trip end time",-1,5050,5051,4020.5
"Post scheduled trip end time",-1,3110,3111,4020.5
"Post scheduled trip end time",-1,33212,33213,4020.5
"Post scheduled trip end time",-1,26270,26271,4020.5
"Post scheduled trip end time",-1,782,783,4020.5
"Post scheduled trip end time",-1,23312,23313,4020.5
"Post scheduled trip end time",-1,31572,31573,4020.5
"Post scheduled trip end time",-1,5477,5478,4020.5
"Post scheduled trip end time",-1,487,488,4020.5
"Post scheduled trip end time",-1,2166,2167,4020.5
"Post scheduled trip end time",-1,15631,15632,4020.5
"Post scheduled trip end time",-1,98,99,4020.5
"Post scheduled trip end time",-1,11290,11291,4020.5
"Post scheduled trip end time",-1,1049,1050,4020.5
"Post scheduled trip end time",-1,19190,19191,4020.5
"Post scheduled trip end time",-1,9070,9071,4020.5
"Post scheduled trip end time",-1,4111,4112,4020.5
"Post scheduled trip end time",-1,2833,2834,4020.5
"Post scheduled trip end time",-1,28892,28893,4020.5
"Post scheduled trip end time",-1,1287,1288,4020.5
"Post scheduled trip end time",-1,2774,2775,4020.5
"Post scheduled trip end time",-1,2610,2611,4020.5
"Post scheduled trip end time",-1,482,483,4020.5
"Post scheduled trip end time",-1,18746,18747,4020.5
"Post scheduled trip end time",-1,7790,7791,4020.5
"Post scheduled trip end time",-1,31770,31771,4020.5
"Post scheduled trip end time",-1,32624,32625,4020.5
"Post scheduled trip end time",-1,20458,20459,4020.5
"Post scheduled trip end time",-1,21050,21051,4020.5
"Post scheduled trip end time",-1,12810,12811,4020.5
"Post scheduled trip end time",-1,20977,20978,4020.5
"Post scheduled trip end time",-1,3032,3033,4020.5
"Post scheduled trip end time",-1,801,802,4020.5
"Post scheduled trip end time",-1,13488,13489,4020.5
"Post scheduled trip end time",-1,1990,1991,4020.5
"Post scheduled trip end time",-1,7041,7042,4020.5
"Post scheduled trip end time",-1,57,58,4020.5
"Post scheduled trip end time",-1,5130,5131,4020.5
"Post scheduled trip end time",-1,1551,1552,4020.5
"Post scheduled trip end time",-1,27470,27471,4020.5
"Post scheduled trip end time",-1,7330,7331,4020.5
"Post scheduled trip end time",-1,19774,19775,4020.5
"Post scheduled trip end time",-1,31764,31765,4020.5
"Post scheduled trip end time",-1,8951,8952,4020.5
"Post scheduled trip end time",-1,912,913,4020.5
"Post scheduled trip end time",-1,345,346,4020.5
"Post scheduled trip end time",-1,4200,4201,4020.5
"Post scheduled trip end time",-1,15097,15098,4020.5
"Post scheduled trip end time",-1,415,416,4020.5
"Post scheduled trip end time",-1,527508,527509,4020.5
"Post scheduled trip end time",-1,253,254,4020.5
"Post scheduled trip end time",-1,826,827,4020.5
"Post scheduled trip end time",-1,7325,7326,4020.5
"Post scheduled trip end time",-1,1730,1731,4020.5
"Post scheduled trip end time",-1,7627,7628,4020.5
"Post scheduled trip end time",-1,1362,1363,4020.5
"Post scheduled trip end time",-1,17530,17531,4020.5
"Post scheduled trip end time",-1,4733,4734,4020.5
"Post scheduled trip end time",-1,9051,9052,4020.5
"Post scheduled trip end time",-1,350,351,4020.5
"Post scheduled trip end time",-1,5315,5316,4020.5
"Post scheduled trip end time",-1,34450,34451,4020.5
"Post scheduled trip end time",-1,33292,33293,4020.5
"Post scheduled trip end time",-1,12394,12395,4020.5
"Post scheduled trip end time",-1,23472,23473,4020.5
"Post scheduled trip end time",-1,2754,2755,4020.5
"Post scheduled trip end time",-1,6160,6161,4020.5
"Post scheduled trip end time",-1,4971,4972,4020.5
"Post scheduled trip end time",-1,14531,14532,4020.5
"Post scheduled trip end time",-1,9211,9212,4020.5
"Post scheduled trip end time",-1,4289,4290,4020.5
"Post scheduled trip end time",-1,8781,8782,4020.5
"Post scheduled trip end time",-1,9972,9973,4020.5
"Post scheduled trip end time",-1,2470,2471,4020.5
"Post scheduled trip end time",-1,18050,18051,4020.5
"Post scheduled trip end time",-1,11166,11167,4020.5
"Post scheduled trip end time",-1,16350,16351,4020.5
"Post scheduled trip end time",-1,15714,15715,4020.5
"Post scheduled trip end time",-1,9710,9711,4020.5
"Post scheduled trip end time",-1,10398,10399,4020.5
"Post scheduled trip end time",-1,3134,3135,4020.5
"Post scheduled trip end time",-1,5940,5941,4020.5
"Post scheduled trip end time",-1,7440,7441,4020.5
"Post scheduled trip end time",-1,519648,519649,4020.5
"Post scheduled trip end time",-1,11917,11918,4020.5
"Post scheduled trip end time",-1,6385,6386,4020.5
"Post scheduled trip end time",-1,8245,8246,4020.5
"Post scheduled trip end time",-1,1475,1476,4020.5
"Post scheduled trip end time",-1,4361,4362,4020.5
"Post scheduled trip end time",-1,4103,4104,4020.5
"Post scheduled trip end time",-1,2138,2139,4020.5
"Post scheduled trip end time",-1,13986,13987,4020.5
"Post scheduled trip end time",-1,537,538,4020.5
"Post scheduled trip end time",-1,9750,9751,4020.5
"Post scheduled trip end time",-1,16494,16495,4020.5
"Post scheduled trip end time",-1,5049,5050,4020.5
"Post scheduled trip end time",-1,18658,18659,4020.5
"Post scheduled trip end time",-1,15912,15913,4020.5
"Post scheduled trip end time",-1,24752,24753,4020.5
"Post scheduled trip end time",-1,12638,12639,4020.5
"Post scheduled trip end time",-1,11901,11902,4020.5
"Post scheduled trip end time",-1,8271,8272,4020.5
"Post scheduled trip end time",-1,1222,1223,4020.5
"Post scheduled trip end time",-1,7321,7322,4020.5
"Post scheduled trip end time",-1,534988,534989,4020.5
"Post scheduled trip end time",-1,529728,529729,4020.5
"Post scheduled trip end time",-1,1892,1893,4020.5
"Post scheduled trip end time",-1,536128,536129,4020.5
"Post scheduled trip end time",-1,11165,11166,4020.5
"Post scheduled trip end time",-1,7752,7753,4020.5
"Post scheduled trip end time",-1,8150,8151,4020.5
"Post scheduled trip end time",-1,1098,1099,4020.5
"Post scheduled trip end time",-1,18310,18311,4020.5
"Post scheduled trip end time",-1,8666,8667,4020.5
"Post scheduled trip end time",-1,6651,6652,4020.5
"Post scheduled trip end time",-1,28684,28685,4020.5
"Post scheduled trip end time",-1,668,669,4020.5
"Post scheduled trip end time",-1,5789,5790,4020.5
"Post scheduled trip end time",-1,4169,4170,4020.5
"Post scheduled trip end time",-1,23532,23533,4020.5
"Post scheduled trip end time",-1,4811,4812,4020.5
"Post scheduled trip end time",-1,10131,10132,4020.5
"Post scheduled trip end time",-1,5791,5792,4020.5
"Post scheduled trip end time",-1,20117,20118,4020.5
"Post scheduled trip end time",-1,597,598,4020.5
"Post scheduled trip end time",-1,1918,1919,4020.5
"Post scheduled trip end time",-1,4612,4613,4020.5
"Post scheduled trip end time",-1,2212,2213,4020.5
"Post scheduled trip end time",-1,641,642,4020.5
"Post scheduled trip end time",-1,1861,1862,4020.5
"Post scheduled trip end time",-1,5565,5566,4020.5
"Post scheduled trip end time",-1,2832,2833,4020.5
"Post scheduled trip end time",-1,2134,2135,4020.5
"Post scheduled trip end time",-1,11125,11126,4020.5
"Post scheduled trip end time",-1,NA,NA,4020.5
"Post scheduled trip end time",-1,42,43,4020.5
"Post scheduled trip end time",-1,481,482,4020.5
"Post scheduled trip end time",-1,2638,2639,4020.5
"Post scheduled trip end time",-1,20870,20871,4020.5
"Post scheduled trip end time",-1,28112,28113,4020.5
"Post scheduled trip end time",-1,5952,5953,4020.5
"Post scheduled trip end time",-1,5620,5621,4020.5
"Post scheduled trip end time",-1,14621,14622,4020.5
"Post scheduled trip end time",-1,626,627,4020.5
"Post scheduled trip end time",-1,4910,4911,4020.5
"Post scheduled trip end time",-1,2503,2504,4020.5
"Post scheduled trip end time",-1,2649,2650,4020.5
"Post scheduled trip end time",-1,1358,1359,4020.5
"Post scheduled trip end time",-1,3634,3635,4020.5
"Post scheduled trip end time",-1,3620,3621,4020.5
"Post scheduled trip end time",-1,9331,9332,4020.5
"Post scheduled trip end time",-1,30904,30905,4020.5
"Post scheduled trip end time",-1,35192,35193,4020.5
"Post scheduled trip end time",-1,17237,17238,4020.5
"Post scheduled trip end time",-1,9178,9179,4020.5
"Post scheduled trip end time",-1,756,757,4020.5
"Post scheduled trip end time",-1,10021,10022,4020.5
"Post scheduled trip end time",-1,38,39,4020.5
"Post scheduled trip end time",-1,158,159,4020.5
"Post scheduled trip end time",-1,17430,17431,4020.5
"Post scheduled trip end time",-1,27204,27205,4020.5
"Post scheduled trip end time",-1,361,362,4020.5
"Post scheduled trip end time",-1,1154,1155,4020.5
"Post scheduled trip end time",-1,14831,14832,4020.5
"Post scheduled trip end time",-1,15335,15336,4020.5
"Post scheduled trip end time",-1,3859,3860,4020.5
"Post scheduled trip end time",-1,8501,8502,4020.5
"Post scheduled trip end time",-1,6572,6573,4020.5
"Post scheduled trip end time",-1,16991,16992,4020.5
"Post scheduled trip end time",-1,1150,1151,4020.5
"Post scheduled trip end time",-1,2670,2671,4020.5
"Post scheduled trip end time",-1,743,744,4020.5
"Post scheduled trip end time",-1,501,502,4020.5
"Post scheduled trip end time",-1,9010,9011,4020.5
"Post scheduled trip end time",-1,96,97,4020.5
"Post scheduled trip end time",-1,14310,14311,4020.5
"Post scheduled trip end time",-1,16186,16187,4020.5
"Post scheduled trip end time",-1,20194,20195,4020.5
"Post scheduled trip end time",-1,1705,1706,4020.5
"Post scheduled trip end time",-1,23050,23051,4020.5
"Post scheduled trip end time",-1,6791,6792,4020.5
"Post scheduled trip end time",-1,3599,3600,4020.5
"Post scheduled trip end time",-1,915,916,4020.5
"Post scheduled trip end time",-1,13732,13733,4020.5
"Post scheduled trip end time",-1,20557,20558,4020.5
"Post scheduled trip end time",-1,528608,528609,4020.5
"Post scheduled trip end time",-1,531248,531249,4020.5
"Post scheduled trip end time",-1,542728,542729,4020.5
"Post scheduled trip end time",-1,792,793,4020.5
"Post scheduled trip end time",-1,4658,4659,4020.5
"Post scheduled trip end time",-1,749,750,4020.5
"Post scheduled trip end time",-1,541,542,4020.5
"Post scheduled trip end time",-1,1350,1351,4020.5
"Post scheduled trip end time",-1,8274,8275,4020.5
"Post scheduled trip end time",-1,30072,30073,4020.5
"Post scheduled trip end time",-1,14352,14353,4020.5
"Post scheduled trip end time",-1,5031,5032,4020.5
"Post scheduled trip end time",-1,12057,12058,4020.5
"Post scheduled trip end time",-1,3941,3942,4020.5
"Post scheduled trip end time",-1,18286,18287,4020.5
"Post scheduled trip end time",-1,12626,12627,4020.5
"Post scheduled trip end time",-1,14252,14253,4020.5
"Post scheduled trip end time",-1,539148,539149,4020.5
"Post scheduled trip end time",-1,3001,3002,4020.5
"Post scheduled trip end time",-1,10770,10771,4020.5
"Post scheduled trip end time",-1,1328,1329,4020.5
"Post scheduled trip end time",-1,644,645,4020.5
"Post scheduled trip end time",-1,1438,1439,4020.5
"Post scheduled trip end time",-1,3258,3259,4020.5
"Post scheduled trip end time",-1,5206,5207,4020.5
"Post scheduled trip end time",-1,7614,7615,4020.5
"Post scheduled trip end time",-1,500,501,4020.5
"Post scheduled trip end time",-1,24352,24353,4020.5
"Post scheduled trip end time",-1,4119,4120,4020.5
"Post scheduled trip end time",-1,8001,8002,4020.5
"Post scheduled trip end time",-1,13666,13667,4020.5
"Post scheduled trip end time",-1,538728,538729,4020.5
"Post scheduled trip end time",-1,18005,18006,4020.5
"Post scheduled trip end time",-1,1441,1442,4020.5
"Post scheduled trip end time",-1,652,653,4020.5
"Post scheduled trip end time",-1,3714,3715,4020.5
"Post scheduled trip end time",-1,4254,4255,4020.5
"Post scheduled trip end time",-1,8806,8807,4020.5
"Post scheduled trip end time",-1,7166,7167,4020.5
"Post scheduled trip end time",-1,3800,3801,4020.5
"Post scheduled trip end time",-1,15546,15547,4020.5
"Post scheduled trip end time",-1,15930,15931,4020.5
"Post scheduled trip end time",-1,17254,17255,4020.5
"Post scheduled trip end time",-1,32584,32585,4020.5
"Post scheduled trip end time",-1,4919,4920,4020.5
"Post scheduled trip end time",-1,5577,5578,4020.5
"Post scheduled trip end time",-1,18271,18272,4020.5
"Post scheduled trip end time",-1,7172,7173,4020.5
"Post scheduled trip end time",-1,7826,7827,4020.5
"Post scheduled trip end time",-1,8425,8426,4020.5
"Post scheduled trip end time",-1,8801,8802,4020.5
"Post scheduled trip end time",-1,2781,2782,4020.5
"Post scheduled trip end time",-1,16081,16082,4020.5
"Post scheduled trip end time",-1,17965,17966,4020.5
"Post scheduled trip end time",-1,1171,1172,4020.5
"Post scheduled trip end time",-1,440,441,4020.5
"Post scheduled trip end time",-1,3990,3991,4020.5
"Post scheduled trip end time",-1,9190,9191,4020.5
"Post scheduled trip end time",-1,2214,2215,4020.5
"Post scheduled trip end time",-1,8126,8127,4020.5
"Post scheduled trip end time",-1,12526,12527,4020.5
"Post scheduled trip end time",-1,5991,5992,4020.5
"Post scheduled trip end time",-1,13514,13515,4020.5
"Post scheduled trip end time",-1,8351,8352,4020.5
"Post scheduled trip end time",-1,23424,23425,4020.5
"Post scheduled trip end time",-1,1455,1456,4020.5
"Post scheduled trip end time",-1,17497,17498,4020.5
"Post scheduled trip end time",-1,19477,19478,4020.5
"Post scheduled trip end time",-1,20292,20293,4020.5
"Post scheduled trip end time",-1,15846,15847,4020.5
"Post scheduled trip end time",-1,118,119,4020.5
"Post scheduled trip end time",-1,11590,11591,4020.5
"Post scheduled trip end time",-1,5061,5062,4020.5
"Post scheduled trip end time",-1,331,332,4020.5
"Post scheduled trip end time",-1,13830,13831,4020.5
"Post scheduled trip end time",-1,120,121,4020.5
"Post scheduled trip end time",-1,6166,6167,4020.5
"Post scheduled trip end time",-1,16006,16007,4020.5
"Post scheduled trip end time",-1,14890,14891,4020.5
"Post scheduled trip end time",-1,19574,19575,4020.5
"Post scheduled trip end time",-1,35072,35073,4020.5
"Post scheduled trip end time",-1,24604,24605,4020.5
"Post scheduled trip end time",-1,23492,23493,4020.5
"Post scheduled trip end time",-1,11141,11142,4020.5
"Post scheduled trip end time",-1,12861,12862,4020.5
"Post scheduled trip end time",-1,18068,18069,4020.5
"Post scheduled trip end time",-1,9721,9722,4020.5
"Post scheduled trip end time",-1,10792,10793,4020.5
"Post scheduled trip end time",-1,3892,3893,4020.5
"Post scheduled trip end time",-1,5,6,4020.5
"Post scheduled trip end time",-1,84,85,4020.5
"Post scheduled trip end time",-1,1366,1367,4020.5
"Post scheduled trip end time",-1,6953,6954,4020.5
"Post scheduled trip end time",-1,4813,4814,4020.5
"Post scheduled trip end time",-1,29350,29351,4020.5
"Post scheduled trip end time",-1,550,551,4020.5
"Post scheduled trip end time",-1,8910,8911,4020.5
"Post scheduled trip end time",-1,18974,18975,4020.5
"Post scheduled trip end time",-1,11474,11475,4020.5
"Post scheduled trip end time",-1,13494,13495,4020.5
"Post scheduled trip end time",-1,19252,19253,4020.5
"Post scheduled trip end time",-1,519568,519569,4020.5
"Post scheduled trip end time",-1,15768,15769,4020.5
"Post scheduled trip end time",-1,2248,2249,4020.5
"Post scheduled trip end time",-1,5410,5411,4020.5
"Post scheduled trip end time",-1,6350,6351,4020.5
"Post scheduled trip end time",-1,284,285,4020.5
"Post scheduled trip end time",-1,1532,1533,4020.5
"Post scheduled trip end time",-1,374,375,4020.5
"Post scheduled trip end time",-1,918,919,4020.5
"Post scheduled trip end time",-1,19870,19871,4020.5
"Post scheduled trip end time",-1,17666,17667,4020.5
"Post scheduled trip end time",-1,7170,7171,4020.5
"Post scheduled trip end time",-1,16954,16955,4020.5
"Post scheduled trip end time",-1,536,537,4020.5
"Post scheduled trip end time",-1,25790,25791,4020.5
"Post scheduled trip end time",-1,12730,12731,4020.5
"Post scheduled trip end time",-1,16938,16939,4020.5
"Post scheduled trip end time",-1,10291,10292,4020.5
"Post scheduled trip end time",-1,534388,534389,4020.5
"Post scheduled trip end time",-1,525328,525329,4020.5
"Post scheduled trip end time",-1,7672,7673,4020.5
"Post scheduled trip end time",-1,791,792,4020.5
"Post scheduled trip end time",-1,10586,10587,4020.5
"Post scheduled trip end time",-1,28264,28265,4020.5
"Post scheduled trip end time",-1,14214,14215,4020.5
"Post scheduled trip end time",-1,20790,20791,4020.5
"Post scheduled trip end time",-1,6390,6391,4020.5
"Post scheduled trip end time",-1,269,270,4020.5
"Post scheduled trip end time",-1,17558,17559,4020.5
"Post scheduled trip end time",-1,9900,9901,4020.5
"Post scheduled trip end time",-1,14892,14893,4020.5
"Post scheduled trip end time",-1,14595,14596,4020.5
"Post scheduled trip end time",-1,4991,4992,4020.5
"Post scheduled trip end time",-1,655,656,4020.5
"Post scheduled trip end time",-1,1162,1163,4020.5
"Post scheduled trip end time",-1,20432,20433,4020.5
"Post scheduled trip end time",-1,522048,522049,4020.5
"Post scheduled trip end time",-1,2860,2861,4020.5
"Post scheduled trip end time",-1,7652,7653,4020.5
"Post scheduled trip end time",-1,9870,9871,4020.5
"Post scheduled trip end time",-1,1863,1864,4020.5
"Post scheduled trip end time",-1,214,215,4020.5
"Post scheduled trip end time",-1,1638,1639,4020.5
"Post scheduled trip end time",-1,864,865,4020.5
"Post scheduled trip end time",-1,1490,1491,4020.5
"Post scheduled trip end time",-1,14706,14707,4020.5
"Post scheduled trip end time",-1,4160,4161,4020.5
"Post scheduled trip end time",-1,27310,27311,4020.5
"Post scheduled trip end time",-1,27952,27953,4020.5
"Post scheduled trip end time",-1,4349,4350,4020.5
"Post scheduled trip end time",-1,18252,18253,4020.5
"Post scheduled trip end time",-1,12837,12838,4020.5
"Post scheduled trip end time",-1,6781,6782,4020.5
"Post scheduled trip end time",-1,533728,533729,4020.5
"Post scheduled trip end time",-1,2078,2079,4020.5
"Post scheduled trip end time",-1,7926,7927,4020.5
"Post scheduled trip end time",-1,13061,13062,4020.5
"Post scheduled trip end time",-1,2003,2004,4020.5
"Post scheduled trip end time",-1,784,785,4020.5
"Post scheduled trip end time",-1,2356,2357,4020.5
"Post scheduled trip end time",-1,903,904,4020.5
"Post scheduled trip end time",-1,6951,6952,4020.5
"Post scheduled trip end time",-1,28324,28325,4020.5
"Post scheduled trip end time",-1,20174,20175,4020.5
"Post scheduled trip end time",-1,16561,16562,4020.5
"Post scheduled trip end time",-1,18712,18713,4020.5
"Post scheduled trip end time",-1,15438,15439,4020.5
"Post scheduled trip end time",-1,10671,10672,4020.5
"Post scheduled trip end time",-1,612,613,4020.5
"Post scheduled trip end time",-1,535728,535729,4020.5
"Post scheduled trip end time",-1,4554,4555,4020.5
"Post scheduled trip end time",-1,3125,3126,4020.5
"Post scheduled trip end time",-1,17241,17242,4020.5
"Post scheduled trip end time",-1,2067,2068,4020.5
"Post scheduled trip end time",-1,5231,5232,4020.5
"Post scheduled trip end time",-1,5831,5832,4020.5
"Post scheduled trip end time",-1,27750,27751,4020.5
"Post scheduled trip end time",-1,27932,27933,4020.5
"Post scheduled trip end time",-1,2174,2175,4020.5
"Post scheduled trip end time",-1,5517,5518,4020.5
"Post scheduled trip end time",-1,2689,2690,4020.5
"Post scheduled trip end time",-1,9321,9322,4020.5
"Post scheduled trip end time",-1,4580,4581,4020.5
"Post scheduled trip end time",-1,6045,6046,4020.5
"Post scheduled trip end time",-1,7070,7071,4020.5
"Post scheduled trip end time",-1,3343,3344,4020.5
"Post scheduled trip end time",-1,211,212,4020.5
"Post scheduled trip end time",-1,1544,1545,4020.5
"Post scheduled trip end time",-1,1611,1612,4020.5
"Post scheduled trip end time",-1,3886,3887,4020.5
"Post scheduled trip end time",-1,3170,3171,4020.5
"Post scheduled trip end time",-1,33970,33971,4020.5
"Post scheduled trip end time",-1,11434,11435,4020.5
"Post scheduled trip end time",-1,2272,2273,4020.5
"Post scheduled trip end time",-1,19028,19029,4020.5
"Post scheduled trip end time",-1,10872,10873,4020.5
"Post scheduled trip end time",-1,31,32,4020.5
"Post scheduled trip end time",-1,65,66,4020.5
"Post scheduled trip end time",-1,1650,1651,4020.5
"Post scheduled trip end time",-1,10010,10011,4020.5
"Post scheduled trip end time",-1,19170,19171,4020.5
"Post scheduled trip end time",-1,17246,17247,4020.5
"Post scheduled trip end time",-1,7551,7552,4020.5
"Post scheduled trip end time",-1,30724,30725,4020.5
"Post scheduled trip end time",-1,3229,3230,4020.5
"Post scheduled trip end time",-1,12191,12192,4020.5
"Post scheduled trip end time",-1,13866,13867,4020.5
"Post scheduled trip end time",-1,7768,7769,4020.5
"Post scheduled trip end time",-1,9108,9109,4020.5
"Post scheduled trip end time",-1,3098,3099,4020.5
"Post scheduled trip end time",-1,13048,13049,4020.5
"Post scheduled trip end time",-1,539268,539269,4020.5
"Post scheduled trip end time",-1,3341,3342,4020.5
"Post scheduled trip end time",-1,3243,3244,4020.5
"Post scheduled trip end time",-1,3543,3544,4020.5
"Post scheduled trip end time",-1,7760,7761,4020.5
"Post scheduled trip end time",-1,6514,6515,4020.5
"Post scheduled trip end time",-1,11666,11667,4020.5
"Post scheduled trip end time",-1,6326,6327,4020.5
"Post scheduled trip end time",-1,27490,27491,4020.5
"Post scheduled trip end time",-1,11530,11531,4020.5
"Post scheduled trip end time",-1,13430,13431,4020.5
"Post scheduled trip end time",-1,7251,7252,4020.5
"Post scheduled trip end time",-1,9011,9012,4020.5
"Post scheduled trip end time",-1,853,854,4020.5
"Post scheduled trip end time",-1,3191,3192,4020.5
"Post scheduled trip end time",-1,12558,12559,4020.5
"Post scheduled trip end time",-1,2854,2855,4020.5
"Post scheduled trip end time",-1,14291,14292,4020.5
"Post scheduled trip end time",-1,12577,12578,4020.5
"Post scheduled trip end time",-1,3557,3558,4020.5
"Post scheduled trip end time",-1,10266,10267,4020.5
"Post scheduled trip end time",-1,2054,2055,4020.5
"Post scheduled trip end time",-1,185,186,4020.5
"Post scheduled trip end time",-1,1658,1659,4020.5
"Post scheduled trip end time",-1,351,352,4020.5
"Post scheduled trip end time",-1,26870,26871,4020.5
"Post scheduled trip end time",-1,1145,1146,4020.5
"Post scheduled trip end time",-1,12501,12502,4020.5
"Post scheduled trip end time",-1,14381,14382,4020.5
"Post scheduled trip end time",-1,4931,4932,4020.5
"Post scheduled trip end time",-1,2809,2810,4020.5
"Post scheduled trip end time",-1,540168,540169,4020.5
"Post scheduled trip end time",-1,14031,14032,4020.5
"Post scheduled trip end time",-1,16808,16809,4020.5
"Post scheduled trip end time",-1,17431,17432,4020.5
"Post scheduled trip end time",-1,14886,14887,4020.5
"Post scheduled trip end time",-1,2841,2842,4020.5
"Post scheduled trip end time",-1,201,202,4020.5
"Post scheduled trip end time",-1,44,45,4020.5
"Post scheduled trip end time",-1,2440,2441,4020.5
"Post scheduled trip end time",-1,30610,30611,4020.5
"Post scheduled trip end time",-1,16310,16311,4020.5
"Post scheduled trip end time",-1,972,973,4020.5
"Post scheduled trip end time",-1,14515,14516,4020.5
"Post scheduled trip end time",-1,9771,9772,4020.5
"Post scheduled trip end time",-1,14477,14478,4020.5
"Post scheduled trip end time",-1,6138,6139,4020.5
"Post scheduled trip end time",-1,21677,21678,4020.5
"Post scheduled trip end time",-1,3077,3078,4020.5
"Post scheduled trip end time",-1,539868,539869,4020.5
"Post scheduled trip end time",-1,8432,8433,4020.5
"Post scheduled trip end time",-1,198,199,4020.5
"Post scheduled trip end time",-1,297,298,4020.5
"Post scheduled trip end time",-1,19950,19951,4020.5
"Post scheduled trip end time",-1,5731,5732,4020.5
"Post scheduled trip end time",-1,25704,25705,4020.5
"Post scheduled trip end time",-1,7271,7272,4020.5
"Post scheduled trip end time",-1,18254,18255,4020.5
"Post scheduled trip end time",-1,16814,16815,4020.5
"Post scheduled trip end time",-1,3929,3930,4020.5
"Post scheduled trip end time",-1,31292,31293,4020.5
"Post scheduled trip end time",-1,24272,24273,4020.5
"Post scheduled trip end time",-1,10374,10375,4020.5
"Post scheduled trip end time",-1,20952,20953,4020.5
"Post scheduled trip end time",-1,20011,20012,4020.5
"Post scheduled trip end time",-1,7877,7878,4020.5
"Post scheduled trip end time",-1,2650,2651,4020.5
"Post scheduled trip end time",-1,2789,2790,4020.5
"Post scheduled trip end time",-1,5853,5854,4020.5
"Post scheduled trip end time",-1,763,764,4020.5
"Post scheduled trip end time",-1,3280,3281,4020.5
"Post scheduled trip end time",-1,31664,31665,4020.5
"Post scheduled trip end time",-1,1496,1497,4020.5
"Post scheduled trip end time",-1,9694,9695,4020.5
"Post scheduled trip end time",-1,26092,26093,4020.5
"Post scheduled trip end time",-1,6020,6021,4020.5
"Post scheduled trip end time",-1,797,798,4020.5
"Post scheduled trip end time",-1,1457,1458,4020.5
"Post scheduled trip end time",-1,10351,10352,4020.5
"Post scheduled trip end time",-1,15175,15176,4020.5
"Post scheduled trip end time",-1,6838,6839,4020.5
"Post scheduled trip end time",-1,12852,12853,4020.5
"Post scheduled trip end time",-1,1433,1434,4020.5
"Post scheduled trip end time",-1,17251,17252,4020.5
"Post scheduled trip end time",-1,2878,2879,4020.5
"Post scheduled trip end time",-1,536808,536809,4020.5
"Post scheduled trip end time",-1,8266,8267,4020.5
"Post scheduled trip end time",-1,31390,31391,4020.5
"Post scheduled trip end time",-1,26732,26733,4020.5
"Post scheduled trip end time",-1,4471,4472,4020.5
"Post scheduled trip end time",-1,7461,7462,4020.5
"Post scheduled trip end time",-1,13558,13559,4020.5
"Post scheduled trip end time",-1,829,830,4020.5
"Post scheduled trip end time",-1,13737,13738,4020.5
"Post scheduled trip end time",-1,135,136,4020.5
"Post scheduled trip end time",-1,3292,3293,4020.5
"Post scheduled trip end time",-1,523568,523569,4020.5
"Post scheduled trip end time",-1,19691,19692,4020.5
"Post scheduled trip end time",-1,5925,5926,4020.5
"Post scheduled trip end time",-1,7650,7651,4020.5
"Post scheduled trip end time",-1,768,769,4020.5
"Post scheduled trip end time",-1,16290,16291,4020.5
"Post scheduled trip end time",-1,4670,4671,4020.5
"Post scheduled trip end time",-1,1760,1761,4020.5
"Post scheduled trip end time",-1,7986,7987,4020.5
"Post scheduled trip end time",-1,8466,8467,4020.5
"Post scheduled trip end time",-1,7546,7547,4020.5
"Post scheduled trip end time",-1,28664,28665,4020.5
"Post scheduled trip end time",-1,13150,13151,4020.5
"Post scheduled trip end time",-1,872,873,4020.5
"Post scheduled trip end time",-1,17218,17219,4020.5
"Post scheduled trip end time",-1,10612,10613,4020.5
"Post scheduled trip end time",-1,666,667,4020.5
"Post scheduled trip end time",-1,4832,4833,4020.5
"Post scheduled trip end time",-1,15552,15553,4020.5
"Post scheduled trip end time",-1,5360,5361,4020.5
"Post scheduled trip end time",-1,15201,15202,4020.5
"Post scheduled trip end time",-1,832,833,4020.5
"Post scheduled trip end time",-1,25964,25965,4020.5
"Post scheduled trip end time",-1,23784,23785,4020.5
"Post scheduled trip end time",-1,2631,2632,4020.5
"Post scheduled trip end time",-1,27812,27813,4020.5
"Post scheduled trip end time",-1,4591,4592,4020.5
"Post scheduled trip end time",-1,7257,7258,4020.5
"Post scheduled trip end time",-1,13537,13538,4020.5
"Post scheduled trip end time",-1,3429,3430,4020.5
"Post scheduled trip end time",-1,7061,7062,4020.5
"Post scheduled trip end time",-1,530208,530209,4020.5
"Post scheduled trip end time",-1,18492,18493,4020.5
"Post scheduled trip end time",-1,536468,536469,4020.5
"Post scheduled trip end time",-1,10905,10906,4020.5
"Post scheduled trip end time",-1,11585,11586,4020.5
"Post scheduled trip end time",-1,737,738,4020.5
"Post scheduled trip end time",-1,5666,5667,4020.5
"Post scheduled trip end time",-1,18406,18407,4020.5
"Post scheduled trip end time",-1,1725,1726,4020.5
"Post scheduled trip end time",-1,9110,9111,4020.5
"Post scheduled trip end time",-1,14961,14962,4020.5
"Post scheduled trip end time",-1,12091,12092,4020.5
"Post scheduled trip end time",-1,10377,10378,4020.5
"Post scheduled trip end time",-1,4951,4952,4020.5
"Post scheduled trip end time",-1,525508,525509,4020.5
"Post scheduled trip end time",-1,1346,1347,4020.5
"Post scheduled trip end time",-1,10850,10851,4020.5
"Post scheduled trip end time",-1,3034,3035,4020.5
"Post scheduled trip end time",-1,3047,3048,4020.5
"Post scheduled trip end time",-1,1549,1550,4020.5
"Post scheduled trip end time",-1,14030,14031,4020.5
"Post scheduled trip end time",-1,73,74,4020.5
"Post scheduled trip end time",-1,5614,5615,4020.5
"Post scheduled trip end time",-1,4913,4914,4020.5
"Post scheduled trip end time",-1,17334,17335,4020.5
"Post scheduled trip end time",-1,20274,20275,4020.5
"Post scheduled trip end time",-1,24344,24345,4020.5
"Post scheduled trip end time",-1,1365,1366,4020.5
"Post scheduled trip end time",-1,19992,19993,4020.5
"Post scheduled trip end time",-1,4077,4078,4020.5
"Post scheduled trip end time",-1,5781,5782,4020.5
"Post scheduled trip end time",-1,12892,12893,4020.5
"Post scheduled trip end time",-1,703,704,4020.5
"Post scheduled trip end time",-1,17308,17309,4020.5
"Post scheduled trip end time",-1,8065,8066,4020.5
"Post scheduled trip end time",-1,9085,9086,4020.5
"Post scheduled trip end time",-1,8221,8222,4020.5
"Post scheduled trip end time",-1,5532,5533,4020.5
"Post scheduled trip end time",-1,150,151,4020.5
"Post scheduled trip end time",-1,580,581,4020.5
"Post scheduled trip end time",-1,6241,6242,4020.5
"Post scheduled trip end time",-1,1304,1305,4020.5
"Post scheduled trip end time",-1,1000,1001,4020.5
"Post scheduled trip end time",-1,13630,13631,4020.5
"Post scheduled trip end time",-1,7480,7481,4020.5
"Post scheduled trip end time",-1,9906,9907,4020.5
"Post scheduled trip end time",-1,5446,5447,4020.5
"Post scheduled trip end time",-1,18726,18727,4020.5
"Post scheduled trip end time",-1,31272,31273,4020.5
"Post scheduled trip end time",-1,5840,5841,4020.5
"Post scheduled trip end time",-1,4692,4693,4020.5
"Post scheduled trip end time",-1,5660,5661,4020.5
"Post scheduled trip end time",-1,15372,15373,4020.5
"Post scheduled trip end time",-1,8186,8187,4020.5
"Post scheduled trip end time",-1,15812,15813,4020.5
"Post scheduled trip end time",-1,15161,15162,4020.5
"Post scheduled trip end time",-1,1321,1322,4020.5
"Post scheduled trip end time",-1,166,167,4020.5
"Post scheduled trip end time",-1,9850,9851,4020.5
"Post scheduled trip end time",-1,29010,29011,4020.5
"Post scheduled trip end time",-1,10590,10591,4020.5
"Post scheduled trip end time",-1,18494,18495,4020.5
"Post scheduled trip end time",-1,3591,3592,4020.5
"Post scheduled trip end time",-1,776,777,4020.5
"Post scheduled trip end time",-1,3809,3810,4020.5
"Post scheduled trip end time",-1,1213,1214,4020.5
"Post scheduled trip end time",-1,8188,8189,4020.5
"Post scheduled trip end time",-1,16931,16932,4020.5
"Post scheduled trip end time",-1,13050,13051,4020.5
"Post scheduled trip end time",-1,2247,2248,4020.5
"Post scheduled trip end time",-1,17910,17911,4020.5
"Post scheduled trip end time",-1,2740,2741,4020.5
"Post scheduled trip end time",-1,5811,5812,4020.5
"Post scheduled trip end time",-1,11490,11491,4020.5
"Post scheduled trip end time",-1,18934,18935,4020.5
"Post scheduled trip end time",-1,1242,1243,4020.5
"Post scheduled trip end time",-1,6132,6133,4020.5
"Post scheduled trip end time",-1,523488,523489,4020.5
"Post scheduled trip end time",-1,15468,15469,4020.5
"Post scheduled trip end time",-1,7994,7995,4020.5
"Post scheduled trip end time",-1,3840,3841,4020.5
"Post scheduled trip end time",-1,8617,8618,4020.5
"Post scheduled trip end time",-1,1619,1620,4020.5
"Post scheduled trip end time",-1,1676,1677,4020.5
"Post scheduled trip end time",-1,2912,2913,4020.5
"Post scheduled trip end time",-1,5641,5642,4020.5
"Post scheduled trip end time",-1,1188,1189,4020.5
"Post scheduled trip end time",-1,688,689,4020.5
"Post scheduled trip end time",-1,32090,32091,4020.5
"Post scheduled trip end time",-1,22310,22311,4020.5
"Post scheduled trip end time",-1,6531,6532,4020.5
"Post scheduled trip end time",-1,7217,7218,4020.5
"Post scheduled trip end time",-1,17972,17973,4020.5
"Post scheduled trip end time",-1,1726,1727,4020.5
"Post scheduled trip end time",-1,8252,8253,4020.5
"Post scheduled trip end time",-1,2448,2449,4020.5
"Post scheduled trip end time",-1,15332,15333,4020.5
"Post scheduled trip end time",-1,6414,6415,4020.5
"Post scheduled trip end time",-1,1656,1657,4020.5
"Post scheduled trip end time",-1,5653,5654,4020.5
"Post scheduled trip end time",-1,4686,4687,4020.5
"Post scheduled trip end time",-1,25364,25365,4020.5
"Post scheduled trip end time",-1,1685,1686,4020.5
"Post scheduled trip end time",-1,5297,5298,4020.5
"Post scheduled trip end time",-1,7478,7479,4020.5
"Post scheduled trip end time",-1,7611,7612,4020.5
"Post scheduled trip end time",-1,3057,3058,4020.5
"Post scheduled trip end time",-1,2459,2460,4020.5
"Post scheduled trip end time",-1,8537,8538,4020.5
"Post scheduled trip end time",-1,538568,538569,4020.5
"Post scheduled trip end time",-1,14265,14266,4020.5
"Post scheduled trip end time",-1,192,193,4020.5
"Post scheduled trip end time",-1,5814,5815,4020.5
"Post scheduled trip end time",-1,6294,6295,4020.5
"Post scheduled trip end time",-1,5973,5974,4020.5
"Post scheduled trip end time",-1,1271,1272,4020.5
"Post scheduled trip end time",-1,5866,5867,4020.5
"Post scheduled trip end time",-1,28004,28005,4020.5
"Post scheduled trip end time",-1,7361,7362,4020.5
"Post scheduled trip end time",-1,15112,15113,4020.5
"Post scheduled trip end time",-1,3234,3235,4020.5
"Post scheduled trip end time",-1,577,578,4020.5
"Post scheduled trip end time",-1,5009,5010,4020.5
"Post scheduled trip end time",-1,7481,7482,4020.5
"Post scheduled trip end time",-1,3208,3209,4020.5
"Post scheduled trip end time",-1,15972,15973,4020.5
"Post scheduled trip end time",-1,115,116,4020.5
"Post scheduled trip end time",-1,2810,2811,4020.5
"Post scheduled trip end time",-1,2216,2217,4020.5
"Post scheduled trip end time",-1,3458,3459,4020.5
"Post scheduled trip end time",-1,30184,30185,4020.5
"Post scheduled trip end time",-1,24330,24331,4020.5
"Post scheduled trip end time",-1,24724,24725,4020.5
"Post scheduled trip end time",-1,4731,4732,4020.5
"Post scheduled trip end time",-1,7248,7249,4020.5
"Post scheduled trip end time",-1,8241,8242,4020.5
"Post scheduled trip end time",-1,21537,21538,4020.5
"Post scheduled trip end time",-1,540988,540989,4020.5
"Post scheduled trip end time",-1,542068,542069,4020.5
"Post scheduled trip end time",-1,2199,2200,4020.5
"Post scheduled trip end time",-1,8332,8333,4020.5
"Post scheduled trip end time",-1,3178,3179,4020.5
"Post scheduled trip end time",-1,10181,10182,4020.5
"Post scheduled trip end time",-1,636,637,4020.5
"Post scheduled trip end time",-1,2980,2981,4020.5
"Post scheduled trip end time",-1,13205,13206,4020.5
"Post scheduled trip end time",-1,1248,1249,4020.5
"Post scheduled trip end time",-1,7287,7288,4020.5
"Post scheduled trip end time",-1,8080,8081,4020.5
"Post scheduled trip end time",-1,3814,3815,4020.5
"Post scheduled trip end time",-1,3878,3879,4020.5
"Post scheduled trip end time",-1,3393,3394,4020.5
"Post scheduled trip end time",-1,17406,17407,4020.5
"Post scheduled trip end time",-1,5675,5676,4020.5
"Post scheduled trip end time",-1,25652,25653,4020.5
"Post scheduled trip end time",-1,22438,22439,4020.5
"Post scheduled trip end time",-1,27372,27373,4020.5
"Post scheduled trip end time",-1,3611,3612,4020.5
"Post scheduled trip end time",-1,11612,11613,4020.5
"Post scheduled trip end time",-1,3748,3749,4020.5
"Post scheduled trip end time",-1,11365,11366,4020.5
"Post scheduled trip end time",-1,1152,1153,4020.5
"Post scheduled trip end time",-1,4861,4862,4020.5
"Post scheduled trip end time",-1,506,507,4020.5
"Post scheduled trip end time",-1,17514,17515,4020.5
"Post scheduled trip end time",-1,26350,26351,4020.5
"Post scheduled trip end time",-1,6397,6398,4020.5
"Post scheduled trip end time",-1,7831,7832,4020.5
"Post scheduled trip end time",-1,4269,4270,4020.5
"Post scheduled trip end time",-1,2572,2573,4020.5
"Post scheduled trip end time",-1,7185,7186,4020.5
"Post scheduled trip end time",-1,10925,10926,4020.5
"Post scheduled trip end time",-1,7430,7431,4020.5
"Post scheduled trip end time",-1,408,409,4020.5
"Post scheduled trip end time",-1,2958,2959,4020.5
"Post scheduled trip end time",-1,25350,25351,4020.5
"Post scheduled trip end time",-1,11838,11839,4020.5
"Post scheduled trip end time",-1,2265,2266,4020.5
"Post scheduled trip end time",-1,6858,6859,4020.5
"Post scheduled trip end time",-1,7961,7962,4020.5
"Post scheduled trip end time",-1,9481,9482,4020.5
"Post scheduled trip end time",-1,7337,7338,4020.5
"Post scheduled trip end time",-1,522928,522929,4020.5
"Post scheduled trip end time",-1,5068,5069,4020.5
"Post scheduled trip end time",-1,531428,531429,4020.5
"Post scheduled trip end time",-1,3852,3853,4020.5
"Post scheduled trip end time",-1,1512,1513,4020.5
"Post scheduled trip end time",-1,6927,6928,4020.5
"Post scheduled trip end time",-1,2336,2337,4020.5
"Post scheduled trip end time",-1,8330,8331,4020.5
"Post scheduled trip end time",-1,9790,9791,4020.5
"Post scheduled trip end time",-1,7291,7292,4020.5
"Post scheduled trip end time",-1,8051,8052,4020.5
"Post scheduled trip end time",-1,8151,8152,4020.5
"Post scheduled trip end time",-1,25650,25651,4020.5
"Post scheduled trip end time",-1,388,389,4020.5
"Post scheduled trip end time",-1,5229,5230,4020.5
"Post scheduled trip end time",-1,4711,4712,4020.5
"Post scheduled trip end time",-1,1377,1378,4020.5
"Post scheduled trip end time",-1,5661,5662,4020.5
"Post scheduled trip end time",-1,7531,7532,4020.5
"Post scheduled trip end time",-1,11528,11529,4020.5
"Post scheduled trip end time",-1,15252,15253,4020.5
"Post scheduled trip end time",-1,5490,5491,4020.5
"Post scheduled trip end time",-1,270,271,4020.5
"Post scheduled trip end time",-1,431,432,4020.5
"Post scheduled trip end time",-1,106,107,4020.5
"Post scheduled trip end time",-1,9106,9107,4020.5
"Post scheduled trip end time",-1,29804,29805,4020.5
"Post scheduled trip end time",-1,7671,7672,4020.5
"Post scheduled trip end time",-1,26590,26591,4020.5
"Post scheduled trip end time",-1,21030,21031,4020.5
"Post scheduled trip end time",-1,18837,18838,4020.5
"Post scheduled trip end time",-1,9260,9261,4020.5
"Post scheduled trip end time",-1,8121,8122,4020.5
"Post scheduled trip end time",-1,18092,18093,4020.5
"Post scheduled trip end time",-1,13138,13139,4020.5
"Post scheduled trip end time",-1,5960,5961,4020.5
"Post scheduled trip end time",-1,4489,4490,4020.5
"Post scheduled trip end time",-1,2318,2319,4020.5
"Post scheduled trip end time",-1,4960,4961,4020.5
"Post scheduled trip end time",-1,18348,18349,4020.5
"Post scheduled trip end time",-1,8101,8102,4020.5
"Post scheduled trip end time",-1,5321,5322,4020.5
"Post scheduled trip end time",-1,717,718,4020.5
"Post scheduled trip end time",-1,16190,16191,4020.5
"Post scheduled trip end time",-1,2521,2522,4020.5
"Post scheduled trip end time",-1,2010,2011,4020.5
"Post scheduled trip end time",-1,9310,9311,4020.5
"Post scheduled trip end time",-1,1398,1399,4020.5
"Post scheduled trip end time",-1,1394,1395,4020.5
"Post scheduled trip end time",-1,3173,3174,4020.5
"Post scheduled trip end time",-1,17034,17035,4020.5
"Post scheduled trip end time",-1,9111,9112,4020.5
"Post scheduled trip end time",-1,2715,2716,4020.5
"Post scheduled trip end time",-1,17637,17638,4020.5
"Post scheduled trip end time",-1,10340,10341,4020.5
"Post scheduled trip end time",-1,15317,15318,4020.5
"Post scheduled trip end time",-1,524988,524989,4020.5
"Post scheduled trip end time",-1,5454,5455,4020.5
"Post scheduled trip end time",-1,17221,17222,4020.5
"Post scheduled trip end time",-1,1961,1962,4020.5
"Post scheduled trip end time",-1,705,706,4020.5
"Post scheduled trip end time",-1,12590,12591,4020.5
"Post scheduled trip end time",-1,3230,3231,4020.5
"Post scheduled trip end time",-1,28904,28905,4020.5
"Post scheduled trip end time",-1,34992,34993,4020.5
"Post scheduled trip end time",-1,2194,2195,4020.5
"Post scheduled trip end time",-1,24212,24213,4020.5
"Post scheduled trip end time",-1,11181,11182,4020.5
"Post scheduled trip end time",-1,5834,5835,4020.5
"Post scheduled trip end time",-1,628,629,4020.5
"Post scheduled trip end time",-1,10057,10058,4020.5
"Post scheduled trip end time",-1,3529,3530,4020.5
"Post scheduled trip end time",-1,6192,6193,4020.5
"Post scheduled trip end time",-1,3332,3333,4020.5
"Post scheduled trip end time",-1,18108,18109,4020.5
"Post scheduled trip end time",-1,538068,538069,4020.5
"Post scheduled trip end time",-1,13608,13609,4020.5
"Post scheduled trip end time",-1,503,504,4020.5
"Post scheduled trip end time",-1,8546,8547,4020.5
"Post scheduled trip end time",-1,3033,3034,4020.5
"Post scheduled trip end time",-1,14898,14899,4020.5
"Post scheduled trip end time",-1,8557,8558,4020.5
"Post scheduled trip end time",-1,6778,6779,4020.5
"Post scheduled trip end time",-1,6748,6749,4020.5
"Post scheduled trip end time",-1,1246,1247,4020.5
"Post scheduled trip end time",-1,17108,17109,4020.5
"Post scheduled trip end time",-1,1592,1593,4020.5
"Post scheduled trip end time",-1,3052,3053,4020.5
"Post scheduled trip end time",-1,7025,7026,4020.5
"Post scheduled trip end time",-1,13881,13882,4020.5
"Post scheduled trip end time",-1,15501,15502,4020.5
"Post scheduled trip end time",-1,5190,5191,4020.5
"Post scheduled trip end time",-1,2549,2550,4020.5
"Post scheduled trip end time",-1,3278,3279,4020.5
"Post scheduled trip end time",-1,3220,3221,4020.5
"Post scheduled trip end time",-1,18074,18075,4020.5
"Post scheduled trip end time",-1,5329,5330,4020.5
"Post scheduled trip end time",-1,425,426,4020.5
"Post scheduled trip end time",-1,16977,16978,4020.5
"Post scheduled trip end time",-1,1520,1521,4020.5
"Post scheduled trip end time",-1,25672,25673,4020.5
"Post scheduled trip end time",-1,26412,26413,4020.5
"Post scheduled trip end time",-1,6637,6638,4020.5
"Post scheduled trip end time",-1,1669,1670,4020.5
"Post scheduled trip end time",-1,10414,10415,4020.5
"Post scheduled trip end time",-1,835,836,4020.5
"Post scheduled trip end time",-1,4092,4093,4020.5
"Post scheduled trip end time",-1,542308,542309,4020.5
"Post scheduled trip end time",-1,8661,8662,4020.5
"Post scheduled trip end time",-1,16410,16411,4020.5
"Post scheduled trip end time",-1,137,138,4020.5
"Post scheduled trip end time",-1,4930,4931,4020.5
"Post scheduled trip end time",-1,375,376,4020.5
"Post scheduled trip end time",-1,10566,10567,4020.5
"Post scheduled trip end time",-1,5975,5976,4020.5
"Post scheduled trip end time",-1,29964,29965,4020.5
"Post scheduled trip end time",-1,24524,24525,4020.5
"Post scheduled trip end time",-1,14872,14873,4020.5
"Post scheduled trip end time",-1,15952,15953,4020.5
"Post scheduled trip end time",-1,12238,12239,4020.5
"Post scheduled trip end time",-1,3754,3755,4020.5
"Post scheduled trip end time",-1,12061,12062,4020.5
"Post scheduled trip end time",-1,5239,5240,4020.5
"Post scheduled trip end time",-1,12894,12895,4020.5
"Post scheduled trip end time",-1,2069,2070,4020.5
"Post scheduled trip end time",-1,525668,525669,4020.5
"Post scheduled trip end time",-1,15966,15967,4020.5
"Post scheduled trip end time",-1,5865,5866,4020.5
"Post scheduled trip end time",-1,10945,10946,4020.5
"Post scheduled trip end time",-1,15581,15582,4020.5
"Post scheduled trip end time",-1,1131,1132,4020.5
"Post scheduled trip end time",-1,194,195,4020.5
"Post scheduled trip end time",-1,5793,5794,4020.5
"Post scheduled trip end time",-1,6050,6051,4020.5
"Post scheduled trip end time",-1,883,884,4020.5
"Post scheduled trip end time",-1,5429,5430,4020.5
"Post scheduled trip end time",-1,5729,5730,4020.5
"Post scheduled trip end time",-1,521228,521229,4020.5
"Post scheduled trip end time",-1,14057,14058,4020.5
"Post scheduled trip end time",-1,3681,3682,4020.5
"Post scheduled trip end time",-1,12252,12253,4020.5
"Post scheduled trip end time",-1,1838,1839,4020.5
"Post scheduled trip end time",-1,528968,528969,4020.5
"Post scheduled trip end time",-1,14228,14229,4020.5
"Post scheduled trip end time",-1,16861,16862,4020.5
"Post scheduled trip end time",-1,81,82,4020.5
"Post scheduled trip end time",-1,1534,1535,4020.5
"Post scheduled trip end time",-1,16610,16611,4020.5
"Post scheduled trip end time",-1,6120,6121,4020.5
"Post scheduled trip end time",-1,924,925,4020.5
"Post scheduled trip end time",-1,31510,31511,4020.5
"Post scheduled trip end time",-1,2673,2674,4020.5
"Post scheduled trip end time",-1,30132,30133,4020.5
"Post scheduled trip end time",-1,16501,16502,4020.5
"Post scheduled trip end time",-1,26792,26793,4020.5
"Post scheduled trip end time",-1,9071,9072,4020.5
"Post scheduled trip end time",-1,5211,5212,4020.5
"Post scheduled trip end time",-1,13657,13658,4020.5
"Post scheduled trip end time",-1,4928,4929,4020.5
"Post scheduled trip end time",-1,530348,530349,4020.5
"Post scheduled trip end time",-1,539808,539809,4020.5
"Post scheduled trip end time",-1,16511,16512,4020.5
"Post scheduled trip end time",-1,2116,2117,4020.5
"Post scheduled trip end time",-1,23,24,4020.5
"Post scheduled trip end time",-1,1841,1842,4020.5
"Post scheduled trip end time",-1,910,911,4020.5
"Post scheduled trip end time",-1,2509,2510,4020.5
"Post scheduled trip end time",-1,1480,1481,4020.5
"Post scheduled trip end time",-1,2087,2088,4020.5
"Post scheduled trip end time",-1,5513,5514,4020.5
"Post scheduled trip end time",-1,6386,6387,4020.5
"Post scheduled trip end time",-1,5391,5392,4020.5
"Post scheduled trip end time",-1,27284,27285,4020.5
"Post scheduled trip end time",-1,16270,16271,4020.5
"Post scheduled trip end time",-1,11700,11701,4020.5
"Post scheduled trip end time",-1,1205,1206,4020.5
"Post scheduled trip end time",-1,12150,12151,4020.5
"Post scheduled trip end time",-1,28232,28233,4020.5
"Post scheduled trip end time",-1,6351,6352,4020.5
"Post scheduled trip end time",-1,5259,5260,4020.5
"Post scheduled trip end time",-1,7552,7553,4020.5
"Post scheduled trip end time",-1,19731,19732,4020.5
"Post scheduled trip end time",-1,19811,19812,4020.5
"Post scheduled trip end time",-1,10677,10678,4020.5
"Post scheduled trip end time",-1,1610,1611,4020.5
"Post scheduled trip end time",-1,5691,5692,4020.5
"Post scheduled trip end time",-1,8111,8112,4020.5
"Post scheduled trip end time",-1,20034,20035,4020.5
"Post scheduled trip end time",-1,27772,27773,4020.5
"Post scheduled trip end time",-1,25124,25125,4020.5
"Post scheduled trip end time",-1,25164,25165,4020.5
"Post scheduled trip end time",-1,539708,539709,4020.5
"Post scheduled trip end time",-1,8272,8273,4020.5
"Post scheduled trip end time",-1,2768,2769,4020.5
"Post scheduled trip end time",-1,15351,15352,4020.5
"Post scheduled trip end time",-1,9432,9433,4020.5
"Post scheduled trip end time",-1,10488,10489,4020.5
"Post scheduled trip end time",-1,9281,9282,4020.5
"Post scheduled trip end time",-1,1368,1369,4020.5
"Post scheduled trip end time",-1,15170,15171,4020.5
"Post scheduled trip end time",-1,7060,7061,4020.5
"Post scheduled trip end time",-1,947,948,4020.5
"Post scheduled trip end time",-1,5511,5512,4020.5
"Post scheduled trip end time",-1,17866,17867,4020.5
"Post scheduled trip end time",-1,19086,19087,4020.5
"Post scheduled trip end time",-1,11254,11255,4020.5
"Post scheduled trip end time",-1,7471,7472,4020.5
"Post scheduled trip end time",-1,10950,10951,4020.5
"Post scheduled trip end time",-1,4209,4210,4020.5
"Post scheduled trip end time",-1,4569,4570,4020.5
"Post scheduled trip end time",-1,1253,1254,4020.5
"Post scheduled trip end time",-1,2977,2978,4020.5
"Post scheduled trip end time",-1,14368,14369,4020.5
"Post scheduled trip end time",-1,541948,541949,4020.5
"Post scheduled trip end time",-1,1652,1653,4020.5
"Post scheduled trip end time",-1,9272,9273,4020.5
"Post scheduled trip end time",-1,12085,12086,4020.5
"Post scheduled trip end time",-1,7,8,4020.5
"Post scheduled trip end time",-1,6930,6931,4020.5
"Post scheduled trip end time",-1,16490,16491,4020.5
"Post scheduled trip end time",-1,2661,2662,4020.5
"Post scheduled trip end time",-1,13990,13991,4020.5
"Post scheduled trip end time",-1,1391,1392,4020.5
"Post scheduled trip end time",-1,9226,9227,4020.5
"Post scheduled trip end time",-1,3913,3914,4020.5
"Post scheduled trip end time",-1,8831,8832,4020.5
"Post scheduled trip end time",-1,533,534,4020.5
"Post scheduled trip end time",-1,4929,4930,4020.5
"Post scheduled trip end time",-1,445,446,4020.5
"Post scheduled trip end time",-1,5251,5252,4020.5
"Post scheduled trip end time",-1,9591,9592,4020.5
"Post scheduled trip end time",-1,13692,13693,4020.5
"Post scheduled trip end time",-1,7068,7069,4020.5
"Post scheduled trip end time",-1,16528,16529,4020.5
"Post scheduled trip end time",-1,7074,7075,4020.5
"Post scheduled trip end time",-1,3221,3222,4020.5
"Post scheduled trip end time",-1,10568,10569,4020.5
"Post scheduled trip end time",-1,363,364,4020.5
"Post scheduled trip end time",-1,625,626,4020.5
"Post scheduled trip end time",-1,4113,4114,4020.5
"Post scheduled trip end time",-1,18266,18267,4020.5
"Post scheduled trip end time",-1,10721,10722,4020.5
"Post scheduled trip end time",-1,18552,18553,4020.5
"Post scheduled trip end time",-1,21012,21013,4020.5
"Post scheduled trip end time",-1,14351,14352,4020.5
"Post scheduled trip end time",-1,11088,11089,4020.5
"Post scheduled trip end time",-1,10912,10913,4020.5
"Post scheduled trip end time",-1,4161,4162,4020.5
"Post scheduled trip end time",-1,11108,11109,4020.5
"Post scheduled trip end time",-1,17081,17082,4020.5
"Post scheduled trip end time",-1,2089,2090,4020.5
"Post scheduled trip end time",-1,1578,1579,4020.5
"Post scheduled trip end time",-1,6774,6775,4020.5
"Post scheduled trip end time",-1,18370,18371,4020.5
"Post scheduled trip end time",-1,5650,5651,4020.5
"Post scheduled trip end time",-1,5726,5727,4020.5
"Post scheduled trip end time",-1,7354,7355,4020.5
"Post scheduled trip end time",-1,175,176,4020.5
"Post scheduled trip end time",-1,7450,7451,4020.5
"Post scheduled trip end time",-1,7030,7031,4020.5
"Post scheduled trip end time",-1,15881,15882,4020.5
"Post scheduled trip end time",-1,6380,6381,4020.5
"Post scheduled trip end time",-1,8817,8818,4020.5
"Post scheduled trip end time",-1,14975,14976,4020.5
"Post scheduled trip end time",-1,6518,6519,4020.5
"Post scheduled trip end time",-1,4337,4338,4020.5
"Post scheduled trip end time",-1,525708,525709,4020.5
"Post scheduled trip end time",-1,8931,8932,4020.5
"Post scheduled trip end time",-1,537108,537109,4020.5
"Post scheduled trip end time",-1,18185,18186,4020.5
"Post scheduled trip end time",-1,8430,8431,4020.5
"Post scheduled trip end time",-1,1349,1350,4020.5
"Post scheduled trip end time",-1,18130,18131,4020.5
"Post scheduled trip end time",-1,6711,6712,4020.5
"Post scheduled trip end time",-1,27270,27271,4020.5
"Post scheduled trip end time",-1,17266,17267,4020.5
"Post scheduled trip end time",-1,31250,31251,4020.5
"Post scheduled trip end time",-1,8171,8172,4020.5
"Post scheduled trip end time",-1,4129,4130,4020.5
"Post scheduled trip end time",-1,23172,23173,4020.5
"Post scheduled trip end time",-1,15132,15133,4020.5
"Post scheduled trip end time",-1,9777,9778,4020.5
"Post scheduled trip end time",-1,4759,4760,4020.5
"Post scheduled trip end time",-1,1373,1374,4020.5
"Post scheduled trip end time",-1,1893,1894,4020.5
"Post scheduled trip end time",-1,1777,1778,4020.5
"Post scheduled trip end time",-1,8792,8793,4020.5
"Post scheduled trip end time",-1,4852,4853,4020.5
"Post scheduled trip end time",-1,15225,15226,4020.5
"Post scheduled trip end time",-1,523,524,4020.5
"Post scheduled trip end time",-1,2330,2331,4020.5
"Post scheduled trip end time",-1,4810,4811,4020.5
"Post scheduled trip end time",-1,6011,6012,4020.5
"Post scheduled trip end time",-1,27364,27365,4020.5
"Post scheduled trip end time",-1,21330,21331,4020.5
"Post scheduled trip end time",-1,9631,9632,4020.5
"Post scheduled trip end time",-1,5537,5538,4020.5
"Post scheduled trip end time",-1,15837,15838,4020.5
"Post scheduled trip end time",-1,17912,17913,4020.5
"Post scheduled trip end time",-1,4229,4230,4020.5
"Post scheduled trip end time",-1,707,708,4020.5
"Post scheduled trip end time",-1,17368,17369,4020.5
"Post scheduled trip end time",-1,19591,19592,4020.5
"Post scheduled trip end time",-1,5552,5553,4020.5
"Post scheduled trip end time",-1,3952,3953,4020.5
"Post scheduled trip end time",-1,10965,10966,4020.5
"Post scheduled trip end time",-1,855,856,4020.5
"Post scheduled trip end time",-1,13810,13811,4020.5
"Post scheduled trip end time",-1,1022,1023,4020.5
"Post scheduled trip end time",-1,3394,3395,4020.5
"Post scheduled trip end time",-1,18646,18647,4020.5
"Post scheduled trip end time",-1,340,341,4020.5
"Post scheduled trip end time",-1,1486,1487,4020.5
"Post scheduled trip end time",-1,7717,7718,4020.5
"Post scheduled trip end time",-1,14371,14372,4020.5
"Post scheduled trip end time",-1,15517,15518,4020.5
"Post scheduled trip end time",-1,521748,521749,4020.5
"Post scheduled trip end time",-1,7846,7847,4020.5
"Post scheduled trip end time",-1,3241,3242,4020.5
"Post scheduled trip end time",-1,946,947,4020.5
"Post scheduled trip end time",-1,1135,1136,4020.5
"Post scheduled trip end time",-1,2009,2010,4020.5
"Post scheduled trip end time",-1,6261,6262,4020.5
"Post scheduled trip end time",-1,511,512,4020.5
"Post scheduled trip end time",-1,1147,1148,4020.5
"Post scheduled trip end time",-1,15806,15807,4020.5
"Post scheduled trip end time",-1,11130,11131,4020.5
"Post scheduled trip end time",-1,701,702,4020.5
"Post scheduled trip end time",-1,22358,22359,4020.5
"Post scheduled trip end time",-1,13914,13915,4020.5
"Post scheduled trip end time",-1,3295,3296,4020.5
"Post scheduled trip end time",-1,15354,15355,4020.5
"Post scheduled trip end time",-1,21410,21411,4020.5
"Post scheduled trip end time",-1,31372,31373,4020.5
"Post scheduled trip end time",-1,7841,7842,4020.5
"Post scheduled trip end time",-1,13011,13012,4020.5
"Post scheduled trip end time",-1,3619,3620,4020.5
"Post scheduled trip end time",-1,7678,7679,4020.5
"Post scheduled trip end time",-1,4866,4867,4020.5
"Post scheduled trip end time",-1,540768,540769,4020.5
"Post scheduled trip end time",-1,16548,16549,4020.5
"Post scheduled trip end time",-1,6834,6835,4020.5
"Post scheduled trip end time",-1,7892,7893,4020.5
"Post scheduled trip end time",-1,2188,2189,4020.5
"Post scheduled trip end time",-1,15652,15653,4020.5
"Post scheduled trip end time",-1,8457,8458,4020.5
"Post scheduled trip end time",-1,3300,3301,4020.5
"Post scheduled trip end time",-1,15101,15102,4020.5
"Post scheduled trip end time",-1,945,946,4020.5
"Post scheduled trip end time",-1,8930,8931,4020.5
"Post scheduled trip end time",-1,1380,1381,4020.5
"Post scheduled trip end time",-1,14550,14551,4020.5
"Post scheduled trip end time",-1,6420,6421,4020.5
"Post scheduled trip end time",-1,10474,10475,4020.5
"Post scheduled trip end time",-1,3075,3076,4020.5
"Post scheduled trip end time",-1,3097,3098,4020.5
"Post scheduled trip end time",-1,10794,10795,4020.5
"Post scheduled trip end time",-1,2040,2041,4020.5
"Post scheduled trip end time",-1,8728,8729,4020.5
"Post scheduled trip end time",-1,534568,534569,4020.5
"Post scheduled trip end time",-1,20077,20078,4020.5
"Post scheduled trip end time",-1,18788,18789,4020.5
"Post scheduled trip end time",-1,16431,16432,4020.5
"Post scheduled trip end time",-1,2452,2453,4020.5
"Post scheduled trip end time",-1,13661,13662,4020.5
"Post scheduled trip end time",-1,543,544,4020.5
"Post scheduled trip end time",-1,12666,12667,4020.5
"Post scheduled trip end time",-1,3490,3491,4020.5
"Post scheduled trip end time",-1,17694,17695,4020.5
"Post scheduled trip end time",-1,25532,25533,4020.5
"Post scheduled trip end time",-1,23850,23851,4020.5
"Post scheduled trip end time",-1,4595,4596,4020.5
"Post scheduled trip end time",-1,10210,10211,4020.5
"Post scheduled trip end time",-1,14677,14678,4020.5
"Post scheduled trip end time",-1,2866,2867,4020.5
"Post scheduled trip end time",-1,3888,3889,4020.5
"Post scheduled trip end time",-1,1928,1929,4020.5
"Post scheduled trip end time",-1,2868,2869,4020.5
"Post scheduled trip end time",-1,7590,7591,4020.5
"Post scheduled trip end time",-1,2041,2042,4020.5
"Post scheduled trip end time",-1,502,503,4020.5
"Post scheduled trip end time",-1,6694,6695,4020.5
"Post scheduled trip end time",-1,10910,10911,4020.5
"Post scheduled trip end time",-1,7191,7192,4020.5
"Post scheduled trip end time",-1,19866,19867,4020.5
"Post scheduled trip end time",-1,21718,21719,4020.5
"Post scheduled trip end time",-1,21412,21413,4020.5
"Post scheduled trip end time",-1,15301,15302,4020.5
"Post scheduled trip end time",-1,9811,9812,4020.5
"Post scheduled trip end time",-1,568,569,4020.5
"Post scheduled trip end time",-1,19432,19433,4020.5
"Post scheduled trip end time",-1,12492,12493,4020.5
"Post scheduled trip end time",-1,9086,9087,4020.5
"Post scheduled trip end time",-1,6226,6227,4020.5
"Post scheduled trip end time",-1,9565,9566,4020.5
"Post scheduled trip end time",-1,13681,13682,4020.5
"Post scheduled trip end time",-1,2732,2733,4020.5
"Post scheduled trip end time",-1,238,239,4020.5
"Post scheduled trip end time",-1,697,698,4020.5
"Post scheduled trip end time",-1,10670,10671,4020.5
"Post scheduled trip end time",-1,750,751,4020.5
"Post scheduled trip end time",-1,69,70,4020.5
"Post scheduled trip end time",-1,2970,2971,4020.5
"Post scheduled trip end time",-1,1570,1571,4020.5
"Post scheduled trip end time",-1,29684,29685,4020.5
"Post scheduled trip end time",-1,22158,22159,4020.5
"Post scheduled trip end time",-1,8174,8175,4020.5
"Post scheduled trip end time",-1,30392,30393,4020.5
"Post scheduled trip end time",-1,13591,13592,4020.5
"Post scheduled trip end time",-1,1149,1150,4020.5
"Post scheduled trip end time",-1,18172,18173,4020.5
"Post scheduled trip end time",-1,13092,13093,4020.5
"Post scheduled trip end time",-1,20392,20393,4020.5
"Post scheduled trip end time",-1,5051,5052,4020.5
"Post scheduled trip end time",-1,6672,6673,4020.5
"Post scheduled trip end time",-1,528348,528349,4020.5
"Post scheduled trip end time",-1,5168,5169,4020.5
"Post scheduled trip end time",-1,1066,1067,4020.5
"Post scheduled trip end time",-1,19951,19952,4020.5
"Post scheduled trip end time",-1,10888,10889,4020.5
"Post scheduled trip end time",-1,15672,15673,4020.5
"Post scheduled trip end time",-1,16512,16513,4020.5
"Post scheduled trip end time",-1,9761,9762,4020.5
"Post scheduled trip end time",-1,17101,17102,4020.5
"Post scheduled trip end time",-1,963,964,4020.5
"Post scheduled trip end time",-1,34,35,4020.5
"Post scheduled trip end time",-1,558,559,4020.5
"Post scheduled trip end time",-1,236,237,4020.5
"Post scheduled trip end time",-1,6914,6915,4020.5
"Post scheduled trip end time",-1,2358,2359,4020.5
"Post scheduled trip end time",-1,19306,19307,4020.5
"Post scheduled trip end time",-1,19946,19947,4020.5
"Post scheduled trip end time",-1,13190,13191,4020.5
"Post scheduled trip end time",-1,2834,2835,4020.5
"Post scheduled trip end time",-1,22537,22538,4020.5
"Post scheduled trip end time",-1,14952,14953,4020.5
"Post scheduled trip end time",-1,3819,3820,4020.5
"Post scheduled trip end time",-1,3372,3373,4020.5
"Post scheduled trip end time",-1,11385,11386,4020.5
"Post scheduled trip end time",-1,2292,2293,4020.5
"Post scheduled trip end time",-1,863,864,4020.5
"Post scheduled trip end time",-1,111,112,4020.5
"Post scheduled trip end time",-1,1027,1028,4020.5
"Post scheduled trip end time",-1,8406,8407,4020.5
"Post scheduled trip end time",-1,10026,10027,4020.5
"Post scheduled trip end time",-1,3070,3071,4020.5
"Post scheduled trip end time",-1,15946,15947,4020.5
"Post scheduled trip end time",-1,19826,19827,4020.5
"Post scheduled trip end time",-1,489,490,4020.5
"Post scheduled trip end time",-1,34252,34253,4020.5
"Post scheduled trip end time",-1,25872,25873,4020.5
"Post scheduled trip end time",-1,11777,11778,4020.5
"Post scheduled trip end time",-1,9312,9313,4020.5
"Post scheduled trip end time",-1,10991,10992,4020.5
"Post scheduled trip end time",-1,6200,6201,4020.5
"Post scheduled trip end time",-1,1916,1917,4020.5
"Post scheduled trip end time",-1,5121,5122,4020.5
"Post scheduled trip end time",-1,3261,3262,4020.5
"Post scheduled trip end time",-1,13690,13691,4020.5
"Post scheduled trip end time",-1,1302,1303,4020.5
"Post scheduled trip end time",-1,2830,2831,4020.5
"Post scheduled trip end time",-1,4440,4441,4020.5
"Post scheduled trip end time",-1,13210,13211,4020.5
"Post scheduled trip end time",-1,25712,25713,4020.5
"Post scheduled trip end time",-1,24224,24225,4020.5
"Post scheduled trip end time",-1,21370,21371,4020.5
"Post scheduled trip end time",-1,23752,23753,4020.5
"Post scheduled trip end time",-1,519988,519989,4020.5
"Post scheduled trip end time",-1,520188,520189,4020.5
"Post scheduled trip end time",-1,1277,1278,4020.5
"Post scheduled trip end time",-1,11537,11538,4020.5
"Post scheduled trip end time",-1,7648,7649,4020.5
"Post scheduled trip end time",-1,11412,11413,4020.5
"Post scheduled trip end time",-1,522768,522769,4020.5
"Post scheduled trip end time",-1,14406,14407,4020.5
"Post scheduled trip end time",-1,12561,12562,4020.5
"Post scheduled trip end time",-1,8945,8946,4020.5
"Post scheduled trip end time",-1,1030,1031,4020.5
"Post scheduled trip end time",-1,17172,17173,4020.5
"Post scheduled trip end time",-1,14245,14246,4020.5
"Post scheduled trip end time",-1,5590,5591,4020.5
"Post scheduled trip end time",-1,9230,9231,4020.5
"Post scheduled trip end time",-1,6360,6361,4020.5
"Post scheduled trip end time",-1,19810,19811,4020.5
"Post scheduled trip end time",-1,11546,11547,4020.5
"Post scheduled trip end time",-1,9830,9831,4020.5
"Post scheduled trip end time",-1,169,170,4020.5
"Post scheduled trip end time",-1,24792,24793,4020.5
"Post scheduled trip end time",-1,11614,11615,4020.5
"Post scheduled trip end time",-1,25990,25991,4020.5
"Post scheduled trip end time",-1,19217,19218,4020.5
"Post scheduled trip end time",-1,21492,21493,4020.5
"Post scheduled trip end time",-1,10540,10541,4020.5
"Post scheduled trip end time",-1,4831,4832,4020.5
"Post scheduled trip end time",-1,5797,5798,4020.5
"Post scheduled trip end time",-1,898,899,4020.5
"Post scheduled trip end time",-1,457,458,4020.5
"Post scheduled trip end time",-1,8334,8335,4020.5
"Post scheduled trip end time",-1,13628,13629,4020.5
"Post scheduled trip end time",-1,2954,2955,4020.5
"Post scheduled trip end time",-1,15281,15282,4020.5
"Post scheduled trip end time",-1,747,748,4020.5
"Post scheduled trip end time",-1,5274,5275,4020.5
"Post scheduled trip end time",-1,7111,7112,4020.5
"Post scheduled trip end time",-1,7130,7131,4020.5
"Post scheduled trip end time",-1,19478,19479,4020.5
"Post scheduled trip end time",-1,33072,33073,4020.5
"Post scheduled trip end time",-1,17072,17073,4020.5
"Post scheduled trip end time",-1,13858,13859,4020.5
"Post scheduled trip end time",-1,6131,6132,4020.5
"Post scheduled trip end time",-1,532708,532709,4020.5
"Post scheduled trip end time",-1,8208,8209,4020.5
"Post scheduled trip end time",-1,529008,529009,4020.5
"Post scheduled trip end time",-1,539888,539889,4020.5
"Post scheduled trip end time",-1,4198,4199,4020.5
"Post scheduled trip end time",-1,45459,45460,4020.5
"Post scheduled trip end time",-1,724,725,4020.5
"Post scheduled trip end time",-1,4013,4014,4020.5
"Post scheduled trip end time",-1,7071,7072,4020.5
"Post scheduled trip end time",-1,16646,16647,4020.5
"Post scheduled trip end time",-1,6670,6671,4020.5
"Post scheduled trip end time",-1,30124,30125,4020.5
"Post scheduled trip end time",-1,26090,26091,4020.5
"Post scheduled trip end time",-1,9240,9241,4020.5
"Post scheduled trip end time",-1,11561,11562,4020.5
"Post scheduled trip end time",-1,20237,20238,4020.5
"Post scheduled trip end time",-1,3848,3849,4020.5
"Post scheduled trip end time",-1,986,987,4020.5
"Post scheduled trip end time",-1,17612,17613,4020.5
"Post scheduled trip end time",-1,2728,2729,4020.5
"Post scheduled trip end time",-1,6392,6393,4020.5
"Post scheduled trip end time",-1,10470,10471,4020.5
"Post scheduled trip end time",-1,3623,3624,4020.5
"Post scheduled trip end time",-1,810,811,4020.5
"Post scheduled trip end time",-1,17766,17767,4020.5
"Post scheduled trip end time",-1,16210,16211,4020.5
"Post scheduled trip end time",-1,223,224,4020.5
"Post scheduled trip end time",-1,8631,8632,4020.5
"Post scheduled trip end time",-1,8021,8022,4020.5
"Post scheduled trip end time",-1,414,415,4020.5
"Post scheduled trip end time",-1,4151,4152,4020.5
"Post scheduled trip end time",-1,7268,7269,4020.5
"Post scheduled trip end time",-1,522908,522909,4020.5
"Post scheduled trip end time",-1,8994,8995,4020.5
"Post scheduled trip end time",-1,3992,3993,4020.5
"Post scheduled trip end time",-1,9841,9842,4020.5
"Post scheduled trip end time",-1,1881,1882,4020.5
"Post scheduled trip end time",-1,3965,3966,4020.5
"Post scheduled trip end time",-1,1858,1859,4020.5
"Post scheduled trip end time",-1,20586,20587,4020.5
"Post scheduled trip end time",-1,30084,30085,4020.5
"Post scheduled trip end time",-1,25870,25871,4020.5
"Post scheduled trip end time",-1,2575,2576,4020.5
"Post scheduled trip end time",-1,11998,11999,4020.5
"Post scheduled trip end time",-1,3969,3970,4020.5
"Post scheduled trip end time",-1,4738,4739,4020.5
"Post scheduled trip end time",-1,2106,2107,4020.5
"Post scheduled trip end time",-1,2341,2342,4020.5
"Post scheduled trip end time",-1,523528,523529,4020.5
"Post scheduled trip end time",-1,11926,11927,4020.5
"Post scheduled trip end time",-1,6530,6531,4020.5
"Post scheduled trip end time",-1,7670,7671,4020.5
"Post scheduled trip end time",-1,2558,2559,4020.5
"Post scheduled trip end time",-1,1448,1449,4020.5
"Post scheduled trip end time",-1,4893,4894,4020.5
"Post scheduled trip end time",-1,1693,1694,4020.5
"Post scheduled trip end time",-1,1064,1065,4020.5
"Post scheduled trip end time",-1,11778,11779,4020.5
"Post scheduled trip end time",-1,26472,26473,4020.5
"Post scheduled trip end time",-1,5574,5575,4020.5
"Post scheduled trip end time",-1,348,349,4020.5
"Post scheduled trip end time",-1,3389,3390,4020.5
"Post scheduled trip end time",-1,648,649,4020.5
"Post scheduled trip end time",-1,11592,11593,4020.5
"Post scheduled trip end time",-1,1088,1089,4020.5
"Post scheduled trip end time",-1,1189,1190,4020.5
"Post scheduled trip end time",-1,5474,5475,4020.5
"Post scheduled trip end time",-1,12326,12327,4020.5
"Post scheduled trip end time",-1,3860,3861,4020.5
"Post scheduled trip end time",-1,15890,15891,4020.5
"Post scheduled trip end time",-1,33870,33871,4020.5
"Post scheduled trip end time",-1,5311,5312,4020.5
"Post scheduled trip end time",-1,12991,12992,4020.5
"Post scheduled trip end time",-1,14091,14092,4020.5
"Post scheduled trip end time",-1,1175,1176,4020.5
"Post scheduled trip end time",-1,897,898,4020.5
"Post scheduled trip end time",-1,20352,20353,4020.5
"Post scheduled trip end time",-1,534068,534069,4020.5
"Post scheduled trip end time",-1,4172,4173,4020.5
"Post scheduled trip end time",-1,11348,11349,4020.5
"Post scheduled trip end time",-1,861,862,4020.5
"Post scheduled trip end time",-1,14910,14911,4020.5
"Post scheduled trip end time",-1,5134,5135,4020.5
"Post scheduled trip end time",-1,18510,18511,4020.5
"Post scheduled trip end time",-1,5355,5356,4020.5
"Post scheduled trip end time",-1,6275,6276,4020.5
"Post scheduled trip end time",-1,19854,19855,4020.5
"Post scheduled trip end time",-1,24410,24411,4020.5
"Post scheduled trip end time",-1,4795,4796,4020.5
"Post scheduled trip end time",-1,9380,9381,4020.5
"Post scheduled trip end time",-1,23912,23913,4020.5
"Post scheduled trip end time",-1,16632,16633,4020.5
"Post scheduled trip end time",-1,13178,13179,4020.5
"Post scheduled trip end time",-1,5640,5641,4020.5
"Post scheduled trip end time",-1,20137,20138,4020.5
"Post scheduled trip end time",-1,3325,3326,4020.5
"Post scheduled trip end time",-1,586,587,4020.5
"Post scheduled trip end time",-1,1211,1212,4020.5
"Post scheduled trip end time",-1,1521,1522,4020.5
"Post scheduled trip end time",-1,2441,2442,4020.5
"Post scheduled trip end time",-1,1223,1224,4020.5
"Post scheduled trip end time",-1,919,920,4020.5
"Post scheduled trip end time",-1,3970,3971,4020.5
"Post scheduled trip end time",-1,14010,14011,4020.5
"Post scheduled trip end time",-1,32570,32571,4020.5
"Post scheduled trip end time",-1,7891,7892,4020.5
"Post scheduled trip end time",-1,16717,16718,4020.5
"Post scheduled trip end time",-1,16777,16778,4020.5
"Post scheduled trip end time",-1,7741,7742,4020.5
"Post scheduled trip end time",-1,16312,16313,4020.5
"Post scheduled trip end time",-1,10437,10438,4020.5
"Post scheduled trip end time",-1,14317,14318,4020.5
"Post scheduled trip end time",-1,1009,1010,4020.5
"Post scheduled trip end time",-1,3121,3122,4020.5
"Post scheduled trip end time",-1,1312,1313,4020.5
"Post scheduled trip end time",-1,2948,2949,4020.5
"Post scheduled trip end time",-1,1964,1965,4020.5
"Post scheduled trip end time",-1,13425,13426,4020.5
"Post scheduled trip end time",-1,8050,8051,4020.5
"Post scheduled trip end time",-1,5010,5011,4020.5
"Post scheduled trip end time",-1,1195,1196,4020.5
"Post scheduled trip end time",-1,848,849,4020.5
"Post scheduled trip end time",-1,928,929,4020.5
"Post scheduled trip end time",-1,5491,5492,4020.5
"Post scheduled trip end time",-1,17846,17847,4020.5
"Post scheduled trip end time",-1,18174,18175,4020.5
"Post scheduled trip end time",-1,32130,32131,4020.5
"Post scheduled trip end time",-1,24550,24551,4020.5
"Post scheduled trip end time",-1,23872,23873,4020.5
"Post scheduled trip end time",-1,2185,2186,4020.5
"Post scheduled trip end time",-1,1207,1208,4020.5
"Post scheduled trip end time",-1,12092,12093,4020.5
"Post scheduled trip end time",-1,613,614,4020.5
"Post scheduled trip end time",-1,8888,8889,4020.5
"Post scheduled trip end time",-1,547,548,4020.5
"Post scheduled trip end time",-1,1406,1407,4020.5
"Post scheduled trip end time",-1,1363,1364,4020.5
"Post scheduled trip end time",-1,11850,11851,4020.5
"Post scheduled trip end time",-1,11186,11187,4020.5
"Post scheduled trip end time",-1,11946,11947,4020.5
"Post scheduled trip end time",-1,3560,3561,4020.5
"Post scheduled trip end time",-1,8811,8812,4020.5
"Post scheduled trip end time",-1,1785,1786,4020.5
"Post scheduled trip end time",-1,26592,26593,4020.5
"Post scheduled trip end time",-1,21598,21599,4020.5
"Post scheduled trip end time",-1,26950,26951,4020.5
"Post scheduled trip end time",-1,18557,18558,4020.5
"Post scheduled trip end time",-1,9418,9419,4020.5
"Post scheduled trip end time",-1,6217,6218,4020.5
"Post scheduled trip end time",-1,10277,10278,4020.5
"Post scheduled trip end time",-1,3369,3370,4020.5
"Post scheduled trip end time",-1,1493,1494,4020.5
"Post scheduled trip end time",-1,6268,6269,4020.5
"Post scheduled trip end time",-1,14788,14789,4020.5
"Post scheduled trip end time",-1,9132,9133,4020.5
"Post scheduled trip end time",-1,3532,3533,4020.5
"Post scheduled trip end time",-1,732,733,4020.5
"Post scheduled trip end time",-1,12921,12922,4020.5
"Post scheduled trip end time",-1,114,115,4020.5
"Post scheduled trip end time",-1,704,705,4020.5
"Post scheduled trip end time",-1,7567,7568,4020.5
"Post scheduled trip end time",-1,12186,12187,4020.5
"Post scheduled trip end time",-1,846,847,4020.5
"Post scheduled trip end time",-1,17094,17095,4020.5
"Post scheduled trip end time",-1,32532,32533,4020.5
"Post scheduled trip end time",-1,25910,25911,4020.5
"Post scheduled trip end time",-1,4274,4275,4020.5
"Post scheduled trip end time",-1,3017,3018,4020.5
"Post scheduled trip end time",-1,4499,4500,4020.5
"Post scheduled trip end time",-1,5951,5952,4020.5
"Post scheduled trip end time",-1,527028,527029,4020.5
"Post scheduled trip end time",-1,521528,521529,4020.5
"Post scheduled trip end time",-1,3168,3169,4020.5
"Post scheduled trip end time",-1,7848,7849,4020.5
"Post scheduled trip end time",-1,4498,4499,4020.5
"Post scheduled trip end time",-1,16132,16133,4020.5
"Post scheduled trip end time",-1,79,80,4020.5
"Post scheduled trip end time",-1,510,511,4020.5
"Post scheduled trip end time",-1,1721,1722,4020.5
"Post scheduled trip end time",-1,77,78,4020.5
"Post scheduled trip end time",-1,3207,3208,4020.5
"Post scheduled trip end time",-1,8260,8261,4020.5
"Post scheduled trip end time",-1,1347,1348,4020.5
"Post scheduled trip end time",-1,9866,9867,4020.5
"Post scheduled trip end time",-1,7031,7032,4020.5
"Post scheduled trip end time",-1,25904,25905,4020.5
"Post scheduled trip end time",-1,89,90,4020.5
"Post scheduled trip end time",-1,19238,19239,4020.5
"Post scheduled trip end time",-1,4095,4096,4020.5
"Post scheduled trip end time",-1,16234,16235,4020.5
"Post scheduled trip end time",-1,2491,2492,4020.5
"Post scheduled trip end time",-1,15978,15979,4020.5
"Post scheduled trip end time",-1,9300,9301,4020.5
"Post scheduled trip end time",-1,14812,14813,4020.5
"Post scheduled trip end time",-1,519508,519509,4020.5
"Post scheduled trip end time",-1,16397,16398,4020.5
"Post scheduled trip end time",-1,11554,11555,4020.5
"Post scheduled trip end time",-1,21177,21178,4020.5
"Post scheduled trip end time",-1,10472,10473,4020.5
"Post scheduled trip end time",-1,525588,525589,4020.5
"Post scheduled trip end time",-1,7714,7715,4020.5
"Post scheduled trip end time",-1,2579,2580,4020.5
"Post scheduled trip end time",-1,1852,1853,4020.5
"Post scheduled trip end time",-1,8197,8198,4020.5
"Post scheduled trip end time",-1,12221,12222,4020.5
"Post scheduled trip end time",-1,1563,1564,4020.5
"Post scheduled trip end time",-1,11830,11831,4020.5
"Post scheduled trip end time",-1,213,214,4020.5
"Post scheduled trip end time",-1,12490,12491,4020.5
"Post scheduled trip end time",-1,16990,16991,4020.5
"Post scheduled trip end time",-1,12946,12947,4020.5
"Post scheduled trip end time",-1,296,297,4020.5
"Post scheduled trip end time",-1,29110,29111,4020.5
"Post scheduled trip end time",-1,15486,15487,4020.5
"Post scheduled trip end time",-1,10530,10531,4020.5
"Post scheduled trip end time",-1,8394,8395,4020.5
"Post scheduled trip end time",-1,10194,10195,4020.5
"Post scheduled trip end time",-1,10241,10242,4020.5
"Post scheduled trip end time",-1,13541,13542,4020.5
"Post scheduled trip end time",-1,4817,4818,4020.5
"Post scheduled trip end time",-1,632,633,4020.5
"Post scheduled trip end time",-1,660,661,4020.5
"Post scheduled trip end time",-1,7532,7533,4020.5
"Post scheduled trip end time",-1,819,820,4020.5
"Post scheduled trip end time",-1,1278,1279,4020.5
"Post scheduled trip end time",-1,17410,17411,4020.5
"Post scheduled trip end time",-1,369,370,4020.5
"Post scheduled trip end time",-1,28470,28471,4020.5
"Post scheduled trip end time",-1,2930,2931,4020.5
"Post scheduled trip end time",-1,29984,29985,4020.5
"Post scheduled trip end time",-1,31744,31745,4020.5
"Post scheduled trip end time",-1,34050,34051,4020.5
"Post scheduled trip end time",-1,607,608,4020.5
"Post scheduled trip end time",-1,17137,17138,4020.5
"Post scheduled trip end time",-1,10558,10559,4020.5
"Post scheduled trip end time",-1,10641,10642,4020.5
"Post scheduled trip end time",-1,13918,13919,4020.5
"Post scheduled trip end time",-1,917,918,4020.5
"Post scheduled trip end time",-1,13777,13778,4020.5
"Post scheduled trip end time",-1,537008,537009,4020.5
"Post scheduled trip end time",-1,14612,14613,4020.5
"Post scheduled trip end time",-1,2952,2953,4020.5
"Post scheduled trip end time",-1,16825,16826,4020.5
"Post scheduled trip end time",-1,6290,6291,4020.5
"Post scheduled trip end time",-1,1269,1270,4020.5
"Post scheduled trip end time",-1,1604,1605,4020.5
"Post scheduled trip end time",-1,1080,1081,4020.5
"Post scheduled trip end time",-1,1054,1055,4020.5
"Post scheduled trip end time",-1,1697,1698,4020.5
"Post scheduled trip end time",-1,6053,6054,4020.5
"Post scheduled trip end time",-1,28850,28851,4020.5
"Post scheduled trip end time",-1,-3,-2,4020.5
"Post scheduled trip end time",-1,10894,10895,4020.5
"Post scheduled trip end time",-1,12120,12121,4020.5
"Post scheduled trip end time",-1,26072,26073,4020.5
"Post scheduled trip end time",-1,4680,4681,4020.5
"Post scheduled trip end time",-1,6134,6135,4020.5
"Post scheduled trip end time",-1,11051,11052,4020.5
"Post scheduled trip end time",-1,2453,2454,4020.5
"Post scheduled trip end time",-1,4737,4738,4020.5
"Post scheduled trip end time",-1,535828,535829,4020.5
"Post scheduled trip end time",-1,11932,11933,4020.5
"Post scheduled trip end time",-1,521568,521569,4020.5
"Post scheduled trip end time",-1,9194,9195,4020.5
"Post scheduled trip end time",-1,2352,2353,4020.5
"Post scheduled trip end time",-1,5180,5181,4020.5
"Post scheduled trip end time",-1,538308,538309,4020.5
"Post scheduled trip end time",-1,5800,5801,4020.5
"Post scheduled trip end time",-1,1101,1102,4020.5
"Post scheduled trip end time",-1,14650,14651,4020.5
"Post scheduled trip end time",-1,951,952,4020.5
"Post scheduled trip end time",-1,16470,16471,4020.5
"Post scheduled trip end time",-1,8046,8047,4020.5
"Post scheduled trip end time",-1,7214,7215,4020.5
"Post scheduled trip end time",-1,6211,6212,4020.5
"Post scheduled trip end time",-1,16546,16547,4020.5
"Post scheduled trip end time",-1,380,381,4020.5
"Post scheduled trip end time",-1,2790,2791,4020.5
"Post scheduled trip end time",-1,30024,30025,4020.5
"Post scheduled trip end time",-1,8418,8419,4020.5
"Post scheduled trip end time",-1,17952,17953,4020.5
"Post scheduled trip end time",-1,521068,521069,4020.5
"Post scheduled trip end time",-1,603,604,4020.5
"Post scheduled trip end time",-1,14497,14498,4020.5
"Post scheduled trip end time",-1,16157,16158,4020.5
"Post scheduled trip end time",-1,11511,11512,4020.5
"Post scheduled trip end time",-1,781,782,4020.5
"Post scheduled trip end time",-1,11668,11669,4020.5
"Post scheduled trip end time",-1,11741,11742,4020.5
"Post scheduled trip end time",-1,2360,2361,4020.5
"Post scheduled trip end time",-1,15781,15782,4020.5
"Post scheduled trip end time",-1,6650,6651,4020.5
"Post scheduled trip end time",-1,1830,1831,4020.5
"Post scheduled trip end time",-1,1344,1345,4020.5
"Post scheduled trip end time",-1,740,741,4020.5
"Post scheduled trip end time",-1,12930,12931,4020.5
"Post scheduled trip end time",-1,11306,11307,4020.5
"Post scheduled trip end time",-1,4506,4507,4020.5
"Post scheduled trip end time",-1,7646,7647,4020.5
"Post scheduled trip end time",-1,34410,34411,4020.5
"Post scheduled trip end time",-1,13834,13835,4020.5
"Post scheduled trip end time",-1,20750,20751,4020.5
"Post scheduled trip end time",-1,22430,22431,4020.5
"Post scheduled trip end time",-1,29012,29013,4020.5
"Post scheduled trip end time",-1,26052,26053,4020.5
"Post scheduled trip end time",-1,3037,3038,4020.5
"Post scheduled trip end time",-1,6771,6772,4020.5
"Post scheduled trip end time",-1,13817,13818,4020.5
"Post scheduled trip end time",-1,1849,1850,4020.5
"Post scheduled trip end time",-1,12514,12515,4020.5
"Post scheduled trip end time",-1,833,834,4020.5
"Post scheduled trip end time",-1,15388,15389,4020.5
"Post scheduled trip end time",-1,769,770,4020.5
"Post scheduled trip end time",-1,6966,6967,4020.5
"Post scheduled trip end time",-1,18706,18707,4020.5
"Post scheduled trip end time",-1,15130,15131,4020.5
"Post scheduled trip end time",-1,25992,25993,4020.5
"Post scheduled trip end time",-1,4729,4730,4020.5
"Post scheduled trip end time",-1,1834,1835,4020.5
"Post scheduled trip end time",-1,1597,1598,4020.5
"Post scheduled trip end time",-1,14275,14276,4020.5
"Post scheduled trip end time",-1,4589,4590,4020.5
"Post scheduled trip end time",-1,534768,534769,4020.5
"Post scheduled trip end time",-1,13592,13593,4020.5
"Post scheduled trip end time",-1,2288,2289,4020.5
"Post scheduled trip end time",-1,2932,2933,4020.5
"Post scheduled trip end time",-1,8972,8973,4020.5
"Post scheduled trip end time",-1,7645,7646,4020.5
"Post scheduled trip end time",-1,2325,2326,4020.5
"Post scheduled trip end time",-1,11485,11486,4020.5
"Post scheduled trip end time",-1,181,182,4020.5
"Post scheduled trip end time",-1,7067,7068,4020.5
"Post scheduled trip end time",-1,7880,7881,4020.5
"Post scheduled trip end time",-1,1071,1072,4020.5
"Post scheduled trip end time",-1,11386,11387,4020.5
"Post scheduled trip end time",-1,4466,4467,4020.5
"Post scheduled trip end time",-1,5246,5247,4020.5
"Post scheduled trip end time",-1,2378,2379,4020.5
"Post scheduled trip end time",-1,31930,31931,4020.5
"Post scheduled trip end time",-1,1345,1346,4020.5
"Post scheduled trip end time",-1,18637,18638,4020.5
"Post scheduled trip end time",-1,9894,9895,4020.5
"Post scheduled trip end time",-1,10191,10192,4020.5
"Post scheduled trip end time",-1,1866,1867,4020.5
"Post scheduled trip end time",-1,10457,10458,4020.5
"Post scheduled trip end time",-1,7435,7436,4020.5
"Post scheduled trip end time",-1,8732,8733,4020.5
"Post scheduled trip end time",-1,4370,4371,4020.5
"Post scheduled trip end time",-1,2794,2795,4020.5
"Post scheduled trip end time",-1,3443,3444,4020.5
"Post scheduled trip end time",-1,15470,15471,4020.5
"Post scheduled trip end time",-1,20866,20867,4020.5
"Post scheduled trip end time",-1,16934,16935,4020.5
"Post scheduled trip end time",-1,31164,31165,4020.5
"Post scheduled trip end time",-1,24932,24933,4020.5
"Post scheduled trip end time",-1,24690,24691,4020.5
"Post scheduled trip end time",-1,4069,4070,4020.5
"Post scheduled trip end time",-1,2831,2832,4020.5
"Post scheduled trip end time",-1,520108,520109,4020.5
"Post scheduled trip end time",-1,5571,5572,4020.5
"Post scheduled trip end time",-1,3069,3070,4020.5
"Post scheduled trip end time",-1,3559,3560,4020.5
"Post scheduled trip end time",-1,2533,2534,4020.5
"Post scheduled trip end time",-1,2966,2967,4020.5
"Post scheduled trip end time",-1,14528,14529,4020.5
"Post scheduled trip end time",-1,1859,1860,4020.5
"Post scheduled trip end time",-1,5512,5513,4020.5
"Post scheduled trip end time",-1,2500,2501,4020.5
"Post scheduled trip end time",-1,7472,7473,4020.5
"Post scheduled trip end time",-1,343,344,4020.5
"Post scheduled trip end time",-1,271,272,4020.5
"Post scheduled trip end time",-1,3090,3091,4020.5
"Post scheduled trip end time",-1,1498,1499,4020.5
"Post scheduled trip end time",-1,7140,7141,4020.5
"Post scheduled trip end time",-1,627,628,4020.5
"Post scheduled trip end time",-1,17090,17091,4020.5
"Post scheduled trip end time",-1,293,294,4020.5
"Post scheduled trip end time",-1,18234,18235,4020.5
"Post scheduled trip end time",-1,30484,30485,4020.5
"Post scheduled trip end time",-1,9091,9092,4020.5
"Post scheduled trip end time",-1,4431,4432,4020.5
"Post scheduled trip end time",-1,21992,21993,4020.5
"Post scheduled trip end time",-1,674,675,4020.5
"Post scheduled trip end time",-1,13281,13282,4020.5
"Post scheduled trip end time",-1,5657,5658,4020.5
"Post scheduled trip end time",-1,7837,7838,4020.5
"Post scheduled trip end time",-1,3117,3118,4020.5
"Post scheduled trip end time",-1,529028,529029,4020.5
"Post scheduled trip end time",-1,10608,10609,4020.5
"Post scheduled trip end time",-1,536968,536969,4020.5
"Post scheduled trip end time",-1,5785,5786,4020.5
"Post scheduled trip end time",-1,16085,16086,4020.5
"Post scheduled trip end time",-1,10785,10786,4020.5
"Post scheduled trip end time",-1,14881,14882,4020.5
"Post scheduled trip end time",-1,1678,1679,4020.5
"Post scheduled trip end time",-1,28,29,4020.5
"Post scheduled trip end time",-1,12630,12631,4020.5
"Post scheduled trip end time",-1,3158,3159,4020.5
"Post scheduled trip end time",-1,24944,24945,4020.5
"Post scheduled trip end time",-1,20670,20671,4020.5
"Post scheduled trip end time",-1,1157,1158,4020.5
"Post scheduled trip end time",-1,6197,6198,4020.5
"Post scheduled trip end time",-1,4217,4218,4020.5
"Post scheduled trip end time",-1,11714,11715,4020.5
"Post scheduled trip end time",-1,16788,16789,4020.5
"Post scheduled trip end time",-1,5450,5451,4020.5
"Post scheduled trip end time",-1,3588,3589,4020.5
"Post scheduled trip end time",-1,4100,4101,4020.5
"Post scheduled trip end time",-1,16372,16373,4020.5
"Post scheduled trip end time",-1,10381,10382,4020.5
"Post scheduled trip end time",-1,401,402,4020.5
"Post scheduled trip end time",-1,1689,1690,4020.5
"Post scheduled trip end time",-1,728,729,4020.5
"Post scheduled trip end time",-1,9152,9153,4020.5
"Post scheduled trip end time",-1,8871,8872,4020.5
"Post scheduled trip end time",-1,3399,3400,4020.5
"Post scheduled trip end time",-1,12192,12193,4020.5
"Post scheduled trip end time",-1,534268,534269,4020.5
"Post scheduled trip end time",-1,526548,526549,4020.5
"Post scheduled trip end time",-1,9072,9073,4020.5
"Post scheduled trip end time",-1,3139,3140,4020.5
"Post scheduled trip end time",-1,420,421,4020.5
"Post scheduled trip end time",-1,560,561,4020.5
"Post scheduled trip end time",-1,1141,1142,4020.5
"Post scheduled trip end time",-1,16130,16131,4020.5
"Post scheduled trip end time",-1,2561,2562,4020.5
"Post scheduled trip end time",-1,1212,1213,4020.5
"Post scheduled trip end time",-1,1538,1539,4020.5
"Post scheduled trip end time",-1,7226,7227,4020.5
"Post scheduled trip end time",-1,16766,16767,4020.5
"Post scheduled trip end time",-1,409,410,4020.5
"Post scheduled trip end time",-1,21458,21459,4020.5
"Post scheduled trip end time",-1,24764,24765,4020.5
"Post scheduled trip end time",-1,1677,1678,4020.5
"Post scheduled trip end time",-1,9401,9402,4020.5
"Post scheduled trip end time",-1,4625,4626,4020.5
"Post scheduled trip end time",-1,9930,9931,4020.5
"Post scheduled trip end time",-1,1969,1970,4020.5
"Post scheduled trip end time",-1,14450,14451,4020.5
"Post scheduled trip end time",-1,30930,30931,4020.5
"Post scheduled trip end time",-1,30133,30134,4020.5
"Post scheduled trip end time",-1,20190,20191,4020.5
"Post scheduled trip end time",-1,9314,9315,4020.5
"Post scheduled trip end time",-1,7037,7038,4020.5
"Post scheduled trip end time",-1,15035,15036,4020.5
"Post scheduled trip end time",-1,15415,15416,4020.5
"Post scheduled trip end time",-1,15968,15969,4020.5
"Post scheduled trip end time",-1,16532,16533,4020.5
"Post scheduled trip end time",-1,536888,536889,4020.5
"Post scheduled trip end time",-1,2079,2080,4020.5
"Post scheduled trip end time",-1,11405,11406,4020.5
"Post scheduled trip end time",-1,54,55,4020.5
"Post scheduled trip end time",-1,9630,9631,4020.5
"Post scheduled trip end time",-1,14090,14091,4020.5
"Post scheduled trip end time",-1,3933,3934,4020.5
"Post scheduled trip end time",-1,19466,19467,4020.5
"Post scheduled trip end time",-1,29952,29953,4020.5
"Post scheduled trip end time",-1,6097,6098,4020.5
"Post scheduled trip end time",-1,3609,3610,4020.5
"Post scheduled trip end time",-1,4241,4242,4020.5
"Post scheduled trip end time",-1,11852,11853,4020.5
"Post scheduled trip end time",-1,4037,4038,4020.5
"Post scheduled trip end time",-1,13852,13853,4020.5
"Post scheduled trip end time",-1,531108,531109,4020.5
"Post scheduled trip end time",-1,14551,14552,4020.5
"Post scheduled trip end time",-1,13348,13349,4020.5
"Post scheduled trip end time",-1,2096,2097,4020.5
"Post scheduled trip end time",-1,665,666,4020.5
"Post scheduled trip end time",-1,1754,1755,4020.5
"Post scheduled trip end time",-1,7940,7941,4020.5
"Post scheduled trip end time",-1,6826,6827,4020.5
"Post scheduled trip end time",-1,15350,15351,4020.5
"Post scheduled trip end time",-1,101,102,4020.5
"Post scheduled trip end time",-1,14054,14055,4020.5
"Post scheduled trip end time",-1,10730,10731,4020.5
"Post scheduled trip end time",-1,5374,5375,4020.5
"Post scheduled trip end time",-1,5548,5549,4020.5
"Post scheduled trip end time",-1,15886,15887,4020.5
"Post scheduled trip end time",-1,775,776,4020.5
"Post scheduled trip end time",-1,2614,2615,4020.5
"Post scheduled trip end time",-1,17110,17111,4020.5
"Post scheduled trip end time",-1,11286,11287,4020.5
"Post scheduled trip end time",-1,2858,2859,4020.5
"Post scheduled trip end time",-1,18366,18367,4020.5
"Post scheduled trip end time",-1,5915,5916,4020.5
"Post scheduled trip end time",-1,33390,33391,4020.5
"Post scheduled trip end time",-1,23144,23145,4020.5
"Post scheduled trip end time",-1,12701,12702,4020.5
"Post scheduled trip end time",-1,5137,5138,4020.5
"Post scheduled trip end time",-1,3088,3089,4020.5
"Post scheduled trip end time",-1,15828,15829,4020.5
"Post scheduled trip end time",-1,18612,18613,4020.5
"Post scheduled trip end time",-1,8621,8622,4020.5
"Post scheduled trip end time",-1,5172,5173,4020.5
"Post scheduled trip end time",-1,13,14,4020.5
"Post scheduled trip end time",-1,228,229,4020.5
"Post scheduled trip end time",-1,6333,6334,4020.5
"Post scheduled trip end time",-1,5711,5712,4020.5
"Post scheduled trip end time",-1,16986,16987,4020.5
"Post scheduled trip end time",-1,24890,24891,4020.5
"Post scheduled trip end time",-1,23252,23253,4020.5
"Post scheduled trip end time",-1,5857,5858,4020.5
"Post scheduled trip end time",-1,10977,10978,4020.5
"Post scheduled trip end time",-1,3269,3270,4020.5
"Post scheduled trip end time",-1,815,816,4020.5
"Post scheduled trip end time",-1,2353,2354,4020.5
"Post scheduled trip end time",-1,4026,4027,4020.5
"Post scheduled trip end time",-1,524768,524769,4020.5
"Post scheduled trip end time",-1,529908,529909,4020.5
"Post scheduled trip end time",-1,530588,530589,4020.5
"Post scheduled trip end time",-1,9372,9373,4020.5
"Post scheduled trip end time",-1,519,520,4020.5
"Post scheduled trip end time",-1,16630,16631,4020.5
"Post scheduled trip end time",-1,16930,16931,4020.5
"Post scheduled trip end time",-1,2430,2431,4020.5
"Post scheduled trip end time",-1,3198,3199,4020.5
"Post scheduled trip end time",-1,23884,23885,4020.5
"Post scheduled trip end time",-1,4669,4670,4020.5
"Post scheduled trip end time",-1,6737,6738,4020.5
"Post scheduled trip end time",-1,9254,9255,4020.5
"Post scheduled trip end time",-1,1812,1813,4020.5
"Post scheduled trip end time",-1,19871,19872,4020.5
"Post scheduled trip end time",-1,5240,5241,4020.5
"Post scheduled trip end time",-1,536908,536909,4020.5
"Post scheduled trip end time",-1,7101,7102,4020.5
"Post scheduled trip end time",-1,8761,8762,4020.5
